0	1	
0.2989	0.8566		69323	65240	55051		673889	700388	612693	
0.7757	0.6553		52248	52556	52345		551702	555216	585124	
0.9801	0.3763		52392	50208	66303		654474	652269	665543	
0.6742	0.8199		70296	51702	51859		683593	648626	626777	
0.4183	0.6634		80106	59679	68384		631736	615181	665026	
0.9608	0.8099		69722	64332	63687		678457	585899	583507	
0.7949	0.2986		64091	74176	69723		654610	628706	599338	
0.7808	0.4667		58471	65633	69400		599957	647455	639708	
0.7048	0.7337		70850	81303	78785		697510	726720	696014	
0.4146	0.7678		67170	72317	67366		712429	684067	657151	
0.3706	0.2555		49993	69668	56583		552969	657099	562893	
0.7583	0.5004		70219	70812	66502		654117	611305	595469	
0.8203	0.1411		53608	59234	72524		591871	571940	665263	
0.7462	0.6361		69201	65476	78607		675162	598790	690384	
0.3962	0.9233		68676	77653	77062		710677	704319	725772	
0.4838	0.9256		66698	63735	64419		640609	571299	585237	
0.5589	0.8511		67689	78437	78338		637245	669442	678868	
0.1936	0.1058		49876	54442	63388		567367	603834	655331	
0.6774	0.4664		63248	74228	74649		642066	651019	661581	
0.1525	0.5614		60904	71953	71976		707593	718767	722766	
0.3246	0.3352		59353	69538	69644		677185	690891	703049	
0.8874	0.9213		64508	79747	84473		559426	649703	667133	
0.6942	0.0858		60484	56785	69573		644667	587755	663801	
0.9913	0.0929		61562	72149	57793		671151	674899	590879	
0.7273	0.2036		52335	62304	72209		590243	622979	686549	
0.9787	0.9678		64061	84968	83437		572339	681001	687349	
0.6082	0.3972		53329	60258	60420		588906	597960	600567	
0.962	0.895		73856	74682	74098		696719	658562	658132	
0.5727	0.4941		62389	73621	63703		670660	683383	677153	
0.3717	0.6394		60874	69583	73247		654256	685567	704491	
0.4792	0.6693		58936	66371	65597		616476	628344	648680	
0.3454	0.0614		58607	55078	54989		645439	562933	573234	
0.3772	0.0954		59200	69251	55734		676061	688429	596656	
0.198	0.0958		57391	62948	54174		645394	655949	580710	
0.2618	0.2514		59388	59902	69234		649132	631945	674519	
0.8551	0.1605		62468	72654	72164		720514	751372	743729	
0.975	0.306		64874	74731	74585		657978	683798	692015	
0.3313	0.9194		61135	62107	61229		697294	702774	704630	
0.1857	0.3425		49045	60347	68855		588378	693263	698569	
0.999	0.4777		65002	48823	48617		668193	655141	652829	
0.6565	0.7077		68915	79327	78993		677511	696348	680075	
0.7692	0.5363		69802	70445	78379		667128	675188	697289	
0.5473	0.0696		59995	43574	69805		693505	665482	679213	
0.8013	0.0887		62111	63059	71132		734511	731047	755461	
0.0709	0.8691		61067	62979	44429		683609	690460	661011	
0.649	0.5602		68099	78408	77448		693396	710506	718391	
0.3135	0.8184		64742	66561	65342		724739	724645	739021	
0.3266	0.9998		64419	66450	57338		669040	684666	588302	
0.9179	0.2337		63751	73526	73684		666067	677912	698804	
0.1816	0.288		53541	54709	59926		654525	654359	672266	
0.9749	0.7971		75111	70631	70832		653026	571668	581338	
0.3315	0.3419		50451	60342	69278		607770	715439	745672	
0.882	0.5379		62182	54391	54969		654104	646809	645685	
0.8348	0.4887		55513	48133	58899		641188	587246	603956	
0.8033	0.2926		44953	47694	59067		549832	584298	595252	
0.6183	0.3676		54070	54080	55483		589957	620983	625413	
0.855	0.7036		70903	80904	76485		676386	696716	694734	
0.3437	0.3261		59885	69753	69384		648863	671490	661738	
0.1692	0.9188		58982	63796	60616		659796	647304	621802	
0.1092	0.4887		44972	51765	51798		592766	601704	601676	
0.2772	0.517		53759	45734	53768		654513	605081	579933	
0.0912	0.5595		42964	43172	59798		639183	641312	662951	
0.1453	0.4527		41530	42046	52359		586461	601404	617846	
0.8202	0.7733		52704	58784	64970		599816	632208	636841	
0.8118	0.547		53711	80224	79551		688864	707746	728591	
0.2767	0.6563		46000	74017	73506		590466	677138	707769	
0.822	0.7677		54422	54334	72531		669148	658077	724825	
0.6669	0.3819		46313	46528	63103		597363	624268	657718	
0.5726	0.2189		43853	43876	51566		601619	642103	666684	
0.3855	0.765		49260	49194	49370		566232	585953	610472	
0.9243	0.8336		56012	56194	72751		635408	667917	692112	
0.2032	0.1823		40849	48876	57724		593615	647375	639658	
0.241	0.8815		46265	64169	63469		649409	668827	658962	
0.0884	0.5864		42424	46355	70071		641606	609691	672074	
0.5789	0.347		44904	55138	58742		612731	576923	551750	
0.3433	0.6715		46142	59411	63136		543639	636926	651054	
0.5633	0.8233		51063	51068	79118		618531	628491	665782	
0.5701	0.1465		43850	43554	51434		628600	675129	673296	
0.8451	0.564		51975	52238	52216		601103	600973	597856	
0.696	0.415		46471	47039	47312		608320	595952	616838	
0.7737	0.7825		71576	71643	71791		686463	692452	684744	
0.5517	0.227		51487	57609	60649		704987	708291	716549	
0.123	0.7584		46615	43713	45382		557469	555354	646209	
0.7785	0.5966		56540	63400	80576		596560	601433	661290	
0.1029	0.9364		43875	54993	59121		581070	619672	598980	
0.2085	0.6506		44242	52385	52437		524349	534396	535429	
0.1908	0.4701		49878	49801	50329		590941	590630	590658	
0.643	0.7895		50640	50602	50604		560693	561003	572261	
0.7825	0.8844		53365	62027	78041		546650	558011	664029	
0.2327	0.559		52174	45058	45164		643175	629046	637970	
0.8889	0.2711		64432	57372	56985		624922	575878	575696	
0.6016	0.2259		51114	56433	50798		567890	647442	566264	
0.837	0.3139		54633	60650	69955		649487	567624	685167	
0.3663	0.2322		40241	41923	49150		546332	576228	551705	
0.5112	0.3929		43977	44013	62421		523471	523468	629556	
0.7507	0.6824		53327	53393	60868		658420	655381	693401	
0.1808	0.8845		46084	45538	45469		629133	591666	593654	
0.1251	0.5025		43136	43256	53760		594349	592485	620123	
0.5375	0.8422		51129	49381	51983		625748	547569	645291	
0.1107	0.8842		43085	44172	48961		514195	525006	542991	
0.6117	0.7575		51300	51128	50719		562241	566011	569623	
0.4387	0.0932		41970	42142	41821		565842	560125	605805	
0.4718	0.3386		43500	42775	43647		581518	577523	637145	
0.8677	0.7157		51425	53108	53005		555587	620649	636699	
0.7901	0.8056		52715	54516	54307		568896	651374	649828	
0.0646	0.6414		43133	41262	43605		646455	566691	669254	
0.3543	0.5145		44242	45466	46082		562719	644822	642909	
0.7508	0.3431		46482	47424	47180		658035	675596	674148	
0.5033	0.5709		49211	49140	52952		620866	607152	588162	
0.9491	0.1762		45869	50054	49394		580572	597174	594810	
0.0862	0.9207		44709	43291	44735		598984	531646	621151	
0.3929	0.3095		43585	60093	60603		639022	657809	665493	
0.2093	0.3674		52431	59524	58532		606818	628863	606809	
0.1683	0.1409		40711	57106	57599		640476	668161	674403	
0.4161	0.6809		48216	65397	48993		651968	687213	629818	
0.3881	0.3354		43500	50648	60323		641462	678356	707743	
0.7055	0.5507		51023	67587	67780		652585	698447	706942	
0.9439	0.2299		46623	46893	63765		625948	636181	695209	
0.2309	0.816		45996	45710	53282		637614	610330	597348	
0.2399	0.7756		45058	46185	55700		609133	618431	596203	
0.1795	0.9248		45097	46454	56328		539179	578898	600292	
0.9868	0.1642		45149	62157	72128		571887	664793	686288	
0.9379	0.2369		46566	47249	63573		592578	598383	632736	
0.7233	0.5526		50275	54467	60626		628479	632899	642835	
0.5448	0.1966		42196	60286	50807		525042	633822	543101	
0.175	0.5309		44016	60790	70846		636175	654382	670469	
0.4142	0.2345		42608	43579	59254		656935	662599	697806	
0.2071	0.1949		40882	41274	57498		628257	634702	682896	
0.7771	0.665		53490	70115	80236		628921	699990	721808	
0.6069	0.6576		49773	68112	66517		698939	725518	710726	
0.5935	0.533		49444	49100	59314		623743	587886	645495	
0.2458	0.9277		46402	53621	64803		612508	655647	678586	
0.9204	0.1419		46561	56201	56171		594733	616733	622319	
0.0992	0.3461		39183	39630	48028		519158	518324	536563	
0.8599	0.2417		44795	44481	45800		581897	605573	623148	
0.855	0.5093		52955	51925	62669		636034	564822	639720	
0.9234	0.9052		56125	60504	66629		599952	612650	623338	
0.2074	0.2805		44960	57914	49453		590824	658188	570261	
0.1652	0.272		43553	42271	57906		556053	647455	668397	
0.9157	0.5835		61696	55231	70994		682440	686321	716544	
0.8924	0.2051		53508	64841	64222		629748	655488	671889	
0.2562	0.8599		54190	60314	64232		657602	657294	657931	
0.846	0.3262		54404	63106	63354		623409	647147	647224	
0.2696	0.4518		43823	43972	59843		679019	673209	691074	
0.6295	0.3387		45753	61555	54791		570396	570870	547975	
0.5739	0.1678		42980	55971	60138		604524	678266	688805	
0.6036	0.0816		42824	59197	59820		617282	661682	673571	
0.8661	0.3774		47819	48077	60185		648873	636958	644445	
0.1688	0.6375		44700	44527	58314		613244	650204	677674	
0.14	0.4564		41133	45524	42154		592661	598432	596304	
0.9877	0.7304		54215	54315	54919		646114	587740	629511	
0.7996	0.192		52688	44145	44733		653337	564350	568916	
0.2927	0.8817		48544	47234	64899		628310	545367	643345	
0.3265	0.2169		41247	45776	58076		580090	587088	643994	
0.0572	0.5761		42099	48680	49462		667472	697312	688122	
0.8608	0.9728		61817	61592	61924		674552	677175	661287	
0.7784	0.8998		57842	57928	55193		594272	606495	627505	
0.4606	0.4366		44430	44164	51092		682228	693488	697321	
0.1943	0.375		48125	41423	41570		615385	599168	587957	
0.5959	0.4588		45768	61825	72966		669707	693755	717627	
0.3775	0.8908		56496	49690	65961		673688	665557	665988	
0.0573	0.3679		40199	40216	40216		624129	626910	625104	
0.2075	0.4036		41851	41131	41507		588038	558452	571131	
0.2067	0.898		44901	54375	48085		566431	668647	580222	
0.3812	0.5424		47686	47520	48003		636626	658228	661568	
0.5093	0.3927		45626	45811	46401		590840	587083	606336	
0.2883	0.5469		46041	45925	46671		602129	603100	623909	
0.7317	0.9302		53016	53053	53407		631204	611074	592816	
0.8127	0.0939		44696	44567	51852		656106	645159	673792	
0.3835	0.1426		42672	42508	42905		612078	609328	621250	
0.7322	0.3215		45467	45778	45515		615020	617832	615937	
0.8457	0.4328		48245	48106	47873		658348	626388	650271	
0.4389	0.2739		43542	43645	44331		631263	643498	667286	
0.3922	0.0735		41816	41947	42583		611377	618873	667494	
0.6717	0.324		45569	45600	52550		602804	610195	654265	
0.3001	0.2141		41872	41848	41737		622494	650055	652342	
0.7693	0.5614		52829	52788	62758		634455	622564	606528	
0.3125	0.1459		41920	48892	48959		616624	673232	578304	
0.229	0.5701		42530	42578	51262		546845	547247	589565	
0.0888	0.1982		39187	56169	56729		612650	684704	680167	
0.2468	0.7274		44023	54720	62392		584921	608508	620277	
0.4763	0.3213		43786	47820	53609		636460	597318	606738	
0.52	0.8761		49943	49902	58873		583737	591639	604476	
0.3609	0.1509		41863	41710	42084		635240	630261	642952	
0.0765	0.9013		44336	44385	44108		577242	609779	599445	
0.7795	0.0778		44669	44601	44879		614201	617173	647464	
0.1062	0.2003		39969	39936	40613		630359	630985	675524	
0.3876	0.4921		44392	43640	44938		593413	550507	641914	
0.6537	0.0834		42007	42080	44173		541498	547542	641093	
0.7345	0.4764		44557	53635	48567		513115	623471	542223	
0.4391	0.8971		49973	49766	49728		631572	632495	648928	
0.4223	0.5234		47501	54468	47527		581802	645575	628475	
0.0893	0.0628		39582	39380	39608		604610	606068	597901	
0.6036	0.747		49975	49979	50265		586066	588589	627962	
0.4728	0.2864		43545	43459	42886		588192	606846	581727	
0.5996	0.6528		50534	50212	50735		584441	614300	619270	
0.9109	0.7273		54623	54560	54563		565347	572877	575596	
0.5959	0.0873		41507	42848	42980		525521	623317	612454	
0.7306	0.3007		45524	45624	45641		659684	643722	661301	
0.5078	0.6384		50035	49900	67019		614775	626656	689638	
0.6317	0.3817		46291	46348	46434		587200	587972	605652	
0.8612	0.6834		53118	53090	53104		591789	597601	622074	
0.5856	0.0765		42978	43057	43007		606209	608738	627274	
0.6641	0.3607		45619	46001	71659		621419	655936	659622	
0.7278	0.1176		42111	41960	42005		503424	500079	506590	
0.2731	0.6894		45867	45846	45917		563731	564818	581243	
0.5042	0.7976		51204	49356	51987		593594	541156	622894	
0.9219	0.4733		46659	49130	52716		524533	594805	584875	
0.4863	0.6823		48282	48233	48365		607970	628892	649005	
0.1385	0.1325		40475	40569	44012		587759	590355	593454	
0.4328	0.4618		43648	43329	53931		564940	579618	606975	
0.8181	0.073		44626	44402	42935		590742	586914	538311	
0.9116	0.9416		56360	56228	66512		594507	609096	634883	
0.6049	0.2959		44699	44715	60932		607132	639066	668303	
0.6493	0.7549		51451	51486	52205		589135	598099	633933	
0.1283	0.1986		40840	39976	40211		607510	585203	643989	
0.6531	0.1044		43652	43494	42769		584556	573001	542773	
0.3406	0.5404		45100	45111	46184		578906	582023	616747	
0.0925	0.843		44164	43323	43861		605499	635590	658728	
0.247	0.0993		40535	40464	47517		582285	605819	640139	
0.7605	0.9793		54379	54636	58602		562593	571607	630385	
0.5647	0.4078		43960	44745	54889		594746	624714	650950	
0.6465	0.9329		53580	53710	53370		550271	576949	593865	
0.7068	0.7438		51066	49607	51602		626156	558564	655084	
0.6425	0.0586		42693	42805	42640		550968	558885	561588	
0.3625	0.8847		46383	64744	61910		567565	691140	608196	
0.5177	0.8435		51046	50413	51051		592812	587790	627796	
0.5951	0.2674		44655	44494	43110		625325	651533	573493	
0.8721	0.4963		47750	47639	47617		642708	664266	685676	
0.6125	0.9626		51540	51558	51423		597507	627045	626883	
0.3692	0.4026		43037	43297	43211		592917	592785	618435	
0.5698	0.2277		43842	43253	42841		615054	566101	555495	
0.8461	0.8491		54277	54114	54387		596292	608820	620265	
0.4632	0.2404		41796	42931	60310		562991	603153	645622	
0.697	0.9046		53488	53528	53889		621845	624072	633315	
0.4585	0.8856		50225	50532	50753		619241	633084	647517	
0.7062	0.077		43517	43482	47103		565667	569303	555285	
0.1551	0.284		41441	41480	41556		615631	618518	636830	
0.8418	0.295		45145	46918	46824		553300	639221	649238	
0.6147	0.8158		49145	49375	67462		520776	525980	629366	
0.842	0.4939		48065	46935	47409		624679	590092	604809	
0.8163	0.7223		51745	53747	53456		585714	667007	675451	
0.6559	0.1936		43648	44604	46313		538402	576636	516519	
0.528	0.7727		50162	50684	51465		592103	599014	617453	
0.8893	0.3713		46822	46771	47475		563657	573759	614185	
0.6462	0.1581		44424	43670	53849		587733	588656	613315	
0.6794	0.2009		44177	43873	44442		590099	555560	562661	
0.6261	0.6657		51499	51503	63722		634812	644123	685137	
0.1281	0.7951		46057	45707	55140		589341	580492	597329	
0.3589	0.2969		42136	41217	42981		546144	519089	583285	
0.7917	0.4599		46939	47494	47609		567726	572807	583160	
0.8463	0.6164		51979	52063	53418		583109	580464	652336	
0.6706	0.5297		51096	51011	51748		643126	639553	666370	
0.7064	0.1844		45398	45175	62628		600479	599174	644514	
0.7985	0.1134		45289	60456	62315		665579	700539	709779	
0.2713	0.4178		44006	59634	59974		642728	681373	667030	
0.5453	0.7478		49745	50748	50559		629743	652365	652800	
0.9745	0.9683		56746	56962	72939		625304	618041	674151	
0.1834	0.7326		44124	44351	44248		562465	561879	564102	
0.052	0.1432		38808	38996	48993		583051	582415	604255	
0.2502	0.1734		40954	41841	43741		578285	661940	592881	
0.6493	0.562		51139	49470	60148		616416	540442	589813	
0.4856	0.8896		49900	50305	66341		635947	644302	678012	
0.2261	0.5577		44207	44404	45020		627737	626803	636088	
0.4644	0.0731		42146	41788	58437		624640	614111	659326	
0.3302	0.4392		42527	43362	49532		615777	624239	668460	
0.7765	0.437		47893	47655	47963		623244	634635	632335	
0.9737	0.98		57266	57131	58127		627870	638694	656323	
0.6896	0.8979		53189	53289	53943		630956	635591	626499	
0.8794	0.0524		44291	44419	44481		553242	552168	551223	
0.1655	0.5069		44164	44020	44077		621663	629099	644888	
0.9803	0.7775		55430	56305	56273		570399	604736	610224	
0.8873	0.8746		55738	55832	62938		605087	594101	621243	
0.6978	0.6311		50001	50584	53443		564372	575926	582308	
0.8137	0.7236		52072	51944	52670		577609	586846	594589	
0.322	0.2814		42781	41889	42545		571499	550840	556515	
0.0853	0.58		42368	42272	41420		639289	641713	568173	
0.4906	0.051		41755	42126	49682		596644	602436	557054	
0.9485	0.359		47662	46824	47668		585714	560955	608676	
0.4735	0.1368		42572	42581	59027		654629	640781	687868	
0.0829	0.5237		42379	42951	49100		587476	618139	625607	
0.9857	0.6516		54765	61663	55396		610608	633005	631102	
0.139	0.2999		42175	57961	57426		602102	646180	631998	
0.909	0.8509		72238	56569	65529		669646	630444	648715	
0.4946	0.7074		48142	48065	47927		599541	603252	608530	
0.4658	0.7661		49472	49217	49867		583783	602419	648147	
0.4246	0.6301		48278	48353	48986		607804	629209	662080	
0.2779	0.3397		42656	42728	42661		605638	612333	612805	
0.6277	0.2751		45282	45383	54685		628600	619106	602916	
0.2133	0.9734		47015	44962	46814		611374	550817	620815	
0.2268	0.5651		46260	43429	43518		577026	586238	585423	
0.5848	0.5882		47777	56957	48426		548833	655892	562563	
0.484	0.5759		46809	46759	46954		597775	602382	597782	
0.7737	0.2934		45708	46754	50010		565643	592197	568298	
0.2487	0.8724		45800	52916	44939		616554	640314	574134	
0.6071	0.3303		44480	44637	45219		653861	660388	668621	
0.9132	0.1307		46396	46584	46126		630407	622563	636306	
0.2699	0.3124		42284	42598	55209		664552	665606	691663	
0.1368	0.472		49238	49209	49455		550468	549728	552468	
0.8929	0.5595		70893	61436	61882		657438	561681	561911	
0.4444	0.6408		48408	47418	65024		617034	565263	647073	
0.8635	0.1584		44415	44663	44601		587556	584066	588270	
0.8387	0.4362		48123	47945	65382		633146	634112	681396	
0.8656	0.7879		54248	54073	54227		621782	650445	651528	
0.1314	0.8534		46002	53070	45225		625980	622424	641503	
0.216	0.6956		44837	43989	43929		597081	594678	591611	
0.6296	0.7534		52702	52210	61548		661796	618771	628550	
0.1702	0.7161		44373	45013	45351		601478	630422	651502	
0.2884	0.7043		47049	46826	63108		587576	595518	627643	
0.2925	0.5478		46011	45747	46449		650609	636421	630918	
0.1389	0.6544		44124	44064	54839		610085	618748	649594	
0.9769	0.1878		46439	46496	72738		635532	655244	697236	
0.2956	0.1719		41889	41937	57572		591336	613278	632643	
0.8742	0.1908		45452	45518	61873		638023	636879	689327	
0.3263	0.9489		48295	48390	65150		617119	615410	655469	
0.4616	0.2573		43438	43741	43791		639427	670629	654462	
0.9767	0.4846		49011	61280	58955		642938	659312	622363	
0.9962	0.0801		44434	45293	60926		615208	626942	625197	
0.8737	0.9712		55147	54102	68261		649431	575460	590536	
0.1543	0.29		41736	42127	49397		636197	644244	585834	
0.0889	0.4233		41201	47576	49954		625814	571055	569911	
0.654	0.3462		44922	44755	54685		614506	597250	578368	
0.7984	0.3385		47169	46654	54421		612236	618990	631410	
0.9363	0.8671		55890	62958	72454		651837	690409	698747	
0.8535	0.1353		46192	45627	61079		589128	633664	672149	
0.9869	0.4592		55601	64373	57960		679597	685429	637173	
0.9717	0.7432		57571	62500	61853		536530	541558	540961	
0.0689	0.7147		42078	53862	59533		577727	622536	680830	
0.2272	0.908		47315	62923	63791		691394	707385	712732	
0.3437	0.364		58900	59774	69299		700381	705323	723769	
0.2379	0.7399		44600	60941	61722		613201	636280	636687	
0.6574	0.9328		53682	53665	70172		603648	637735	683323	
0.5199	0.2382		44541	44285	44382		617787	626964	605465	
0.093	0.9482		44744	44507	44360		649264	636225	633132	
0.9895	0.5175		53889	54231	70543		664505	669318	708592	
0.7395	0.9593		69365	70063	69615		627673	634977	630229	
0.7432	0.6412		51936	59075	69566		621423	547652	635621	
0.3954	0.5289		47497	47451	48586		640111	595788	655056	
0.3733	0.9653		46817	47450	52329		560347	603818	606888	
0.0711	0.2629		40751	39041	41525		620448	543250	644945	
0.7143	0.516		49067	49077	51532		591019	563929	644508	
0.9182	0.1681		46782	46676	46140		619295	622952	586356	
0.9421	0.8491		60231	72398	73314		654476	685870	679867	
0.1762	0.4772		42775	58340	60345		592299	604415	611982	
0.8993	0.4152		65366	65817	75475		694427	704365	714160	
0.1922	0.9827		59443	59929	74464		642201	600877	649064	
0.5615	0.5575		65861	66527	76704		655958	687850	714503	
0.4327	0.3953		44094	53787	60961		571513	582790	633630	
0.7203	0.4933		45570	56112	54163		529819	547206	538510	
0.2119	0.7713		62269	73130	68724		715005	734555	740808	
0.2669	0.6945		55978	56372	60133		588428	584305	564503	
0.1444	0.514		43191	60572	60683		559319	668761	662596	
0.7888	0.8018		54346	54839	55439		648662	666156	645460	
0.2558	0.4851		41624	41956	42111		543983	554356	543493	
0.1613	0.1452		40551	40140	50033		550014	561852	570118	
0.0705	0.4061		39118	39492	48101		558522	565158	579903	
0.8099	0.1936		43974	45773	61984		603578	691222	720350	
0.9135	0.3227		47781	46536	46737		644627	556582	555153	
0.6047	0.0522		42210	52849	59263		573482	598863	607214	
0.91	0.9745		55220	64877	70977		563597	585835	591959	
0.5605	0.2396		42950	52823	52976		588982	599405	599991	
0.0711	0.0656		38691	39475	39450		611057	610818	660829	
0.8135	0.6209		52422	69463	79987		654300	703716	698897	
0.1047	0.445		40965	41630	53736		611789	623665	666180	
0.4908	0.2595		59192	59737	60175		666040	658014	679451	
0.7838	0.3216		46174	46870	46698		593881	633563	617226	
0.8794	0.1219		45250	45392	61210		611129	644885	666627	
0.0674	0.8828		42769	43514	51589		558318	558944	655555	
0.1706	0.091		47715	56975	56880		603542	625998	614158	
0.253	0.8846		49329	64870	75073		653575	677551	700560	
0.4885	0.8479		65318	63038	66212		649745	658310	671066	
0.1586	0.5561		60478	60654	70940		657559	667108	676104	
0.0576	0.5495		42007	58156	58341		620844	655519	658291	
0.0947	0.9043		44619	60959	60988		638093	669116	665803	
0.6132	0.5689		49736	65665	57396		640412	655292	625436	
0.4194	0.9254		49845	66443	75459		651231	688478	679831	
0.9629	0.8877		57621	73366	73489		661665	691182	693534	
0.3995	0.1656		59049	69205	69656		678621	669511	696717	
0.146	0.6963		60980	71121	71732		685860	708882	717080	
0.072	0.9953		44606	61356	70582		659744	687697	707392	
0.3789	0.2426		42913	59458	49699		621745	635648	546382	
0.9662	0.3368		48072	54566	48528		666648	583067	676069	
0.1422	0.4001		40639	41450	41123		559158	604700	574517	
0.6121	0.3337		44737	44433	51961		628314	657088	653029	
0.7226	0.2044		44718	51886	45787		555050	553229	621436	
0.1627	0.9219		44809	44932	47865		591782	588764	671004	
0.502	0.7446		50029	56898	50423		661841	702640	690655	
0.2163	0.0947		40525	41161	52564		601620	606856	619347	
0.8483	0.6324		53366	54144	54143		637214	632351	605108	
0.6186	0.1788		42035	44618	60376		557069	659228	677884	
0.5545	0.9016		49974	52998	68709		573030	663967	681302	
0.3077	0.239		41099	51727	58765		594825	616110	683628	
0.4564	0.9351		66520	59467	77274		660383	581005	692928	
0.9688	0.0917		57276	64313	62086		679705	687694	693069	
0.2998	0.4188		60102	62204	70303		585998	645718	639986	
0.7232	0.449		44954	44896	63220		516590	516667	639085	
0.3022	0.6758		46904	47707	63769		615772	622376	652664	
0.8715	0.5443		52577	70489	80001		615098	639353	651933	
0.7861	0.5245		60123	69051	79721		636808	656600	676818	
0.4061	0.3736		43748	61402	60423		640023	677389	671331	
0.1751	0.8915		46519	46629	47022		626959	630710	672869	
0.2766	0.7842		47838	65970	74646		645574	700043	717972	
0.3647	0.915		47858	55187	48235		654867	692917	683493	
0.9257	0.6946		55122	62896	82124		607200	653464	662877	
0.4914	0.8845		50097	51963	77844		608468	559752	654081	
0.5676	0.7227		50324	63513	66679		582998	607409	609835	
0.4355	0.6092		47926	51933	64437		623771	602638	663284	
0.2547	0.9493		48217	51494	57729		633559	598733	605738	
0.348	0.8049		47700	47740	64276		635117	624485	666031	
0.4045	0.6815		48481	47867	64789		610531	633585	640328	
0.3423	0.4861		41753	50525	54547		517065	563257	615835	
0.3703	0.2803		43345	58504	55382		640427	672528	567521	
0.3545	0.3194		41134	49808	60634		538157	557533	675647	
0.5387	0.7868		51711	63186	64105		697390	691205	718366	
0.465	0.0742		44520	49900	65761		560606	568028	691366	
0.1303	0.5884		60834	51901	57314		694784	587861	593716	
0.39	0.6439		49049	64834	71153		685950	677743	690152	
0.8958	0.3556		47273	64139	64151		624494	672815	668978	
0.445	0.8045		65693	65487	66331		647762	647643	670319	
0.4755	0.8741		49243	49080	65700		616421	616517	648993	
0.2211	0.2178		40969	57026	57365		620245	663985	657244	
0.0784	0.2175		40146	40487	40685		621667	648079	631210	
0.8679	0.3802		47808	58453	57333		583114	567656	565258	
0.2716	0.4435		42499	42657	54366		568452	566804	594651	
0.8643	0.1988		45554	47850	57575		601283	534529	617024	
0.4973	0.2814		42534	43138	52747		590618	590616	614226	
0.9992	0.1715		45758	44778	52527		661371	571246	589483	
0.5007	0.6408		50169	49938	50011		633680	636134	653718	
0.0651	0.824		44020	51589	60385		632006	682115	679479	
0.51	0.1551		43668	43496	60032		618795	616508	655739	
0.2934	0.5333		46110	62801	64892		609392	648750	660802	
0.385	0.2717		43826	44066	59945		591774	611135	628573	
0.8573	0.4496		47877	47791	59786		625896	596098	626884	
0.2358	0.6938		44044	44229	44725		552569	554677	569249	
0.8207	0.2936		45898	46416	46490		569792	572882	585870	
0.4026	0.6154		47595	47789	46588		621916	626141	555892	
0.231	0.4951		41457	42153	58795		588486	581462	611884	
0.3002	0.4969		42607	52554	53051		574252	597952	599905	
0.8052	0.5871		51908	52417	62459		639073	650697	714955	
0.2526	0.4588		42697	53819	52236		589078	609100	575051	
0.8161	0.7204		52542	53953	80100		588955	605927	656983	
0.7567	0.2605		46525	46556	63300		638074	631401	672851	
0.6592	0.6129		50885	50730	50692		629216	629508	586747	
0.3297	0.7357		45762	45887	45948		563895	565542	569623	
0.3148	0.7401		46064	45792	44983		579347	581841	594865	
0.9964	0.8556		54823	55243	53735		615328	636246	555801	
0.1488	0.3667		41543	40245	48852		602541	522947	543616	
0.5192	0.0821		42928	41215	50224		636735	573141	588052	
0.6265	0.8658		52658	61981	52234		633192	632963	604222	
0.8513	0.6142		51750	52316	52585		584928	587150	587336	
0.0531	0.4278		40169	50397	49940		548756	574957	573440	
0.412	0.8382		49428	47761	56521		654524	555477	574404	
0.707	0.7521		53988	52912	58958		550669	627302	559257	
0.1993	0.427		42584	41866	54768		616606	625239	673972	
0.5724	0.1634		43767	43560	69039		637258	656846	698732	
0.4413	0.8163		56540	66047	66031		648617	672233	626463	
0.2208	0.4035		42721	41242	49199		662747	569700	576702	
0.4596	0.1086		41740	50911	57103		593100	614342	627060	
0.8559	0.6762		65362	71444	70417		676414	690230	703518	
0.3169	0.5697		53207	72822	59026		572603	692231	582886	
0.4781	0.0697		41345	51592	57912		601426	616637	627307	
0.5026	0.1584		43728	53420	56288		574712	604976	600190	
0.4487	0.5381		47996	59515	66173		641594	660245	703056	
0.4059	0.7577		49021	49762	61137		636079	664894	678577	
0.7791	0.8892		55259	71332	77364		656615	695702	694545	
0.507	0.9354		68172	68213	68180		673178	650152	647495	
0.1807	0.2884		48418	48849	54333		537648	537330	546012	
0.2701	0.1587		49134	49360	54752		575618	576757	582531	
0.1462	0.2539		48745	50500	57212		595824	608861	622961	
0.3505	0.9294		47983	55474	71399		580053	582819	687714	
0.8337	0.2535		54720	63860	74077		562793	651157	659411	
0.1727	0.7507		46924	62899	59251		610160	645197	559008	
0.4496	0.6152		48520	60868	74987		605305	568809	653796	
0.9805	0.821		56922	73542	73388		651937	699142	697211	
0.721	0.906		53580	53582	77871		623358	622001	696007	
0.938	0.3494		46955	57050	47458		603897	615946	607238	
0.5003	0.8837		50500	68392	78041		602484	640943	696445	
0.6681	0.3941		53380	54155	73829		565099	566715	672212	
0.8679	0.4854		63264	54475	54807		596490	587716	608693	
0.8734	0.8474		54966	70884	70966		670465	661127	665631	
0.6018	0.6609		67052	66750	67473		649161	655577	661919	
0.7571	0.38		64256	64046	64295		644460	688328	666286	
0.8587	0.2705		47525	63290	73197		657772	675453	696127	
0.6268	0.0841		43238	53035	52530		556938	578285	596049	
0.6017	0.9596		51990	52435	68076		692789	669149	690664	
0.2484	0.0928		40238	40831	57047		664423	628509	698248	
0.7315	0.4074		46533	46846	62852		618528	631511	669586	
0.4016	0.964		50124	49856	66142		636110	668628	695607	
0.0956	0.3053		39459	39611	40458		589409	589391	600732	
0.0995	0.7792		44434	44246	57899		626660	608254	639222	
0.8949	0.1686		46145	46435	62753		608011	626462	666100	
0.9358	0.0502		45322	45267	45203		606997	607037	610146	
0.9671	0.9167		57161	57756	57488		671167	669055	686175	
0.6868	0.3456		46156	63948	63047		646828	698158	698412	
0.2998	0.2699		43559	54713	59095		630770	655739	674255	
0.3123	0.3899		55665	70319	70107		681158	704331	708808	
0.4732	0.0591		42870	58655	68332		608361	661733	678468	
0.759	0.6618		53957	70293	80582		649025	660672	687272	
0.8049	0.8499		55354	71937	66482		644857	672828	689631	
0.2599	0.703		54066	59608	60489		679892	674653	700167	
0.5886	0.8763		52496	68391	67884		618156	652734	607574	
0.6617	0.8981		55144	53892	62401		557568	617640	596635	
0.8324	0.5369		52649	62441	69220		621852	642728	655149	
0.0966	0.6007		50237	42501	51941		654113	590098	610854	
0.7512	0.4432		50954	66080	56682		588388	634530	556730	
0.1813	0.3448		48946	57855	68391		661836	678237	730775	
0.2039	0.0844		41018	57164	66943		595600	616864	660577	
0.6076	0.2713		45113	51334	61155		654234	650478	690783	
0.9863	0.0897		45129	61559	70656		673475	701573	713564	
0.4553	0.6522		47463	55075	78842		560414	577869	639147	
0.6875	0.2369		55067	53931	60701		623063	619350	628206	
0.1891	0.6913		44747	61826	66516		567589	659944	675103	
0.0737	0.9508		45080	60785	61054		637047	642609	652430	
0.67	0.3347		46133	64172	72164		625816	680696	675470	
0.6201	0.2179		57441	50924	59681		663502	581204	617920	
0.3107	0.06		40474	55072	53628		553614	662213	582030	
0.6132	0.5907		65739	58514	62488		676862	626495	597251	
0.8785	0.3272		46819	57763	56939		555242	609986	609551	
0.7885	0.2179		52903	62414	62021		660553	675048	682396	
0.4013	0.3702		44308	61840	66112		684462	707878	688762	
0.0659	0.255		40966	56938	57081		642466	657752	678632	
0.9685	0.8936		57612	73800	79562		625111	662066	700254	
0.9872	0.3615		47386	63473	73410		626562	651991	668746	
0.9021	0.7567		57011	73187	82778		629127	679048	697581	
0.8206	0.097		44982	61412	70418		608188	650537	664294	
0.1499	0.6642		52176	45517	62592		664526	636241	691612	
0.2523	0.8958		48869	66769	74486		613983	670653	683267	
0.2615	0.8636		47093	56185	62679		607977	632891	633079	
0.4742	0.2371		42434	53820	58232		558253	581877	592119	
0.2884	0.3995		43641	52662	59475		583758	606722	620104	
0.7841	0.2456		45553	54948	67720		558224	580018	664280	
0.6515	0.2821		44602	48516	48699		602301	607466	610285	
0.3997	0.3206		43560	44102	42631		593637	643899	562776	
0.5623	0.0555		41356	49889	51705		540628	559096	592108	
0.6917	0.5298		49453	49613	49682		584550	594177	594796	
0.5523	0.2702		44682	45524	45466		631110	656680	656421	
0.2672	0.354		42779	44684	45012		646447	589939	592362	
0.9706	0.6439		55516	53860	55992		634511	565032	649077	
0.2755	0.6177		45874	44731	52754		570706	574398	592772	
0.4855	0.1795		41834	43199	42509		580496	620596	586164	
0.3624	0.5976		46018	46605	62664		620613	630866	689463	
0.2336	0.7095		52268	45773	61609		636334	605676	648341	
0.8688	0.6611		52947	54185	69225		644158	654974	680985	
0.0845	0.1763		40581	56865	66659		619779	652950	650682	
0.1902	0.2268		41292	59246	53768		647371	685605	592556	
0.9632	0.3973		47525	57812	65518		570635	620428	660859	
0.333	0.8551		47706	48052	74778		648936	657815	695690	
0.6488	0.3173		46075	61852	71717		657984	683823	708255	
0.1567	0.8418		46540	62774	73493		634337	657721	663877	
0.1442	0.8154		46424	62646	73235		657982	681902	697076	
0.1857	0.203		41638	57329	67341		648442	656802	688979	
0.4237	0.6371		48313	62268	70334		623682	666258	687970	
0.7522	0.6778		53996	70092	79985		673561	689795	710375	
0.0925	0.7618		44401	60184	70903		645093	641643	655936	
0.7425	0.3933		48407	56862	68759		568876	596772	664735	
0.0809	0.9686		51814	61486	57698		644042	670162	568261	
0.4649	0.9662		53253	63328	71847		620185	671281	667636	
0.7092	0.6022		63746	60039	71179		669720	591580	676305	
0.3794	0.3951		51417	51713	57686		659355	575100	581141	
0.1666	0.3861		43004	49176	55386		652811	572164	579182	
0.6916	0.7626		53342	70251	79399		671502	706966	690019	
0.2535	0.6941		48754	64031	73364		542752	646075	660732	
0.5818	0.7514		50983	62800	67090		559821	576845	580189	
0.926	0.4982		49877	57963	76549		609272	572636	646800	
0.1015	0.3336		41652	56349	47852		650320	684930	577053	
0.3404	0.4056		43977	50550	59774		655397	585864	696620	
0.5935	0.5181		65997	65961	49994		625779	648973	612034	
0.3111	0.4475		50321	57053	43239		564792	598361	584250	
0.3954	0.4384		45310	61027	51127		644071	668699	570073	
0.3504	0.9934		47504	47418	51340		540682	544305	557887	
0.9	0.2337		46582	46581	61740		607152	578940	647672	
0.6562	0.6249		50987	50678	51257		603103	602124	612284	
0.2104	0.7808		46172	44462	53842		626681	546295	663743	
0.6201	0.5944		48465	49135	49248		608259	613068	612961	
0.7902	0.9133		54028	53990	55685		582978	592097	670103	
0.3637	0.8393		47523	48319	55861		621512	622261	570235	
0.1998	0.1264		41239	40094	49571		607439	552627	590119	
0.7294	0.5762		50061	50262	50769		576596	576759	580501	
0.2723	0.5321		46403	45136	52845		680750	601002	617481	
0.5984	0.2577		43886	45680	62421		614300	629361	673269	
0.6064	0.8312		51232	50937	60176		615253	579987	599296	
0.1931	0.7271		45118	45433	63066		614650	631332	678328	
0.0548	0.292		40436	40649	57923		584496	600807	654561	
0.2539	0.575		46084	46992	62669		640287	644091	681033	
0.1407	0.1731		41635	57261	67059		623179	666148	687570	
0.4643	0.3177		43642	43656	43500		606545	607153	603874	
0.4816	0.6239		46705	46864	46802		577219	572642	574638	
0.5873	0.8544		49914	51274	51875		568935	655591	643034	
0.3691	0.2125		40254	42733	41135		551369	626546	592299	
0.355	0.2113		42261	41889	43006		649523	658311	673327	
0.4814	0.9609		50472	50012	50267		625071	626827	624426	
0.2292	0.7465		45135	45129	45218		627012	614930	619723	
0.4651	0.5607		47769	47569	47800		649679	650548	678493	
0.7367	0.3582		45487	45290	45303		612363	620722	614090	
0.0781	0.3491		40244	40792	41311		632445	630704	636777	
0.3836	0.1909		42764	41190	49714		639125	554382	572777	
0.6204	0.1085		42737	41660	52043		531840	528033	585292	
0.3621	0.4813		42521	43855	44263		588957	622792	625333	
0.8085	0.2733		47168	47348	64908		607997	612304	667612	
0.7267	0.2361		45135	45079	60783		643072	637151	669572	
0.4964	0.8035		48379	49098	48894		583034	583986	613854	
0.7008	0.3723		44316	45900	44494		619816	623504	639812	
0.6705	0.138		42991	43567	51644		561247	565401	581263	
0.1559	0.3016		39928	42427	58276		551652	619930	673129	
0.5234	0.4436		45612	46130	62149		625358	616852	664066	
0.2979	0.5152		44958	46929	46784		575903	627723	651668	
0.3327	0.6355		46773	63070	63487		650493	708533	690186	
0.7395	0.5714		49170	57832	65738		535292	588627	648170	
0.2726	0.9934		48126	48787	64730		638764	651604	700378	
0.4885	0.2539		44281	42443	56568		612900	538630	564672	
0.6062	0.1073		42932	43599	59776		584705	589537	629338	
0.5867	0.332		45568	51809	51843		619799	560091	561477	
0.5035	0.9804		52577	50798	68546		577156	514047	581718	
0.0567	0.1573		40356	55680	56604		624065	665203	669014	
0.0511	0.9344		44847	60472	60816		605406	637440	590996	
0.5745	0.4755		45052	45571	55155		566795	568196	590266	
0.5443	0.8633		51154	51169	53793		599507	602343	614640	
0.4175	0.357		42899	43112	60222		560298	589280	656353	
0.562	0.809		51161	50894	51919		630581	632886	643183	
0.105	0.118		38825	39333	49223		584628	587561	607268	
0.8481	0.4692		47376	47092	66305		561125	561188	673871	
0.7559	0.6606		52577	54226	62028		602756	647627	601046	
0.0552	0.8888		44303	44642	52015		630927	617417	566184	
0.2016	0.1171		40742	41060	66707		601386	606614	649941	
0.7448	0.7838		51270	51965	59115		573129	569286	568715	
0.4423	0.7265		49495	47435	65357		625017	573044	677706	
0.5281	0.7846		51439	51902	78250		633369	631954	692815	
0.6895	0.0883		42837	52692	52951		570624	595659	572051	
0.1939	0.6055		44952	60640	57126		601075	646175	558501	
0.7603	0.1062		44356	56759	56713		578774	639830	640286	
0.7087	0.8185		53479	69414	65989		614431	661951	570710	
0.8153	0.5792		51437	53885	69692		524168	614709	652298	
0.9206	0.7522		56667	55452	65642		596806	562635	627972	
0.2369	0.7972		44925	45222	45814		564242	564913	579450	
0.1703	0.5954		43397	43439	44166		554496	556259	561963	
0.2208	0.8547		53162	45032	62869		666036	570368	670523	
0.2188	0.1394		39847	57282	64750		547984	612640	665903	
0.9395	0.6257		55003	64591	71299		592411	620313	646745	
0.6914	0.0952		44316	60303	70118		649742	708466	705720	
0.0884	0.1354		39812	39120	66772		580604	538359	668502	
0.6994	0.5365		50759	67020	63807		624175	661142	586515	
0.9002	0.7393		55398	61915	73147		654326	687495	713410	
0.2197	0.0965		38816	39384	53276		552911	565510	580099	
0.5154	0.0616		42930	50352	50091		612810	641785	571919	
0.6206	0.3763		45685	61726	61038		613377	644782	649079	
0.7911	0.986		55022	55827	71021		664103	682837	716755	
0.3853	0.919		50606	66172	75020		632239	644165	689241	
0.4799	0.095		42748	58865	68554		612516	646602	676284	
0.4492	0.6798		49258	65244	75298		643766	686642	710421	
0.4518	0.9375		66578	72409	65951		651175	673421	623968	
0.961	0.4293		58325	62553	62120		594714	593089	580468	
0.5513	0.5899		49075	66037	66150		614024	693661	700992	
0.588	0.6711		50857	66712	67007		644976	677055	688844	
0.7365	0.4505		47170	62550	63403		622935	641438	676757	
0.3403	0.8974		47488	48403	61933		578147	587286	580094	
0.4073	0.5569		49446	48719	64307		559348	632725	667889	
0.3008	0.985		48912	47714	57832		659776	601784	625282	
0.6627	0.6639		58929	52427	64318		690990	672092	607982	
0.087	0.173		49316	56582	67131		563077	620805	663282	
0.5018	0.5028		50280	65876	67362		603781	636871	667204	
0.4925	0.1969		42311	52025	52066		563751	582889	589292	
0.8788	0.7138		62513	62329	82006		576310	583772	686510	
0.4675	0.63		49123	65031	75472		625823	660847	691716	
0.3303	0.8688		46666	64400	74581		625155	655146	670446	
0.8097	0.9517		62453	55979	72196		673133	654449	696740	
0.1793	0.4752		42821	51240	69435		621832	605624	692421	
0.3895	0.6902		48370	55908	49145		645047	655043	652644	
0.8085	0.914		62212	55534	82272		653719	622486	691415	
0.3467	0.9103		49139	65190	75087		619568	661558	688293	
0.3954	0.8013		56858	67179	73207		680687	703162	713271	
0.767	0.8724		61087	71887	72357		628911	650179	642439	
0.4859	0.1398		42952	49601	52906		638944	668879	634992	
0.1825	0.2062		41070	40105	58022		614352	553115	646913	
0.5046	0.6665		49252	53439	59558		557349	572709	580849	
0.0862	0.9086		44511	44538	60791		577897	592284	638037	
0.1383	0.1732		40827	50072	56931		618556	574342	583013	
0.6442	0.6002		51018	51228	51518		615228	619781	643890	
0.4964	0.7744		49032	58305	58260		646076	654582	660119	
0.3681	0.4577		43500	61232	60878		610109	662134	644633	
0.6126	0.4588		52310	52148	54733		618403	542839	591647	
0.6446	0.186		44518	45076	58105		602505	632237	688947	
0.429	0.5245		47657	48207	64296		647997	658894	692769	
0.6811	0.1546		44503	51319	45245		618681	679119	679419	
0.4525	0.2148		42941	42916	42775		584407	628905	634978	
0.2454	0.2286		40982	41635	57540		603734	620738	655008	
0.7637	0.8363		57289	55369	67739		610129	649676	600323	
0.9946	0.3752		48625	50046	51614		645923	569268	599826	
0.7754	0.2134		46034	46545	52968		666207	674960	601236	
0.4923	0.7991		48499	49663	65711		633107	647119	673327	
0.6278	0.7637		52558	52942	68599		634217	659641	700657	
0.4691	0.44		44165	44367	44504		607331	636929	654809	
0.837	0.4929		47140	48118	48383		590844	659471	691518	
0.6418	0.517		50124	60053	68119		589564	604699	668576	
0.584	0.6851		51776	66591	63298		569141	667394	586082	
0.6335	0.1389		46198	43603	51541		564807	565459	578302	
0.7017	0.9967		53274	60777	63752		594001	620655	638467	
0.4718	0.5883		54822	48198	65610		639230	625681	665412	
0.2015	0.4646		42058	42890	42876		620094	641910	636209	
0.7935	0.4358		48086	47742	59405		621433	637184	657677	
0.4218	0.719		48444	64484	48579		662930	665024	649292	
0.7148	0.5232		51896	66929	67507		681444	697954	706797	
0.5909	0.8198		51907	67433	67703		654623	681957	680681	
0.2789	0.656		47385	63186	63047		656026	688671	689297	
0.1168	0.0664		40460	56431	55984		633764	664455	660841	
0.2361	0.6543		44846	45142	52130		646903	654276	661851	
0.6406	0.8956		54124	69466	69503		673154	683978	705846	
0.6347	0.4387		46745	63158	63225		646109	643605	676355	
0.4752	0.4473		51681	45007	63091		634279	629001	656347	
0.5543	0.5698		49548	56320	56697		651051	657761	689666	
0.0593	0.5418		48936	49518	58307		632421	649236	667892	
0.8403	0.547		53098	69071	71475		680763	702403	732812	
0.13	0.7471		44941	51915	45268		603228	638052	630193	
0.8125	0.5008		52004	52402	61616		546956	557373	575895	
0.2301	0.9521		47298	64673	65325		610461	656083	671143	
0.6979	0.2963		45095	54756	57883		595606	622978	680791	
0.608	0.7144		53529	59407	67117		596704	626786	689624	
0.12	0.703		44212	59837	56585		578045	633412	618059	
0.5831	0.745		67797	67814	67850		708220	712991	711983	
0.5813	0.9607		68258	78389	68635		681576	686253	680991	
0.6063	0.8215		67615	67745	67773		647197	652713	671329	
0.6014	0.4345		61808	54255	62149		645976	597090	608863	
0.8755	0.4081		49687	56179	62181		655213	596486	599714	
0.8123	0.6877		54027	70504	66485		596769	643679	553239	
0.2932	0.8245		55203	47723	57412		617999	585160	607428	
0.764	0.8751		71076	63924	81810		683972	670817	713008	
0.917	0.0823		61843	52073	62087		658626	568296	654158	
0.2249	0.7523		45875	46388	46449		605651	607642	582572	
0.3939	0.468		61145	57346	53392		672878	586419	608146	
0.6224	0.1969		42512	62495	55903		537082	653917	653672	
0.9569	0.1204		55893	63933	62666		580217	642530	597051	
0.2349	0.7866		62668	62246	62612		629162	641288	642111	
0.613	0.5747		56722	61739	65355		605713	601530	643450	
0.4237	0.7595		55964	76612	65255		577177	683300	615034	
0.8457	0.1535		47364	46124	44607		548331	641854	551279	
0.8282	0.1104		60899	43649	51346		684438	563196	581422	
0.3334	0.3073		41970	49882	56243		531579	547451	554424	
0.7766	0.4703		46679	57056	61160		540406	563298	568049	
0.5888	0.4585		48587	54849	54887		580529	587182	589920	
0.6909	0.3591		52860	44644	62107		612180	614516	636480	
0.4821	0.6031		48014	54935	61968		631840	658770	680361	
0.789	0.6562		60930	54763	60599		646469	620183	560352	
0.3535	0.5078		49173	45647	73761		612091	606413	698470	
0.4693	0.5039		49569	47371	64491		570106	550708	675313	
0.4881	0.193		45783	43288	59334		602476	647160	674004	
0.4603	0.4272		45313	45133	61360		651748	650622	686891	
0.5834	0.9024		59100	69674	78869		673466	684855	705560	
0.3507	0.5429		53338	62366	62850		617507	627350	651162	
0.73	0.8378		68590	69228	79009		686610	693464	723284	
0.967	0.2705		48401	48366	63987		684307	692082	705564	
0.8549	0.5244		52812	69716	80208		608279	637580	679647	
0.4374	0.437		44351	60617	61375		622053	644191	667484	
0.807	0.5683		53123	69420	79438		620271	671860	699301	
0.3722	0.9626		49144	64624	61486		664508	653472	642059	
0.0765	0.1934		47122	47515	65628		562077	565010	677372	
0.1767	0.8523		45977	55183	59330		584580	605744	591210	
0.3838	0.3015		44099	50650	65756		603017	554494	649544	
0.9762	0.0655		45508	45783	46393		610622	628316	612100	
0.7736	0.1408		45667	52596	46485		626623	652292	663380	
0.4986	0.1981		42807	59370	59138		624880	649899	649544	
0.138	0.2965		42210	57951	57743		635017	683768	688600	
0.7498	0.5468		67254	67256	77657		672080	667949	691743	
0.6565	0.0577		59754	60049	55560		651093	666413	667919	
0.4183	0.4118		60762	61085	59088		651936	634978	588786	
0.1474	0.8007		54934	62239	62566		578451	644980	642591	
0.588	0.2804		45541	61353	61092		627780	644512	642764	
0.1736	0.5027		44811	60875	60591		657071	699331	698742	
0.9397	0.5		56099	55793	56249		647965	644821	655446	
0.3387	0.1222		48647	48488	41745		689770	688894	673906	
0.6794	0.274		46433	62070	67608		632976	677520	664914	
0.6954	0.0601		59872	60436	60241		729604	734812	752421	
0.3872	0.3972		45163	51729	61190		653289	661847	684301	
0.9905	0.903		56214	56047	56390		656360	693517	657270	
0.888	0.6561		71896	70080	64498		685113	670436	624501	
0.8389	0.1277		62039	61789	63295		673037	672282	697324	
0.4499	0.6562		65063	64617	65000		656194	672572	682827	
0.8316	0.7521		54832	54841	54790		645755	650481	645485	
0.2216	0.8772		46710	50300	55830		583338	591753	572047	
0.405	0.9355		48594	50995	71569		534548	634842	672627	
0.7343	0.1599		45116	45379	45389		643372	660243	651758	
0.082	0.5396		42487	42367	43049		621625	641072	652347	
0.7749	0.1416		45778	45846	45721		577684	595969	595296	
0.7312	0.9543		51829	53644	51797		506278	578311	521927	
0.0956	0.4826		41171	39961	41486		583255	533452	603960	
0.7125	0.3406		44969	45850	45871		575962	607855	647812	
0.41	0.3187		47183	43723	43601		649571	631233	631658	
0.84	0.1119		51916	46666	46484		692930	587860	584988	
0.9034	0.1934		45469	46409	47452		548832	580813	637070	
0.2396	0.7307		43418	43684	52100		582323	581120	590158	
0.4073	0.2257		43792	43619	49836		623654	643638	658663	
0.1201	0.1741		56517	56402	58547		639514	647947	656455	
0.7992	0.95		72084	70235	71485		661986	660733	670900	
0.8681	0.0754		60544	60976	56260		667685	676995	675284	
0.4266	0.2786		60047	59470	59642		697058	705659	697535	
0.4828	0.9603		50951	66656	77212		652183	656935	677838	
0.3694	0.4307		44145	44278	44049		639559	646264	668120	
0.494	0.5241		48070	47716	63030		674162	675166	670839	
0.9187	0.982		57786	58042	57731		653108	645547	653413	
0.6482	0.832		52888	52081	51756		620791	579918	584355	
0.87	0.4835		47477	48185	47746		580123	577993	572822	
0.9566	0.6566		55881	55324	55524		600986	619262	611244	
0.9127	0.9668		57133	56887	57560		646395	643529	631408	
0.887	0.0515		45459	45357	45483		639198	637625	637921	
0.1672	0.905		47446	45662	53164		628627	543178	559539	
0.2757	0.7993		56175	54938	63892		572263	568602	671251	
0.4667	0.2996		55859	55477	55292		693398	702567	714565	
0.2483	0.3166		57901	58367	53867		663059	655700	656328	
0.1766	0.4844		42100	42154	41782		565937	563947	565166	
0.1735	0.548		45087	45039	57292		636077	638780	672729	
0.8623	0.5249		53187	53051	53118		643142	647666	657334	
0.547	0.5795		50489	50087	50335		622757	635805	619534	
0.6411	0.5073		51785	67056	67116		600924	628483	625297	
0.9249	0.7732		71836	72391	72498		672527	676569	677586	
0.7778	0.6782		70260	69938	69880		677587	678581	672790	
0.0722	0.6209		58240	68772	67556		635727	678776	657630	
0.2747	0.3342		56363	65114	69914		664700	670898	667483	
0.7836	0.427		64082	64530	63946		691880	698263	707063	
0.9056	0.747		55976	73185	71345		622543	652897	669281	
0.1705	0.3876		42677	58458	58160		638798	683537	666183	
0.4199	0.3024		44437	60010	60070		625175	660900	671003	
0.8864	0.3157		55101	55151	55047		626853	634412	645110	
0.8895	0.9195		56851	56737	64093		661208	663667	680098	
0.3659	0.3682		42694	42445	42667		616849	617325	603523	
0.3709	0.1111		41504	41331	41385		606637	621721	596795	
0.563	0.0907		43213	43622	43674		636181	626919	662403	
0.7365	0.2901		45528	45866	45445		597130	614003	637368	
0.4444	0.206		42977	42950	58842		630935	654296	673283	
0.4683	0.5419		48001	53708	59178		605819	621236	644132	
0.7712	0.5121		59515	59446	51951		570293	569578	561792	
0.2757	0.3193		41703	41343	50774		542435	546761	561982	
0.3791	0.7073		49111	48638	55006		624494	632727	677655	
0.0557	0.5977		58462	48854	58229		634923	596761	632042	
0.657	0.3343		52313	52724	44649		572409	575397	573279	
0.2171	0.1066		57660	52628	52522		658324	654610	620647	
0.3625	0.7951		64758	59906	59840		667164	645551	659737	
0.9743	0.9221		73681	73854	66373		676225	638355	602726	
0.1683	0.7407		45434	61115	60993		649103	680465	685637	
0.1107	0.7131		43207	52263	52282		582404	605574	599645	
0.5173	0.8466		50245	58046	58184		543031	562116	567489	
0.2477	0.1317		44229	51275	54364		583126	577589	634416	
0.9255	0.2117		48661	64009	64699		551766	639262	656668	
0.9411	0.059		52586	62818	63661		639690	662146	670355	
0.8368	0.1131		51999	51864	52128		641476	647161	655741	
0.5984	0.6456		52043	48584	50482		553253	539935	621200	
0.5817	0.7066		50123	59773	59327		622719	633753	632980	
0.192	0.7773		46718	62081	54752		640364	677126	582559	
0.9215	0.3915		48933	58202	58212		566451	600687	590077	
0.3325	0.4926		42539	50522	50178		553558	571336	571771	
0.4532	0.3397		44434	50808	60300		640759	573498	667423	
0.0761	0.5724		43158	58557	49342		614907	638059	543045	
0.4692	0.5377		47754	56682	54686		570316	590168	556703	
0.4092	0.8525		49203	58387	56694		559605	580591	571506	
0.942	0.7441		56891	58560	58460		557179	585940	583896	
0.7513	0.1268		52564	47480	45973		649839	560814	638290	
0.0572	0.262		40136	56388	56735		582393	668047	670480	
0.5738	0.8374		51774	63002	62703		630722	662041	658209	
0.4692	0.204		59149	43605	43627		667305	659948	668513	
0.0883	0.4517		47725	56558	50203		566410	645194	606899	
0.9331	0.2586		49758	48463	46502		605278	675133	619801	
0.4334	0.2483		59019	59051	61548		658791	659445	672277	
0.2838	0.5035		53181	63976	62551		629691	656638	665000	
0.9987	0.8064		62668	62643	56117		628141	629353	648258	
0.9712	0.0578		45268	45389	51832		658989	635295	662279	
0.5577	0.9171		59142	58767	68424		630630	638291	645157	
0.9702	0.07		46400	61664	61693		639896	681869	673920	
0.8304	0.8211		55160	70805	70705		654027	696477	691890	
0.6256	0.566		57964	57921	57922		658456	682625	675348	
0.4802	0.2599		44229	60240	57478		635187	683544	687320	
0.1225	0.5647		43278	59226	43390		673529	704449	684030	
0.6578	0.198		45293	61059	53396		634302	661472	607689	
0.7966	0.5126		53288	51925	51183		643021	582611	585607	
0.3321	0.0793		48752	42150	55408		666881	646264	674924	
0.7859	0.4858		48783	55591	64439		670384	616531	680157	
0.4829	0.1475		51567	51733	50347		581284	579560	579512	
0.1203	0.4476		57904	57565	59909		658899	673529	677629	
0.1349	0.3369		42533	57938	57900		619932	643248	642002	
0.8612	0.5374		68658	61668	61704		661422	608088	653182	
0.3199	0.4932		50600	59719	59792		619644	627386	648026	
0.7803	0.5384		53046	52912	62028		623903	632765	629019	
0.763	0.4375		55405	48033	47148		661670	662322	565330	
0.916	0.7228		55803	54201	62243		634816	570386	585268	
0.099	0.7712		55046	53191	53456		598724	597042	601187	
0.8035	0.2711		63346	63528	53803		673128	674767	586158	
0.257	0.1123		57934	58060	59054		665241	668269	675674	
0.499	0.605		55203	63864	65630		636667	658067	662982	
0.717	0.9848		53701	53465	69751		622833	616331	654023	
0.0973	0.8574		60808	62072	71418		670633	661669	688198	
0.3295	0.5033		46948	46824	62532		638723	629601	682886	
0.235	0.6401		61098	61202	71825		636954	657118	682343	
0.177	0.8342		62512	62333	62763		661617	658022	647240	
0.9032	0.9669		73441	73423	73496		649563	647027	662010	
0.5394	0.7932		67327	67859	67799		650270	668169	676933	
0.1266	0.0719		56761	57164	57098		657552	689321	690467	
0.2521	0.5232		62560	72791	73019		663351	679880	708620	
0.97	0.5258		63861	68474	63998		607177	624576	609033	
0.4945	0.0973		42511	58258	58626		672833	689896	695105	
0.8792	0.4321		49474	49696	56202		652587	654961	661059	
0.2024	0.3979		42681	42010	45441		655082	602384	606201	
0.9923	0.4092		48744	49349	64430		634955	640690	660537	
0.9476	0.6784		62292	71695	66929		601982	699953	706637	
0.8168	0.6592		70055	69507	65565		688607	691814	699490	
0.2266	0.9536		66878	63251	63107		678309	686409	690412	
0.2318	0.9571		47437	53753	62641		612297	625856	633665	
0.28	0.6279		63071	63230	63534		669603	657992	672942	
0.0941	0.933		45402	45323	45398		630749	629970	615093	
0.63	0.3097		52859	61743	61908		641975	648556	654083	
0.4668	0.4254		44699	44870	52240		642720	649984	682358	
0.2709	0.6694		46535	55387	55760		550539	570677	570944	
0.9894	0.2256		46632	52844	62446		622045	564305	655366	
0.8554	0.4683		48968	46965	48764		633887	594501	662212	
0.5382	0.9632		51466	51606	58869		619203	638210	609336	
0.1379	0.6313		45819	43629	43827		629393	554704	550586	
0.2787	0.1183		48699	41401	41445		652325	637114	651867	
0.2745	0.7944		47646	46064	47773		629207	556757	646973	
0.4941	0.3371		43618	43446	43783		623794	598235	638636	
0.4259	0.6223		46845	47454	46066		612729	625692	597487	
0.8509	0.4666		48033	48185	54800		610925	613854	641318	
0.6821	0.9016		54354	51564	53571		663097	568902	639578	
0.5169	0.9404		58984	52315	68032		687331	677685	688859	
0.6862	0.5534		51820	52174	51907		609363	608261	617787	
0.704	0.0608		57044	44187	59886		639812	642339	660272	
0.2099	0.0782		56695	41394	56553		688039	653913	696105	
0.5686	0.3801		62170	54357	55139		662688	600227	604074	
0.228	0.9193		63770	53782	55650		642871	547792	549699	
0.3247	0.6612		64039	63315	60158		677622	682987	589648	
0.4243	0.564		64694	54935	64854		683461	589321	667677	
0.4604	0.4877		55206	51540	51284		609140	549231	553152	
0.4069	0.9939		50728	49574	49938		610188	567314	577656	
0.8221	0.1915		57496	60658	72389		678332	654731	680786	
0.3044	0.953		64993	73378	75242		648895	677229	682369	
0.0659	0.7278		55131	61077	54849		684710	696067	666901	
0.1861	0.5184		44153	44109	44391		626909	624739	635232	
0.0842	0.4566		57071	41780	41843		628743	612100	620585	
0.8995	0.4513		55643	65117	57970		588904	669013	617211	
0.6239	0.7569		57299	59870	59787		561608	591675	592623	
0.4741	0.9833		58982	50121	49936		587013	576590	578780	
0.1552	0.5017		45004	60759	53045		636761	657951	660539	
0.3592	0.4827		44386	59904	64750		640937	687656	679408	
0.0877	0.0893		40141	56389	57551		662635	706000	715200	
0.7128	0.3975		47141	58668	62651		632834	671960	606050	
0.7099	0.3805		46400	62895	55885		554532	619848	580994	
0.6006	0.5505		49864	65988	56240		647781	680810	591455	
0.8751	0.3673		54768	48366	54814		657380	635843	573107	
0.5123	0.5941		56786	58110	62852		694584	602188	607668	
0.3122	0.285		51415	51688	59066		576928	603557	646619	
0.9515	0.5968		71219	71168	71601		698624	700178	683351	
0.8473	0.2643		55426	55808	46694		596344	599868	608668	
0.7201	0.0508		60146	52497	43569		642739	589072	582434	
0.9046	0.2363		47606	62568	64320		632646	655244	665785	
0.2035	0.3599		42421	49334	40706		625246	650271	568552	
0.4919	0.0961		42001	50599	58455		555705	576506	638332	
0.7681	0.8385		55296	55525	62076		683174	675941	591124	
0.2036	0.8954		53331	60139	63592		585081	594787	670981	
0.7287	0.5776		51905	67464	78035		644401	658962	695135	
0.8689	0.1829		61786	62219	61284		690636	662182	650860	
0.6319	0.6513		51470	62623	61265		592404	619327	615576	
0.1804	0.7127		43454	48057	54493		555603	596548	606787	
0.5556	0.8644		54546	54342	54146		580490	582876	583274	
0.7941	0.8696		54348	55712	55739		609503	544610	548880	
0.199	0.8302		44558	46499	45280		553025	630700	563905	
0.977	0.105		45625	47063	47387		634034	567954	566299	
0.2482	0.9881		53575	49192	49516		638651	584476	586405	
0.4574	0.4079		44634	44464	42806		649643	663982	566835	
0.4744	0.8813		50890	50096	57378		645083	624772	652642	
0.5315	0.6635		53062	52758	56820		589461	593347	638647	
0.9661	0.3287		44104	47885	48199		565028	588516	626190	
0.1711	0.5846		44400	51211	44231		605002	634214	626814	
0.3333	0.0815		41438	41547	41512		602988	597269	620187	
0.4129	0.6743		49310	48969	49276		642877	649603	645001	
0.3158	0.417		44229	44271	59866		627987	647694	645341	
0.349	0.3257		44708	44644	41989		590915	578272	578136	
0.9367	0.7611		63486	63430	63204		635915	650206	637407	
0.8933	0.9591		55266	58494	58505		559730	573121	571827	
0.507	0.3669		43381	43133	51423		569832	575305	586628	
0.8863	0.4143		48001	48594	47960		556524	563914	534458	
0.3365	0.3173		44802	59171	59306		558166	653580	654929	
0.7362	0.6861		58595	53187	53553		620963	538346	537262	
0.2326	0.342		43541	44406	41400		596074	596737	594862	
0.4728	0.3252		42199	44170	42812		559510	646588	572129	
0.1162	0.8556		42930	46375	43481		558069	575753	571345	
0.5481	0.3664		43356	46518	61103		544785	558473	672620	
0.0939	0.1203		40430	40233	38906		677104	675089	573329	
0.766	0.8209		62250	57114	72887		692235	601904	714395	
0.0794	0.8142		43151	45203	51367		536336	621659	620923	
0.4695	0.7715		57163	49971	50015		634842	635379	630473	
0.0576	0.2779		41259	56809	56804		609515	649413	653302	
0.8033	0.3063		46495	55597	55842		568338	591539	591416	
0.9355	0.7284		62647	72110	81951		588620	672830	667622	
0.4794	0.0654		42902	58334	50667		618800	668351	603314	
0.8245	0.8791		62405	59108	64114		663970	615973	625320	
0.7217	0.7785		68740	69300	68991		654007	664184	654325	
0.5639	0.867		58347	50735	67325		650008	599677	673448	
0.7665	0.6127		54006	69622	67753		636255	664847	671747	
0.1525	0.8695		52771	52993	46323		663263	644186	663947	
0.9737	0.7889		63697	59321	65114		628697	590243	650521	
0.7276	0.2822		45561	45591	45435		626992	617871	614363	
0.3966	0.2874		41978	42074	50993		544468	544765	654957	
0.678	0.8004		52494	50656	52652		608222	535994	616090	
0.914	0.2253		45885	46752	46545		560144	606236	622850	
0.2994	0.7142		50072	49911	54115		562366	565097	613047	
0.5068	0.8092		50042	51803	50082		534940	609442	594301	
