8	9	
0.6446	0.6275		21787	25220	21188		673889	700388	612693	
0.1123	0.7469		14502	14312	15115		551702	555216	585124	
0.45	0.3814		17560	17315	17249		654474	652269	665543	
0.6979	0.7345		23546	23194	23111		683593	648626	626777	
0.1967	0.121		11902	12008	12297		631736	615181	665026	
0.9003	0.7932		28346	27292	22604		678457	585899	583507	
0.6053	0.8215		23974	24012	23658		654610	628706	599338	
0.7658	0.4881		20572	20974	23744		599957	647455	639708	
0.2525	0.3597		15297	19668	14435		697510	726720	696014	
0.4778	0.1108		14278	13910	14420		712429	684067	657151	
0.5828	0.0705		14117	15093	14075		552969	657099	562893	
0.3363	0.2027		14013	13767	13064		654117	611305	595469	
0.1838	0.6975		16031	15364	16239		591871	571940	665263	
0.8258	0.7095		25173	24045	24889		675162	598790	690384	
0.5841	0.8496		23995	24059	24050		710677	704319	725772	
0.8131	0.1167		16852	16114	20150		640609	571299	585237	
0.0518	0.7311		15032	15225	17869		637245	669442	678868	
0.524	0.3079		16270	17013	20564		567367	603834	655331	
0.4661	0.067		14086	14350	17240		642066	651019	661581	
0.7777	0.4061		20699	21004	23789		707593	718767	722766	
0.4606	0.4981		17532	17285	19161		677185	690891	703049	
0.6527	0.7729		23611	24830	27605		559426	649703	667133	
0.2903	0.0728		12710	11807	12751		644667	587755	663801	
0.6287	0.7733		24691	24843	23612		671151	674899	590879	
0.7355	0.3382		18534	19012	23698		590243	622979	686549	
0.6811	0.2548		17675	18661	18759		572339	681001	687349	
0.9576	0.7486		25269	25412	25484		588906	597960	600567	
0.5625	0.5715		20224	19791	19934		696719	658562	658132	
0.6914	0.4611		20239	20186	20256		670660	683383	677153	
0.0549	0.2325		11990	11957	12997		654256	685567	704491	
0.6595	0.4082		19054	19133	19074		616476	628344	648680	
0.8291	0.1951		18233	17057	17202		645439	562933	573234	
0.1589	0.8526		17575	17477	16492		676061	688429	596656	
0.1945	0.7143		16921	17257	16367		645394	655949	580710	
0.0613	0.2255		11985	11988	11963		649132	631945	674519	
0.8628	1.0		28051	28380	28230		720514	751372	743729	
0.6256	0.1884		16816	16803	16721		657978	683798	692015	
0.397	0.9545		21960	21752	23322		697294	702774	704630	
0.8866	0.3941		20929	22054	21889		588378	693263	698569	
0.0785	0.4856		14064	13978	14061		668193	655141	652829	
0.1686	0.7017		16396	16394	16421		677511	696348	680075	
0.1234	0.2399		12192	12237	12384		667128	675188	697289	
0.3462	0.0533		13512	12849	12759		693505	665482	679213	
0.6502	0.1869		16071	16149	16103		734511	731047	755461	
0.4693	0.1581		14680	15170	14863		683609	690460	661011	
0.5161	0.3222		18127	17536	17582		693396	710506	718391	
0.4476	0.5712		19656	19697	19634		724739	724645	739021	
0.487	0.3522		17117	17157	16225		669040	684666	588302	
0.0994	0.882		17269	17163	17335		666067	677912	698804	
0.1772	0.3099		13593	13812	13650		654525	654359	672266	
0.2309	0.5635		16653	15588	15659		653026	571668	581338	
0.4306	0.9195		20778	21720	21895		607770	715439	745672	
0.3934	0.526		18538	19070	18663		654104	646809	645685	
0.3215	0.0979		13220	12908	12889		641188	587246	603956	
0.9765	0.0598		16644	17037	17454		549832	584298	595252	
0.7386	0.4772		19363	19970	20000		589957	620983	625413	
0.1408	0.2926		13574	13780	13793		676386	696716	694734	
0.8375	0.1227		17094	17370	17086		648863	671490	661738	
0.6559	0.6571		22742	22578	21933		659796	647304	621802	
0.6077	0.8796		24447	24274	24134		592766	601704	601676	
0.4742	0.4214		17431	16764	16450		654513	605081	579933	
0.8054	0.566		23476	23610	23742		639183	641312	662951	
0.6111	0.6823		21230	21267	21171		586461	601404	617846	
0.8713	0.2287		17329	17913	17827		599816	632208	636841	
0.7668	0.124		16902	16749	16649		688864	707746	728591	
0.3625	0.3734		15150	15350	15698		590466	677138	707769	
0.1092	0.8564		16592	16428	16756		669148	658077	724825	
0.7189	0.1421		16557	16543	16583		597363	624268	657718	
0.556	0.881		23382	23603	23506		601619	642103	666684	
0.1387	0.8787		18070	18003	17974		566232	585953	610472	
0.469	0.8589		21965	22336	22409		635408	667917	692112	
0.3039	0.759		19209	19285	19309		593615	647375	639658	
0.9375	0.7872		28266	28326	28301		649409	668827	658962	
0.3332	0.274		15509	15015	15396		641606	609691	672074	
0.4628	0.2678		16748	16336	15817		612731	576923	551750	
0.1587	0.3284		12818	14088	14153		543639	636926	651054	
0.1069	0.3456		13518	13641	13516		618531	628491	665782	
0.5777	0.6649		21747	21841	21747		628600	675129	673296	
0.7527	0.8289		26369	26639	26492		601103	600973	597856	
0.6038	0.9095		24718	24662	24767		608320	595952	616838	
0.8753	0.2635		21497	21309	21151		686463	692452	684744	
0.5907	0.7981		23915	24044	23870		704987	708291	716549	
0.8061	0.2254		16884	16823	17899		557469	555354	646209	
0.2044	0.3464		14314	14387	14813		596560	601433	661290	
0.9982	0.0984		17128	17876	17090		581070	619672	598980	
0.336	0.1889		13325	13280	13174		524349	534396	535429	
0.6925	0.795		24742	24502	24729		590941	590630	590658	
0.0882	0.1442		11159	11013	11099		560693	561003	572261	
0.3717	0.8251		19155	19236	20199		546650	558011	664029	
0.1729	0.8065		17175	17343	17391		643175	629046	637970	
0.6091	0.6589		22052	21315	21310		624922	575878	575696	
0.585	0.2647		17250	18294	17210		567890	647442	566264	
0.293	0.7513		19206	18281	19185		649487	567624	685167	
0.2465	0.546		15250	15990	15325		546332	576228	551705	
0.5111	0.4406		17221	17228	18622		523471	523468	629556	
0.4789	0.8789		22644	22872	22700		658420	655381	693401	
0.9483	0.7658		29625	29322	28986		629133	591666	593654	
0.6568	0.3905		19017	19052	19081		594349	592485	620123	
0.3593	0.6021		18069	17077	17957		625748	547569	645291	
0.2639	0.1322		12429	12918	12969		514195	525006	542991	
0.2524	0.6703		17822	17760	17845		562241	566011	569623	
0.5323	0.1256		15380	15301	15208		565842	560125	605805	
0.5386	0.8859		23123	22775	23462		581518	577523	637145	
0.174	0.3369		12966	13935	14140		555587	620649	636699	
0.6039	0.1794		14637	15839	15877		568896	651374	649828	
0.8395	0.7059		25132	24109	25045		646455	566691	669254	
0.6974	0.449		19301	20332	20473		562719	644822	642909	
0.7709	0.6214		23524	23689	23637		658035	675596	674148	
0.5165	0.09		14536	14705	14384		620866	607152	588162	
0.5968	0.7889		23377	23535	23414		580572	597174	594810	
0.6234	0.3812		18477	17612	18814		598984	531646	621151	
0.9788	0.2202		19395	19331	19476		639022	657809	665493	
0.5618	0.6118		20489	20467	20434		606818	628863	606809	
0.4981	0.1106		14240	14096	14786		640476	668161	674403	
0.3928	0.8727		21192	21508	21546		651968	687213	629818	
0.8184	0.8372		27878	27869	27872		641462	678356	707743	
0.6751	0.4901		19898	20018	19879		652585	698447	706942	
0.4723	0.3885		17530	17634	17525		625948	636181	695209	
0.084	0.8219		16930	16445	15831		637614	610330	597348	
0.4994	0.348		17122	17225	16705		609133	618431	596203	
0.4345	0.0574		12479	12903	13005		539179	578898	600292	
0.97	0.8278		29436	29857	30026		571887	664793	686288	
0.317	0.6677		18508	18503	18557		592578	598383	632736	
0.6763	0.4164		19056	19104	19074		628479	632899	642835	
0.268	0.8331		18574	19633	18408		525042	633822	543101	
0.9894	0.3147		22070	22548	22476		636175	654382	670469	
0.8789	0.6385		25513	25643	25473		656935	662599	697806	
0.303	0.5296		17285	17093	17012		628257	634702	682896	
0.2521	0.5947		17513	17510	17619		628921	699990	721808	
0.8691	0.8438		27701	27666	27990		698939	725518	710726	
0.0646	0.5327		14941	14461	14555		623743	587886	645495	
0.9645	0.3372		22567	22515	22617		612508	655647	678586	
0.3729	0.9862		20405	20613	20364		594733	616733	622319	
0.7368	0.3069		18107	18248	18123		519158	518324	536563	
0.6439	0.4611		19411	19367	19903		581897	605573	623148	
0.2022	0.5826		16814	15503	16398		636034	564822	639720	
0.1079	0.6511		15239	15106	15365		599952	612650	623338	
0.9142	0.594		24658	25432	24294		590824	658188	570261	
0.2649	0.9033		18932	19920	19831		556053	647455	668397	
0.3918	0.2699		16391	16413	16293		682440	686321	716544	
0.3466	0.2324		14184	14290	14248		629748	655488	671889	
0.6023	0.6077		21306	20918	21210		657602	657294	657931	
0.0548	0.2223		11858	12061	12041		623409	647147	647224	
0.2442	0.9334		18715	18848	18825		679019	673209	691074	
0.5783	0.3466		18576	18034	18011		570396	570870	547975	
0.5594	0.4548		17985	18560	18471		604524	678266	688805	
0.4875	0.9785		22873	22998	22941		617282	661682	673571	
0.2012	0.6282		17228	17208	16916		648873	636958	644445	
0.9435	0.6433		26237	26488	26721		613244	650204	677674	
0.5356	0.7275		20776	20501	20555		592661	598432	596304	
0.7353	0.9833		26719	26269	26685		646114	587740	629511	
0.1169	0.898		17222	16308	16227		653337	564350	568916	
0.522	0.1933		15788	14768	15654		628310	545367	643345	
0.1889	0.8118		17656	17923	18348		580090	587088	643994	
0.8642	0.3437		21090	21224	21348		667472	697312	688122	
0.4407	0.6502		20075	20042	20005		674552	677175	661287	
0.9488	0.8343		29368	29546	29936		594272	606495	627505	
0.1575	0.3676		13924	13960	13897		682228	693488	697321	
0.4129	0.1508		14362	14414	14348		615385	599168	587957	
0.5254	0.691		21194	21130	21180		669707	693755	717627	
0.5426	0.5948		20665	20585	20434		673688	665557	665988	
0.1708	0.2593		13639	13674	13870		624129	626910	625104	
0.5296	0.9694		23729	23431	23272		588038	558452	571131	
0.8353	0.8259		26731	27821	26975		566431	668647	580222	
0.7884	0.6634		24239	24265	24230		636626	658228	661568	
0.9559	0.6245		25987	25815	25893		590840	587083	606336	
0.4014	0.1805		14393	14341	14376		602129	603100	623909	
0.1154	0.4583		14052	14006	14099		631204	611074	592816	
0.237	0.6783		17046	17161	17066		656106	645159	673792	
0.8893	0.8493		28643	28797	28760		612078	609328	621250	
0.593	0.6657		21842	21816	21644		615020	617832	615937	
0.8979	0.4666		22286	22244	22150		658348	626388	650271	
0.3856	0.3199		16654	16617	16638		631263	643498	667286	
0.7148	0.777		25505	25581	25799		611377	618873	667494	
0.4686	0.2869		16849	16781	17203		602804	610195	654265	
0.7288	0.55		22660	22552	22686		622494	650055	652342	
0.6272	0.9212		25255	25513	25283		634455	622564	606528	
0.9555	0.3022		22172	22133	21129		616624	673232	578304	
0.0778	0.4335		12634	12671	12651		546845	547247	589565	
0.7654	0.8576		26623	27201	27016		612650	684704	680167	
0.3856	0.6398		18982	19167	19040		584921	608508	620277	
0.9382	0.1599		18662	18292	18446		636460	597318	606738	
0.5815	0.9718		23897	23828	23788		583737	591639	604476	
0.8739	0.9098		28195	27862	28136		635240	630261	642952	
0.7204	0.6062		22439	23082	23067		577242	609779	599445	
0.3067	0.6292		17941	18125	17864		614201	617173	647464	
0.9221	0.4348		21718	21810	21789		630359	630985	675524	
0.2538	0.6319		17789	17472	17829		593413	550507	641914	
0.7693	0.1002		15639	15756	17003		541498	547542	641093	
0.0982	0.128		10978	11992	11188		513115	623471	542223	
0.5158	0.8582		23184	23046	23292		631572	632495	648928	
0.6934	0.9016		26210	26210	26600		581802	645575	628475	
0.7486	0.8003		25483	25391	26066		604610	606068	597901	
0.7515	0.2842		20220	20213	20125		586066	588589	627962	
0.6219	0.4394		19177	19345	18755		588192	606846	581727	
0.8662	0.6889		25244	25340	24770		584441	614300	619270	
0.4832	0.7531		21432	21479	21619		565347	572877	575596	
0.8186	0.6342		23856	24939	24609		525521	623317	612454	
0.4179	0.485		17354	17529	17324		659684	643722	661301	
0.9451	0.48		23100	23091	23011		614775	626656	689638	
0.5519	0.2012		15634	15722	15754		587200	587972	605652	
0.3244	0.092		13103	13196	13232		591789	597601	622074	
0.7725	0.2592		20261	20331	20155		606209	608738	627274	
0.1368	0.3566		13932	13974	14238		621419	655936	659622	
0.2995	0.4583		14914	14903	14873		503424	500079	506590	
0.8391	0.2694		20291	20263	20262		563731	564818	581243	
0.5925	0.6422		21644	20675	21758		593594	541156	622894	
0.6265	0.3646		18286	19314	18922		524533	594805	584875	
0.9369	0.2889		21315	21503	21286		607970	628892	649005	
0.7512	0.4539		21234	21057	20734		587759	590355	593454	
0.6145	0.9673		24454	24518	24379		564940	579618	606975	
0.5729	0.3933		18937	18846	17788		590742	586914	538311	
0.4362	0.6139		18343	18693	18928		594507	609096	634883	
0.6015	0.9259		24406	24592	24671		607132	639066	668303	
0.9197	0.7267		25503	25697	25784		589135	598099	633933	
0.8705	0.9906		28459	27995	28424		607510	585203	643989	
0.0717	0.5298		15005	14869	14447		584556	573001	542773	
0.164	0.4645		14348	14444	14842		578906	582023	616747	
0.3064	0.2318		13440	13469	14072		605499	635590	658728	
0.3229	0.1909		14430	14145	14214		582285	605819	640139	
0.6865	0.5015		21302	21212	21290		562593	571607	630385	
0.7835	0.6467		23076	23843	23864		594746	624714	650950	
0.8808	0.3717		21355	21569	21443		550271	576949	593865	
0.2907	0.7367		17338	17068	17854		626156	558564	655084	
0.8859	0.1574		17683	17577	17559		550968	558885	561588	
0.7535	0.0753		15712	16777	15911		567565	691140	608196	
0.7833	0.3253		20404	20155	20755		592812	587790	627796	
0.4195	0.9639		22229	22499	23383		625325	651533	573493	
0.0576	0.3059		12512	12667	12929		642708	664266	685676	
0.5411	0.0733		14790	14852	14796		597507	627045	626883	
0.4177	0.6212		18774	18957	19051		592917	592785	618435	
0.5867	0.5579		21039	20542	19885		615054	566101	555495	
0.599	0.7411		22089	22008	22051		596292	608820	620265	
0.4642	0.6046		19234	19725	19758		562991	603153	645622	
0.2397	0.7905		18506	18520	18343		621845	624072	633315	
0.1122	0.9596		17305	17673	17524		619241	633084	647517	
0.4903	0.7116		20585	20472	20068		565667	569303	555285	
0.3126	0.1955		14165	14094	14125		615631	618518	636830	
0.9163	0.6424		24544	25480	25686		553300	639221	649238	
0.9092	0.4455		21133	21151	21829		520776	525980	629366	
0.607	0.5748		21604	21117	21135		624679	590092	604809	
0.7333	0.3179		18629	19663	19601		585714	667007	675451	
0.0754	0.7871		16064	16831	15434		538402	576636	516519	
0.2051	0.6699		16962	17172	17037		592103	599014	617453	
0.5533	0.9572		23514	23497	23975		563657	573759	614185	
0.9513	0.615		25673	25698	25777		587733	588656	613315	
0.1095	0.2946		12790	12835	12869		590099	555560	562661	
0.4763	0.6836		19877	20172	20283		634812	644123	685137	
0.404	0.634		18949	19012	19177		589341	580492	597329	
0.7825	0.3071		19652	19139	20185		546144	519089	583285	
0.8756	0.1803		17531	17751	17554		567726	572807	583160	
0.3281	0.1799		13274	13264	13763		583109	580464	652336	
0.4265	0.1711		14355	14547	14524		643126	639553	666370	
0.6985	0.0698		16047	16142	16112		600479	599174	644514	
0.6549	0.8336		25187	25418	25240		665579	700539	709779	
0.2742	0.3714		15206	15260	15200		642728	681373	667030	
0.1078	0.4061		13932	13794	14102		629743	652365	652800	
0.0522	0.0513		10779	10762	10812		625304	618041	674151	
0.2782	0.1403		13035	13131	12922		562465	561879	564102	
0.103	0.788		16093	16308	16038		583051	582415	604255	
0.8839	0.4401		21188	21667	21198		578285	661940	592881	
0.2747	0.9386		20130	19084	19807		616416	540442	589813	
0.9087	0.6498		25758	25489	25425		635947	644302	678012	
0.8549	0.2704		20754	20765	20728		627737	626803	636088	
0.8533	0.4335		21342	21283	21299		624640	614111	659326	
0.1494	0.8921		17685	18122	17855		615777	624239	668460	
0.3994	0.3705		16564	16341	16491		623244	634635	632335	
0.2467	0.6275		17102	16973	16939		627870	638694	656323	
0.6373	0.2914		18752	19030	18973		630956	635591	626499	
0.1469	0.8214		17401	17363	17287		553242	552168	551223	
0.8361	0.478		21812	21859	21749		621663	629099	644888	
0.1188	0.3977		13497	13902	13742		570399	604736	610224	
0.9107	0.7029		26222	26112	26011		605087	594101	621243	
0.6378	0.6124		20992	21020	21214		564372	575926	582308	
0.8675	0.6844		23144	23320	24067		577609	586846	594589	
0.6713	0.1349		16163	15825	15874		571499	550840	556515	
0.7489	0.5999		22482	22753	21520		639289	641713	568173	
0.5703	0.352		18673	18519	17467		596644	602436	557054	
0.335	0.1138		13165	12801	12945		585714	560955	608676	
0.1321	0.1679		12382	12410	12378		654629	640781	687868	
0.5678	0.0515		14759	14875	14901		587476	618139	625607	
0.1445	0.185		12291	12274	12474		610608	633005	631102	
0.198	0.4651		15417	15438	15467		602102	646180	631998	
0.3826	0.1497		14604	14366	14581		669646	630444	648715	
0.5053	0.9462		23881	23851	23850		599541	603252	608530	
0.3834	0.9692		22174	21993	22179		583783	602419	648147	
0.4062	0.7838		21232	21186	21285		607804	629209	662080	
0.3883	0.1687		14443	14441	14503		605638	612333	612805	
0.3753	0.1458		14473	14348	14002		628600	619106	602916	
0.9936	0.6562		26219	25151	26245		611374	550817	620815	
0.844	0.5222		23019	23606	23629		577026	586238	585423	
0.7158	0.4192		18964	19825	18973		548833	655892	562563	
0.1915	0.9898		18751	18861	18937		597775	602382	597782	
0.9098	0.5736		24674	25244	24652		565643	592197	568298	
0.7274	0.7174		23444	23505	23155		616554	640314	574134	
0.4005	0.9526		22062	22408	22289		653861	660388	668621	
0.0973	0.9704		17508	17590	17755		630407	622563	636306	
0.3063	0.7536		19010	19256	19408		664552	665606	691663	
0.0989	0.2544		12129	11999	12123		550468	549728	552468	
0.651	0.7797		24884	23528	23776		657438	561681	561911	
0.4347	0.8421		21284	20262	21227		617034	565263	647073	
0.752	0.6665		23971	23746	23712		587556	584066	588270	
0.5889	0.7614		23854	23901	24115		633146	634112	681396	
0.6743	0.5577		21890	21730	21815		621782	650445	651528	
0.274	0.2476		13752	13887	13735		625980	622424	641503	
0.3985	0.2584		16003	15983	15851		597081	594678	591611	
0.5143	0.9814		23881	23315	23333		661796	618771	628550	
0.4065	0.9007		21435	21794	21727		601478	630422	651502	
0.6803	0.3971		19334	19315	19788		587576	595518	627643	
0.4911	0.6563		20346	20027	20173		650609	636421	630918	
0.2897	0.6255		17416	17525	17373		610085	618748	649594	
0.1628	0.3424		14146	14233	14037		635532	655244	697236	
0.8567	0.6434		24865	24708	24759		591336	613278	632643	
0.7526	0.9882		27689	27612	27923		638023	636879	689327	
0.6855	0.8793		25477	25216	25243		617119	615410	655469	
0.3949	0.1764		14611	14593	14568		639427	670629	654462	
0.8304	0.1783		17869	17711	17295		642938	659312	622363	
0.341	0.3303		15808	15811	15815		615208	626942	625197	
0.3686	0.7763		20018	18915	18864		649431	575460	590536	
0.5964	0.8856		24690	24526	23373		636197	644244	585834	
0.2276	0.6966		17491	16349	16217		625814	571055	569911	
0.5619	0.4289		17699	17699	17087		614506	597250	578368	
0.3386	0.4839		16507	16640	16638		612236	618990	631410	
0.757	0.7469		24331	24803	24340		651837	690409	698747	
0.4378	0.3561		16830	17440	17209		589128	633664	672149	
0.5487	0.2608		17769	17535	17057		679597	685429	637173	
0.1737	0.6445		15102	15314	15343		536530	541558	540961	
0.836	0.8859		27089	27845	28446		577727	622536	680830	
0.6004	0.1717		15911	15697	15937		691394	707385	712732	
0.4881	0.3486		17234	17157	17107		700381	705323	723769	
0.5197	0.2919		17613	17457	17644		613201	636280	636687	
0.1437	0.7414		16158	16740	16681		603648	637735	683323	
0.0524	0.138		11664	11747	11709		617787	626964	605465	
0.5966	0.7294		22373	22019	22095		649264	636225	633132	
0.6628	0.4207		19385	19661	19501		664505	669318	708592	
0.8452	0.8232		27951	27838	27756		627673	634977	630229	
0.5085	0.1973		15804	14679	15840		621423	547652	635621	
0.6448	0.6444		22547	22172	22812		640111	595788	655056	
0.6332	0.8828		24635	25250	25051		560347	603818	606888	
0.3145	0.5595		17709	16716	17633		620448	543250	644945	
0.7833	0.5708		22633	22795	23827		591019	563929	644508	
0.6027	0.942		24953	25018	24566		619295	622952	586356	
0.823	0.5563		24378	23934	24139		654476	685870	679867	
0.2917	0.3268		15427	15425	15267		592299	604415	611982	
0.8412	0.4399		21677	21632	21630		694427	704365	714160	
0.1299	0.2725		13631	13462	13617		642201	600877	649064	
0.2812	0.8149		19633	19620	19166		655958	687850	714503	
0.8119	0.2159		17477	17508	17796		571513	582790	633630	
0.2682	0.9259		18880	18975	19129		529819	547206	538510	
0.4857	0.4955		17909	17748	17079		715005	734555	740808	
0.5756	0.429		18344	18458	17815		588428	584305	564503	
0.761	0.4746		20042	21445	21182		559319	668761	662596	
0.2817	0.6067		17391	17421	17614		648662	666156	645460	
0.5269	0.1224		13681	13867	13709		543983	554356	543493	
0.7473	0.4769		19685	19746	19731		550014	561852	570118	
0.5777	0.9101		23366	23491	23431		558522	565158	579903	
0.5945	0.2478		15453	16361	16504		603578	691222	720350	
0.6768	0.8071		24636	23301	23334		644627	556582	555153	
0.1915	0.9341		18350	18312	18515		573482	598863	607214	
0.4463	0.9591		21703	21535	21871		563597	585835	591959	
0.4004	0.3678		15992	16218	16268		588982	599405	599991	
0.9101	0.4623		21770	21899	21929		611057	610818	660829	
0.3569	0.9697		20915	21044	21084		654300	703716	698897	
0.5315	0.9765		23919	24044	23542		611789	623665	666180	
0.9402	0.8211		29984	29948	29796		666040	658014	679451	
0.421	0.5871		18634	19016	19092		593881	633563	617226	
0.767	0.4507		21418	21297	21172		611129	644885	666627	
0.2991	0.371		14149	14282	15281		558318	558944	655555	
0.4217	0.5466		19030	18761	18889		603542	625998	614158	
0.308	0.6993		17968	18359	18203		653575	677551	700560	
0.9133	0.3268		21589	21561	21487		649745	658310	671066	
0.2844	0.7776		19080	19284	19262		657559	667108	676104	
0.4074	0.4869		17282	17240	17190		620844	655519	658291	
0.061	0.535		14248	14268	14251		638093	669116	665803	
0.9671	0.6268		26757	26639	26595		640412	655292	625436	
0.9887	0.5124		26008	25839	25851		651231	688478	679831	
0.6937	0.5478		22688	22492	22714		661665	691182	693534	
0.3395	0.143		13808	13830	13681		678621	669511	696717	
0.7405	0.9973		26359	26631	26308		685860	708882	717080	
0.5601	0.4709		18185	18452	18321		659744	687697	707392	
0.622	0.653		21848	21791	20763		621745	635648	546382	
0.6395	0.6586		22539	21441	22715		666648	583067	676069	
0.2744	0.6662		16643	17530	16591		559158	604700	574517	
0.8584	0.7718		27502	27804	27616		628314	657088	653029	
0.6996	0.4387		19915	19118	20270		555050	553229	621436	
0.2719	0.9217		18811	18664	19768		591782	588764	671004	
0.7728	0.2415		18121	17949	18032		661841	702640	690655	
0.6425	0.716		22798	22858	23076		601620	606856	619347	
0.7839	0.5364		23661	23589	23555		637214	632351	605108	
0.2073	0.1671		12007	13063	13064		557069	659228	677884	
0.4665	0.6741		19149	19968	20128		573030	663967	681302	
0.9304	0.9955		28591	28635	29217		594825	616110	683628	
0.783	0.2359		18140	16959	18208		660383	581005	692928	
0.6339	0.2025		16923	16987	16700		679705	687694	693069	
0.6528	0.3794		18970	19426	19557		585998	645718	639986	
0.6204	0.2001		15301	15336	16287		516590	516667	639085	
0.9429	0.765		29611	29596	29714		615772	622376	652664	
0.0727	0.3667		13534	13502	13409		615098	639353	651933	
0.2739	0.345		15407	15456	15354		636808	656600	676818	
0.5581	0.0993		14579	14581	14617		640023	677389	671331	
0.9075	0.9624		29269	29185	29434		626959	630710	672869	
0.1932	0.3915		15118	15222	15374		645574	700043	717972	
0.6168	0.3875		18939	19052	19145		654867	692917	683493	
0.1526	0.7186		16649	16524	16647		607200	653464	662877	
0.5857	0.1021		15374	14395	15375		608468	559752	654081	
0.1025	0.5888		15285	15178	15257		582998	607409	609835	
0.6564	0.7123		23115	22635	23022		623771	602638	663284	
0.3116	0.9048		19789	19241	19423		633559	598733	605738	
0.0915	0.8677		16528	16748	16664		635117	624485	666031	
0.2332	0.2444		12691	13325	13418		610531	633585	640328	
0.5438	0.1403		14104	14693	15235		517065	563257	615835	
0.4122	0.6323		19647	19652	18383		640427	672528	567521	
0.7218	0.5787		21771	21717	22915		538157	557533	675647	
0.5563	0.727		21169	21336	21315		697390	691205	718366	
0.9998	0.999		28768	28848	29813		560606	568028	691366	
0.2848	0.9646		20195	19148	18991		694784	587861	593716	
0.8492	0.3974		21343	21490	21493		685950	677743	690152	
0.8335	0.9553		28083	28611	28540		624494	672815	668978	
0.7663	0.2313		17951	18230	18069		647762	647643	670319	
0.0546	0.9894		17059	16845	16805		616421	616517	648993	
0.4399	0.8221		22167	22316	22275		620245	663985	657244	
0.4029	0.706		19784	19629	19895		621667	648079	631210	
0.4625	0.4743		18023	17393	17487		583114	567656	565258	
0.5663	0.4593		18630	18694	18723		568452	566804	594651	
0.4792	0.9093		22536	21238	22635		601283	534529	617024	
0.5673	0.8239		23571	23699	23636		590618	590616	614226	
0.8193	0.7836		27557	26454	26443		661371	571246	589483	
0.5152	0.1216		14605	14658	14683		633680	636134	653718	
0.7148	0.0667		16204	16120	16355		632006	682115	679479	
0.7816	0.9724		27750	27792	27921		618795	616508	655739	
0.2485	0.7982		18297	18531	18315		609392	648750	660802	
0.719	0.4286		20120	20273	20107		591774	611135	628573	
0.236	0.4622		15363	15298	15715		625896	596098	626884	
0.8315	0.6089		23897	24016	24080		552569	554677	569249	
0.9552	0.8023		29118	29168	29253		569792	572882	585870	
0.7811	0.4021		20979	20878	19965		621916	626141	555892	
0.1561	0.9491		17842	17930	17909		588486	581462	611884	
0.5225	0.9154		23073	23312	23155		574252	597952	599905	
0.8792	0.2992		20913	20919	21120		639073	650697	714955	
0.6455	0.5635		21681	21729	21034		589078	609100	575051	
0.5957	0.1927		16413	16362	16591		588955	605927	656983	
0.7167	0.0532		15725	15609	15676		638074	631401	672851	
0.3609	0.9596		21129	21265	20766		629216	629508	586747	
0.1155	0.5294		14462	14368	14464		563895	565542	569623	
0.4494	0.6482		19497	19728	19530		579347	581841	594865	
0.1537	0.134		12443	12617	11465		615328	636246	555801	
0.3686	0.6039		17907	17032	17037		602541	522947	543616	
0.921	0.4034		21835	20704	20806		636735	573141	588052	
0.289	0.125		12872	12489	12597		633192	632963	604222	
0.307	0.8255		19098	19081	19132		584928	587150	587336	
0.1284	0.6698		15857	15903	16014		548756	574957	573440	
0.7824	0.8269		26807	25956	26094		654524	555477	574404	
0.6369	0.2654		17853	18924	17807		550669	627302	559257	
0.5763	0.5048		21091	20761	21104		616606	625239	673972	
0.9661	0.4946		23097	23181	23313		637258	656846	698732	
0.355	0.9966		20842	21075	21061		648617	672233	626463	
0.7253	0.386		20183	19111	19114		662747	569700	576702	
0.878	0.7509		28064	28075	28138		593100	614342	627060	
0.4911	0.6142		18908	19911	19889		676414	690230	703518	
0.5637	0.5174		20050	21175	19998		572603	692231	582886	
0.5527	0.655		20567	20492	20488		601426	616637	627307	
0.0748	0.2323		12166	12176	12132		574712	604976	600190	
0.5852	0.5409		21211	21317	21241		641594	660245	703056	
0.4802	0.2967		16979	17192	17083		636079	664894	678577	
0.1484	0.5356		15631	15630	15753		656615	695702	694545	
0.5617	0.7808		22146	22973	22904		673178	650152	647495	
0.9523	0.899		28911	29041	29185		537648	537330	546012	
0.9825	0.1123		17407	17200	17226		575618	576757	582531	
0.4015	0.5345		17767	18411	18417		595824	608861	622961	
0.9654	0.7841		28486	28570	29717		580053	582819	687714	
0.8386	0.1164		16261	17007	17176		562793	651157	659411	
0.7001	0.0962		16219	16212	14990		610160	645197	559008	
0.7356	0.1672		16666	15614	16819		605305	568809	653796	
0.7867	0.3745		20345	20547	20681		651937	699142	697211	
0.9985	0.4432		23036	23177	23099		623358	622001	696007	
0.9828	0.1952		18837	18999	18929		603897	615946	607238	
0.2283	0.6495		16691	16692	17080		602484	640943	696445	
0.9982	0.6337		25207	25228	26102		565099	566715	672212	
0.3587	0.724		17866	17954	17737		596490	587716	608693	
0.9412	0.7242		26876	26804	26910		670465	661127	665631	
0.1976	0.2542		14369	14546	14500		649161	655577	661919	
0.2001	0.6971		17343	17407	16708		644460	688328	666286	
0.4703	0.5594		19360	19205	19406		657772	675453	696127	
0.5738	0.4283		18602	18439	18320		556938	578285	596049	
0.4786	0.9757		22898	23038	23085		692789	669149	690664	
0.8718	0.7477		25063	24823	24880		664423	628509	698248	
0.7727	0.5748		23775	23839	23939		618528	631511	669586	
0.5489	0.0841		14990	14743	15097		636110	668628	695607	
0.9184	0.1947		18653	18446	18417		589409	589391	600732	
0.8776	0.5166		24659	24811	25064		626660	608254	639222	
0.6352	0.335		18985	19176	19121		608011	626462	666100	
0.8979	0.0746		17745	17209	17557		606997	607037	610146	
0.5875	0.8632		24303	24083	24472		671167	669055	686175	
0.7006	0.8353		26074	26013	26080		646828	698158	698412	
0.2123	0.2094		13459	13610	13493		630770	655739	674255	
0.1882	0.8257		18673	18671	18668		681158	704331	708808	
0.6337	0.2346		16892	16974	16948		608361	661733	678468	
0.0645	0.9738		17488	17753	17603		649025	660672	687272	
0.0602	0.622		14577	14715	14451		644857	672828	689631	
0.2107	0.6089		16792	16658	16789		679892	674653	700167	
0.2873	0.6056		17453	17698	17006		618156	652734	607574	
0.1303	0.8966		17061	17955	17514		557568	617640	596635	
0.9385	0.2914		21715	21834	21857		621852	642728	655149	
0.5095	0.4634		18468	18118	18169		654113	590098	610854	
0.1101	0.9689		17118	17227	16688		588388	634530	556730	
0.093	0.155		12197	12112	12181		661836	678237	730775	
0.8571	0.4327		21316	21344	21485		595600	616864	660577	
0.1211	0.5003		14928	14670	14924		654234	650478	690783	
0.8252	0.7902		27699	27765	27394		673475	701573	713564	
0.8018	0.1061		15732	15594	16403		560414	577869	639147	
0.8192	0.6499		24603	24447	24434		623063	619350	628206	
0.8792	0.0626		17257	17690	17836		567589	659944	675103	
0.5839	0.9772		25301	25310	25293		637047	642609	652430	
0.153	0.6261		16437	16402	16643		625816	680696	675470	
0.3322	0.3773		16296	15409	15881		663502	581204	617920	
0.5908	0.2035		15509	16621	15460		553614	662213	582030	
0.5333	0.1897		15696	15265	14804		676862	626495	597251	
0.6775	0.2419		16016	16659	16560		555242	609986	609551	
0.8754	0.4937		22183	22236	22165		660553	675048	682396	
0.624	0.9513		24943	24910	24747		684462	707878	688762	
0.9756	0.709		26823	27113	26946		642466	657752	678632	
0.2994	0.1483		13404	13384	13332		625111	662066	700254	
0.6076	0.9112		24600	24415	24552		626562	651991	668746	
0.9532	0.7902		29641	29675	29539		629127	679048	697581	
0.1108	0.6104		15269	15336	15317		608188	650537	664294	
0.6808	0.1696		16301	16184	16097		664526	636241	691612	
0.8009	0.3264		20680	20816	20681		613983	670653	683267	
0.5868	0.6299		21258	21272	21452		607977	632891	633079	
0.0725	0.4388		13754	13865	13890		558253	581877	592119	
0.9413	0.9936		29974	29802	30046		583758	606722	620104	
0.8705	0.1696		16959	17159	17635		558224	580018	664280	
0.4193	0.6097		18709	18616	18708		602301	607466	610285	
0.3967	0.2395		14542	15131	14021		593637	643899	562776	
0.7718	0.9635		26547	26743	27348		540628	559096	592108	
0.2952	0.9268		18938	18697	18913		584550	594177	594796	
0.3823	0.3526		16766	16769	16718		631110	656680	656421	
0.991	0.8633		30490	28795	28895		646447	589939	592362	
0.6891	0.85		25940	24936	26011		634511	565032	649077	
0.9148	0.6078		24473	24001	24230		570706	574398	592772	
0.271	0.7937		18860	19271	18562		580496	620596	586164	
0.0569	0.2245		12025	12039	12124		620613	630866	689463	
0.4076	0.0544		13692	13712	13696		636334	605676	648341	
0.1415	0.7229		16768	16816	16857		644158	654974	680985	
0.2235	0.3394		14668	14791	14940		619779	652950	650682	
0.5038	0.6342		20911	20941	19924		647371	685605	592556	
0.32	0.993		19658	20265	20487		570635	620428	660859	
0.984	0.8016		29793	29474	29639		648936	657815	695690	
0.2762	0.8188		19785	19541	19664		657984	683823	708255	
0.531	0.2936		17303	17524	17398		634337	657721	663877	
0.3068	0.4838		15936	15932	16059		657982	681902	697076	
0.4661	0.7502		21935	22061	22133		648442	656802	688979	
0.2013	0.2544		14345	14443	14560		623682	666258	687970	
0.3819	0.8788		21577	21794	21915		673561	689795	710375	
0.9893	0.2805		22174	22202	22370		645093	641643	655936	
0.8415	0.3656		20042	20869	21337		568876	596772	664735	
0.2467	0.4103		15015	15246	13843		644042	670162	568261	
0.8732	0.2514		20208	20718	20869		620185	671281	667636	
0.4321	0.3308		16640	15280	16445		669720	591580	676305	
0.6711	0.3821		19479	18479	18549		659355	575100	581141	
0.6886	0.8475		26013	24894	24796		652811	572164	579182	
0.1872	0.6025		16150	16075	16082		671502	706966	690019	
0.7223	0.4269		19119	20033	20168		542752	646075	660732	
0.1809	0.1553		12018	12050	12019		559821	576845	580189	
0.4943	0.8431		21604	21677	22237		609272	572636	646800	
0.1335	0.2462		12783	12895	11735		650320	684930	577053	
0.9134	0.607		25406	24262	25454		655397	585864	696620	
0.7549	0.2819		20315	20241	20486		625779	648973	612034	
0.2935	0.4532		14885	15718	15596		564792	598361	584250	
0.0805	0.2279		12300	12406	11403		644071	668699	570073	
0.6458	0.0502		14949	14996	14972		540682	544305	557887	
0.3649	0.2274		14215	13860	14376		607152	578940	647672	
0.3238	0.4564		16165	16488	16158		603103	602124	612284	
0.4992	0.0531		13687	12739	13807		626681	546295	663743	
0.1757	0.9375		17726	17567	17408		608259	613068	612961	
0.6201	0.184		15151	15243	16064		582978	592097	670103	
0.734	0.7465		23192	23418	22263		621512	622261	570235	
0.3579	0.6963		18912	17920	18382		607439	552627	590119	
0.9927	0.6304		25830	26073	25960		576596	576759	580501	
0.7265	0.5787		22419	21897	21948		680750	601002	617481	
0.262	0.4137		15921	15743	15979		614300	629361	673269	
0.4649	0.773		22018	21623	21652		615253	579987	599296	
0.3214	0.4723		16594	16693	16688		614650	631332	678328	
0.0702	0.8505		16856	16855	17067		584496	600807	654561	
0.9856	0.732		26948	26975	27089		640287	644091	681033	
0.4656	0.2417		15360	15211	15274		623179	666148	687570	
0.4329	0.1528		14439	14666	14511		606545	607153	603874	
0.6548	0.2724		18471	18458	18379		577219	572642	574638	
0.5703	0.1274		14834	15920	15992		568935	655591	643034	
0.2341	0.3036		13446	14500	14144		551369	626546	592299	
0.8418	0.543		24282	24275	24493		649523	658311	673327	
0.8864	0.9507		29566	29390	29497		625071	626827	624426	
0.6171	0.3964		18657	19276	19039		627012	614930	619723	
0.8384	0.1771		17893	18051	18011		649679	650548	678493	
0.2665	0.7557		19534	19365	19292		612363	620722	614090	
0.3911	0.331		16666	16083	16710		632445	630704	636777	
0.9231	0.2502		21481	20385	20456		639125	554382	572777	
0.5452	0.4527		18103	17744	18075		531840	528033	585292	
0.0789	0.0697		11151	11560	11577		588957	622792	625333	
0.6657	0.7287		22916	22941	22869		607997	612304	667612	
0.4788	0.4219		17706	17668	17870		643072	637151	669572	
0.6982	0.5088		22058	21985	22050		583034	583986	613854	
0.4167	0.8652		21445	21568	21428		619816	623504	639812	
0.4373	0.3848		15870	15938	16038		561247	565401	581263	
0.5099	0.4847		17977	18628	18347		551652	619930	673129	
0.9511	0.2965		22219	22264	22290		625358	616852	664066	
0.1716	0.6549		15889	16458	16404		575903	627723	651668	
0.915	0.1418		18128	18143	18241		650493	708533	690186	
0.8557	0.2691		19821	19841	21192		535292	588627	648170	
0.583	0.1489		15870	15913	15939		638764	651604	700378	
0.9577	0.921		30493	29043	28994		612900	538630	564672	
0.625	0.6156		21474	21513	21431		584705	589537	629338	
0.5718	0.1711		15852	14857	14898		619799	560091	561477	
0.8648	0.173		17703	16692	17211		577156	514047	581718	
0.7944	0.7786		26921	27003	26887		624065	665203	669014	
0.2211	0.3784		15047	15248	14840		605406	637440	590996	
0.1716	0.6906		16171	16105	16164		566795	568196	590266	
0.7911	0.707		24543	24541	24596		599507	602343	614640	
0.7262	0.2277		16784	16859	17298		560298	589280	656353	
0.9996	0.7583		29453	29378	29445		630581	632886	643183	
0.9107	0.6848		24966	24937	24974		584628	587561	607268	
0.7957	0.9749		26705	26783	27623		561125	561188	673871	
0.8611	0.5432		24007	24284	23241		602756	647627	601046	
0.2781	0.5167		17316	17295	16043		630927	617417	566184	
0.2653	0.7704		19341	19216	19467		601386	606614	649941	
0.5481	0.433		17618	17842	16856		573129	569286	568715	
0.7122	0.3161		19898	18747	19771		625017	573044	677706	
0.2536	0.1912		13687	13798	13884		633369	631954	692815	
0.6983	0.4322		19422	19534	19331		570624	595659	572051	
0.3069	0.1784		13378	13446	12426		601075	646175	558501	
0.8974	0.5154		24592	24980	24608		578774	639830	640286	
0.1944	0.9889		19263	19492	18405		614431	661951	570710	
0.4939	0.6048		18533	19666	19692		524168	614709	652298	
0.0588	0.9212		16366	15922	16441		596806	562635	627972	
0.5615	0.4433		17973	17902	18081		564242	564913	579450	
0.464	0.1046		13800	13868	13883		554496	556259	561963	
0.758	0.6022		23927	22664	23765		666036	570368	670523	
0.4985	0.7418		19303	20455	20496		547984	612640	665903	
0.5429	0.8411		22596	22745	22557		592411	620313	646745	
0.6693	0.6259		22466	22651	22574		649742	708466	705720	
0.9501	0.6535		26093	25505	26663		580604	538359	668502	
0.3999	0.6785		19551	19527	18556		624175	661142	586515	
0.8728	0.3999		21324	21341	21467		654326	687495	713410	
0.2302	0.7019		16366	16478	16413		552911	565510	580099	
0.3385	0.9866		21060	21308	20309		612810	641785	571919	
0.7682	0.7805		27244	26933	27024		613377	644782	649079	
0.4362	0.1801		14501	14351	14363		664103	682837	716755	
0.7793	0.084		16831	16956	17170		632239	644165	689241	
0.8079	0.2745		20212	20697	20293		612516	646602	676284	
0.8376	0.9315		27936	27765	28170		643766	686642	710421	
0.7921	0.91		27569	27247	27055		651175	673421	623968	
0.4059	0.3329		16383	15922	15755		594714	593089	580468	
0.7791	0.833		26629	27080	27053		614024	693661	700992	
0.7237	0.1898		17433	17260	17388		644976	677055	688844	
0.6877	0.4864		20490	20442	20507		622935	641438	676757	
0.9217	0.9754		29085	29203	28411		578147	587286	580094	
0.3278	0.3457		14950	16006	15934		559348	632725	667889	
0.6357	0.7343		22893	22293	22354		659776	601784	625282	
0.0942	0.2737		13221	13152	12035		690990	672092	607982	
0.2029	0.2773		14218	14524	14537		563077	620805	663282	
0.4247	0.2514		16390	16426	16670		603781	636871	667204	
0.9983	0.4598		22542	22776	22587		563751	582889	589292	
0.8874	0.8587		27604	28027	28819		576310	583772	686510	
0.5437	0.2451		15928	16046	15696		625823	660847	691716	
0.4492	0.9181		22956	22897	22848		625155	655146	670446	
0.2877	0.1171		13224	12988	12998		673133	654449	696740	
0.1014	0.6399		15759	15306	15820		621832	605624	692421	
0.3084	0.1933		13681	13792	13945		645047	655043	652644	
0.6051	0.6457		21771	21829	22031		653719	622486	691415	
0.5593	0.3032		17582	17504	17656		619568	661558	688293	
0.2722	0.7899		19391	19737	19590		680687	703162	713271	
0.406	0.9732		22283	22301	22331		628911	650179	642439	
0.9565	0.2714		22189	22357	21893		638944	668879	634992	
0.7341	0.8593		25871	24752	25971		614352	553115	646913	
0.5196	0.1224		14368	14240	14305		557349	572709	580849	
0.241	0.1279		13013	13151	13098		577897	592284	638037	
0.9288	0.3657		21765	21178	21109		618556	574342	583013	
0.8013	0.8786		27673	27543	27798		615228	619781	643890	
0.7013	0.9002		25956	25864	26016		646076	654582	660119	
0.8887	0.5348		24972	25015	25045		610109	662134	644633	
0.4042	0.5593		18584	17662	18288		618403	542839	591647	
0.2534	0.3026		15135	15303	15257		602505	632237	688947	
0.1149	0.8631		16995	16770	16961		647997	658894	692769	
0.4171	0.9886		22287	22389	22250		618681	679119	679419	
0.7282	0.8706		25867	26193	25845		584407	628905	634978	
0.7162	0.9167		26542	26365	26236		603734	620738	655008	
0.9465	0.3128		22012	22571	21500		610129	649676	600323	
0.7798	0.3501		20620	19540	20222		645923	569268	599826	
0.6261	0.6107		22286	22114	21178		666207	674960	601236	
0.4967	0.0804		14244	14233	13841		633107	647119	673327	
0.3767	0.6575		19668	19650	19753		634217	659641	700657	
0.2081	0.5467		16497	16024	16730		607331	636929	654809	
0.822	0.1799		17083	17834	17790		590844	659471	691518	
0.8694	0.7484		24307	24295	24826		589564	604699	668576	
0.9695	0.2509		21251	22315	21125		569141	667394	586082	
0.7048	0.3038		18355	18217	18334		564807	565459	578302	
0.7594	0.0753		17120	16753	16872		594001	620655	638467	
0.0805	0.0722		11506	11570	11780		639230	625681	665412	
0.7526	0.3113		20180	20409	20243		620094	641910	636209	
0.8814	0.3702		21476	21634	21796		621433	637184	657677	
0.2753	0.8175		19735	19646	19481		662930	665024	649292	
0.2298	0.5128		16564	16853	16664		681444	697954	706797	
0.9826	0.4131		22942	22911	22908		654623	681957	680681	
0.8411	0.5177		24292	24316	24237		656026	688671	689297	
0.2467	0.6734		17094	17247	17306		633764	664455	660841	
0.0973	0.6508		15646	15780	15635		646903	654276	661851	
0.2421	0.8567		19014	18742	18869		673154	683978	705846	
0.3279	0.7051		19021	18799	19110		646109	643605	676355	
0.7524	0.8677		26594	27108	27146		634279	629001	656347	
0.2098	0.0976		12438	12613	12727		651051	657761	689666	
0.7957	0.8409		27161	27423	27034		632421	649236	667892	
0.3974	0.1665		14676	14659	14513		680763	702403	732812	
0.8178	0.8036		27651	27890	27518		603228	638052	630193	
0.1799	0.776		16938	17033	17109		546956	557373	575895	
0.9055	0.19		18884	18757	18780		610461	656083	671143	
0.9309	0.5149		24357	24313	24946		595606	622978	680791	
0.5509	0.4362		17626	17842	18093		596704	626786	689624	
0.8882	0.5476		25146	25056	25252		578045	633412	618059	
0.9476	0.5678		26373	26118	26215		708220	712991	711983	
0.1724	0.7008		16645	16771	16840		681576	686253	680991	
0.9371	0.5267		25253	25094	25026		647197	652713	671329	
0.3077	0.1149		13038	12610	12818		645976	597090	608863	
0.7829	0.3511		20583	19694	19657		655213	596486	599714	
0.1508	0.9833		18501	18914	17423		596769	643679	553239	
0.8671	0.6297		24906	24462	24548		617999	585160	607428	
0.7627	0.4051		20818	20649	21120		683972	670817	713008	
0.1556	0.2295		13118	12007	13146		658626	568296	654158	
0.377	0.5519		18850	19145	19141		605651	607642	582572	
0.3115	0.5746		17332	16405	16976		672878	586419	608146	
0.0513	0.2647		11578	12475	12036		537082	653917	653672	
0.6404	0.3091		18317	18831	18385		580217	642530	597051	
0.1063	0.4377		14295	14222	14335		629162	641288	642111	
0.6615	0.1811		15279	15090	15957		605713	601530	643450	
0.876	0.7197		24897	25917	25494		577177	683300	615034	
0.1642	0.5946		14890	15883	15037		548331	641854	551279	
0.4664	0.548		19560	18450	18413		684438	563196	581422	
0.6522	0.4368		18297	18271	18308		531579	547451	554424	
0.2297	0.6723		16067	16083	16157		540406	563298	568049	
0.218	0.3946		14720	14760	14811		580529	587182	589920	
0.191	0.1308		12940	13098	13180		612180	614516	636480	
0.837	0.608		24780	24424	24775		631840	658770	680361	
0.2526	0.7595		19554	19356	18494		646469	620183	560352	
0.7754	0.6161		23421	23609	23807		612091	606413	698470	
0.4841	0.3481		15969	16866	17366		570106	550708	675313	
0.4322	0.6024		18575	19242	19150		602476	647160	674004	
0.1033	0.1264		12124	11774	12128		651748	650622	686891	
0.672	0.2412		17047	16976	17113		673466	684855	705560	
0.1185	0.1647		12174	12256	12159		617507	627350	651162	
0.5516	0.9098		23538	23768	23826		686610	693464	723284	
0.3555	0.4012		16655	16561	16567		684307	692082	705564	
0.1748	0.7245		16599	16957	16909		608279	637580	679647	
0.5867	0.2384		15892	16845	16641		622053	644191	667484	
0.3113	0.6717		17978	17894	17992		620271	671860	699301	
0.3584	0.5789		18416	18198	18378		664508	653472	642059	
0.6305	0.2597		17813	18051	18984		562077	565010	677372	
0.9028	0.4584		21962	21968	21149		584580	605744	591210	
0.3512	0.2622		15633	14876	15253		603017	554494	649544	
0.0856	0.7301		15920	15764	16027		610622	628316	612100	
0.1913	0.2044		13486	13526	13515		626623	652292	663380	
0.3894	0.7089		19990	20218	19947		624880	649899	649544	
0.4969	0.8847		22723	22442	22671		635017	683768	688600	
0.147	0.2435		12962	12962	12942		672080	667949	691743	
0.0644	0.8551		17057	16766	17114		651093	666413	667919	
0.7828	0.3244		20643	20504	20227		651936	634978	588786	
0.5802	0.7298		21099	22600	22394		578451	644980	642591	
0.3442	0.5136		17614	17852	17959		627780	644512	642764	
0.2982	0.6267		17916	18172	17906		657071	699331	698742	
0.8269	0.3786		21570	21648	21565		647965	644821	655446	
0.9261	0.4951		22464	22556	23912		689770	688894	673906	
0.9992	0.3013		21932	22210	22217		632976	677520	664914	
0.1155	0.3857		13935	14062	13947		729604	734812	752421	
0.5288	0.7113		21283	21326	21774		653289	661847	684301	
0.9837	0.9538		30665	30775	30786		656360	693517	657270	
0.3977	0.1357		14570	14473	14135		685113	670436	624501	
0.6537	0.0879		16096	15823	15810		673037	672282	697324	
0.8924	0.7092		25951	26341	25868		656194	672572	682827	
0.4832	0.6691		20366	20421	20347		645755	650481	645485	
0.5991	0.3755		18609	18631	17990		583338	591753	572047	
0.2076	0.9299		17866	19026	19051		534548	634842	672627	
0.8181	0.2032		17982	18677	18428		643372	660243	651758	
0.5082	0.1794		15209	15447	15506		621625	641072	652347	
0.5051	0.6661		21296	21166	20953		577684	595969	595296	
0.256	0.8725		18095	19594	18250		506278	578311	521927	
0.3573	0.5309		17903	16812	18034		583255	533452	603960	
0.2411	0.2269		13101	13581	13458		575962	607855	647812	
0.7452	0.1063		15856	16078	15315		649571	631233	631658	
0.408	0.0723		14116	13000	13107		692930	587860	584988	
0.2332	0.1833		11917	12827	13017		548832	580813	637070	
0.2871	0.5989		16551	16555	16601		582323	581120	590158	
0.3848	0.422		17150	17193	17234		623654	643638	658663	
0.0528	0.5823		14666	14667	14710		639514	647947	656455	
0.1872	0.494		14587	14614	14624		661986	660733	670900	
0.1774	0.2022		13139	13179	12368		667685	676995	675284	
0.8374	0.578		24558	24785	24383		697058	705659	697535	
0.6728	0.1892		17079	17009	17132		652183	656935	677838	
0.2766	0.3319		15624	15576	15491		639559	646264	668120	
0.8857	0.5206		25159	25211	25175		674162	675166	670839	
0.6814	0.8294		25254	25270	24914		653108	645547	653413	
0.4588	0.2732		16857	16748	16372		620791	579918	584355	
0.2577	0.3976		15889	15973	15922		580123	577993	572822	
0.1866	0.457		14847	14735	14934		600986	619262	611244	
0.0756	0.6727		15781	15840	15901		646395	643529	631408	
0.5916	0.2473		16463	16538	16449		639198	637625	637921	
0.2989	0.402		15861	14891	14880		628627	543178	559539	
0.7247	0.5612		21505	21402	22519		572263	568602	671251	
0.5224	0.5273		19824	20467	20360		693398	702567	714565	
0.5885	0.133		15975	15926	16041		663059	655700	656328	
0.25	0.167		12626	12718	12706		565937	563947	565166	
0.3183	0.2033		14351	14599	14392		636077	638780	672729	
0.8359	0.6999		25280	25455	25285		643142	647666	657334	
0.1915	0.2931		14432	14594	14650		622757	635805	619534	
0.2401	0.3323		15201	15075	14976		600924	628483	625297	
0.5778	0.7597		23908	24110	24137		672527	676569	677586	
0.2788	0.8165		19908	19876	19720		677587	678581	672790	
0.7115	0.586		23256	23005	22882		635727	678776	657630	
0.6967	0.6913		23752	23865	23789		664700	670898	667483	
0.4024	0.3292		17050	16733	16457		691880	698263	707063	
0.4038	0.1096		14014	14022	14028		622543	652897	669281	
0.0837	0.3316		13547	13533	13627		638798	683537	666183	
0.0787	0.3757		13896	13998	14015		625175	660900	671003	
0.8259	0.6462		24792	25233	25067		626853	634412	645110	
0.7867	0.9847		27984	27807	28139		661208	663667	680098	
0.1844	0.7832		17488	17439	17596		616849	617325	603523	
0.6604	0.6083		22229	22274	21773		606637	621721	596795	
0.107	0.7686		16648	16809	16805		636181	626919	662403	
0.3124	0.2114		13941	13942	13891		597130	614003	637368	
0.5442	0.4008		18526	18283	18266		630935	654296	673283	
0.209	0.8508		18555	18531	18938		605819	621236	644132	
0.2842	0.8846		18971	19068	18992		570293	569578	561792	
0.2438	0.4031		14195	14255	14167		542435	546761	561982	
0.0718	0.1667		11998	12031	12035		624494	632727	677655	
0.5924	0.0795		15253	14932	15476		634923	596761	632042	
0.3021	0.0909		12055	11919	11832		572409	575397	573279	
0.2324	0.5949		16712	16846	15951		658324	654610	620647	
0.9911	0.1213		18239	18438	18280		667164	645551	659737	
0.7938	0.6358		24431	24338	23760		676225	638355	602726	
0.8333	0.9235		28033	28265	28391		649103	680465	685637	
0.2179	0.9		18580	18554	18512		582404	605574	599645	
0.7659	0.2781		19199	19287	19269		543031	562116	567489	
0.6081	0.8391		23749	23945	24687		583126	577589	634416	
0.2848	0.6791		16998	17988	18160		551766	639262	656668	
0.3243	0.2039		14378	14441	14441		639690	662146	670355	
0.7956	0.1965		18061	18118	18436		641476	647161	655741	
0.0798	0.9356		16110	15979	17017		553253	539935	621200	
0.1844	0.7647		17014	17193	17129		622719	633753	632980	
0.8037	0.2613		20239	20466	19399		640364	677126	582559	
0.8953	0.1809		17695	17688	17692		566451	600687	590077	
0.2315	0.478		14262	14438	14521		553558	571336	571771	
0.6379	0.6142		21854	21160	22266		640759	573498	667423	
0.6605	0.43		19474	19363	18271		614907	638059	543045	
0.6354	0.5386		21550	21583	20870		570316	590168	556703	
0.4443	0.8492		21844	21897	21583		559605	580591	571506	
0.8253	0.8435		26777	27563	27436		557179	585940	583896	
0.4618	0.7971		22015	20924	21872		649839	560814	638290	
0.431	0.5312		18207	18734	18527		582393	668047	670480	
0.0554	0.0965		11319	11331	10900		630722	662041	658209	
0.5416	0.5597		20252	19983	20017		667305	659948	668513	
0.518	0.9888		22971	24004	23453		566410	645194	606899	
0.7941	0.8811		26416	27524	26430		605278	675133	619801	
0.2031	0.6705		17336	17340	17325		658791	659445	672277	
0.1247	0.5552		14811	14713	14695		629691	656638	665000	
0.5802	0.774		24321	24064	24215		628141	629353	648258	
0.1593	0.6468		16320	16672	16383		658989	635295	662279	
0.062	0.9843		16882	17036	16945		630630	638291	645157	
0.8318	0.4936		21568	21845	21569		639896	681869	673920	
0.809	0.3471		20141	20169	20744		654027	696477	691890	
0.2645	0.4874		16212	16149	16008		658456	682625	675348	
0.8152	0.6097		24562	24575	24676		635187	683544	687320	
0.0727	0.9615		17588	17673	17728		673529	704449	684030	
0.1272	0.9322		18035	18098	17485		634302	661472	607689	
0.3646	0.1524		13835	12763	12908		643021	582611	585607	
0.4826	0.4491		17807	17975	17980		666881	646264	674924	
0.9908	0.9089		30545	29906	30482		670384	616531	680157	
0.2735	0.351		15144	15220	14368		581284	579560	579512	
0.755	0.4123		21181	21032	20983		658899	673529	677629	
0.4574	0.6776		20211	20370	20164		619932	643248	642002	
0.8432	0.7941		27584	27018	27121		661422	608088	653182	
0.431	0.1646		14427	14389	14392		619644	627386	648026	
0.4272	0.1829		14556	14501	14593		623903	632765	629019	
0.7543	0.779		26884	26714	25682		661670	662322	565330	
0.7343	0.6007		23081	21830	21827		634816	570386	585268	
0.9012	0.28		20738	20861	20882		598724	597042	601187	
0.7988	0.7087		24716	24666	23472		673128	674767	586158	
0.8279	0.7069		25266	25186	25022		665241	668269	675674	
0.5102	0.1806		15439	15292	15418		636667	658067	662982	
0.1686	0.3822		14919	14627	14484		622833	616331	654023	
0.4218	0.7525		21303	21370	21475		670633	661669	688198	
0.1002	0.1426		12226	12088	11688		638723	629601	682886	
0.4454	0.3378		17362	17318	17157		636954	657118	682343	
0.7047	0.4853		20455	20390	20472		661617	658022	647240	
0.47	0.8563		22294	22494	22409		649563	647027	662010	
0.1221	0.4251		13973	13503	13972		650270	668169	676933	
0.1048	0.722		15986	16001	15923		657552	689321	690467	
0.8194	0.1266		17791	17855	17873		663351	679880	708620	
0.454	0.4241		17125	17784	17158		607177	624576	609033	
0.3056	0.4464		16026	16178	15635		672833	689896	695105	
0.3944	0.0728		14204	14054	14134		652587	654961	661059	
0.2176	0.2474		12667	12996	12876		655082	602384	606201	
0.3845	0.7847		21446	21385	21421		634955	640690	660537	
0.4153	0.507		17891	18973	18390		601982	699953	706637	
0.9344	0.6776		25422	25626	25667		688607	691814	699490	
0.4365	0.9569		21830	22104	22124		678309	686409	690412	
0.0735	0.3254		13575	13802	13573		612297	625856	633665	
0.5436	0.1923		15828	15959	16067		669603	657992	672942	
0.2602	0.9871		20380	20492	20631		630749	629970	615093	
0.3162	0.4978		16488	16660	16866		641975	648556	654083	
0.2511	0.2969		15169	15151	15122		642720	649984	682358	
0.7782	0.0736		16413	16526	16383		550539	570677	570944	
0.2069	0.9869		19487	18378	19620		622045	564305	655366	
0.6319	0.4718		19872	18833	19923		633887	594501	662212	
0.9743	0.6041		25716	25772	25224		619203	638210	609336	
0.3343	0.6245		17926	17006	17160		629393	554704	550586	
0.6042	0.731		22290	22271	22304		652325	637114	651867	
0.1654	0.1111		12066	11112	12091		629207	556757	646973	
0.4023	0.9175		22078	22043	22251		623794	598235	638636	
0.436	0.3083		15774	15910	15190		612729	625692	597487	
0.4028	0.6808		19359	19435	19439		610925	613854	641318	
0.7582	0.9817		27820	26712	28166		663097	568902	639578	
0.5383	0.5407		20559	20263	20570		687331	677685	688859	
0.3234	0.5779		18056	18199	18209		609363	608261	617787	
0.4055	0.4426		17409	17406	17448		639812	642339	660272	
0.5001	0.9277		23700	23521	23466		688039	653913	696105	
0.9001	0.3309		21703	21073	21370		662688	600227	604074	
0.3628	0.7207		18860	17702	17798		642871	547792	549699	
0.802	0.6917		24573	24783	23695		677622	682987	589648	
0.832	0.695		25595	24208	25432		683461	589321	667677	
0.3282	0.156		13787	12810	12607		609140	549231	553152	
0.998	0.801		29687	29239	29148		610188	567314	577656	
0.3077	0.9601		19901	20119	20384		678332	654731	680786	
0.9461	0.397		23117	22776	23075		648895	677229	682369	
0.3914	0.5198		18701	18858	19043		684710	696067	666901	
0.3088	0.5684		17444	17421	17384		626909	624739	635232	
0.9575	0.4501		23032	23264	23260		628743	612100	620585	
0.1653	0.2465		11824	12996	12596		588904	669013	617211	
0.8965	0.326		20607	21182	21302		561608	591675	592623	
0.1222	0.7579		16082	16123	16154		587013	576590	578780	
0.7051	0.3744		19724	19703	19760		636761	657951	660539	
0.2887	0.9318		19849	19728	19746		640937	687656	679408	
0.1892	0.7737		18768	17650	18617		662635	706000	715200	
0.5618	0.6632		20979	20871	20439		632834	671960	606050	
0.8582	0.562		23700	23924	23512		554532	619848	580994	
0.4964	0.408		17534	17479	16406		647781	680810	591455	
0.4907	0.0581		13875	13859	12820		657380	635843	573107	
0.93	0.9993		29063	28262	27990		694584	602188	607668	
0.9612	0.7886		29250	29110	29852		576928	603557	646619	
0.947	0.7483		26599	26774	26925		698624	700178	683351	
0.3356	0.3272		15546	15816	15402		596344	599868	608668	
0.4547	0.3289		17307	17078	16788		642739	589072	582434	
0.4781	0.4912		17861	18042	17903		632646	655244	665785	
0.107	0.7962		16780	16587	15715		625246	650271	568552	
0.461	0.6501		19705	19703	20334		555705	576506	638332	
0.7803	0.4553		21238	21336	20254		683174	675941	591124	
0.737	0.3772		19039	18988	20020		585081	594787	670981	
0.1216	0.9744		17710	17662	17444		644401	658962	695135	
0.7158	0.3717		19798	19813	19528		690636	662182	650860	
0.5511	0.5199		19807	19888	19915		592404	619327	615576	
0.2992	0.7032		17146	17787	17798		555603	596548	606787	
0.1467	0.811		16960	17072	17022		580490	582876	583274	
0.6471	0.9427		25972	24562	24809		609503	544610	548880	
0.7179	0.7868		24591	26163	24948		553025	630700	563905	
0.1686	0.3986		14456	13648	13388		634034	567954	566299	
0.5388	0.4317		17994	17532	17770		638651	584476	586405	
0.7201	0.2458		17284	17442	16275		649643	663982	566835	
0.0732	0.2265		12418	12642	12517		645083	624772	652642	
0.3178	0.4225		15771	15922	16147		589461	593347	638647	
0.2838	0.7859		19485	19591	19362		565028	588516	626190	
0.6416	0.9934		25943	25680	25800		605002	634214	626814	
0.0864	0.2044		12461	12626	12503		602988	597269	620187	
0.938	0.2323		19665	19854	19748		642877	649603	645001	
0.2347	0.1334		12987	13185	13192		627987	647694	645341	
0.5503	0.7187		20080	20339	20280		590915	578272	578136	
0.0952	0.2292		11941	12530	12519		635915	650206	637407	
0.7556	0.8498		26288	26066	26049		559730	573121	571827	
0.8148	0.7345		23985	23906	24318		569832	575305	586628	
0.685	0.656		22021	21958	21449		556524	563914	534458	
0.8759	0.1477		17024	18206	18212		558166	653580	654929	
0.4392	0.1767		14872	13917	13822		620963	538346	537262	
0.0533	0.3951		12989	12947	12862		596074	596737	594862	
0.615	0.1627		14823	15674	14641		559510	646588	572129	
0.3654	0.2948		14719	14669	14644		558069	575753	571345	
0.372	0.9727		19706	19995	21139		544785	558473	672620	
0.2179	0.8229		18833	18961	17601		677104	675089	573329	
0.8449	0.4911		21788	20884	22026		692235	601904	714395	
0.0828	0.6528		14574	15819	15806		536336	621659	620923	
0.8695	0.6356		25087	24815	24886		634842	635379	630473	
0.7903	0.4384		21393	21345	21254		609515	649413	653302	
0.1401	0.1478		12080	12058	12140		568338	591539	591416	
0.7725	0.0963		15800	17238	16175		588620	672830	667622	
0.7089	0.0521		15755	16086	15365		618800	668351	603314	
0.4179	0.8267		21748	21062	21196		663970	615973	625320	
0.2358	0.901		19004	19241	19492		654007	664184	654325	
0.4528	0.8803		22929	22286	22762		650008	599677	673448	
0.8631	0.1992		18511	18655	18618		636255	664847	671747	
0.4201	0.9357		21846	21847	21894		663263	644186	663947	
0.1199	0.9723		17708	17195	17395		628697	590243	650521	
0.9765	0.0562		17719	18075	17819		626992	617871	614363	
0.3945	0.8747		20046	20445	21737		544468	544765	654957	
0.4435	0.6928		20471	19379	20542		608222	535994	616090	
0.3982	0.8854		21364	22321	22087		560144	606236	622850	
0.1251	0.4153		14071	14068	14602		562366	565097	613047	
0.918	0.6897		24909	26129	26159		534940	609442	594301	
