10	11	
0.7674	0.9072		28748	28543	25971		673889	700388	612693	
0.2807	0.181		11961	12136	14744		551702	555216	585124	
0.1478	0.3679		14248	13488	13409		654474	652269	665543	
0.0922	0.6068		17002	16784	14795		683593	648626	626777	
0.4096	0.4841		16526	17212	16803		631736	615181	665026	
0.8998	0.3174		21347	22413	22969		678457	585899	583507	
0.1353	0.8075		16514	18038	20441		654610	628706	599338	
0.9376	0.3791		23998	22886	24639		599957	647455	639708	
0.7438	0.3015		19557	22604	23002		697510	726720	696014	
0.3612	0.8764		20629	16802	25245		712429	684067	657151	
0.9113	0.9575		28207	29232	28066		552969	657099	562893	
0.9739	0.2658		22367	21483	20892		654117	611305	595469	
0.5565	0.3181		17196	16483	17339		591871	571940	665263	
0.877	0.9661		28946	28173	29126		675162	598790	690384	
0.8354	0.447		22066	21709	21322		710677	704319	725772	
0.1988	0.2887		14894	13822	18623		640609	571299	585237	
0.1214	0.7891		17624	18265	21050		637245	669442	678868	
0.3836	0.7867		21808	21922	24228		567367	603834	655331	
0.863	0.3286		22444	22539	24501		642066	651019	661581	
0.9416	0.3974		22542	22552	26986		707593	718767	722766	
0.1935	0.3506		14464	15994	17621		677185	690891	703049	
0.9444	0.515		24657	25692	30680		559426	649703	667133	
0.3537	0.5272		17568	16851	17602		644667	587755	663801	
0.9079	0.6031		24998	24951	24547		671151	674899	590879	
0.0539	0.617		13350	14052	18101		590243	622979	686549	
0.1506	0.3771		13264	14303	14942		572339	681001	687349	
0.0654	0.9527		16435	16556	16320		588906	597960	600567	
0.9535	0.9249		30554	29578	29207		696719	658562	658132	
0.1823	0.0807		11738	11784	11753		670660	683383	677153	
0.7874	0.7308		24324	24343	28199		654256	685567	704491	
0.4852	0.5957		19188	19275	19162		616476	628344	648680	
0.9761	0.479		22924	21836	25938		645439	562933	573234	
0.5202	0.0594		14052	14129	13258		676061	688429	596656	
0.5412	0.5322		19958	19986	19022		645394	655949	580710	
0.4037	0.5724		19134	19735	18991		649132	631945	674519	
0.2281	0.7515		18221	18256	19948		720514	751372	743729	
0.8253	0.2332		17839	18211	17990		657978	683798	692015	
0.342	0.597		17908	18200	21095		697294	702774	704630	
0.4123	0.6218		17660	18811	18787		588378	693263	698569	
0.1133	0.3754		17021	13751	13595		668193	655141	652829	
0.6072	0.7647		26906	23800	23744		677511	696348	680075	
0.8108	0.1554		19074	17040	17301		667128	675188	697289	
0.5005	0.7467		24295	20751	20856		693505	665482	679213	
0.8336	0.977		31617	28372	28537		734511	731047	755461	
0.4165	0.6276		22495	21302	19319		683609	690460	661011	
0.7592	0.2944		23263	20251	19970		693396	710506	718391	
0.8944	0.4259		21476	21898	26729		724739	724645	739021	
0.3777	0.445		17070	17339	16243		669040	684666	588302	
0.2423	0.9478		19240	19184	20716		666067	677912	698804	
0.4738	0.878		22463	22670	22464		654525	654359	672266	
0.9474	0.2376		19438	18144	18243		653026	571668	581338	
0.8196	0.9378		27567	28286	28536		607770	715439	745672	
0.4458	0.1059		14108	13485	13993		654104	646809	645685	
0.995	0.2821		21923	21567	21408		641188	587246	603956	
0.204	0.7319		16278	16911	17049		549832	584298	595252	
0.2164	0.4529		14270	14936	14891		589957	620983	625413	
0.5067	0.7084		20990	21052	21017		676386	696716	694734	
0.1342	0.2698		13707	13773	13675		648863	671490	661738	
0.3477	0.0647		13211	12499	12704		659796	647304	621802	
0.1707	0.2541		13249	13245	13303		592766	601704	601676	
0.7528	0.7158		24487	23999	23265		654513	605081	579933	
0.4241	0.0854		13794	13717	13811		639183	641312	662951	
0.2336	0.9758		18804	18601	18761		586461	601404	617846	
0.8977	0.1548		17204	17507	17352		599816	632208	636841	
0.9486	0.9346		29801	29786	29952		688864	707746	728591	
0.9014	0.2156		18536	18747	18655		590466	677138	707769	
0.8833	0.4336		21808	21792	21552		669148	658077	724825	
0.7824	0.2227		17971	17999	17756		597363	624268	657718	
0.613	0.7695		23841	23749	23899		601619	642103	666684	
0.4315	0.1975		14521	14711	14672		566232	585953	610472	
0.7927	0.4637		20987	20530	21167		635408	667917	692112	
0.3544	0.2441		13980	14011	14143		593615	647375	639658	
0.2941	0.6967		17967	18279	17906		649409	668827	658962	
0.4936	0.8776		22358	22045	22430		641606	609691	672074	
0.64	0.6196		21818	21555	20698		612731	576923	551750	
0.7095	0.7129		22182	23452	23548		543639	636926	651054	
0.8469	0.5858		24621	24275	24353		618531	628491	665782	
0.9835	0.8043		29597	29394	29352		628600	675129	673296	
0.999	0.2759		21337	21502	21489		601103	600973	597856	
0.8709	0.2909		20790	20478	20583		608320	595952	616838	
0.7672	0.2305		18134	17992	17925		686463	692452	684744	
0.301	0.6372		17993	18108	17941		704987	708291	716549	
0.5303	0.5776		19180	19157	20494		557469	555354	646209	
0.409	0.2661		16074	15884	16147		596560	601433	661290	
0.971	0.0505		16557	17149	16719		581070	619672	598980	
0.2637	0.1718		12212	12291	12346		524349	534396	535429	
0.364	0.3014		14477	14584	14418		590941	590630	590658	
0.6251	0.2815		17682	17765	17674		560693	561003	572261	
0.0597	0.2332		11039	11261	11948		546650	558011	664029	
0.7701	0.2137		17882	17921	17867		643175	629046	637970	
0.0606	0.4691		13539	13258	13251		624922	575878	575696	
0.9685	0.841		28651	29754	28714		567890	647442	566264	
0.0532	0.9425		16357	15833	16548		649487	567624	685167	
0.3514	0.8554		19041	19616	18976		546332	576228	551705	
0.6624	0.3767		18380	18378	19337		523471	523468	629556	
0.9582	0.7355		26938	26828	26753		658420	655381	693401	
0.3949	0.5283		18892	18372	18315		629133	591666	593654	
0.4733	0.3363		16592	16689	16688		594349	592485	620123	
0.9989	0.0714		17933	17000	18004		625748	547569	645291	
0.4582	0.584		18768	19127	18930		514195	525006	542991	
0.3922	0.535		18761	18762	18730		562241	566011	569623	
0.8364	0.7635		27787	27440	27543		565842	560125	605805	
0.3664	0.9753		20474	20395	20789		581518	577523	637145	
0.0828	0.1283		10899	11843	11845		555587	620649	636699	
0.7767	0.7616		25572	26735	26951		568896	651374	649828	
0.3591	0.7397		18583	17738	18716		646455	566691	669254	
0.3699	0.6374		17139	18245	18364		562719	644822	642909	
0.5091	0.1564		15064	15103	15095		658035	675596	674148	
0.1408	0.5101		15496	15543	15273		620866	607152	588162	
0.5149	0.9829		23290	23236	23240		580572	597174	594810	
0.466	0.0519		12819	12675	13758		598984	531646	621151	
0.411	0.8136		21273	21283	21317		639022	657809	665493	
0.1359	0.7071		16554	16380	16446		606818	628863	606809	
0.2818	0.7485		17928	17977	18006		640476	668161	674403	
0.5922	0.812		23564	23756	23585		651968	687213	629818	
0.9062	0.5144		24748	24910	24715		641462	678356	707743	
0.7722	0.4886		21057	20941	21409		652585	698447	706942	
0.3121	0.198		13926	13843	13671		625948	636181	695209	
0.6883	0.9986		25990	25850	25199		637614	610330	597348	
0.463	0.2675		16980	16859	16382		609133	618431	596203	
0.348	0.1981		13093	13705	13631		539179	578898	600292	
0.4123	0.0737		13356	13887	13903		571887	664793	686288	
0.3598	0.9669		20916	21037	20987		592578	598383	632736	
0.59	0.3975		18541	18292	18376		628479	632899	642835	
0.3793	0.1873		13147	14354	13237		525042	633822	543101	
0.7011	0.668		23096	23160	22988		636175	654382	670469	
0.681	0.0721		15445	15662	15522		656935	662599	697806	
0.8232	0.7378		25152	24806	25018		628257	634702	682896	
0.856	0.6888		24987	25045	25088		628921	699990	721808	
0.9204	0.9561		29318	29215	29273		698939	725518	710726	
0.4572	0.0588		13694	13404	13386		623743	587886	645495	
0.3253	0.6333		18316	18472	18441		612508	655647	678586	
0.8942	0.4021		21550	21446	21491		594733	616733	622319	
0.5034	0.3235		16553	16535	16772		519158	518324	536563	
0.8093	0.6632		23361	23322	23915		581897	605573	623148	
0.8095	0.4767		20995	20092	20557		636034	564822	639720	
0.2688	0.9739		19679	19754	19871		599952	612650	623338	
0.3501	0.6403		17951	18367	17419		590824	658188	570261	
0.1438	0.191		11828	12820	12797		556053	647455	668397	
0.7503	0.9904		27619	27710	27698		682440	686321	716544	
0.5109	0.4753		18634	18349	18257		629748	655488	671889	
0.0951	0.7364		15784	15910	15758		657602	657294	657931	
0.423	0.5911		19183	19217	19581		623409	647147	647224	
0.2509	0.4819		15870	15853	18462		679019	673209	691074	
0.3724	0.4524		16313	15932	15915		570396	570870	547975	
0.945	0.4025		22189	22794	22550		604524	678266	688805	
0.1544	0.2181		12025	12910	12816		617282	661682	673571	
0.117	0.9141		16487	16949	16317		648873	636958	644445	
0.5324	0.524		20243	19791	19998		613244	650204	677674	
0.365	0.6838		17628	17853	17848		592661	598432	596304	
0.5118	0.1899		15552	15284	15641		646114	587740	629511	
0.4266	0.8254		21422	20289	20275		653337	564350	568916	
0.788	0.9268		26996	26219	26977		628310	545367	643345	
0.5826	0.2117		15836	15902	15759		580090	587088	643994	
0.2347	0.971		19196	19295	19282		667472	697312	688122	
0.4488	0.7867		21705	21997	21957		674552	677175	661287	
0.9109	0.3332		21035	21038	21503		594272	606495	627505	
0.2879	0.9331		19642	19676	19654		682228	693488	697321	
0.9765	0.4376		22703	22950	22923		615385	599168	587957	
0.9981	0.5773		26118	25865	25855		669707	693755	717627	
0.9401	0.2907		22106	22094	22234		673688	665557	665988	
0.9276	0.5991		25065	25152	25035		624129	626910	625104	
0.2561	0.1498		13267	12899	12865		588038	558452	571131	
0.639	0.421		18340	19429	18544		566431	668647	580222	
0.7309	0.2511		19218	19415	19248		636626	658228	661568	
0.2465	0.8065		18170	17914	17933		590840	587083	606336	
0.2067	0.9287		18866	18871	18846		602129	603100	623909	
0.3175	0.4365		15975	16028	15934		631204	611074	592816	
0.7117	0.7939		25986	25476	25507		656106	645159	673792	
0.1521	0.3792		14275	15068	14614		612078	609328	621250	
0.8085	0.7705		26422	26094	26520		615020	617832	615937	
0.7638	0.3568		23436	20464	20504		658348	626388	650271	
0.3297	0.8511		19965	20340	20239		631263	643498	667286	
0.5507	0.4094		17905	18021	18129		611377	618873	667494	
0.593	0.9402		24738	24870	24856		602804	610195	654265	
0.1733	0.5791		15862	15822	15927		622494	650055	652342	
0.7526	0.8399		27154	26924	26423		634455	622564	606528	
0.6032	0.8329		24067	24149	23051		616624	673232	578304	
0.9798	0.2695		20651	21220	21126		546845	547247	589565	
0.9667	0.8387		29635	29662	29985		612650	684704	680167	
0.4204	0.3133		16175	16312	16220		584921	608508	620277	
0.6067	0.7656		23874	23369	23406		636460	597318	606738	
0.561	0.4229		17109	16906	16876		583737	591639	604476	
0.5314	0.9481		23921	23832	23803		635240	630261	642952	
0.7754	0.4621		20845	21229	21191		577242	609779	599445	
0.7851	0.3415		20379	20472	20161		614201	617173	647464	
0.272	0.49		15936	16058	15873		630359	630985	675524	
0.88	0.5118		24796	24342	24876		593413	550507	641914	
0.6065	0.3172		17327	17340	18443		541498	547542	641093	
0.2869	0.9643		18916	20087	19113		513115	623471	542223	
0.411	0.252		16357	16283	16190		631572	632495	648928	
0.2916	0.2144		13747	13847	13812		581802	645575	628475	
0.1763	0.8042		17230	17172	18428		604610	606068	597901	
0.8306	0.29		20571	20716	20577		586066	588589	627962	
0.684	0.9542		25573	25910	25240		588192	606846	581727	
0.4694	0.4135		17240	17352	17439		584441	614300	619270	
0.0552	0.5039		13960	13832	13669		565347	572877	575596	
0.8012	0.5679		22620	23880	23736		525521	623317	612454	
0.9067	0.8221		28601	29387	28605		659684	643722	661301	
0.5294	0.1778		14841	15154	15109		614775	626656	689638	
0.6077	0.5729		21192	21486	21257		587200	587972	605652	
0.1775	0.9082		17930	18098	18291		591789	597601	622074	
0.9747	0.5829		25971	26144	26139		606209	608738	627274	
0.2006	0.6675		16980	16940	16640		621419	655936	659622	
0.0675	0.7353		14685	14658	14766		503424	500079	506590	
0.7349	0.9272		25769	25686	25558		563731	564818	581243	
0.0675	0.7199		15670	14637	15702		593594	541156	622894	
0.539	0.4184		17002	17973	17471		524533	594805	584875	
0.6748	0.7489		22458	22594	22469		607970	628892	649005	
0.2693	0.8751		19903	19890	19384		587759	590355	593454	
0.7244	0.4799		19994	19869	19805		564940	579618	606975	
0.5525	0.3614		17425	17577	16691		590742	586914	538311	
0.8534	0.2224		17763	17554	17867		594507	609096	634883	
0.7026	0.9317		25877	25986	26039		607132	639066	668303	
0.1765	0.4392		14318	14305	14725		589135	598099	633933	
0.909	0.7993		28551	31207	28387		607510	585203	643989	
0.4804	0.6435		20046	20058	19640		584556	573001	542773	
0.0505	0.3649		12455	12638	12793		578906	582023	616747	
0.6586	0.8524		24734	24668	25392		605499	635590	658728	
0.0603	0.2974		12627	12556	12610		582285	605819	640139	
0.8003	0.5127		23097	23087	23086		562593	571607	630385	
0.7828	0.8373		26065	26465	26605		594746	624714	650950	
0.7862	0.5659		23900	23628	23657		550271	576949	593865	
0.7554	0.5026		23596	22392	23008		626156	558564	655084	
0.5574	0.5635		20048	20017	19863		550968	558885	561588	
0.4185	0.8274		20330	21343	20359		567565	691140	608196	
0.3883	0.7168		19274	19343	19820		592812	587790	627796	
0.3654	0.6097		18011	21099	20875		625325	651533	573493	
0.7221	0.8208		25524	25805	28968		642708	664266	685676	
0.4497	0.7013		20309	20247	20320		597507	627045	626883	
0.6566	0.8421		25081	25139	24927		592917	592785	618435	
0.6837	0.4214		19552	18935	18292		615054	566101	555495	
0.644	0.512		21567	21714	21857		596292	608820	620265	
0.4327	0.1221		13483	13690	13695		562991	603153	645622	
0.612	0.8351		24136	24222	24207		621845	624072	633315	
0.3227	0.6122		18017	17877	17981		619241	633084	647517	
0.1861	0.1342		12307	12302	11953		565667	569303	555285	
0.3376	0.6288		18367	18360	18393		615631	618518	636830	
0.8158	0.7922		26221	27485	27507		553300	639221	649238	
0.4282	0.2465		14043	13812	14671		520776	525980	629366	
0.7381	0.4606		20336	19899	20255		624679	590092	604809	
0.8831	0.0613		16095	16970	16831		585714	667007	675451	
0.2741	0.888		19628	19892	18723		538402	576636	516519	
0.428	0.7236		19617	19442	19396		592103	599014	617453	
0.1479	0.8941		17768	17733	17955		563657	573759	614185	
0.5562	0.3138		17018	17074	17133		587733	588656	613315	
0.1851	0.8408		17489	17095	17124		590099	555560	562661	
0.3685	0.9813		20821	21036	21068		634812	644123	685137	
0.2309	0.2783		13988	13937	13966		589341	580492	597329	
0.4398	0.6975		19912	19128	20086		546144	519089	583285	
0.2432	0.0661		11910	11989	11967		567726	572807	583160	
0.854	0.4474		21181	21182	22878		583109	580464	652336	
0.5623	0.3187		17495	17515	17598		643126	639553	666370	
0.4211	0.1132		13822	13871	13946		600479	599174	644514	
0.7515	0.2709		20234	20248	20462		665579	700539	709779	
0.6141	0.8944		24375	24632	24664		642728	681373	667030	
0.9636	0.2593		22223	22057	22113		629743	652365	652800	
0.981	0.5933		26244	25990	26094		625304	618041	674151	
0.7434	0.1197		15653	15522	15524		562465	561879	564102	
0.7073	0.4709		19959	20099	19971		583051	582415	604255	
0.6907	0.5529		21346	22549	21403		578285	661940	592881	
0.8316	0.9672		28442	27360	27977		616416	540442	589813	
0.66	0.5381		21606	21814	21818		635947	644302	678012	
0.9264	0.4223		21870	21892	21844		627737	626803	636088	
0.4333	0.8088		21078	20809	20774		624640	614111	659326	
0.3551	0.5802		17608	17941	17906		615777	624239	668460	
0.4554	0.8772		22526	22475	22451		623244	634635	632335	
0.8565	0.3517		20816	20920	20978		627870	638694	656323	
0.2657	0.9253		19685	19952	19864		630956	635591	626499	
0.9268	0.4622		21732	21652	21947		553242	552168	551223	
0.1917	0.4548		15550	15146	15288		621663	629099	644888	
0.2353	0.7377		16853	17537	17450		570399	604736	610224	
0.3806	0.4696		17261	17282	17348		605087	594101	621243	
0.175	0.9085		16985	17085	17030		564372	575926	582308	
0.4229	0.7593		21591	20266	22804		577609	586846	594589	
0.6662	0.5783		22065	21842	21652		571499	550840	556515	
0.0939	0.7875		16363	16337	15357		639289	641713	568173	
0.8385	0.8235		27304	27709	26680		596644	602436	557054	
0.5003	0.5434		20028	19617	19547		585714	560955	608676	
0.3209	0.7814		19916	19911	19974		654629	640781	687868	
0.7738	0.1507		17318	17224	17950		587476	618139	625607	
0.2893	0.5274		17034	17135	17066		610608	633005	631102	
0.7988	0.4425		21061	21057	21134		602102	646180	631998	
0.1543	0.4124		14406	14420	13957		669646	630444	648715	
0.1473	0.2731		13672	13732	13807		599541	603252	608530	
0.2912	0.3393		15273	15105	15154		583783	602419	648147	
0.8009	0.13		17217	17377	17341		607804	629209	662080	
0.8636	0.2306		18209	18202	18297		605638	612333	612805	
0.9398	0.5043		26005	25824	25295		628600	619106	602916	
0.7812	0.1366		17238	16237	17505		611374	550817	620815	
0.8734	0.1686		16393	17083	17032		577026	586238	585423	
0.3641	0.8444		19210	19705	19218		548833	655892	562563	
0.8291	0.4438		21158	21148	21278		597775	602382	597782	
0.3931	0.8308		21111	21526	21080		565643	592197	568298	
0.6427	0.1592		16108	16270	15798		616554	640314	574134	
0.608	0.221		15715	16414	16296		653861	660388	668621	
0.4314	0.2074		14702	14762	14649		630407	622563	636306	
0.1612	0.6116		16094	15912	15528		664552	665606	691663	
0.5166	0.836		22115	22042	21965		550468	549728	552468	
0.3456	0.4176		16032	15024	15061		657438	561681	561911	
0.7558	0.774		26677	25613	26734		617034	565263	647073	
0.5436	0.6395		20369	20524	20472		587556	584066	588270	
0.2154	0.4029		15061	14974	15024		633146	634112	681396	
0.5868	0.9594		24635	24841	24804		621782	650445	651528	
0.1417	0.3123		13499	13626	13495		625980	622424	641503	
0.9749	0.2576		21460	21738	21681		597081	594678	591611	
0.7323	0.9999		26212	25774	25905		661796	618771	628550	
0.6697	0.5858		21662	22063	21925		601478	630422	651502	
0.273	0.3931		15654	15703	15645		587576	595518	627643	
0.9091	0.9939		29098	28721	29063		650609	636421	630918	
0.5114	0.9171		22806	22977	23032		610085	618748	649594	
0.8566	0.1226		17071	17017	17102		635532	655244	697236	
0.4277	0.526		18939	18708	18693		591336	613278	632643	
0.7863	0.173		17370	17149	17358		638023	636879	689327	
0.7289	0.6589		23410	23165	23163		617119	615410	655469	
0.9468	0.9122		29987	30196	30333		639427	670629	654462	
0.9753	0.9807		30417	30493	30310		642938	659312	622363	
0.267	0.7452		17714	17948	17945		615208	626942	625197	
0.3369	0.9943		20677	19675	19769		649431	575460	590536	
0.8099	0.4148		20903	20837	19758		636197	644244	585834	
0.2526	0.5588		16805	16027	15947		625814	571055	569911	
0.5644	0.9036		24012	24194	23494		614506	597250	578368	
0.0517	0.2558		12465	12511	12599		612236	618990	631410	
0.2164	0.7081		17272	16559	17420		651837	690409	698747	
0.383	0.9385		21512	22058	22197		589128	633664	672149	
0.9579	0.3846		22868	22850	22277		679597	685429	637173	
0.2155	0.4111		13940	14016	13930		536530	541558	540961	
0.5224	0.5206		18990	19581	20162		577727	622536	680830	
0.576	0.5021		21097	21183	21157		691394	707385	712732	
0.8825	0.3729		21493	21515	21572		700381	705323	723769	
0.3434	0.3053		15329	14835	15323		613201	636280	636687	
0.8492	0.3988		21359	21341	21565		603648	637735	683323	
0.3922	0.9168		21704	21782	21988		617787	626964	605465	
0.5809	0.9961		24668	24510	24324		649264	636225	633132	
0.2979	0.9128		19738	20215	20119		664505	669318	708592	
0.365	0.3589		15753	15797	15806		627673	634977	630229	
0.7201	0.6264		23350	21957	23401		621423	547652	635621	
0.8289	0.9521		28689	27890	28482		640111	595788	655056	
0.0686	0.1421		10905	11740	11607		560347	603818	606888	
0.0534	0.1615		11604	10632	11600		620448	543250	644945	
0.6719	0.9122		24293	24243	25464		591019	563929	644508	
0.3577	0.6588		18459	18339	17931		619295	622952	586356	
0.6029	0.8304		24039	24139	23502		654476	685870	679867	
0.5372	0.453		18341	18331	18344		592299	604415	611982	
0.2264	0.203		13345	13536	13253		694427	704365	714160	
0.4259	0.94		22212	22278	22110		642201	600877	649064	
0.7354	0.5181		22571	22455	22323		655958	687850	714503	
0.8207	0.5412		23682	23320	24081		571513	582790	633630	
0.1397	0.692		15790	15404	15640		529819	547206	538510	
0.8351	0.5496		24119	24150	24294		715005	734555	740808	
0.9208	0.1162		17132	17055	16405		588428	584305	564503	
0.892	0.3552		20531	21628	21306		559319	668761	662596	
0.9406	0.2639		22166	22093	22139		648662	666156	645460	
0.1103	0.4993		13215	13142	13021		543983	554356	543493	
0.5873	0.4055		18415	18337	18416		550014	561852	570118	
0.9273	0.4981		21092	21043	20971		558522	565158	579903	
0.0504	0.9096		15149	15983	16213		603578	691222	720350	
0.0714	0.568		15002	14104	14067		644627	556582	555153	
0.2105	0.5868		16184	16237	16278		573482	598863	607214	
0.6803	0.6776		21221	21232	21288		563597	585835	591959	
0.6768	0.909		25016	24809	25129		588982	599405	599991	
0.6356	0.6255		22029	21956	22766		611057	610818	660829	
0.8923	0.5025		24802	25013	24805		654300	703716	698897	
0.8199	0.1282		17622	17605	17670		611789	623665	666180	
0.6686	0.3666		19109	19147	19120		666040	658014	679451	
0.195	0.9417		18883	19267	19163		593881	633563	617226	
0.4609	0.1356		14619	14653	14652		611129	644885	666627	
0.6665	0.0608		14489	14244	15235		558318	558944	655555	
0.8594	0.1082		17150	17035	17092		603542	625998	614158	
0.9544	0.5011		25742	25783	25773		653575	677551	700560	
0.5363	0.0551		14176	14053	14116		649745	658310	671066	
0.4429	0.1644		14737	14667	14648		657559	667108	676104	
0.267	0.9121		19754	19653	19795		620844	655519	658291	
0.1856	0.7989		17237	17213	17126		638093	669116	665803	
0.3507	0.4401		16651	16279	16322		640412	655292	625436	
0.847	0.3153		20907	21281	20988		651231	688478	679831	
0.8204	0.504		24300	24149	24369		661665	691182	693534	
0.7744	0.5713		23720	23927	23738		678621	669511	696717	
0.3683	0.0938		13051	13104	13118		685860	708882	717080	
0.8197	0.7446		24994	24866	24994		659744	687697	707392	
0.6312	0.2834		18699	18648	17689		621745	635648	546382	
0.9678	0.6736		26635	25304	26645		666648	583067	676069	
0.7218	0.8993		25179	25660	25264		559158	604700	574517	
0.611	0.4091		18465	18851	18795		628314	657088	653029	
0.1327	0.481		14277	13664	14735		555050	553229	621436	
0.53	0.7509		21687	21729	22725		591782	588764	671004	
0.2961	0.805		18973	18958	19072		661841	702640	690655	
0.114	0.2973		13124	13109	13092		601620	606856	619347	
0.6955	0.0577		15429	15751	15498		637214	632351	605108	
0.4275	0.9981		20819	21925	21662		557069	659228	677884	
0.5352	0.9599		22458	23716	23804		573030	663967	681302	
0.7317	0.557		21818	21968	22624		594825	616110	683628	
0.1035	0.7961		16413	15462	16495		660383	581005	692928	
0.8982	0.3806		21957	22019	21954		679705	687694	693069	
0.2226	0.4749		15036	15398	15242		585998	645718	639986	
0.0946	0.647		14558	14353	15436		516590	516667	639085	
0.3278	0.3992		16037	16078	16058		615772	622376	652664	
0.691	0.473		20197	20145	20249		615098	639353	651933	
0.6035	0.9237		24648	24778	24474		636808	656600	676818	
0.7281	0.9051		26239	26325	26321		640023	677389	671331	
0.8545	0.1759		17650	17646	18338		626959	630710	672869	
0.6302	0.6509		22392	22456	22536		645574	700043	717972	
0.1709	0.6348		16267	16319	16130		654867	692917	683493	
0.9953	0.2785		21982	21434	22015		607200	653464	662877	
0.5146	0.6871		20451	19484	20637		608468	559752	654081	
0.1984	0.81		18022	18084	18124		582998	607409	609835	
0.095	0.2527		13060	12615	12999		623771	602638	663284	
0.0709	0.6471		15570	15119	15060		633559	598733	605738	
0.8862	0.9121		29072	29192	29108		635117	624485	666031	
0.7969	0.8744		26715	26648	26778		610531	633585	640328	
0.0902	0.6417		14552	15172	15504		517065	563257	615835	
0.2045	0.4739		15359	15350	14322		640427	672528	567521	
0.9609	0.0707		17026	17097	18064		538157	557533	675647	
0.9816	0.95		30384	30594	30712		697390	691205	718366	
0.4545	0.497		16537	16492	17583		560606	568028	691366	
0.4385	0.0681		14212	13167	13699		694784	587861	593716	
0.5879	0.5762		21332	21493	21209		685950	677743	690152	
0.7187	0.0707		15678	16256	16040		624494	672815	668978	
0.2221	0.5527		16403	16718	16504		647762	647643	670319	
0.8666	0.4311		21344	21278	21834		616421	616517	648993	
0.362	0.9896		21176	21188	20951		620245	663985	657244	
0.7561	0.8586		26936	27060	27340		621667	648079	631210	
0.2419	0.2938		14612	13971	13986		583114	567656	565258	
0.488	0.4479		17429	17296	17221		568452	566804	594651	
0.7225	0.4194		19890	18856	20328		601283	534529	617024	
0.7815	0.6198		22996	22887	23110		590618	590616	614226	
0.3542	0.4488		16411	15386	15446		661371	571246	589483	
0.4385	0.3858		17462	17311	17433		633680	636134	653718	
0.5436	0.3908		18069	18058	18136		632006	682115	679479	
0.5126	0.9675		23953	23891	24118		618795	616508	655739	
0.1376	0.7753		17268	17190	17381		609392	648750	660802	
0.8121	0.7272		24271	24210	24298		591774	611135	628573	
0.482	0.4673		17705	17742	17782		625896	596098	626884	
0.5087	0.2347		15236	15268	15370		552569	554677	569249	
0.0854	0.4834		13730	13695	13827		569792	572882	585870	
0.9721	0.149		18476	18650	17766		621916	626141	555892	
0.618	0.8165		23553	23564	23618		588486	581462	611884	
0.6937	0.5299		21892	22020	21936		574252	597952	599905	
0.4001	0.7036		19274	19247	19422		639073	650697	714955	
0.5015	0.9499		23184	23170	22623		589078	609100	575051	
0.8634	0.5332		23948	24107	24241		588955	605927	656983	
0.7542	0.1845		17176	17232	17153		638074	631401	672851	
0.7697	0.2086		17862	17906	17427		629216	629508	586747	
0.1701	0.1905		12419	12390	12465		563895	565542	569623	
0.6636	0.2088		16404	16530	16391		579347	581841	594865	
0.8781	0.3284		21576	21613	20586		615328	636246	555801	
0.5527	0.5252		20191	19154	19095		602541	522947	543616	
0.7538	0.2546		20096	18897	19086		636735	573141	588052	
0.6094	0.3807		18833	18652	18470		633192	632963	604222	
0.2025	0.5931		16305	16169	16229		584928	587150	587336	
0.4388	0.7069		19804	19973	19957		548756	574957	573440	
0.1412	0.9244		17067	16934	16915		654524	555477	574404	
0.0769	0.9276		16097	17112	16075		550669	627302	559257	
0.9613	0.2388		19548	19083	19374		616606	625239	673972	
0.5147	0.1198		14810	14867	14594		637258	656846	698732	
0.2022	0.8096		18256	18435	18184		648617	672233	626463	
0.9207	0.3275		21718	20524	20489		662747	569700	576702	
0.218	0.1131		12025	12084	12070		593100	614342	627060	
0.2897	0.3191		14611	15325	14552		676414	690230	703518	
0.3737	0.9354		19252	20493	19276		572603	692231	582886	
0.6447	0.8944		25165	25111	24925		601426	616637	627307	
0.1159	0.0657		11174	11116	11082		574712	604976	600190	
0.6939	0.9249		25952	26203	26131		641594	660245	703056	
0.186	0.4971		14477	14325	14405		636079	664894	678577	
0.7296	0.6801		23157	22661	22866		656615	695702	694545	
0.6243	0.2757		18297	18201	18162		673178	650152	647495	
0.2928	0.3861		14706	14655	14648		537648	537330	546012	
0.4154	0.7827		19696	19993	20036		575618	576757	582531	
0.3762	0.0694		13122	13485	13351		595824	608861	622961	
0.1419	0.2821		12684	12742	13983		580053	582819	687714	
0.615	0.7228		21021	22168	22194		562793	651157	659411	
0.4078	0.8383		21313	21461	20435		610160	645197	559008	
0.1727	0.9618		18345	17261	17972		605305	568809	653796	
0.9994	0.7734		29156	29294	29346		651937	699142	697211	
0.4095	0.0885		13879	13654	13848		623358	622001	696007	
0.8088	0.8853		26745	26670	26760		603897	615946	607238	
0.7536	0.6182		23208	23323	23757		602484	640943	696445	
0.1869	0.9327		16810	16751	17826		565099	566715	672212	
0.1772	0.257		12859	12713	12723		596490	587716	608693	
0.5846	0.937		24477	24418	24119		670465	661127	665631	
0.5768	0.3974		18737	18847	18900		649161	655577	661919	
0.6312	0.9192		25087	25389	25328		644460	688328	666286	
0.9549	0.9318		30194	29977	29785		657772	675453	696127	
0.6972	0.1779		16164	16195	16139		556938	578285	596049	
0.6747	0.4606		19796	19539	19711		692789	669149	690664	
0.3657	0.8342		20267	19995	20225		664423	628509	698248	
0.4435	0.3534		17114	17147	17084		618528	631511	669586	
0.6256	0.7833		24695	24850	24853		636110	668628	695607	
0.0766	0.9685		17131	17080	16945		589409	589391	600732	
0.7832	0.324		20503	20666	20432		626660	608254	639222	
0.2921	0.2011		13760	13798	13833		608011	626462	666100	
0.7499	0.3792		19879	19805	19848		606997	607037	610146	
0.6152	0.6623		21565	21831	21798		671167	669055	686175	
0.1172	0.29		13163	13046	13059		646828	698158	698412	
0.2129	0.5614		16161	16256	16210		630770	655739	674255	
0.9954	0.7373		26681	26974	26562		681158	704331	708808	
0.4176	0.5852		19140	19039	19138		608361	661733	678468	
0.9227	0.4444		22374	22262	22354		649025	660672	687272	
0.8065	0.6842		23880	23853	23971		644857	672828	689631	
0.3884	0.1124		14038	13958	14563		679892	674653	700167	
0.2035	0.389		15362	15022	14835		618156	652734	607574	
0.4453	0.2212		14083	14742	14726		557568	617640	596635	
0.5999	0.8559		23674	23526	23485		621852	642728	655149	
0.74	0.2542		19275	18735	18774		654113	590098	610854	
0.0711	0.19		12014	12501	11310		588388	634530	556730	
0.7713	0.8814		27284	27296	27358		661836	678237	730775	
0.0515	0.425		13130	13225	13187		595600	616864	660577	
0.4445	0.6161		22719	19724	19608		654234	650478	690783	
0.9482	0.9993		30207	30500	30415		673475	701573	713564	
0.2108	0.4283		14055	14067	14908		560414	577869	639147	
0.2745	0.7538		18666	18692	18815		623063	619350	628206	
0.9445	0.3825		22223	22640	22867		567589	659944	675103	
0.3957	0.3273		16633	16586	16616		637047	642609	652430	
0.3504	0.4292		16199	16336	16203		625816	680696	675470	
0.4748	0.7382		20341	19309	19960		663502	581204	617920	
0.3834	0.647		18429	19503	18572		553614	662213	582030	
0.9178	0.1952		18736	18301	17601		676862	626495	597251	
0.6083	0.2003		15248	15839	15838		555242	609986	609551	
0.7747	0.1306		17340	17279	17422		660553	675048	682396	
0.8697	0.9947		28088	28312	28151		684462	707878	688762	
0.6761	0.4298		19422	19483	19442		642466	657752	678632	
0.2988	0.802		19170	19247	19073		625111	662066	700254	
0.2953	0.907		19639	19735	19759		626562	651991	668746	
0.7994	0.6388		23988	24119	24147		629127	679048	697581	
0.908	0.6065		25107	25067	25126		608188	650537	664294	
0.89	0.0507		16999	16995	17060		664526	636241	691612	
0.7858	0.971		27717	27820	27649		613983	670653	683267	
0.8992	0.4609		21776	21732	21878		607977	632891	633079	
0.5371	0.4449		17897	17903	18024		558253	581877	592119	
0.6677	0.7095		22330	22255	22218		583758	606722	620104	
0.6296	0.2317		16391	16472	16744		558224	580018	664280	
0.9932	0.1581		18134	18179	18104		602301	607466	610285	
0.9139	0.415		21552	21952	20968		593637	643899	562776	
0.4109	0.6731		18443	18344	18965		540628	559096	592108	
0.193	0.2309		12314	12328	12368		584550	594177	594796	
0.2425	0.2547		14383	14347	14414		631110	656680	656421	
0.4535	0.9863		22924	21844	21680		646447	589939	592362	
0.5753	0.7919		23767	22841	23748		634511	565032	649077	
0.6235	0.7891		22574	22517	22598		570706	574398	592772	
0.508	0.555		19515	19548	19555		580496	620596	586164	
0.4255	0.2724		16299	16258	16347		620613	630866	689463	
0.8682	0.0858		17014	17245	16923		636334	605676	648341	
0.2195	0.771		18333	18109	18216		644158	654974	680985	
0.6104	0.5316		21069	21273	21130		619779	652950	650682	
0.6862	0.9937		25407	25446	24224		647371	685605	592556	
0.943	0.7896		28381	29198	29252		570635	620428	660859	
0.05	0.2406		12070	11913	11907		648936	657815	695690	
0.8847	0.5168		24827	24919	24951		657984	683823	708255	
0.9099	0.1197		17460	17536	17521		634337	657721	663877	
0.4309	0.8745		21173	21226	21099		657982	681902	697076	
0.0868	0.602		15114	15220	15101		648442	656802	688979	
0.3148	0.5361		17670	17755	17808		623682	666258	687970	
0.3855	0.9939		21806	21953	21873		673561	689795	710375	
0.9668	0.3015		22021	22115	22116		645093	641643	655936	
0.2377	0.4349		13944	14622	15023		568876	596772	664735	
0.5343	0.4889		18363	18232	17321		644042	670162	568261	
0.6158	0.9227		24182	24501	24378		620185	671281	667636	
0.881	0.9154		29173	28024	28835		669720	591580	676305	
0.9601	0.9718		30429	29251	29565		659355	575100	581141	
0.7745	0.9099		27389	26207	26197		652811	572164	579182	
0.7069	0.7223		23725	23640	23519		671502	706966	690019	
0.6724	0.7392		21716	22902	22894		542752	646075	660732	
0.5148	0.2747		16995	17021	17072		559821	576845	580189	
0.5057	0.3755		17662	17700	18092		609272	572636	646800	
0.1512	0.3219		14076	13978	13077		650320	684930	577053	
0.5092	0.7218		20819	20083	21059		655397	585864	696620	
0.6837	0.2763		18920	18720	18730		625779	648973	612034	
0.2808	0.1878		12855	13370	13450		564792	598361	584250	
0.3863	0.8075		20796	20997	19714		644071	668699	570073	
0.243	0.1051		12034	12022	12068		540682	544305	557887	
0.922	0.3865		21767	21600	22119		607152	578940	647672	
0.3059	0.5581		16614	16830	16956		603103	602124	612284	
0.8277	0.8722		27458	26258	27452		626681	546295	663743	
0.791	0.8994		26933	26976	26896		608259	613068	612961	
0.7847	0.4131		20539	20593	21154		582978	592097	670103	
0.8332	0.2227		18237	18488	17359		621512	622261	570235	
0.0828	0.5815		15046	14151	14702		607439	552627	590119	
0.5557	0.7463		20406	20471	20420		576596	576759	580501	
0.0597	0.694		15144	14148	14159		680750	601002	617481	
0.4011	0.5377		18871	18710	18694		614300	629361	673269	
0.695	0.9435		26452	26046	25953		615253	579987	599296	
0.3336	0.2754		15444	15542	15549		614650	631332	678328	
0.8	0.5575		23463	23347	23323		584496	600807	654561	
0.7893	0.284		20257	20339	20224		640287	644091	681033	
0.4455	0.6242		19527	19613	19472		623179	666148	687570	
0.0822	0.1362		11910	11953	11887		606545	607153	603874	
0.3643	0.4192		15983	15786	15773		577219	572642	574638	
0.399	0.9425		21300	22179	22059		568935	655591	643034	
0.6415	0.1856		15175	16195	15575		551369	626546	592299	
0.2036	0.6936		17326	17366	17330		649523	658311	673327	
0.1931	0.7645		18248	18395	18123		625071	626827	624426	
0.5797	0.2298		15767	16372	16349		627012	614930	619723	
0.9625	0.6548		26602	26473	26507		649679	650548	678493	
0.7934	0.8879		27383	27535	27333		612363	620722	614090	
0.2403	0.5066		16177	15790	16332		632445	630704	636777	
0.8821	0.7778		28565	27449	27454		639125	554382	572777	
0.1651	0.7715		16973	16261	17047		531840	528033	585292	
0.4278	0.4547		17012	17267	17373		588957	622792	625333	
0.6972	0.933		26338	26020	26107		607997	612304	667612	
0.5282	0.722		21062	21136	21318		643072	637151	669572	
0.1276	0.6389		15797	15876	15911		583034	583986	613854	
0.513	0.4836		18413	18472	18437		619816	623504	639812	
0.9132	0.0509		16002	16311	16062		561247	565401	581263	
0.5477	0.289		17081	17492	17376		551652	619930	673129	
0.3389	0.0827		13130	13202	13149		625358	616852	664066	
0.3225	0.6968		18322	18704	18770		575903	627723	651668	
0.8551	0.9927		28275	28386	28545		650493	708533	690186	
0.7925	0.0986		15736	15799	16987		535292	588627	648170	
0.7761	0.6645		24153	24215	24122		638764	651604	700378	
0.2857	0.8507		19518	18479	18541		612900	538630	564672	
0.7097	0.5917		22696	22704	22925		584705	589537	629338	
0.7187	0.5997		22739	21727	21694		619799	560091	561477	
0.229	0.7609		18177	17266	17917		577156	514047	581718	
0.3519	0.0925		13223	13251	13239		624065	665203	669014	
0.303	0.3857		15699	15768	15200		605406	637440	590996	
0.2413	0.1667		12726	12746	12507		566795	568196	590266	
0.3922	0.4178		16991	17051	17251		599507	602343	614640	
0.3259	0.177		13357	13585	13733		560298	589280	656353	
0.3886	0.1088		13912	13888	13805		630581	632886	643183	
0.0765	0.343		13022	13104	13002		584628	587561	607268	
0.213	0.5838		15634	15593	16695		561125	561188	673871	
0.4881	0.8403		21716	22383	21063		602756	647627	601046	
0.308	0.8139		19281	19448	18390		630927	617417	566184	
0.8746	0.8448		27802	27806	27730		601386	606614	649941	
0.8205	0.4004		20923	20976	20262		573129	569286	568715	
0.0549	0.987		16838	15818	18686		625017	573044	677706	
0.9788	0.5642		26220	25911	26192		633369	631954	692815	
0.7076	0.1351		15999	16171	15504		570624	595659	572051	
0.503	0.1506		15172	15130	14146		601075	646175	558501	
0.145	0.3331		13674	14040	13409		578774	639830	640286	
0.3995	0.4606		17438	17233	16259		614431	661951	570710	
0.8855	0.2496		17670	18745	18739		524168	614709	652298	
0.6419	0.4496		19788	19212	19766		596806	562635	627972	
0.2848	0.6734		17290	17229	17453		564242	564913	579450	
0.7514	0.9146		26820	26806	27017		554496	556259	561963	
0.6719	0.5422		21685	20737	21505		666036	570368	670523	
0.2582	0.4021		14588	15265	15708		547984	612640	665903	
0.3816	0.884		21292	21361	21392		592411	620313	646745	
0.56	0.0651		14483	14603	14761		649742	708466	705720	
0.4833	0.4868		17497	16741	17942		580604	538359	668502	
0.1881	0.2227		13315	12897	12255		624175	661142	586515	
0.891	0.6357		25561	25539	25475		654326	687495	713410	
0.4247	0.9957		21163	20897	20814		552911	565510	580099	
0.6761	0.976		25846	25726	24889		612810	641785	571919	
0.6063	0.0683		15427	15329	15317		613377	644782	649079	
0.6571	0.7199		22706	22865	22989		664103	682837	716755	
0.1001	0.7882		16494	16504	16511		632239	644165	689241	
0.4979	0.7393		20190	20430	20155		612516	646602	676284	
0.7603	0.737		24515	24575	24477		643766	686642	710421	
0.7744	0.9878		27594	27794	27314		651175	673421	623968	
0.4753	0.4412		17387	16746	16722		594714	593089	580468	
0.4308	0.4834		16653	17056	17138		614024	693661	700992	
0.9286	0.8089		28033	28052	28139		644976	677055	688844	
0.339	0.1743		13829	13831	13757		622935	641438	676757	
0.2002	0.6793		16687	16516	16046		578147	587286	580094	
0.2683	0.7113		17137	18104	18203		559348	632725	667889	
0.533	0.7864		22958	22237	22371		659776	601784	625282	
0.5599	0.9796		23680	23596	22555		690990	672092	607982	
0.2386	0.9301		18221	18427	18422		563077	620805	663282	
0.3767	0.8702		21354	21330	21226		603781	636871	667204	
0.7818	0.299		19833	19815	19820		563751	582889	589292	
0.215	0.1543		11886	12051	12907		576310	583772	686510	
0.2793	0.2687		15010	15000	15050		625823	660847	691716	
0.1068	0.389		13858	13837	14054		625155	655146	670446	
0.6186	0.702		22133	22055	21913		673133	654449	696740	
0.6554	0.713		22834	22342	22978		621832	605624	692421	
0.6907	0.5208		22307	22463	22492		645047	655043	652644	
0.3936	0.3982		17088	16681	17042		653719	622486	691415	
0.449	0.3407		17038	17121	17304		619568	661558	688293	
0.1501	0.1581		12479	12453	12460		680687	703162	713271	
0.6396	0.7377		22692	22943	22861		628911	650179	642439	
0.1867	0.9423		18410	18333	17886		638944	668879	634992	
0.2498	0.6339		16942	15986	17080		614352	553115	646913	
0.1485	0.3241		13636	13669	13632		557349	572709	580849	
0.0581	0.4969		13472	13522	13514		577897	592284	638037	
0.0666	0.5712		15197	14659	14743		618556	574342	583013	
0.9587	0.2614		22187	22140	22189		615228	619781	643890	
0.8819	0.7084		25422	25246	25586		646076	654582	660119	
0.6088	0.7614		23732	23753	24030		610109	662134	644633	
0.3155	0.3107		15374	14221	14901		618403	542839	591647	
0.492	0.5426		19503	19388	19475		602505	632237	688947	
0.0941	0.7672		16520	16229	16562		647997	658894	692769	
0.7352	0.483		20372	20345	20301		618681	679119	679419	
0.2973	0.9892		20288	20281	20204		584407	628905	634978	
0.2418	0.3089		14251	14340	14308		603734	620738	655008	
0.5498	0.6572		20122	20461	20049		610129	649676	600323	
0.4695	0.165		14682	13838	14307		645923	569268	599826	
0.9363	0.5166		24805	24654	23729		666207	674960	601236	
0.8005	0.6479		24359	24149	24334		633107	647119	673327	
0.898	0.3142		21542	21667	21713		634217	659641	700657	
0.2027	0.2535		13975	14035	14380		607331	636929	654809	
0.4696	0.7167		20058	20406	20389		590844	659471	691518	
0.3271	0.7853		19599	19629	20151		589564	604699	668576	
0.1779	0.5756		14939	15729	14933		569141	667394	586082	
0.7235	0.6292		21900	22110	22365		564807	565459	578302	
0.5224	0.1447		15160	15320	15449		594001	620655	638467	
0.9191	0.116		17574	17502	17555		639230	625681	665412	
0.994	0.3313		22402	22298	22434		620094	641910	636209	
0.5918	0.9037		24537	24499	24198		621433	637184	657677	
0.278	0.5483		17144	17029	16883		662930	665024	649292	
0.1055	0.613		15186	15055	15243		681444	697954	706797	
0.7539	0.398		20830	20964	19791		654623	681957	680681	
0.4769	0.6941		20448	20802	20357		656026	688671	689297	
0.5735	0.2215		16484	16392	16433		633764	664455	660841	
0.6377	0.7886		24674	25065	24930		646903	654276	661851	
0.7288	0.5191		22810	22615	22540		673154	683978	705846	
0.6721	0.6709		22642	22588	22771		646109	643605	676355	
0.6442	0.5904		22180	22185	22332		634279	629001	656347	
0.5657	0.3451		18621	18341	18665		651051	657761	689666	
0.666	0.1351		16529	16278	16438		632421	649236	667892	
0.6252	0.9253		25501	25293	25585		680763	702403	732812	
0.6404	0.8852		25456	25530	25234		603228	638052	630193	
0.2457	0.1337		12512	12445	12507		546956	557373	575895	
0.9034	0.1269		17944	17900	18051		610461	656083	671143	
0.6339	0.2327		16589	16662	16904		595606	622978	680791	
0.1251	0.929		17535	17710	18142		596704	626786	689624	
0.1074	0.0805		11511	11491	11526		578045	633412	618059	
0.7197	0.8301		26011	25810	26047		708220	712991	711983	
0.2585	0.4208		15708	15823	15870		681576	686253	680991	
0.6059	0.3889		18948	18840	18972		647197	652713	671329	
0.4542	0.2346		15334	14750	14945		645976	597090	608863	
0.073	0.8008		16412	15530	15392		655213	596486	599714	
0.4038	0.3082		16197	16167	15232		596769	643679	553239	
0.344	0.6259		18410	17978	17934		617999	585160	607428	
0.6137	0.4149		19005	18532	18652		683972	670817	713008	
0.9413	0.6431		26434	25387	26669		658626	568296	654158	
0.6041	0.4429		19147	18908	19161		605651	607642	582572	
0.6657	0.2009		16876	15836	16488		672878	586419	608146	
0.9575	0.4692		21941	23010	22906		537082	653917	653672	
0.1252	0.3926		14073	14408	14051		580217	642530	597051	
0.2663	0.6477		17873	17957	17910		629162	641288	642111	
0.4553	0.1959		14208	14119	14759		605713	601530	643450	
0.8815	0.6476		24361	25707	25072		577177	683300	615034	
0.9645	0.5838		24939	26251	25077		548331	641854	551279	
0.8563	0.7583		27666	26385	26431		684438	563196	581422	
0.2587	0.6752		16728	16809	16876		531579	547451	554424	
0.7805	0.9985		26129	26339	26260		540406	563298	568049	
0.3891	0.7887		20705	20772	20471		580529	587182	589920	
0.6558	0.1333		16204	16244	16280		612180	614516	636480	
0.1246	0.4326		13659	13688	13615		631840	658770	680361	
0.2248	0.8678		18522	18542	17331		646469	620183	560352	
0.1745	0.314		13603	13599	13986		612091	606413	698470	
0.1876	0.3429		13635	14221	14724		570106	550708	675313	
0.468	0.1027		13788	14158	14159		602476	647160	674004	
0.732	0.5771		22816	22775	24804		651748	650622	686891	
0.4359	0.5834		19242	18810	18999		673466	684855	705560	
0.324	0.4492		16498	16640	16579		617507	627350	651162	
0.5694	0.1414		15704	15773	15852		686610	693464	723284	
0.3981	0.7916		21344	21386	21175		684307	692082	705564	
0.1991	0.2892		14385	14467	14593		608279	637580	679647	
0.732	0.5104		22698	22497	22415		622053	644191	667484	
0.3513	0.8743		20202	20060	20125		620271	671860	699301	
0.5238	0.7725		22964	22829	22995		664508	653472	642059	
0.8117	0.8151		25683	25808	27220		562077	565010	677372	
0.1695	0.1467		12110	11992	11439		584580	605744	591210	
0.4475	0.837		22264	21164	22204		603017	554494	649544	
0.6865	0.4713		19655	19363	19783		610622	628316	612100	
0.5744	0.9761		24912	24826	24672		626623	652292	663380	
0.2841	0.6268		17791	17855	17941		624880	649899	649544	
0.1354	0.104		11991	11962	12011		635017	683768	688600	
0.2246	0.7735		18368	18345	18332		672080	667949	691743	
0.0595	0.9272		16359	16430	16468		651093	666413	667919	
0.4521	0.6193		19627	19589	19098		651936	634978	588786	
0.6352	0.7022		21989	22870	22782		578451	644980	642591	
0.2366	0.5636		16663	16446	16746		627780	644512	642764	
0.9235	0.259		21521	21318	21364		657071	699331	698742	
0.5067	0.7684		23048	22854	22796		647965	644821	655446	
0.2032	0.2425		13289	13213	13278		689770	688894	673906	
0.7636	0.235		17957	17984	17699		632976	677520	664914	
0.9971	0.787		29246	29559	29443		729604	734812	752421	
0.3459	0.2243		14259	14478	14276		653289	661847	684301	
0.0892	0.5373		14874	14562	14845		656360	693517	657270	
0.9193	0.3418		21610	21689	21149		685113	670436	624501	
0.4897	0.8253		22292	21992	22225		673037	672282	697324	
0.1183	0.5399		14831	14654	14943		656194	672572	682827	
0.2104	0.2749		14500	14396	14431		645755	650481	645485	
0.542	0.1039		14320	14282	13629		583338	591753	572047	
0.1236	0.149		10952	11846	11986		534548	634842	672627	
0.9425	0.7517		29628	29557	29514		643372	660243	651758	
0.1597	0.3509		13970	14002	14089		621625	641072	652347	
0.3258	0.1069		13174	12605	12554		577684	595969	595296	
0.0861	0.9431		16527	17625	16475		506278	578311	521927	
0.6534	0.8481		24954	24002	25201		583255	533452	603960	
0.5403	0.9261		23087	23625	23633		575962	607855	647812	
0.2646	0.9101		19927	19546	19901		649571	631233	631658	
0.9666	0.76		29608	28405	28609		692930	587860	584988	
0.5174	0.1547		14115	14831	15295		548832	580813	637070	
0.4084	0.3796		16055	16011	15964		582323	581120	590158	
0.6138	0.7524		24053	23828	23978		623654	643638	658663	
0.9453	0.604		26126	26148	26153		639514	647947	656455	
0.0604	0.0588		10712	10806	10772		661986	660733	670900	
0.3136	0.8516		20260	20524	20355		667685	676995	675284	
0.9541	0.7065		26875	26814	26712		697058	705659	697535	
0.1498	0.8532		17931	17751	17791		652183	656935	677838	
0.1734	0.929		18174	18125	17846		639559	646264	668120	
0.9273	0.8509		28771	28752	29109		674162	675166	670839	
0.9558	0.2412		19412	19438	19507		653108	645547	653413	
0.8709	0.0916		16987	16566	18816		620791	579918	584355	
0.3643	0.2455		14160	14393	14185		580123	577993	572822	
0.8664	0.2031		18393	18231	18406		600986	619262	611244	
0.2755	0.2172		13950	13993	13925		646395	643529	631408	
0.5552	0.8568		23061	23073	23089		639198	637625	637921	
0.1185	0.3519		13338	12357	12586		628627	543178	559539	
0.1221	0.594		14085	14107	15103		572263	568602	671251	
0.956	0.7937		29375	29636	29705		693398	702567	714565	
0.3753	0.8587		21412	21711	21518		663059	655700	656328	
0.9267	0.5416		24417	24504	24567		565937	563947	565166	
0.8796	0.1283		17782	18287	18111		636077	638780	672729	
0.1016	0.4719		14143	14020	14185		643142	647666	657334	
0.8784	0.8873		29191	29072	29241		622757	635805	619534	
0.8096	0.0725		16907	16725	16712		600924	628483	625297	
0.8066	0.1845		17292	17051	17210		672527	676569	677586	
0.0548	0.6723		14862	15022	15008		677587	678581	672790	
0.1312	0.2665		14020	13508	13722		635727	678776	657630	
0.7272	0.2899		19463	19476	19523		664700	670898	667483	
0.8013	0.2279		18042	17904	18040		691880	698263	707063	
0.9711	0.797		29641	29422	29132		622543	652897	669281	
0.3272	0.9726		20963	20655	21166		638798	683537	666183	
0.2102	0.7508		18385	18413	18517		625175	660900	671003	
0.0793	0.0529		11245	11307	11215		626853	634412	645110	
0.8435	0.5034		23813	24413	24154		661208	663667	680098	
0.1159	0.0547		11267	11233	11185		616849	617325	603523	
0.3555	0.0888		13255	13198	13298		606637	621721	596795	
0.8545	0.369		20994	20927	20873		636181	626919	662403	
0.4259	0.5172		18855	18828	18856		597130	614003	637368	
0.4273	0.5646		19162	19049	19291		630935	654296	673283	
0.1273	0.6818		15663	15831	16245		605819	621236	644132	
0.4118	0.6507		18419	18435	18403		570293	569578	561792	
0.9147	0.4219		20901	21066	20752		542435	546761	561982	
0.7781	0.2335		18585	18235	18139		624494	632727	677655	
0.2946	0.9746		20249	19809	20125		634923	596761	632042	
0.6201	0.7618		22765	22571	22622		572409	575397	573279	
0.0507	0.7896		15688	15744	15230		658324	654610	620647	
0.8386	0.639		24934	24898	25030		667164	645551	659737	
0.6065	0.7099		22283	22192	21637		676225	638355	602726	
0.668	0.7146		23117	22736	22834		649103	680465	685637	
0.7191	0.6805		22670	22334	22612		582404	605574	599645	
0.7947	0.1486		16163	16296	16382		543031	562116	567489	
0.3952	0.4756		16988	16919	17432		583126	577589	634416	
0.7366	0.4759		19293	20258	20461		551766	639262	656668	
0.4874	0.4972		17623	17642	17572		639690	662146	670355	
0.9859	0.7546		29564	29614	29583		641476	647161	655741	
0.2736	0.0654		11765	11744	13437		553253	539935	621200	
0.9856	0.758		29234	28912	29269		622719	633753	632980	
0.9282	0.0992		17516	17480	16680		640364	677126	582559	
0.5584	0.1121		14200	14243	14081		566451	600687	590077	
0.9416	0.7623		28441	28449	28375		553558	571336	571771	
0.3614	0.9241		20479	19742	20446		640759	573498	667423	
0.3346	0.4737		16396	16546	15432		614907	638059	543045	
0.8485	0.5682		23924	24029	23337		570316	590168	556703	
0.9147	0.2225		18384	18420	18354		559605	580591	571506	
0.161	0.4129		13554	14016	14066		557179	585940	583896	
0.9124	0.5419		25059	23960	24676		649839	560814	638290	
0.89	0.9031		28808	29143	29224		582393	668047	670480	
0.9645	0.5083		25865	25477	25884		630722	662041	658209	
0.9842	0.275		22359	22371	25883		667305	659948	668513	
0.0973	0.959		16494	17557	17050		566410	645194	606899	
0.5655	0.1453		14760	15857	14776		605278	675133	619801	
0.0643	0.8526		16743	16912	16799		658791	659445	672277	
0.5586	0.8606		23044	22967	22933		629691	656638	665000	
0.6496	0.6146		22242	22159	22231		628141	629353	648258	
0.6616	0.3807		19461	19479	19708		658989	635295	662279	
0.0601	0.3874		13291	13374	13377		630630	638291	645157	
0.9365	0.808		28125	28395	28053		639896	681869	673920	
0.9242	0.3109		21309	21327	21347		654027	696477	691890	
0.4383	0.4858		17679	17898	17891		658456	682625	675348	
0.1472	0.5738		15846	15813	15566		635187	683544	687320	
0.6939	0.8824		26372	26603	26360		673529	704449	684030	
0.65	0.6808		22284	22157	22528		634302	661472	607689	
0.6592	0.3938		19314	18488	18459		643021	582611	585607	
0.7748	0.3741		20376	20304	20395		666881	646264	674924	
0.4107	0.5384		18865	18337	18940		670384	616531	680157	
0.2635	0.0912		12522	12494	11888		581284	579560	579512	
0.2156	0.3721		14688	14656	14645		658899	673529	677629	
0.3827	0.2454		14845	14914	14943		619932	643248	642002	
0.9037	0.1719		18219	17618	17659		661422	608088	653182	
0.2566	0.4192		15625	15777	15726		619644	627386	648026	
0.6237	0.2659		18568	18258	18021		623903	632765	629019	
0.7661	0.4751		21195	21187	20062		661670	662322	565330	
0.8861	0.7458		25609	24646	24491		634816	570386	585268	
0.3484	0.2901		15019	15045	14990		598724	597042	601187	
0.4541	0.7351		20355	20631	19460		673128	674767	586158	
0.3031	0.8635		19464	19494	19535		665241	668269	675674	
0.6524	0.3894		19527	19693	19463		636667	658067	662982	
0.9667	0.9973		30372	30216	30355		622833	616331	654023	
0.2407	0.3071		14312	14250	14370		670633	661669	688198	
0.9746	0.7901		29808	29585	29655		638723	629601	682886	
0.2067	0.6489		17210	17157	17293		636954	657118	682343	
0.3282	0.2664		15543	15619	15475		661617	658022	647240	
0.2182	0.1614		12977	13028	13004		649563	647027	662010	
0.7645	0.8106		26516	26500	26608		650270	668169	676933	
0.9788	0.9587		30412	30372	30442		657552	689321	690467	
0.6977	0.0709		16303	16166	16228		663351	679880	708620	
0.3784	0.1225		13391	13787	13397		607177	624576	609033	
0.2589	0.6137		17467	17548	17450		672833	689896	695105	
0.7545	0.1965		17451	17873	17977		652587	654961	661059	
0.4835	0.9694		22798	22437	22520		655082	602384	606201	
0.9278	0.9315		28759	28694	28955		634955	640690	660537	
0.5431	0.7704		21848	22781	22986		601982	699953	706637	
0.3627	0.5647		18136	18028	18227		688607	691814	699490	
0.5736	0.3204		18384	18508	18676		678309	686409	690412	
0.7221	0.1405		16635	16734	16884		612297	625856	633665	
0.6471	0.1687		16276	16231	16340		669603	657992	672942	
0.9569	0.4904		23061	23051	23107		630749	629970	615093	
0.465	0.4888		17671	17851	17820		641975	648556	654083	
0.8841	0.6937		25647	25762	25817		642720	649984	682358	
0.0673	0.228		11997	11988	12035		550539	570677	570944	
0.5736	0.1094		15537	14249	15373		622045	564305	655366	
0.2997	0.2813		15005	13933	15199		633887	594501	662212	
0.1986	0.4771		14958	14898	14291		619203	638210	609336	
0.1785	0.7676		17482	16376	16269		629393	554704	550586	
0.2421	0.9982		19139	19083	19072		652325	637114	651867	
0.8423	0.1845		17592	16425	17570		629207	556757	646973	
0.7401	0.4046		20194	19813	20213		623794	598235	638636	
0.8007	0.6242		23162	23152	22560		612729	625692	597487	
0.3067	0.2911		14987	15080	15107		610925	613854	641318	
0.7784	0.217		17992	16842	18465		663097	568902	639578	
0.213	0.21		13447	13445	15442		687331	677685	688859	
0.1951	0.6126		16807	16814	16733		609363	608261	617787	
0.6116	0.4606		19223	19242	19214		639812	642339	660272	
0.5352	0.928		23363	23538	23697		688039	653913	696105	
0.0621	0.8455		16063	15577	15417		662688	600227	604074	
0.2953	0.5016		17142	16135	16062		642871	547792	549699	
0.863	0.3899		21389	21495	20487		677622	682987	589648	
0.635	0.6973		22915	21732	22923		683461	589321	667677	
0.403	0.336		16481	15753	15627		609140	549231	553152	
0.1732	0.4879		14826	14365	14337		610188	567314	577656	
0.7831	0.8861		27614	27098	27406		678332	654731	680786	
0.2607	0.9564		20197	20183	20217		648895	677229	682369	
0.2926	0.5954		17528	17435	17624		684710	696067	666901	
0.4074	0.0578		13513	13512	14114		626909	624739	635232	
0.5517	0.1411		15312	15166	15270		628743	612100	620585	
0.7893	0.2159		16893	18157	17481		588904	669013	617211	
0.3077	0.1174		11742	12421	12450		561608	591675	592623	
0.4444	0.1092		13821	13815	13866		587013	576590	578780	
0.632	0.4059		19505	19521	19650		636761	657951	660539	
0.1654	0.9323		17949	17848	17899		640937	687656	679408	
0.8811	0.7826		28664	28472	28263		662635	706000	715200	
0.5315	0.8699		22976	23024	22405		632834	671960	606050	
0.1811	0.4807		14222	14605	14345		554532	619848	580994	
0.7485	0.7726		25574	25548	24374		647781	680810	591455	
0.5646	0.7916		23929	23968	22882		657380	635843	573107	
0.2403	0.0528		12259	11214	11272		694584	602188	607668	
0.2093	0.4709		15025	14961	17511		576928	603557	646619	
0.1522	0.6599		16358	16417	16460		698624	700178	683351	
0.6426	0.5851		21790	21698	21567		596344	599868	608668	
0.7784	0.5098		23673	22950	22925		642739	589072	582434	
0.9688	0.0549		17694	17607	17621		632646	655244	665785	
0.6588	0.6742		22506	22649	21344		625246	650271	568552	
0.4822	0.6602		19648	19478	20029		555705	576506	638332	
0.9698	0.0548		17788	17644	16854		683174	675941	591124	
0.4061	0.3536		15640	15524	16724		585081	594787	670981	
0.7778	0.2619		20370	20246	20317		644401	658962	695135	
0.4835	0.4874		18031	17789	18196		690636	662182	650860	
0.0907	0.1616		11629	11624	11647		592404	619327	615576	
0.3507	0.3429		14784	15416	15346		555603	596548	606787	
0.4212	0.1359		14203	14135	14010		580490	582876	583274	
0.607	0.0874		15462	14490	17042		609503	544610	548880	
0.3902	0.8848		20786	22115	20960		553025	630700	563905	
0.5018	0.2483		15648	14657	14687		634034	567954	566299	
0.3401	0.2076		14442	15258	16667		638651	584476	586405	
0.9621	0.7097		26718	26807	25657		649643	663982	566835	
0.9143	0.5233		24904	24965	24987		645083	624772	652642	
0.728	0.5313		22147	22015	22521		589461	593347	638647	
0.9456	0.054		17819	17747	18127		565028	588516	626190	
0.4112	0.0536		13477	13558	13558		605002	634214	626814	
0.1828	0.9829		18428	18396	18374		602988	597269	620187	
0.4243	0.7077		19836	19690	19937		642877	649603	645001	
0.8474	0.9858		28650	28622	28780		627987	647694	645341	
0.2118	0.4978		14344	14177	14231		590915	578272	578136	
0.2491	0.4887		15432	15368	15417		635915	650206	637407	
0.8369	0.4064		20267	20332	20283		559730	573121	571827	
0.6171	0.7841		22955	22919	22820		569832	575305	586628	
0.6513	0.927		24957	24878	24123		556524	563914	534458	
0.7225	0.8852		25054	26083	26231		558166	653580	654929	
0.5406	0.3898		18023	17031	17113		620963	538346	537262	
0.3006	0.8305		19006	19041	19042		596074	596737	594862	
0.2302	0.9592		18328	19354	18304		559510	646588	572129	
0.3851	0.1013		12888	12845	12978		558069	575753	571345	
0.8545	0.303		19738	19663	20854		544785	558473	672620	
0.0839	0.7107		16030	15998	14823		677104	675089	573329	
0.6715	0.3604		19237	17961	19171		692235	601904	714395	
0.5206	0.1567		14193	15217	15335		536336	621659	620923	
0.7478	0.3905		19922	19912	19925		634842	635379	630473	
0.3812	0.5365		19047	18823	18889		609515	649413	653302	
0.0719	0.1166		11140	11050	11182		568338	591539	591416	
0.9574	0.2366		18385	19450	19408		588620	672830	667622	
0.3094	0.7804		19262	19340	18877		618800	668351	603314	
0.8948	0.6662		25850	25075	25030		663970	615973	625320	
0.3661	0.8165		20465	20383	20409		654007	664184	654325	
0.8118	0.436		20581	20203	20679		650008	599677	673448	
0.0846	0.2708		13056	13350	13219		636255	664847	671747	
0.156	0.6636		16370	16371	16404		663263	644186	663947	
0.2225	0.5807		16736	16340	16404		628697	590243	650521	
0.6967	0.2418		17289	17184	17368		626992	617871	614363	
0.1574	0.2857		12941	12661	13944		544468	544765	654957	
0.8293	0.9514		28396	27265	28603		608222	535994	616090	
0.4736	0.9329		21851	22229	22303		560144	606236	622850	
0.7115	0.8531		25599	25396	25812		562366	565097	613047	
0.9154	0.5813		24262	25198	24560		534940	609442	594301	
