28	29	
0.3151	0.3031		24182	21898	18225	21621	21843	28219	19280	19057	19633	25951		1533076	1530509	1369030	1388400	1339147	1745137	1258934	1423836	1387569	1395416	
0.4109	0.0514		17427	15272	15502	16806	18075	18750	12578	19886	14311	15232		1434165	1179019	1314522	1338167	1212980	1332560	1017751	1349641	1056406	1110653	
0.6643	0.3943		23164	22290	31033	21898	34395	23674	25325	35617	20655	26191		1290031	1308338	1466986	1229933	1517916	1381132	1431512	1283545	1117407	1366898	
0.8285	0.4982		31991	37180	29542	37724	27926	42105	54997	29832	25069	28053		1410058	1410203	1372097	1722283	1405343	1334753	1378350	1281074	1222992	1227886	
0.6045	0.1184		27063	17880	16122	27095	25434	19796	26831	17593	18811	24688		1423223	1384706	1276589	1608933	1584681	1509267	1679538	1318437	1343222	1639462	
0.589	0.1874		16954	56519	21946	21046	21418	19799	28332	29563	19657	19238		1236324	1370966	1384147	1312603	1243600	1474567	1294589	1607957	1207898	1290396	
0.9546	0.6877		47046	44697	39875	41618	43635	31738	41167	43746	43226	33382		1463915	1693551	1449923	1538380	1588419	1203219	1436459	1551093	1572320	1125148	
0.1781	0.6441		16576	14248	20807	16805	17982	18189	23465	19809	19447	19454		1025715	981458	1197574	1006778	979827	1043558	1150074	1184003	1103440	1108094	
0.8901	0.0864		23101	20017	21793	21118	22280	22791	23100	20448	28906	29712		1375815	1116685	1104778	1258597	1326663	1257394	1305730	1217071	1300129	1526727	
0.3037	0.7392		40670	24108	22598	23733	24721	32557	29040	21529	22729	25008		1380227	1159570	1192722	1239160	1418953	1287729	1368384	1273277	1237622	1376987	
0.9929	0.8299		47374	58618	37196	45514	45295	48380	45687	46107	47008	45644		1538640	1500307	1391326	1532881	1382852	1331947	1508098	1267466	1461092	1551824	
0.0672	0.2496		13779	14172	19224	15445	10551	19411	11339	15733	12810	18744		1284716	1228466	1417724	1042891	1021999	1386707	1039339	1222140	1178890	1294796	
0.3586	0.7526		21932	34972	22674	33591	26561	29537	26970	35945	22375	27329		1537494	1527758	1238763	1403123	1249655	1481114	1396757	1408936	1257656	1328119	
0.1824	0.9874		28072	28702	28357	19145	26671	20637	23049	49070	33122	20093		1408861	1487661	1480161	1119281	1337789	1059622	1251768	1298760	1428745	1340800	
0.1754	0.8311		19777	30523	22249	25999	27436	18606	21937	19513	22254	22366		1172825	1489985	1295905	1501560	1499670	1001344	1329540	1212321	1282666	1234657	
0.4389	0.7711		27490	27673	31377	29082	30711	21566	28404	32548	28380	25489		1572642	1252963	1341823	1278628	1529205	1175780	1380629	1378501	1452988	1280951	
0.7956	0.8743		43450	43575	35559	34754	35435	45275	37411	49179	38090	42710		1592699	1593513	1368556	1361463	1467895	1393794	1467570	1315438	1371535	1220347	
0.9736	0.6435		41676	38123	33087	34809	37987	34661	35906	42476	41895	32449		1421068	1234699	1106506	1180439	1319991	1289896	1153749	1475841	1504802	1056795	
0.8892	0.7295		33895	33523	36302	35601	35533	38492	34947	43121	34930	34855		1227905	1151843	1271591	1246264	1272912	1326977	1346595	1611657	1187727	1222618	
0.6748	0.5858		36452	48023	38567	30628	28901	33076	30519	30954	30171	43123		1669306	1338126	1511154	1362384	1447302	1478103	1283597	1321479	1380570	1506619	
0.7086	0.9986		45535	35607	45958	36125	53631	38727	38546	34855	36022	34223		1699277	1343429	1521942	1218614	1373284	1301467	1289106	1298005	1170950	1086457	
0.1802	0.1174		14547	31479	13395	15499	15826	13185	21403	14967	15283	17463		1444836	1475901	1347860	1235523	1179999	1244583	1386382	1195236	1278978	1315868	
0.1236	0.1191		12511	12946	18108	12322	11614	11811	9968	19568	12405	14635		1220212	1270590	1570535	1368453	1187638	1126195	1214969	1353876	1302525	1288396	
0.5803	0.8337		45664	41088	38264	28179	30935	32158	29380	28993	33096	28511		1368134	1447885	1529857	1340088	1365637	1329870	1204881	1303858	1387535	1255074	
0.153	0.392		17202	22332	18126	23432	16625	14195	17103	13019	14212	29466		1505077	1530069	1281361	1765903	1191330	1076401	1237987	1219514	1148132	1480835	
0.2321	0.6407		22895	18032	85680	26487	23849	28602	31542	32922	25288	22002		1686585	1405331	2166333	1505240	1389539	1687508	1766446	2340638	1629677	1285272	
0.8601	0.4048		33007	27369	33401	39187	26031	29492	26386	26887	51279	59793		1450212	1252859	1345372	1571843	1217880	1088387	1226983	1161410	1577809	2008843	
0.1566	0.9148		27256	54359	29962	39533	49375	19783	18946	18533	21316	65321		2000551	2029084	2135702	2040048	2276354	2348513	1152771	1168165	2276820	1849542	
0.433	0.2924		38681	29985	26141	19074	24002	19810	25800	18777	18363	19564		1848059	1466263	1390254	1395563	1508589	1456696	1372512	1361564	1289677	1463456	
0.6946	0.8074		39346	31027	29982	38830	37484	34257	41198	33684	34077	35815		1574879	1213972	1086098	1360759	1481064	1323508	1650511	1436826	1430651	1507554	
0.2445	0.574		19433	30173	21739	22051	16873	21323	23389	20948	24252	19772		1441681	1317618	1283872	1433321	1063249	1290423	1225633	1211446	1267058	1189687	
0.8177	0.4946		36176	36200	32317	28309	34729	36185	27839	43912	36948	27453		1622857	1615218	1279156	1279476	1460286	1456546	1426748	1663170	1269773	1381923	
0.9756	0.8958		43933	50569	43119	51376	50796	50820	62676	47945	47208	41126		1578767	1676972	1349588	1423390	1625292	1689303	1645174	1426749	1507784	1247505	
0.3504	0.8642		48292	32027	26620	43118	37934	31212	24917	22789	34034	29608		2126776	1571849	1121177	1442886	1618960	1529470	1537678	1331730	1558591	1488088	
0.8949	0.9397		42316	43695	37409	94447	45807	72927	101672	36198	38964	37139		1364980	1880741	2243332	2435938	1400833	2439309	1858646	1503621	1371533	1429283	
0.7114	0.4828		26232	87270	25156	58980	26081	37981	24788	69557	26482	70653		1743620	1649146	1235829	2019303	1636856	1647762	1458746	1587838	1482317	2618985	
0.9217	0.7946		35529	46877	37673	37254	36967	39329	32915	37582	35583	35305		1487118	1758868	1365081	1148673	1036024	1014002	1226603	1217447	1526497	1254923	
0.0785	0.9148		18782	17139	14960	18229	15334	18070	19582	23160	23783	26197		1259225	1250955	1322749	1249534	994822	1207348	1230820	1302980	1492268	1346983	
0.1366	0.3994		21732	16949	18543	22868	14666	15304	16374	12099	14104	21699		1665559	1312134	1402958	1453637	1268801	1296437	1199008	1040584	1243466	1486101	
0.2925	0.7619		28918	22647	106922	18712	24645	86848	31857	23686	21963	24105		1533154	1295736	2307714	1663044	1654471	1968997	1799027	1333044	1185015	1201365	
0.4583	0.686		24958	32388	25050	27685	34438	24925	25145	25013	23631	33316		1571675	1366771	1385897	1365022	1519594	1308217	1245408	1328861	1130120	1537414	
0.8063	0.9569		43591	38579	37396	41813	46105	45906	43471	36633	40178	36424		1315760	1310102	1374947	1449745	1734703	2064621	1715767	1568059	1220204	1521052	
0.8722	0.2078		26526	31563	25779	24484	22030	23878	33786	33434	21232	23135		1255886	1387913	1475574	1398833	1056714	1327334	1466874	1756056	1206776	1173320	
0.7277	0.9695		37173	36629	35969	38828	61019	42284	38937	44365	41933	37663		1278452	1859380	1519029	1282716	1743850	1572298	1509134	1481111	1532169	1191240	
0.7658	0.5535		29296	33006	75764	41231	37544	33735	35516	28743	30685	29610		1409874	1498271	1638383	1588360	1691869	1330306	1162483	1176831	1293354	1336490	
0.8615	0.7013		69398	43881	43487	33945	43402	35871	43444	32308	34957	33922		1750369	1498981	1706904	1203153	1393955	1357301	1815376	1156139	1328231	1503659	
0.3285	0.9006		21369	24071	30562	25463	25677	37254	27189	21372	25762	31530		1148770	1385537	1478412	1463417	1492844	1581014	1553024	1161323	1249524	1455840	
0.4534	0.5868		24358	28615	21156	26578	35115	22395	28974	30749	22899	24434		1283779	1449906	992675	1306428	1454035	1146816	1246033	1434843	1152779	1232355	
0.7578	0.128		18416	21793	19237	22491	20196	30048	28514	23772	20020	23055		1161307	1309739	1226703	1268772	1345976	1512051	1373917	1257346	1434359	1404070	
0.6462	0.249		29473	20019	29825	29625	30518	29747	19784	20047	22423	21929		1498679	1396253	1450634	1445497	1578165	1415504	1111896	1140282	1192537	1180494	
0.8184	0.1018		20928	20973	33087	26457	28718	25653	19620	19479	49316	27270		1437264	1334808	1613285	1524782	1867609	1583174	1305368	1160028	1450212	1543913	
0.7468	0.7977		65447	33380	40059	31775	33916	40254	33083	30185	39192	32672		1452547	1357099	1382510	1103215	1269971	1454629	1262880	1072495	1195845	1261340	
0.0977	0.2628		20005	20296	12031	15103	15287	15562	15310	21567	21373	19885		1413592	1300732	1008951	1200381	1243001	1482056	1199707	1407131	1586859	1468147	
0.5698	0.5181		25106	25520	25155	24346	25154	29875	25344	26212	34387	27567		1201561	1267777	1395905	1175070	1183978	1322302	1087722	1266921	1540789	1357267	
0.7731	0.1593		35354	36181	25921	22126	20402	29612	23617	30609	21938	22589		1941457	1843329	1354319	1313872	1356027	1305936	1372281	1585393	1507966	1437163	
0.748	0.2884		32306	32713	32464	32320	34705	26542	24545	42606	23326	22671		1902707	1769825	1743560	1499805	1409666	1787642	1341168	1495753	1380896	1281329	
0.4984	0.7771		28237	38845	57641	28755	28132	26654	25742	24357	35979	31429		1392236	1612085	1812518	1374434	1343890	1461267	1106774	1081330	1428416	1502389	
0.5431	0.7786		32909	27057	30276	28274	26697	26953	28119	36712	32111	38740		1264654	1248023	1221778	1178705	1134518	1250568	1310551	1463750	1368242	1420037	
0.9421	0.8685		40276	39616	40538	34460	35754	40832	37137	52334	36790	35298		1498994	1386055	1262878	1237915	1182351	1526714	1325489	1587978	1333034	1038447	
0.267	0.6284		19640	17856	25784	21991	29795	43152	27538	29067	19557	30964		1407128	1366709	1847360	1305916	1640835	2436793	1448858	1504609	1163975	1453678	
0.7678	0.9515		35425	49062	37131	35969	42865	39741	38828	35900	37407	37628		1355502	1385146	1347970	1331391	1405815	1404985	1638295	1345503	1284792	1341661	
0.9491	0.8463		57308	40110	41215	37173	37814	45962	46729	46377	34743	39785		1875285	1317360	1513921	1390835	1207137	1330383	1425691	1654460	1217084	1449658	
0.8518	0.9522		81199	37713	38735	38833	38905	39845	37874	47714	41110	46656		1764517	1366349	1210089	1308044	1361461	1294216	1363803	1657443	1438697	1568051	
0.7263	0.443		50113	29982	30454	38040	24636	29031	25642	37871	29516	24700		1437179	1415086	1559099	1496462	1282939	1520677	1418437	1277369	1300765	1181202	
0.507	0.5251		24181	20148	88303	41781	37163	28454	34478	30769	28582	28873		1349055	1130820	1534233	1631676	1631628	1367632	1750356	1538228	1591402	1462109	
0.4425	0.6024		32774	27676	30034	23482	32124	32856	22537	27152	25868	24649		1481528	1259573	1266360	1270963	1502862	1687123	1238965	1217829	1371763	1356628	
0.5384	0.7803		30895	29299	35551	33771	31803	33227	26610	26391	43817	25752		1407667	1468197	1390274	1446400	1388368	1315698	1237047	1332216	1520772	1056592	
0.0547	0.3963		23795	14025	11458	15988	23138	14559	16598	13647	20388	15461		1540881	1171933	1024152	1110056	1452129	1293283	1172271	1141937	1363535	1220105	
0.4474	0.6067		24573	34132	25444	32989	30126	28695	23572	24642	24679	30250		1244495	1758526	1429489	1670385	1354092	1367149	1081894	1213765	1353774	1453163	
0.6408	0.5985		51440	34729	31645	25077	27058	33707	34708	31732	26481	34566		1590055	1253219	1282342	1069375	1151733	1374622	1515014	1329041	1243336	1550674	
0.6017	0.1938		21459	22510	24014	19346	23409	22066	28804	28474	19416	19667		1315835	1246099	1089114	1129442	1300572	1319944	1421401	1460500	1178914	1157031	
0.4372	0.4216		31079	20161	27067	29263	21426	27698	28703	21564	27798	22255		1625675	1263572	1499208	1485516	1302041	1430200	1572544	1361414	1604183	1550470	
0.8952	0.0593		22093	21288	19125	20124	25358	20417	28914	19866	20423	28995		1291894	1199899	1172057	1251715	1250953	1111794	1359925	1246329	1207821	1405972	
0.8399	0.1038		22320	23098	23026	21482	18467	20686	24806	26226	25378	19436		1256078	1430639	1262835	1421266	1301252	1168627	1100542	1293761	1215687	1182996	
0.3321	0.5372		50200	23489	25484	20040	19192	30820	22431	22936	23759	19622		1639372	1421518	1299813	1268878	1223528	1321683	1282407	1253093	1220391	1243631	
0.712	0.0563		18167	18780	17562	19440	17824	16322	16315	18796	25169	20392		1350715	1304508	1080608	1215665	1206428	1062961	999413	1284132	1483956	1424789	
0.4616	0.7353		25092	27357	32462	30790	25423	32734	27428	26399	22683	33991		1405113	1345192	1437500	1295795	1359795	1353178	1260108	1211684	1223526	1552880	
0.26	0.7716		23671	22621	18830	24242	29518	23104	31830	21580	30008	23944		1394827	1177038	992943	1301523	1561709	1460852	1425347	1236892	1407205	1113239	
0.7641	0.3026		22691	29243	22528	23892	31084	23442	24941	24965	24937	22759		1168468	1406356	1152980	1209863	1482872	1209481	1188932	1166130	1330428	1161180	
0.2718	0.5354		18685	17079	28094	26497	26357	20798	24188	21289	18110	19000		1252110	1272142	1381187	1429521	1369873	1115801	1426125	1140910	1047008	1039944	
0.9445	0.3573		28271	25880	24388	27834	36496	28688	36529	25347	30162	36243		1319388	1150725	1321192	1204772	1398548	1354924	1544722	1421493	1337200	1393934	
0.3783	0.324		26125	23403	32058	23160	19605	17406	24278	30483	17548	21261		1427790	1501222	1527919	1339709	1351798	1274850	1417766	1596618	1076711	1233711	
0.4259	0.8247		30880	30447	26098	29283	26777	29048	25080	24959	24668	32651		1509127	1533542	1376434	1518983	1424819	1273194	1182779	1424437	1412167	1423262	
0.9472	0.4322		28114	39452	29390	25520	38188	30094	27441	35789	30861	27812		1190247	1522036	1249053	1063759	1358348	1313274	1257826	1317802	1297048	1257313	
0.8446	0.5681		30763	35707	39610	32591	32033	32094	45328	40232	41076	40725		1648033	1539314	1497229	1394277	1401668	1287369	1273050	1378596	1424528	1721590	
0.9984	0.7934		34344	38356	41903	53205	49946	34448	48913	49602	44944	40377		1030667	1327177	1267895	1449105	1567294	1075837	1475547	1417809	1347079	1250461	
0.6081	0.0917		19629	24547	26816	19380	21491	26037	26783	27100	26216	21930		1262045	1353892	1611584	1273582	1335458	1523831	1507174	1497332	1416498	1177583	
0.7689	0.2061		23592	26531	21819	23888	27435	23597	29841	29476	30057	29334		1233034	1385694	1183358	1179656	1390037	1354865	1537072	1602818	1517422	1353046	
0.9249	0.6893		32089	33280	41068	35279	50731	43130	46194	41945	35245	51224		1146053	1223342	1461487	1148579	1507992	1559421	1515691	1289329	1329847	1219759	
0.7655	0.4568		35521	31620	28534	28509	27029	29653	36162	34583	27382	25787		1572717	1394299	1309472	1175132	1159593	1288908	1425261	1435961	1306385	1179859	
0.3002	0.6152		22824	19562	18593	18488	21091	25362	19089	23194	21377	27507		1315267	1149784	1026988	1057158	1331294	1480271	1100597	1364929	1276862	1268127	
0.9057	0.461		28096	30695	43604	33102	29160	34265	28811	38057	30414	31178		1381500	1248956	1573265	1401017	1098052	1133086	1202855	1446158	1273643	1359458	
0.8914	0.9339		38784	40300	39402	38971	39415	37772	38888	47342	40323	53383		1386571	1332522	1303850	1250622	1370604	1206998	1329049	1539803	1321118	1404492	
0.9279	0.7432		38598	35912	36317	44461	39620	37287	43692	33711	33046	37655		1399053	1296482	1440058	1577475	1345623	1230419	1575342	1309106	1158757	1073393	
0.5459	0.5476		29964	55335	48033	34999	23288	25685	23908	31630	26038	21470		1443358	1637915	1714944	1459701	1131171	1252139	1156008	1311610	1176130	1088922	
0.8057	0.5231		38103	29654	36825	37074	40660	29140	41907	29231	30890	29630		1708739	1361277	1339561	1578458	1518914	1262603	1545062	1255987	1248937	1151427	
0.8774	0.1058		20804	25621	20171	21742	27871	22051	19046	28354	20423	21560		1160381	1435568	1354648	1261308	1663780	1245387	1081991	1659704	1321284	1295170	
0.9639	0.9819		50820	42573	40244	38186	42749	40752	41118	43635	42815	37429		1503882	1253627	1285377	1239321	1297118	1269799	1146168	1239033	1259548	983930	
0.2352	0.0665		17450	15441	15593	22114	15268	12827	19372	26892	20000	12992		1486168	1265016	1325081	1687645	1292338	1258438	1405846	1658067	1650161	1172730	
0.1031	0.7323		18707	19061	31642	19618	29508	30284	16597	18578	16318	21024		1215101	1230891	1566929	1253440	1569211	1482045	1187157	1280082	1282094	1366889	
0.1662	0.2606		17056	14779	22047	19261	14616	23268	15594	14615	13791	14497		1533592	1331405	1551136	1360893	1149836	1453590	1325784	1169553	1291468	1189721	
0.3091	0.8131		22613	25574	29776	20220	30188	23831	29442	23816	31184	24595		1169095	1357552	1475702	1060064	1453065	1212045	1424013	1245488	1496964	1152645	
0.2611	0.1934		12680	18315	16382	12193	20364	17265	15205	19533	15114	16972		1212064	1355675	1226827	1047372	1119769	1274670	1238534	1396211	1212433	1267751	
0.5019	0.6272		21888	47506	30413	32543	23698	24202	27836	20997	29860	24483		1000451	1445105	1124001	1316450	1107899	1087149	1457518	847535	1130291	1173371	
0.9044	0.6355		35869	34541	42276	33544	40279	33928	43683	33720	40890	50104		1314002	1323420	1558654	1271608	1368021	1132628	1287415	1196976	1447221	1614064	
0.6762	0.287		22975	20949	21211	22809	22048	20941	26566	22451	23692	24004		1245803	1070641	1259903	1242958	1161000	1219072	1578463	1224162	1169477	1248785	
0.5645	0.0711		16618	17193	19160	18696	17079	24362	18633	21196	25759	25907		1226479	1285204	1359491	1251155	1161808	1374709	1273755	1286232	1324128	1220455	
0.9836	0.6829		45721	44329	35024	42913	42942	35125	38099	35603	37067	52925		1483563	1670613	1288460	1465817	1454875	1221136	1185268	1190975	1272733	1438874	
0.1973	0.5659		15751	31866	21376	17053	18965	28889	25399	23145	19725	26076		1026698	1181451	1268124	1166119	1214740	1485945	1486078	1294120	1223051	1451269	
0.1163	0.4159		16806	37691	19675	19082	14249	16561	18543	12420	23554	19528		1248135	1341839	1167923	1270660	1130361	1318357	1391577	1199466	1371063	1438476	
0.7143	0.721		33111	41774	31359	41261	31990	31637	30804	32571	33796	38970		1347696	1527051	1214838	1492792	1302997	1202101	1106113	1143004	1202653	1165796	
0.7142	0.8702		41073	32508	32476	33317	32737	38458	34097	35875	43462	35940		1435773	1216221	1131681	1226698	1153939	1391871	1328625	1246797	1634051	1377402	
0.2436	0.5816		19067	28428	20950	19641	27691	23619	21513	19231	20906	20011		1213121	1622805	1263848	1265205	1633439	1448041	1287478	1203488	1268562	1286067	
0.4658	0.5101		21604	35639	21615	22043	26396	29317	30351	23162	22189	21382		1133294	1479411	1244637	1142426	1252674	1255178	1417825	1255357	1177662	1200437	
0.6468	0.7138		36213	27819	26890	29229	27864	34085	27792	31938	28809	30354		1456536	1425541	1222263	1191053	1135084	1385362	1240038	1384101	1260474	1305852	
0.6668	0.5978		26910	40139	32823	34904	35650	30818	28485	34764	26828	28381		1376572	1657147	1420675	1402005	1203030	1347302	1239424	1390315	1320381	1368859	
0.5294	0.065		25479	16832	16389	28522	18707	18665	16177	19135	18744	16665		1633215	1184980	1147806	1313291	1195533	1224252	1454919	1238420	1335641	1288153	
0.6048	0.756		27793	47947	31494	28323	27548	27663	33287	30391	30083	37396		1242607	1475066	1426633	1286611	1160448	1149159	1379964	1444231	1337532	1617323	
0.6643	0.9051		32208	32576	38502	30494	36828	31660	39580	46317	40763	31442		1461634	1295486	1281377	1215460	1403457	1359265	1428254	1318403	1355363	1370307	
0.9434	0.3853		29815	29278	30904	29901	27153	36795	34570	37783	26888	37550		1305364	1246060	1295558	1324947	1285100	1542582	1421009	1520621	1244304	1596634	
0.0964	0.4484		20757	26553	21454	14655	20111	13782	18011	21570	17765	16017		1517539	1373372	1517332	1186214	1300495	1095151	1343505	1420478	1398013	1162049	
0.2209	0.8686		18631	24864	22171	22162	23061	22344	19099	23139	31902	21183		1229947	1541888	1295199	1093245	1272834	1334884	1304020	1294748	1439094	1245244	
0.2577	0.4292		17899	15411	19668	19368	17337	22428	21652	20959	18606	25598		1375035	1318516	1255842	1369181	1235332	1293586	1379798	1516662	1330028	1366734	
0.8785	0.4457		38611	27842	27208	40170	31107	31634	27989	26367	26823	27071		1621990	1286179	1178100	1238243	1260777	1279202	1273600	1286188	1189590	1076643	
0.3606	0.6925		34494	22695	30819	30457	29243	29915	25471	31093	33520	29148		1332332	1235916	1571155	1612777	1442939	1282473	1298974	1555736	1549095	1480663	
0.736	0.8888		41146	36197	31073	33570	33387	36719	32162	40542	32582	32353		1264898	1403994	1114134	1339505	1280138	1312963	1146828	1285630	1094936	1067635	
0.2629	0.176		20918	16308	23109	19038	21866	15133	17355	22392	14491	22025		1303201	1240613	1369502	1538237	1711976	1186544	1161040	1317092	1224083	1153366	
0.4699	0.9259		29560	28812	25541	40636	34155	28718	26395	25118	28548	31776		1231563	1248929	1061534	1226046	1346676	1267331	1048234	1103583	1200699	1169093	
0.5594	0.4691		23893	34005	21053	20581	23911	22969	20922	24423	25145	28410		1411382	1594716	1109145	1117582	1246060	1207636	1292242	1275446	1624846	1456473	
0.7401	0.6008		36244	34977	52493	29287	31118	36634	27888	28531	33115	28925		1423734	1462291	1443933	1204850	1175865	1345519	1264180	1231383	1359562	1180588	
0.4495	0.5602		32184	32773	24948	22593	29343	29978	20942	26322	20737	19831		1644199	1609000	1202417	1259300	1500088	1466155	1131415	1275368	1168915	1041310	
0.2403	0.2836		17714	26387	22844	22785	19048	17001	19524	15168	22863	22847		1168597	1388783	1497726	1543464	1155980	1208623	1236069	1006124	1243801	1190832	
0.1326	0.7801		18411	18104	19156	15900	20109	19282	16327	17458	17749	21779		1226885	1226729	1169285	1058035	1083985	1232226	1290747	1285847	1200007	1297991	
0.0764	0.8386		16625	15550	25322	19170	17680	16611	23798	17808	16364	17803		1433740	1022568	1472944	1426299	1148793	1230654	1401263	1237886	1211564	1413809	
0.6051	0.9048		31131	37503	30128	33807	27515	32032	31121	37998	39545	32527		1439469	1416670	1507067	1248366	1003245	1151019	1343093	1367504	1709599	1264709	
0.3511	0.8502		30415	25846	32719	32751	32598	31246	32598	25348	32334	21539		1439150	1273627	1656841	1725776	1554340	1447261	1663166	1340498	1506843	1186348	
0.7852	0.8112		34276	31026	32813	41857	31781	41692	36758	41714	43610	42681		1389565	1215505	1240681	1556497	1149973	1575999	1458665	1418460	1609254	1396446	
0.5815	0.9713		31644	31771	34855	32920	34313	47310	29954	32245	42081	33905		1303241	1283692	1407417	1240540	1423214	1605581	1273550	1382764	1693723	1277887	
0.7968	0.2773		33386	33368	26369	23993	23971	35191	31600	23769	24043	25637		1578545	1493936	1235655	1379240	1370444	1300250	1473083	1247857	1250621	1212563	
0.2425	0.2055		22101	22082	17023	14366	12593	14342	16346	16310	13656	19954		1532708	1528504	1148056	1036010	1095479	1168577	1146909	1204627	1141537	1190412	
0.8437	0.5248		41549	28428	27817	25788	32514	32631	31261	29246	29788	37429		1676319	1334982	1196151	1225426	1291126	1387786	1098473	1209432	1365446	1301466	
0.6032	0.4147		22125	26900	30094	30586	21862	22311	22404	22916	37385	24091		1214330	1432642	1326491	1586228	1111799	1171283	1182933	1132471	1561095	1361006	
0.3615	0.5929		26383	29372	23040	28773	22824	21707	31836	29136	22188	22138		1494305	1498472	1170259	1315608	1281417	1343422	1408917	1416902	1331760	1216591	
0.3619	0.7068		30261	31797	23536	22992	36785	22783	30867	30537	22487	22491		1634595	1685434	1200580	1203369	1183422	1294793	1342730	1633417	1312124	1173700	
0.4776	0.1289		31410	23970	21301	25461	20205	19088	18998	26305	26560	26125		1481720	1551633	1259702	1362193	1063889	1171886	1213611	1189305	1206654	1550742	
0.9005	0.622		42486	42917	37121	33100	34035	32067	31753	38834	34141	40221		1638587	1575054	1349117	1143478	1263533	1152642	1160195	1496125	1401868	1350167	
0.7402	0.9596		38227	43848	43828	43733	37584	48436	45541	43655	40112	41957		1254466	1501697	1518714	1391822	1219341	1562988	1616721	1519205	1276954	1585244	
0.4432	0.3793		31278	29293	22953	27154	20842	19662	28311	29066	19650	20671		1545821	1483869	1309411	1404490	1280097	1232499	1477524	1455735	1207859	1195340	
0.0693	0.3073		30503	21647	19403	11992	12602	12235	11417	14059	20992	15142		1503543	1423794	1558110	1214926	1215148	1273581	1256207	1339308	1471585	1309616	
0.3154	0.6223		18509	21636	22830	29981	23052	25126	30292	30114	29657	24039		1154434	1380783	1374881	1549734	1322986	1269251	1422625	1684081	1524673	1323586	
0.3864	0.4424		22243	29648	18637	21790	29139	21863	28584	25806	22959	20264		1418512	1538424	1397705	1309816	1515604	1270394	1549979	1367090	1196309	1196081	
0.3823	0.1882		23821	22371	20417	17088	22935	17331	17973	21535	23964	23880		1521651	1362166	1267082	1143238	1238001	1105691	1224298	1249002	1572611	1329292	
0.8399	0.2623		23756	36426	24939	31180	23699	29334	24867	23896	23112	37365		1216399	1704428	1241269	1280341	1247600	1285763	1317788	1272569	1238773	1361651	
0.9997	0.6094		34236	32947	41297	32626	41428	41596	35049	41908	33350	38772		1327972	1288504	1527501	1203089	1474722	1513654	1303083	1398627	1413911	1463296	
0.4116	0.2524		17458	24851	17622	25039	24833	15820	18673	21214	23764	16848		1408626	1526871	1212840	1633246	1517366	1065096	1349507	1463161	1334395	1183264	
0.3768	0.6871		33451	25165	33962	27948	32538	23896	33206	25443	38566	25747		1743514	1332902	1543065	1326043	1503863	1400860	1541520	1279505	1311585	1537182	
0.359	0.3124		26085	26352	26998	18528	19823	26768	19739	35121	16832	19232		1535656	1426236	1423428	1251327	1363258	1364093	1328297	1254730	1074375	1186063	
0.6263	0.7341		26769	28558	27466	29066	27224	27896	27499	32389	31835	31307		1178053	1227712	1130405	1115918	1121928	1190635	1289211	1195917	1316653	1307222	
0.5492	0.0868		18077	22243	16578	16034	18002	21465	25647	16753	18333	23636		1234532	1495566	1194414	1124591	1213889	1161040	1527530	1222390	1247322	1406499	
0.7065	0.8807		32063	30814	34165	32523	47680	34256	32336	42798	41645	34982		1383174	1213650	1233399	1226141	1588769	1332039	1196554	1642677	1651199	1550673	
0.6178	0.0812		21888	16810	52907	18720	17782	18013	20937	17290	25803	17983		1400690	1327162	1485861	1225916	1134443	1288429	1138428	1159993	1374469	1330277	
0.74	0.6908		37576	35521	29978	29745	29925	32158	27015	28985	29687	39458		1510943	1652060	1282132	1199334	1212608	1268295	1139037	1237510	1144543	1502276	
0.5922	0.9287		33037	32732	35908	33601	33898	34224	41501	46238	40747	43263		1386890	1493534	1518183	1348765	1570571	1280048	1651809	1607028	1631128	1632611	
0.6502	0.9097		38577	39245	39439	55504	46189	32119	31014	31299	31806	29420		1480422	1545371	1484229	1787198	1679450	1374345	1298587	1272749	1160556	1176763	
0.4429	0.6821		25962	33594	27422	27164	24555	26750	24453	46159	31607	25117		1284903	1498638	1286007	1290297	1254640	1182296	1157722	1493835	1444287	1323285	
0.668	0.3762		25375	24544	22789	28394	35640	36278	23022	22377	25188	26292		1358913	1325385	1172669	1337177	1512739	1487609	1241417	1364404	1279306	1224484	
0.7508	0.6656		31958	51493	40415	32695	39972	40195	47504	32777	39601	33472		1397030	1445522	1556034	1413905	1606498	1689708	1414892	1583028	1370751	1508388	
0.1969	0.489		20231	15756	24085	18058	18691	23696	20795	14933	18595	22847		1525103	1159226	1411354	1198630	1145438	1337646	1183702	1122404	1180141	1496478	
0.6841	0.6655		26867	33594	34659	33090	41265	40358	29232	34459	31590	38919		1243597	1271334	1357120	1392073	1657684	1453767	1386426	1491036	1263217	1400549	
0.9211	0.8488		45039	48369	41734	38964	38906	45895	40819	43164	38475	48283		1322808	1480207	1391722	1367292	1250465	1345361	1509840	1477652	1324329	1581468	
0.4795	0.0864		18595	31592	29508	18751	18219	26449	17781	25405	22840	16594		1432016	1460020	1625971	1492562	1343717	1450800	1379546	1424930	1263293	1054923	
0.3568	0.7927		24392	35537	26147	28372	24289	23185	27985	23737	24195	26230		1473150	1460019	1289194	1402263	1267972	1503112	1438978	1280262	1263689	1301629	
0.6908	0.6783		32074	40347	44311	36962	28994	36989	34438	38314	29765	28822		1291681	1274148	1404405	1263603	1129138	1421243	1274907	1466930	1110407	1122007	
0.6116	0.5865		24410	24465	27068	29899	27663	26283	36505	31299	24424	24581		1144362	1098468	1213366	1386862	1217311	1194819	1639506	1354777	1015683	1094936	
0.2669	0.4981		39353	25365	25749	18179	25197	25984	16856	24405	21501	21543		1472345	1398646	1348063	1220734	1594464	1584458	1312929	1255678	1231822	1300035	
0.9312	0.8241		35839	38423	34821	38658	43827	45993	35920	37523	38465	36599		1225817	1351852	1336139	1323982	1361783	1419799	1284480	1304500	1262119	1315703	
0.6936	0.1663		30461	30090	31765	19169	21765	25843	28397	20072	21706	27991		1437243	1570434	1540372	1427820	1228316	1428883	1659425	1242506	1358494	1534320	
0.1278	0.3696		14666	24068	15014	18771	16358	15410	15350	28454	22459	22697		1299131	1283303	1241948	1203959	1369159	1252282	1344325	1546969	1508143	1626045	
0.1514	0.1771		13513	12604	12247	12662	19676	13093	13970	15727	18019	19675		1253222	1081461	985048	1154221	1434173	1033603	926480	1255055	1239841	1583143	
0.2302	0.4769		17784	23895	17788	17643	17455	24316	26609	19170	16906	24134		1159085	1336723	1204624	1105970	1107882	1242281	1437098	1392951	1220260	1278850	
0.3502	0.6141		30293	30370	23740	24056	23920	21785	21993	22712	19655	22281		1584980	1704314	1378599	1376407	1228590	1272811	1247628	1221533	1124816	1196512	
0.5756	0.1023		33409	23165	24303	17764	16082	19021	16441	24759	14612	16965		1658758	1438143	1503542	1265032	1128962	1204316	1170417	1442213	1190765	1118822	
0.3301	0.5463		18855	32191	25727	21950	20024	29189	19661	21632	20071	18780		1258022	1336488	1360165	1317610	1291326	1363128	1257891	1210204	1132219	1295537	
0.5791	0.1512		27965	27065	18535	27119	18391	27188	27723	19070	20238	20733		1413151	1630478	1210715	1445572	1220654	1380778	1474366	1343907	1227231	1356324	
0.8612	0.5203		39082	35969	30268	25642	42183	29386	28635	26628	28935	36976		1418872	1388705	1161630	1134220	1329589	1292596	1233783	1089061	1147512	1388237	
0.1156	0.8723		24794	40179	25011	21585	27387	25957	19422	26526	17628	25245		1727282	1219324	1495135	1310522	1510600	1508640	1341528	1550589	1407223	1576649	
0.4353	0.2041		15485	24450	16878	16868	22559	20071	17204	20613	24716	20795		1329461	1287939	1246283	1359247	1462262	1309845	1395079	1436539	1562896	1346053	
0.1996	0.8089		33130	21548	24856	27420	22877	28308	33783	20466	28972	29033		1619710	1284270	1424328	1572616	1374435	1578085	1443655	1273178	1374691	1185932	
0.7724	0.4754		34219	27056	25591	29349	24269	26188	27097	33474	32518	25619		1355100	1250660	967181	1246742	1164385	1103045	1141962	1250425	1320570	1469165	
0.9799	0.7733		38335	44993	47631	38707	46805	40905	45763	35978	48827	35643		1610450	1550820	1383148	1291907	1385966	1298429	1546919	1273173	1539507	1397043	
0.199	0.21		20360	17877	12288	15506	13881	15615	21631	16549	13609	19618		1315727	1304600	1013916	1266132	1162389	1106336	1351229	1266671	1155101	1299232	
0.5145	0.1107		25254	15920	21280	17947	23993	16339	24481	16257	17017	16292		1234307	1152133	1256479	1220149	1388063	1203439	1469442	1340306	1126653	1261920	
0.5176	0.4195		34111	19857	32421	24758	36038	23908	30560	23993	23710	21678		1577889	1255221	1412653	1352282	1564795	1335782	1653072	1226869	1238372	1257456	
0.9854	0.9591		40887	42581	43785	52368	44945	48141	40649	42847	48645	42136		1509591	1381217	1346791	1342385	1376166	1342737	1431693	1265491	1454151	1547865	
0.2072	0.352		18774	24679	24699	14377	24475	23780	13927	24721	16254	25254		1427530	1484969	1370306	1249198	1354221	1279231	1233960	1419091	1251041	1441778	
0.2536	0.9548		24452	31636	36274	32387	24754	24981	33303	23178	23729	22045		1351657	1438335	1354386	1486884	1290175	1372427	1573530	1106195	1244223	1275483	
0.2906	0.8618		23961	21741	22593	36128	24059	21698	27392	29616	24969	30172		1316120	1350023	1186046	1208619	1237788	1361344	1409379	1555780	1344859	1286390	
0.5648	0.4701		24430	30852	30409	26380	20688	32316	30281	27648	26191	23799		1238493	1618931	1470727	1208023	1039896	1342712	1498513	1324411	1290220	1262377	
0.2817	0.6345		20695	28827	22016	21478	30807	30895	30871	21286	22538	27830		1394105	1504551	1332737	1233697	1640836	1541811	1707796	1257170	1246335	1480818	
0.4035	0.3455		28396	30159	28593	17877	23967	26026	26342	32043	19248	18708		1511986	1478595	1539036	1171149	1373324	1415316	1313508	1591658	1159095	1079426	
0.8165	0.8223		33016	51356	41099	35268	42091	31700	33561	33906	34250	36200		1204739	1266776	1241336	1282207	1656763	1157695	1179928	1219566	1198917	1164830	
0.8272	0.8738		35709	37883	35420	38077	36044	41626	43987	47674	52526	44852		1439129	1337029	1468095	1385062	1333879	1517453	1570986	1272031	1446203	1631174	
0.6897	0.1766		18235	29594	20653	19560	18148	23186	24086	30005	17481	22486		1308846	1364763	1135406	1348098	1030968	1261883	1221080	1536322	1042910	1235696	
0.6374	0.8229		29971	31332	39791	38834	39658	38823	29306	37096	38662	37292		1435490	1382305	1498747	1681267	1761546	1490723	1189306	1458780	1591777	1504071	
0.6461	0.4797		23280	32775	23752	24480	30279	23659	30342	33943	27144	29472		1193473	1420165	1279371	1283593	1491229	1213181	1494121	1543237	1425646	1499410	
0.7346	0.0851		28991	23337	31165	19749	30086	20784	19170	18469	22079	19217		1486358	1227126	1677856	1405171	1403007	1265321	1116155	1166278	1237076	1322742	
0.9277	0.8129		49443	43485	34731	35572	33045	37888	35933	46338	48669	36898		1459735	1453001	1366383	1198399	1116450	1297428	1370653	1528924	1433164	1303302	
0.9942	0.6774		37235	36395	35468	44999	44366	37115	35146	35833	45770	45260		1376434	1522117	1414346	1583454	1526549	1570658	1365604	1305654	1372125	1396547	
0.9518	0.2308		25414	23435	32107	32079	23488	23423	29108	23740	30383	37622		1227307	1319760	1527201	1644895	1106006	1116488	1306427	1239888	1482552	1476963	
0.4061	0.7802		26452	28994	23953	23312	31734	35468	32070	35328	31170	21845		1715038	1503045	1314735	1220124	1477424	1478927	1412767	1409250	1392295	1311905	
0.6853	0.6113		33264	27953	29053	33038	28549	27814	29060	27585	27388	31325		1415703	1256075	1309217	1405501	1159597	1166119	1156841	1177764	1170624	1254221	
0.4541	0.9174		36401	34257	29928	27693	29227	25702	34759	30751	27556	27704		1305278	1308319	1204124	1220554	1428614	1085487	1289667	1252186	1156558	1172628	
0.4885	0.8218		34179	34261	27338	33682	23603	25732	24968	25992	28629	25292		1776255	1669853	1249680	1566082	1074627	1037693	1084564	1112920	1198021	1321511	
0.2927	0.1632		14587	17131	22013	13258	12988	14772	14266	15061	18702	16499		996571	1159050	1276588	1030673	1182910	1176124	1121470	1137198	1269749	1183818	
0.7119	0.4123		23469	24296	32640	23975	26495	24520	32200	32835	24355	23935		1411603	1279848	1499355	1106580	1332734	1209893	1608665	1459689	1245332	1314496	
0.835	0.0985		27590	20584	26348	20070	20351	23193	27371	27666	20200	23390		1325289	1295233	1385607	1352859	1134878	1166395	1577236	1285682	1233241	1365741	
0.3209	0.5899		18499	31756	29790	29758	29974	25451	20967	26537	31951	30740		1260012	1525167	1547107	1436818	1598118	1470742	1329927	1336859	1490996	1605633	
0.1048	0.8375		26590	36072	24380	27110	18898	17063	24087	17100	20762	24697		1345480	1579279	1653705	1631610	1233058	1139154	1262880	1266740	1379317	1396661	
0.0774	0.73		24340	13756	19042	23010	15869	21172	25088	18575	22806	22718		1364789	1176021	1247426	1340517	1131103	1288583	1467633	1180220	1180563	1303743	
0.5849	0.4651		24694	24697	25941	25335	25885	31386	25204	32649	32489	27116		1220941	1346826	1288190	1261344	1293383	1424338	1468393	1539970	1440184	1275922	
0.2552	0.7716		27685	38945	29212	20496	29950	26285	20872	26460	21773	27485		1396176	1209081	1412540	1162955	1573598	1195453	1194587	1281120	1096920	1302523	
0.7194	0.662		37833	31271	33928	31627	29922	31643	29902	37686	37920	37262		1506023	1328765	1195504	1227239	1150461	1309947	1212126	1250172	1523598	1564798	
0.9225	0.5634		31376	38556	30714	38442	39586	32218	34950	31038	31076	32604		1254848	1448963	1185476	1388270	1584810	1278782	1393357	1288350	1234475	1278896	
0.0895	0.8343		28100	18186	19405	17617	26137	26041	17839	17899	25859	25685		1575621	1295997	1423957	1176185	1387980	1644609	1246336	1177600	1584709	1393435	
0.8539	0.3329		26900	28264	26880	24627	25918	28778	32921	25627	33034	32793		1288647	1285790	1150924	1121814	1142278	1286655	1308214	1199731	1504915	1477510	
0.7521	0.2051		23053	22946	29283	32348	29298	25998	21930	33968	26742	29629		1271489	1352114	1506825	1561989	1598216	1389407	1291579	1480950	1254563	1543461	
0.241	0.1316		13831	20338	19488	23001	11279	12523	20888	15163	15234	11801		1314885	1472499	1519424	1601723	1134825	1198696	1640995	1357404	1362607	1211397	
0.7539	0.2196		23355	29077	29398	29831	22323	26497	27539	24099	21234	22158		1473953	1405063	1728958	1451669	1186896	1382552	1386780	1429368	1143108	1168655	
0.6834	0.186		30652	24450	27441	27418	27670	18928	19005	27376	29759	21377		1455432	1297165	1362958	1574658	1594264	1041256	1094946	1566617	1352367	1372258	
0.701	0.7545		30436	32839	29041	37877	27029	31329	31029	33475	30004	30709		1171913	1383383	1112029	1412138	1150666	1166087	1413881	1361857	1339063	1175846	
0.2535	0.9634		30325	22609	25347	35829	22210	22383	30631	30834	27007	21745		1581924	1302600	1263758	1240909	1440689	1306518	1425502	1591028	1403501	1259344	
0.5964	0.6949		27899	29324	33419	27972	29476	28333	26681	27580	50514	30253		1152335	1187769	1333078	1224583	1271712	1290331	1074535	1123772	1594685	1306651	
0.7179	0.9588		62368	34710	34177	41476	35162	32973	46758	37690	34072	31948		1680697	1247326	1335284	1422441	1314192	1258744	1262470	1250417	1260070	1305909	
0.2268	0.9818		23428	31324	22277	24578	20330	20460	25473	31591	24301	22276		1475493	1601871	1245592	1357606	1128899	1210844	1332422	1626764	1468193	1115896	
0.7336	0.5674		33725	28369	31494	53468	33260	30747	32505	29036	30649	30714		1241803	1402009	1237677	1294334	1297444	1253384	1396612	1192087	1381170	1360209	
0.2091	0.3113		20911	24559	18167	26783	16107	14415	16660	18866	16593	15009		1285238	1369358	1463562	1605722	1294891	1128131	1243821	1244821	1278961	1215632	
0.5647	0.7237		40527	24896	29041	27294	25143	34353	27579	32840	27484	29797		1580227	1146433	1096059	1446693	1130993	1460178	1226360	1420415	1239427	1250789	
0.7543	0.4014		25147	30903	27973	35206	32866	32909	27350	23249	35100	27088		1154402	1439999	1458383	1583738	1417137	1558018	1336021	1184600	1534236	1320742	
0.136	0.4031		14946	14910	23277	16323	21366	16343	16968	16626	15177	30542		1407578	1267246	1418572	1266129	1558906	1309797	1253370	1186414	1253342	1677027	
0.8616	0.6647		40338	31534	32028	32340	35380	49746	33209	32408	30106	40036		1770330	1270885	1193813	1222921	1454962	1818170	1352564	1243975	1200625	1611483	
0.9842	0.5737		30022	40429	41836	40056	38382	34660	33646	33316	37569	43561		1252649	1485635	1439286	1579632	1584624	1456905	1175059	1323640	1322114	1444444	
0.096	0.8195		26527	20860	19213	17823	29996	19611	17243	18376	15422	17546		1648430	1292870	1282624	1201546	1551035	1310112	1235844	1107997	1159606	1260590	
0.7407	0.2609		32093	40052	33946	31327	24146	21869	29767	21185	29479	21864		1430762	1308828	1608608	1407051	1429812	1243635	1596283	1218020	1505929	1362134	
0.3222	0.1911		25917	29500	16375	23754	16705	28103	24357	24685	15215	16586		1612274	1874673	1320440	1394417	1325713	1669132	1807349	1742549	1182668	1278687	
0.4713	0.2867		25535	18932	26141	21096	23918	29728	26386	24462	18195	26113		1359516	1191848	1292027	1310179	1370506	1501427	1391401	1536007	1305267	1371143	
0.7628	0.4263		33874	32661	27592	31560	25119	30101	26967	27120	34657	34398		1292908	1575240	1309943	1478753	1277256	1321624	1316251	1208276	1805708	1533621	
0.757	0.8745		38955	44237	44793	42775	35963	36161	48050	42662	42770	38210		1449382	1492927	1458735	1465418	1285453	1334659	1489999	1393960	1605037	1212277	
0.9871	0.9306		39978	44562	45819	50051	46927	62126	55838	57794	41450	38718		1386670	1458617	1553292	1449435	1467212	1616811	1534088	1493905	1335070	1103718	
0.1847	0.4832		16835	16876	16563	16592	18095	16142	19562	18873	17737	16872		1140414	1230515	1132666	1119116	1251687	1129070	1221575	1168337	1142445	1080226	
0.5571	0.5313		25493	23846	34465	29407	23912	23104	23751	24839	31554	25026		1399626	1312942	1528928	1290675	1189245	1124628	1131345	1280368	1347853	1262452	
0.1406	0.7037		18291	29161	26724	23899	18362	16377	21349	20080	24215	25598		1222268	1475197	1363688	1193788	1229402	1213931	1262555	1215551	1427244	1495163	
0.5155	0.2153		18982	22356	25868	17878	25632	25770	19506	26122	18303	26088		1448049	1307745	1679365	1230786	1556549	1481540	1344126	1426739	1273383	1595156	
0.8271	0.6566		36993	33739	39197	36520	30541	32017	31895	39080	32898	32955		1234954	1272987	1503525	1181398	1174656	1221612	1268303	1527677	1266282	1377384	
0.5062	0.3633		19655	19638	19793	21394	27669	20179	21312	25568	19617	18000		1239219	1264161	1318419	1433957	1448765	1186298	1247222	1112485	1265895	1207152	
0.5677	0.0626		16296	26070	17059	15666	21115	19447	27727	25065	19105	25001		1173442	1415233	1250735	1157306	1272310	1344864	1658106	1404320	1352169	1350271	
0.9509	0.8229		38661	38120	41228	46351	47714	46737	38916	45864	36387	40729		1157062	1366855	1354457	1411183	1508702	1368903	1219411	1465253	1148782	1282010	
0.9742	0.0871		29698	36408	37329	30290	24574	29025	27458	24782	24768	24745		1408061	1826791	1477213	1392431	1346836	1449585	1618149	1318561	1418492	1222662	
0.1783	0.1782		19916	15159	20805	20811	19235	19442	16182	21472	18216	15308		1394736	1237074	1587522	1734721	1636182	1527253	1236005	1516091	1579956	1343565	
0.489	0.6503		28883	44667	30091	30497	33109	28453	29949	27729	24783	27982		1391715	1771280	1375177	1409183	1581238	1448779	1355160	1250451	1377349	1193127	
0.9039	0.3697		30764	26178	35805	30879	32252	34855	26606	37036	35845	26040		1381610	1301371	1526207	1455138	1350085	1285931	1202368	1768106	1697607	1340800	
0.8102	0.7588		45201	31910	30816	28522	31614	31932	35007	34632	43180	39251		1492226	1325519	1231110	987410	1086476	1035966	1364372	1275121	1497048	1332267	
0.3488	0.7752		31493	25966	32142	34947	30159	24315	21594	22144	28002	36897		1499106	1269565	1315868	1393487	1340650	1140425	1027924	1100651	1336016	1069558	
0.664	0.3181		23310	33121	29413	23004	23511	21022	24034	29406	21681	22496		1425845	1548078	1676701	1334544	1338954	1105040	1351831	1498827	1210100	1188512	
0.3617	0.796		23790	23458	24685	23424	39822	29120	34294	33133	26048	28939		1444987	1324295	1344189	1330180	1459495	1271689	1653562	1754792	1394965	1424560	
0.4652	0.3093		23220	25651	18322	26728	22121	29276	25033	32575	21341	25212		1196736	1476617	1218817	1534483	1320714	1267575	1220449	1398744	1216517	1503405	
0.723	0.3611		24134	21411	25707	33652	23745	23645	30319	28788	25075	36372		1226884	1244494	1347617	1308349	1175469	1126367	1148159	1357471	1278564	1581433	
0.7967	0.8538		35642	43140	35238	33105	37960	42119	30523	33319	32524	31342		1411418	1491860	1366464	1270865	1396496	1364247	1061022	1250593	1076623	1087518	
0.5646	0.2795		31294	28990	33904	22160	24629	22639	19667	17651	19058	22503		1635867	1571120	1489924	1322136	1265836	1255679	1220786	973743	1158310	1335541	
0.407	0.7982		24621	25573	31389	24387	32815	23668	25144	25654	25186	34617		1120711	1231394	1332683	1262432	1453562	1129005	1138816	1273200	1395187	1555154	
0.3854	0.8636		32477	31949	25728	24537	34822	33312	24896	24324	28148	32178		1250574	1145393	1159600	1121741	1340345	1408334	1265770	1148091	1320711	1541039	
0.4705	0.2458		16630	27556	21949	18048	19433	17982	17661	25494	18217	25634		1223755	1266894	1283343	1242043	1195789	1158915	1214433	1268666	1343831	1545039	
0.4532	0.2481		43940	25709	23078	24004	17165	27736	16990	32655	32750	22924		1540328	1427032	1261481	1523743	1495298	1434026	1322419	1545157	1539016	1403679	
0.7747	0.6098		40340	29623	33885	32137	40152	39370	30159	33779	27643	26730		1779742	1260367	1311892	1237024	1618508	1619962	1156808	1017133	1011503	1185152	
0.1834	0.8145		20910	53150	20310	31598	26353	22931	29374	21381	30363	20208		1471042	1589707	1301687	1523083	1416726	1487898	1394388	1413840	1517660	1431559	
0.0764	0.5571		14889	15234	17338	15975	13257	14280	18408	14071	23588	23479		1146483	1270837	1246063	1331599	1305147	1217472	1379371	1456448	1572722	1475261	
0.7147	0.1034		32039	28412	30421	19568	16592	25509	17107	20702	26159	17452		1540417	1445151	1661688	1134420	1031472	1151916	976792	1203768	1315698	1041519	
0.4664	0.3233		25041	18474	26912	30176	26653	21087	19253	22180	18791	33090		1495885	1197321	1514107	1279833	1493916	1190324	1214552	1370926	1273293	1794304	
0.8535	0.6296		38191	47323	35309	37924	38611	32546	32594	35738	39386	32547		1466395	1746303	1454546	1588383	1387105	1134062	1151671	1359916	1490191	1240256	
0.2854	0.3688		24091	18159	17107	20791	17070	24158	26589	17544	17710	16136		1452651	1222713	1354683	1371453	1411405	1382772	1572628	1431460	1294573	1142644	
0.4678	0.917		27861	33733	36543	34955	28687	41366	26600	27756	34736	34597		1109326	1369297	1365555	1427664	1268734	1154093	1121496	1190792	1512522	1420480	
0.3315	0.1151		13899	14838	12085	13846	15011	14432	16111	21436	14813	14565		1035496	1140985	997349	1107297	1106555	1069864	1166257	1435711	1082491	1341431	
0.425	0.9324		35772	31284	27012	38119	32200	37042	27293	25513	23939	26605		1298568	1393983	1263476	1677272	1424841	1478294	1175431	1045131	1077372	1202465	
0.7228	0.4855		25001	35675	25142	22653	26645	31097	35774	37915	30948	40828		1138952	1261117	1183152	1059749	1127987	1413501	1424400	1589222	1269993	1362224	
0.3664	0.9368		28259	27263	34368	23356	29874	22513	34106	24796	25906	32679		1308466	1495036	1476231	1192164	1476168	1165050	1430202	1249922	1299424	1477243	
0.7212	0.1944		22129	28968	30876	26267	20066	26593	21225	21269	21163	20070		1126138	1422213	1359015	1368269	1227202	1372893	1322298	1241566	1310132	1241312	
0.9974	0.6046		43272	32662	42888	40165	31419	52268	33287	35276	35030	49515		1344010	1365175	1360294	1166544	1043539	1574463	1065483	1149550	1316892	1575807	
0.3884	0.9787		33935	29440	36066	33379	31905	30335	27454	36504	33865	33506		1460906	1406175	1376272	1515091	1281077	1255202	1346275	1664793	1472276	1352476	
0.7929	0.9795		36415	48211	36259	35233	43759	41891	37078	40813	33581	38300		1323837	1474250	1285293	1348817	1552670	1329562	1330044	1258227	1382966	1240755	
0.2599	0.9496		23777	25750	32438	27489	23117	26921	20203	32176	25041	22352		1128017	1288751	1406702	1154439	1313488	1419083	1114802	1320223	1281101	1158133	
0.8993	0.6696		33710	43395	45472	34990	32877	39047	35179	34858	32430	55356		1242134	1503154	1616855	1336175	1165572	1266861	1179193	1230114	1121597	1277631	
0.9026	0.6319		33809	40170	33992	31784	31228	31777	37758	33138	42394	32721		1497459	1449752	1327817	1085390	1256083	1243015	1293340	1334409	1400547	1317193	
0.4707	0.4239		24578	20942	28869	20538	28320	30001	23045	21316	28621	30374		1336235	1187067	1575635	1254271	1513415	1642580	1297886	1378034	1500470	1474964	
0.5913	0.4867		31027	39609	30962	26031	27350	23318	22217	27036	27235	24990		1522415	1409096	1477271	1195766	1192823	1115414	1104126	1157698	1335313	1216950	
0.7777	0.6279		40085	29508	38645	33315	37820	34207	37501	24791	26614	27731		1475466	1239003	1577197	1374319	1420182	1435137	1616927	877745	852322	1249560	
0.2328	0.8315		23068	20864	21042	23020	23288	23368	23278	21825	26499	41155		1309367	1194735	1304555	1277690	1268819	1277542	1287816	1409848	1336330	1412370	
0.5618	0.2371		23018	25293	31854	22295	34798	32510	18784	28768	27185	26960		1499648	1260442	1669052	1647271	1832998	1668772	1374927	1375064	1302358	1447275	
0.1104	0.176		10996	12695	20589	20716	11081	13053	17493	14694	19141	22552		1089638	1296099	1415694	1598431	1343768	1298535	1512176	1322060	1348289	1518486	
0.6134	0.1864		20974	23391	24601	19182	28027	23577	28559	18943	17543	16908		1412045	1299799	1393961	1388351	1340015	1313982	1251770	1236111	1028223	1003039	
0.3377	0.5663		23728	30168	27830	31423	27885	22328	26607	29128	28197	19923		1430318	1435545	1405723	1400584	1405162	1237751	1371679	1480735	1382504	1285629	
0.4658	0.0772		25753	20880	16271	24153	24578	15782	24527	19985	24796	17887		1548844	1433033	1275734	1397852	1443420	1291030	1343375	1398294	1592764	1225337	
0.8737	0.7938		30905	48855	36587	34043	42569	41543	39498	42504	33031	42679		1242774	1611550	1234116	1257135	1686934	1543343	1379276	1589631	1333475	1372151	
0.4404	0.8019		24337	31626	24764	26392	29323	30145	34152	29714	23424	27009		1524617	1452859	1274136	1241386	1320304	1345566	1412236	1074647	1189580	1203346	
0.3309	0.3596		25441	26784	24892	19342	19906	18004	22032	26102	15306	19949		1519443	1543857	1464263	1267941	1378876	1182323	1226301	1569661	1208191	1274704	
0.5576	0.9198		29282	38671	37118	40008	38826	41272	29578	29436	26668	34753		1427032	1459510	1521976	1567874	1641623	1531474	1219996	1190990	1061418	1228329	
0.7184	0.9968		34713	36274	34629	36370	38760	34682	43516	36103	36507	41368		1293275	1375761	1199496	1182976	1453922	1257959	1470942	1245962	1160747	1434266	
0.9071	0.2353		27081	24145	33643	34229	32469	24354	23801	30783	27942	28494		1322297	1380839	1498854	1599594	1661971	1273672	1158887	1341464	1315952	1216897	
0.0811	0.6281		22590	23414	16906	20205	21274	15070	24958	17111	28442	18879		1636470	1695519	1269138	1368224	1509178	1160797	1552708	1347953	1582368	1152185	
0.7993	0.1261		19998	20728	22556	20994	20657	21222	34967	29831	29654	28140		1082177	1420014	1194995	1220471	1192055	1236430	1532485	1716097	1504346	1382830	
0.0574	0.8241		16702	16482	26802	19267	19100	16909	26526	19651	23738	25202		1309992	1316555	1460037	1369590	1275282	1244402	1624979	1422984	1673954	1557512	
0.7095	0.9825		39883	36391	34321	36347	38077	44028	35013	38933	36801	36954		1432616	1168691	1319761	1300118	1300413	1565092	1233829	1409692	1342113	1401458	
0.4434	0.0757		15391	15699	17510	17983	23546	15830	21756	15459	16958	15636		1179307	1327168	1221011	1163912	1538673	1357698	1437778	1207130	1121977	1262331	
0.9089	0.2849		34532	27432	34790	25839	24398	41619	27179	34673	29254	33082		1531203	1266212	1434285	1101441	1079976	1321540	1121700	1305631	1458821	1439973	
0.4009	0.9552		35331	33950	29138	30493	28262	33538	26077	26553	29640	24064		1364244	1613424	1296623	1291649	1347619	1400100	1292142	1251572	1114070	1237691	
0.9704	0.6928		42300	33171	38211	33773	36265	35934	58054	42221	39890	42677		1474327	1333485	1385593	1190454	1393529	1233515	1540381	1516491	1383076	1614370	
0.1486	0.8306		25738	19168	20893	20531	18217	21868	18095	29237	19542	19374		1533010	1210970	1157170	1300384	1195743	1198380	1083915	1363802	1404218	1149891	
0.2696	0.0787		14491	14762	13840	21966	24614	21862	13364	13477	15608	13157		1211067	1375173	1263386	1471939	1515417	1352143	1239035	1046353	1171553	1122493	
0.8667	0.6766		41445	45306	33008	46463	41594	40509	35154	32083	31747	34079		1571945	1141685	1173184	1558603	1591905	1387207	1320575	1168680	1136947	1306582	
0.5574	0.9892		31314	32887	40693	29718	33536	39165	31391	31129	31245	31896		1411132	1284827	1287159	1097854	1179802	1370472	1230439	1169739	1127090	1393440	
0.4681	0.807		35157	34980	28057	35755	29810	26899	23640	26938	25877	28535		1421923	1430622	1073184	1532642	1523026	1331930	1039945	1127924	1127744	1282170	
0.2449	0.703		24089	23000	21276	30065	19517	27276	27808	23097	27282	27058		1404557	1398460	1396458	1342969	1188139	1486533	1431298	1433131	1477906	1534608	
0.5074	0.9364		35390	42315	28755	33441	36344	25509	36211	28731	37691	30801		1443253	1495575	1203633	1326740	1444420	1150668	1313329	1045531	1346634	1143516	
0.3793	0.4566		22843	26386	17836	33864	22298	18071	28663	26383	32780	19789		1221981	1401782	1278523	1652469	1365378	1482401	1661267	1288970	1540165	1412201	
0.5272	0.3991		23514	23826	19026	24531	19193	20088	21413	21210	23974	22690		1501306	1241142	1134990	1415195	1121626	1275619	1413620	1189104	1328343	1320216	
0.4034	0.8019		27285	36959	30151	31572	29685	24553	24213	33265	25152	33614		1250706	1574668	1335320	1239510	1208796	1079004	1127704	1495060	1205878	1612906	
0.2969	0.9896		33309	24016	36215	35511	33151	33221	37420	23536	25100	27429		1445122	1252467	1289664	1480215	1691690	1442142	1477471	1132094	1326436	1221752	
0.7096	0.6357		31128	28371	31482	29990	31861	37867	29535	33661	29721	36927		1394486	1266257	1315662	1319004	1228992	1391337	1390706	1403961	1276793	1362491	
0.9191	0.0541		28041	21871	23983	28087	23314	30254	27802	20325	35366	31571		1623238	1291067	1362185	1494909	1525180	1564601	1448638	1180391	1587014	1417359	
0.4689	0.3055		26617	18676	19154	26787	22256	32329	19450	37356	26568	18972		1520566	1209216	1258645	1477217	1216721	1354789	1186325	1383851	1375131	1245732	
0.4468	0.274		26153	17827	26905	21633	16353	18456	19789	19086	17807	16305		1590249	1270165	1400502	1338665	1000969	1088072	1465370	1304980	1257423	1146633	
0.5424	0.3083		36339	21203	19457	33558	38474	22988	22182	29285	29414	32865		1664299	1245333	1334126	1516867	1514715	1399773	1312703	1461177	1513220	1285424	
0.9311	0.3736		33314	36571	36145	35899	26394	23971	26827	31455	38117	45996		1202025	1743508	1609774	1491120	1235963	1057010	1125889	1388146	1178989	1539837	
0.7754	0.2017		25956	22412	29293	27239	29396	22994	19035	19644	22362	20504		1346406	1325066	1426200	1315096	1360351	1241444	1048410	1077238	1223851	1287700	
0.4032	0.9495		32693	27791	23730	26184	29343	25022	26039	25055	35407	25659		1565927	1387980	1222304	1258447	1264252	1173571	1311605	1169983	1511425	1370874	
0.7321	0.4019		43156	33465	27961	25121	32367	30559	26799	24294	31735	23535		1503470	1523875	1293930	1469797	1517542	1535975	1387322	1304441	1475239	1358991	
0.6651	0.1227		25365	19599	31534	19357	25075	17851	18552	17821	25423	16148		1433936	1241767	1625489	1303992	1344476	1091539	1144346	1195887	1462824	978752	
0.1246	0.4229		14264	15604	20671	22671	23519	23159	15376	16939	12926	22993		1222828	1243744	1319157	1605935	1555901	1485958	1223869	1255352	1259930	1584690	
0.2058	0.2904		24301	40605	20358	22450	15583	17132	22525	21284	14826	13182		1369801	1634979	1520896	1324658	1165024	1194532	1242674	1383507	1168781	1032831	
0.9231	0.5491		39441	31683	38197	29904	30590	37842	33774	29753	28120	32101		1399305	1313023	1473625	1419783	1391756	1388234	1241793	1100031	1117105	1276979	
0.7642	0.1901		20857	30591	31397	34072	33237	22049	21314	30339	23330	32257		1303756	1524088	1433750	1418109	1437975	1209863	1208213	1615433	1437419	1583256	
0.7472	0.8033		31627	39755	39480	31639	32155	31543	30898	35143	37078	31180		1478506	1611221	1663013	1325482	1231319	1200860	1320151	1424744	1350087	1176272	
0.6525	0.8048		40965	32783	35131	32817	36496	29100	32821	33505	45208	37615		1273627	1247807	1268328	1162716	1184397	1193018	1248251	1335794	1287273	1470550	
0.8517	0.1962		22379	31348	24286	30065	30249	30238	21667	23426	28539	22855		1358085	1324351	1249092	1506014	1732433	1416240	1365501	1213556	1412804	1225642	
0.2407	0.9495		19171	36025	37107	32494	30919	31106	22347	24414	22651	21615		1069401	1467431	1611706	1561291	1564840	1265413	1352472	1274632	1193739	1196231	
0.2743	0.4003		17180	25795	25813	15114	30609	24570	33470	26399	25919	27374		1385137	1528545	1248037	1262655	1524777	1465569	1597285	1576302	1478352	1602509	
0.3718	0.691		24448	26299	26634	22253	31935	25404	26649	25673	35514	22090		1489677	1497497	1404194	1280797	1552572	1272520	1399063	1548182	1389712	1296092	
0.1293	0.497		24550	16198	21624	15012	17365	15154	13667	15064	15689	13795		1556442	1275055	1155249	1129271	1202218	1194901	1112413	1043311	1259824	1062451	
0.3099	0.4998		18881	22445	20273	20175	21055	22963	19447	28897	19327	24504		1279067	1352044	1281123	1323251	1320644	1140224	1185088	1402718	1147916	1203802	
0.7974	0.1029		21810	28179	18989	27038	17503	21109	21094	27296	20507	25629		1392660	1541946	1149297	1653134	1264659	1475715	1342787	1413151	1307007	1286052	
0.6864	0.7901		31516	39534	39491	30068	41400	39366	30641	32246	32563	31531		1281177	1575293	1592812	1302187	1472092	1495496	1361764	1443358	1344419	1294674	
0.6861	0.2259		26551	31303	28042	26091	25725	44983	45163	24940	19579	25552		1577240	1681666	1777887	1465722	1391584	2123741	1804683	1332900	1290884	1216920	
0.391	0.1473		18016	15733	20517	24700	18090	24325	16101	25417	16240	14443		1167713	1234396	1073208	1399934	1354797	1484687	1242206	1535358	1256426	1083886	
0.3805	0.5515		23418	25589	36074	21035	26257	20895	25618	20605	33153	28651		1206588	1499616	1688419	1265720	1378868	1352223	1295096	1233375	1413657	1583091	
0.2737	0.2292		17494	14953	24943	15640	22874	27088	15449	17819	20058	19726		1472420	1456633	1401686	1134484	1353862	1398705	1123299	1318473	1451329	1476749	
0.1462	0.6994		28481	19092	19760	26091	26986	25977	24410	18823	18122	18054		1493542	1290779	1334910	1356872	1438012	1319648	1535446	1295381	1208600	1156876	
0.6769	0.9272		32141	43444	44898	32108	31638	31657	32547	34125	33939	32532		1275956	1684133	1612883	1270980	1178455	1191275	1190927	1221781	1265591	1244931	
0.3144	0.7815		22214	25492	19765	22697	23537	22672	23665	21020	29434	29383		1172071	1394862	1103494	1258107	1424086	1260974	1216995	1262713	1473582	1421649	
0.7796	0.4982		27550	36695	31069	27066	37549	36226	26767	37103	29449	27680		1537018	1606509	1344853	1181874	1391519	1573047	1351979	1641589	1333498	1218923	
0.6034	0.0675		29270	25562	18276	16548	18429	17056	24424	24034	16789	19973		1474842	1467066	1224051	1130328	1187999	1114865	1343354	1430963	1260648	1304692	
0.9022	0.2227		23207	21631	33161	22836	31290	31302	24938	29353	22824	24248		1138244	1174987	1390096	1157400	1358632	1436241	1374279	1244206	1187492	1144698	
0.9294	0.4823		29458	38467	36835	62607	43199	30826	30782	30708	33032	44320		1226316	1404492	1520685	1274228	1459004	1242738	1280378	1236673	1311374	1432655	
0.5597	0.7816		34731	35206	34651	35396	36035	29550	35810	34952	35267	27879		1308221	1574244	1635800	1398479	1632870	1481852	1560992	1625929	1477672	1277209	
0.9438	0.7801		37210	36448	36207	33478	35225	37157	46101	40973	36758	48760		1450562	1302531	1596521	1245410	1259234	1349624	1393861	1428040	1253522	1366435	
0.6352	0.5043		27157	23070	28622	36848	40388	35221	35036	26137	35082	33714		1229443	1311934	1313053	1603656	1717187	1424359	1559481	1357889	1574969	1441836	
0.2674	0.321		23728	23905	16228	23962	24238	17205	24129	19742	21949	16872		1463971	1445883	1094162	1435513	1484350	1337303	1682884	1518709	1249737	1091987	
0.8747	0.3141		33194	34254	33631	33695	34890	25123	29550	22745	39810	27529		1624066	1540152	1579848	1407205	1390294	1334478	1376821	1023823	1222842	1266602	
0.1784	0.0741		13800	14090	12051	12437	16709	14311	11111	19070	18865	15257		1361695	1279071	1234352	1126497	1268807	1374017	1192113	1299337	1530012	1335220	
0.9481	0.396		24103	34440	28431	30266	34403	37309	29081	25139	36910	28886		904910	1235340	1334265	1244411	1471021	1361581	1378140	1170148	1461441	1157400	
0.1184	0.9454		16478	16215	19319	27216	21074	18122	25736	23890	25543	20439		1021602	1324198	1426441	1545083	1345104	1169722	1533899	1320995	1483483	1240501	
0.7706	0.6257		30483	37410	39050	32178	31290	29158	30810	32483	76222	37851		1306897	1448819	1368160	1337983	1275829	1195519	1203712	1543001	1584487	1544606	
0.3441	0.8614		29810	23330	20958	34580	27940	30213	33499	29634	28274	26795		1426924	1335470	1282276	1632234	1407390	1464063	1456209	1421896	1399228	1437874	
0.6009	0.5414		61817	34930	27120	37417	27098	25286	34407	29027	33400	27678		1493211	1744521	1403208	1597414	1224195	1270606	1536093	1237930	1537824	1292330	
0.9793	0.09		30360	23594	23624	31010	28531	29281	21723	23807	35471	30741		1517677	1325357	1256475	1465591	1362040	1604249	1246050	1299618	1392564	1428669	
0.155	0.2291		21662	13390	18349	13180	19950	18168	13616	15726	11020	14135		1586652	1216558	1391187	1310590	1572527	1435365	1209987	1277697	1079755	1371785	
0.2253	0.2031		22936	27357	21577	14498	19685	26587	23859	17655	21620	21746		1317328	1566831	1440706	1285498	1396090	1271878	1486568	1325103	1384336	1607144	
0.0665	0.2819		19787	12586	13854	15693	27126	12716	13362	13371	14781	14815		1538585	1344283	1302389	1209744	1607174	1203954	1172329	1196972	1302515	1346062	
0.2908	0.2315		17810	18897	16094	20226	14066	16419	25240	16121	24335	15938		1138936	1193793	1234795	1343326	1056778	1282454	1413554	1200720	1132417	1235255	
0.2656	0.3442		18679	20867	15817	23739	21441	18130	16989	24369	24763	16964		1369416	1339957	1150143	1489168	1303036	1210134	1180593	1596337	1430656	1200289	
0.9301	0.6677		41906	33678	35093	41518	32478	56877	34209	42150	41195	33438		1131191	1323094	1324677	1352907	1139694	1477697	1214678	1560865	1415698	1165402	
0.4766	0.8052		23683	33041	33877	25713	27215	25821	33619	33771	24694	29061		1034635	1219497	1221383	1273113	1201300	1167177	1454762	1722442	1393516	1173925	
0.0676	0.6204		15897	17375	15204	18188	19827	15858	14280	16874	16477	18126		1223587	1226871	1276686	1183522	1096785	1134303	1076472	1219753	1273515	1229189	
0.2602	0.052		22942	19313	14869	15118	20142	13018	15680	12548	21340	13463		1414110	1506769	1331300	1406187	1619713	1172165	1314623	1226984	1675960	1259028	
0.3779	0.2772		52199	24875	17026	24881	26123	24640	15981	21868	24965	24913		1558214	1615791	1155054	1491213	1542730	1447647	1129499	1190487	1396782	1340046	
0.9728	0.2808		31178	25628	24869	25013	23313	28329	27396	31153	26359	33732		1399686	1209788	1126390	1125928	1355075	1358087	1267938	1231141	1290972	1422562	
0.6324	0.8093		33088	27472	26983	37007	42412	37885	29249	29882	38917	38346		1346769	998334	1138368	1404173	1665706	1473348	1263265	1295967	1472214	1682381	
0.3577	0.3893		16422	24978	20399	20912	21931	24089	18696	17705	17948	28146		1137850	1484489	1245930	1306943	1460104	1474906	1639441	1239086	1379257	1504774	
0.2654	0.8462		29545	36723	21746	29185	21289	21113	26091	23578	29111	22712		1524159	1355639	1191493	1529302	1408363	1212030	1330987	1307892	1422129	1260575	
0.4417	0.2385		25202	23761	25500	25368	23746	25001	16545	21725	17323	25076		1511658	1344118	1421875	1476314	1518376	1544557	1306692	1167958	1221156	1513785	
0.8802	0.4789		38647	29715	41880	44061	37243	30468	29424	31438	28784	38646		1602848	1398507	1496397	1425507	1554454	1183319	1599832	1232813	1407492	1555600	
0.3328	0.265		15911	17834	18104	17245	18290	16595	16066	23272	17949	18684		1190416	1229615	1242065	1232595	1185005	1132786	1179368	1185202	1285036	1230257	
0.2307	0.6225		19739	16016	18559	28719	27424	31277	29304	25633	28285	23783		1154747	1143451	1253770	1538643	1291327	1398804	1453214	1219716	1559495	1356130	
0.165	0.7753		19536	21131	19288	24479	18622	18163	17725	22541	21522	23510		1189268	1281233	1315989	1242300	1184541	1247302	1328805	1256218	1196771	1522052	
0.7118	0.8954		41638	33285	33206	33358	32280	43232	39425	31846	33623	37753		1448025	1299243	1213129	1218223	1248001	1413173	1194136	1220996	1266193	1366730	
0.573	0.2532		22611	19515	24162	20399	28660	28086	20399	22588	18814	23837		1336714	1283485	1303844	1425012	1518387	1409757	1215709	1462744	1151608	1205082	
0.9329	0.2427		24251	23990	31641	23072	23672	32048	31995	31814	29152	31998		1269769	1229795	1454007	1148133	1135007	1402118	1525767	1529742	1408587	1421989	
0.8295	0.3596		22202	79129	27097	35326	25337	27176	27479	27640	27177	34559		999969	1286271	1213259	1475254	1156337	1379642	1314672	1271749	1224265	1331714	
0.3364	0.801		27896	25602	27298	25005	24701	26748	39336	27146	22831	30464		1499297	1418854	1493487	1404981	1434008	1435838	1476822	1360896	1107415	1589271	
0.6135	0.9238		33974	28578	32802	30523	30351	32832	30487	37951	65865	39559		1249075	1086674	1205682	1168091	1396832	1366563	1227163	1646477	2038869	1746368	
0.9257	0.4463		43331	30599	30689	28549	28903	25296	38508	34096	37947	27597		1294893	1276703	1501930	1235376	1402476	1217879	1460595	1457643	1660098	1158470	
0.8052	0.0992		19028	31360	26947	19997	19861	22957	19002	27815	31696	19566		1269442	1457755	1480546	1143830	1124098	1275596	1027651	1365157	1475513	1141477	
0.745	0.6388		29198	29201	29138	29124	39313	30541	33955	31462	31068	32401		1312704	1149556	1243769	1376119	1703985	1392282	1318210	1453563	1498316	1333466	
0.1901	0.3459		17172	24436	24004	14855	22126	18320	13752	15043	13091	13807		1180824	1507554	1277093	1334636	1479447	1229642	1099217	1010505	942363	1231872	
0.2398	0.1273		45165	20061	13491	13025	24468	22279	14933	17756	16597	13306		1445585	1439801	1240663	1395763	1488584	1455186	1317260	1361613	1242646	1174262	
0.8604	0.3956		25775	32939	28600	30901	26846	24498	24006	25975	30462	28386		1215832	1355571	1227083	1308624	1219664	1092854	1186291	1048871	1239741	1639861	
0.4755	0.5854		29286	38018	25503	23643	25010	24035	32356	22420	23772	29365		1567926	1532032	1323442	1246209	1276025	1138063	1588979	1402960	1321609	1435380	
0.8881	0.5878		41029	28989	31627	40867	31651	29147	30804	42284	38981	38388		1560364	1259531	1305435	1428607	1185062	1155246	1248866	1451891	1391698	1347164	
0.4883	0.2242		18636	20879	18707	20977	19126	19977	20541	16235	20040	21938		1345932	1351194	1189662	1297993	1439880	1397877	1278761	1348651	1378398	1337930	
0.2468	0.6419		24014	21157	28542	27057	25592	19659	27115	21383	21456	19232		1265566	1247596	1343457	1571296	1488113	1239467	1478716	1333202	1197639	1192401	
0.3352	0.4049		23057	27359	27430	17574	23207	24773	20828	19010	18605	16257		1306949	1519985	1455527	1108759	1412786	1395717	1351579	1401681	1406662	1162418	
0.6107	0.3533		23786	29202	19954	21602	22804	21947	21164	20917	20016	22050		1628415	1520555	1036091	1157582	1301746	1147744	1187649	1016139	1015267	1194179	
0.9557	0.6092		42304	33467	50083	36848	35917	31981	34970	63236	33951	45276		1519046	1450502	1592417	1319722	1277860	1332519	1433732	1611868	1507677	1466925	
0.478	0.4764		21973	21729	21753	22591	22037	24435	18714	20639	19591	28597		1300778	1166255	1139395	1106798	1136641	1159603	1113955	998084	1228687	1440573	
0.0686	0.8567		18221	32995	27128	17718	20357	24427	16916	14519	20584	23850		986823	1266028	1481662	1087812	1252016	1376377	1090856	1084594	1437751	1348380	
0.4922	0.9698		29034	37706	28548	28874	25779	35698	31260	35449	30540	30958		1277218	1663936	1393212	1391482	1182449	1409375	1217736	1247073	1269940	1351537	
0.2454	0.2417		20456	14713	16171	15357	22678	22524	18282	16386	23997	14795		1513503	1208443	1230797	1194485	1296767	1643518	1316635	1254452	1490520	1347539	
0.9538	0.4103		27643	28049	36154	28386	34010	28109	29008	38461	32886	27510		1307265	1165421	1585649	1215919	1333833	1244922	1278876	1522949	1333619	1294480	
0.3845	0.6805		33827	25500	27754	27319	22958	24864	26710	26825	25981	25233		1267302	1361840	1524794	1425119	1259037	1212067	1334365	1163689	1203358	1348433	
0.8355	0.541		30059	30745	30905	30270	31737	31339	38252	40882	28959	31041		1327798	1481553	1283935	1171082	1440076	1262591	1544784	1507050	1243692	1258480	
0.5254	0.3574		20819	28131	28239	22339	28272	22248	20369	20030	21585	20099		1252490	1304961	1494626	1233040	1479789	1290919	1210655	1376351	1328759	1451848	
0.6778	0.2929		21906	41892	20007	24044	24117	27406	31286	22508	23497	30290		1218372	1221468	1131046	1112960	1183697	1342589	1424520	1230470	1258171	1458638	
0.2606	0.6442		25112	29639	22716	27519	27769	21410	20365	20142	29565	19899		1445964	1531532	1365741	1567041	1632970	1373293	1227431	1216564	1568806	1225942	
0.7844	0.7209		31551	42046	31856	40817	33859	47222	39043	32474	31518	40183		1189380	1341030	1316510	1450779	1277556	1484207	1416882	1361339	1263304	1356687	
0.4726	0.3348		21874	25478	28981	22253	23013	22235	23254	20050	19289	20007		1352129	1447525	1518295	1401031	1387603	1306954	1348836	1317928	1239748	1354244	
0.5702	0.1779		20465	28468	26451	18792	27607	18663	21238	26634	21103	35207		1390994	1547639	1563408	1398343	1675604	1293160	1344448	1558905	1701550	1755099	
0.2141	0.3876		40168	27038	21812	27385	17567	23435	16975	22616	18759	26110		1625868	1651781	1590206	1267221	1123433	1394831	1326609	1430760	1528246	1675083	
0.5864	0.5499		32728	26302	24717	23748	26567	26199	27561	31368	38341	24401		1704219	1306385	1169524	1217125	1303974	1388704	1449789	1450209	1306056	1220320	
0.2439	0.24		20371	35878	22349	17069	14924	14753	22142	14650	15153	14971		1397733	1402057	1478182	1183508	1031937	1109127	1467491	1145895	1128394	1101854	
0.2612	0.3881		15642	19070	17519	19340	26051	19498	20052	16606	25364	25917		1184284	1499549	1262769	1276309	1355282	1254768	1336988	1090661	1645257	1511923	
0.3526	0.2504		22786	17590	25200	23902	16214	24015	21069	17228	18249	24262		1409370	1380741	1665816	1469321	1290091	1774532	1281747	1203108	1311512	1603843	
0.7092	0.8803		39799	39456	33529	32976	46567	31262	33352	37264	32460	41142		1541810	1459252	1221572	1312992	1471085	1178029	1380677	1353638	1249899	1437922	
0.2645	0.3646		19955	23376	16488	15869	26676	16440	23662	25377	23247	18827		1516694	1443088	1266608	1132223	1562856	1225274	1216727	1509400	1320635	1259785	
0.425	0.5953		31324	20818	21287	32049	32473	31891	20796	22300	23004	29878		1458494	1220523	1174007	1648293	1727875	1606884	1169255	1259984	1333440	1583058	
0.933	0.2017		24456	31370	24915	22380	30851	29635	24748	22583	34250	23358		1218969	1463353	1268388	1079629	1456014	1398144	1262686	1175466	1100746	1253055	
0.0888	0.9241		21880	26402	26064	18112	17596	17703	20062	19293	28572	20856		1309248	1442459	1444321	1151599	1178950	1277601	1209133	1225520	1449093	1227492	
0.5298	0.9321		109685	30461	28895	28081	29107	28552	28995	34922	28712	28461		1624008	1348064	1275421	1433122	1352533	1211155	1096639	1214685	1134164	1282830	
0.3683	0.0656		17045	16374	23009	19373	22915	14470	12659	16690	14594	15643		1384133	1398469	1569164	1409200	1449943	1191762	1181090	1460939	1280121	1383975	
0.7777	0.2277		29951	21736	24274	23755	27078	22593	21627	31924	29802	21587		1714644	1265705	1422416	1253819	1320848	1197823	1367761	1466491	1442584	1384344	
0.6371	0.2431		22598	18121	25625	30410	28114	21578	20947	27462	19431	20603		1306321	1149506	1263116	1456375	1321377	1309078	1220789	1345941	1184001	1185714	
0.2145	0.2792		20446	24083	17854	24371	19688	16932	20603	15291	22672	22421		1288234	1417048	1309156	1538897	1439597	1241072	1434144	1319792	1429858	1371717	
0.5122	0.0955		15951	18028	17576	18978	20647	29069	23610	23552	16104	18844		1169682	1284274	1278992	1315516	1373328	1229756	1463619	1569376	1280518	1461002	
0.8554	0.7549		33589	32788	33853	32348	33852	31826	33649	39489	34806	40420		1279177	1279280	1295409	1249654	1327594	1299835	1129011	1272087	1362006	1545770	
0.4343	0.6469		57783	25794	24027	33249	36982	27097	23743	26358	31671	24395		1323656	1194916	1256940	1477492	1528562	1645239	1246713	1271785	1600845	1344129	
0.7338	0.9053		33238	43936	43020	33508	58911	35802	32648	33461	38635	32991		1291741	1664690	1535746	1316502	1405184	1242242	1266143	1266368	1199891	1122590	
0.5751	0.7107		27895	28008	26779	29440	30363	28701	37392	27379	26812	26818		1510343	1349909	1174048	1439868	1240220	1307526	1659306	1324513	1192995	1286715	
0.8148	0.2074		23993	24918	25227	22304	22776	26878	22523	30498	21559	27435		1164146	1264825	1218082	1300541	1464018	1211697	1157861	1531526	1384547	1387343	
0.3604	0.7252		31496	23085	24694	31637	23678	36187	21390	25902	37631	19869		1580566	1335386	1481669	1490676	1371310	1285871	1196764	1523944	1481064	1260757	
0.9995	0.862		44411	39293	46157	37358	44117	46053	46180	48274	48675	41322		1488265	1334661	1407686	1277015	1417033	1594352	1287116	1384023	1395311	1214226	
0.5577	0.1828		20488	15747	17185	15634	18597	17974	17925	17701	20077	18134		1289665	1102664	1147134	1007351	1318581	1165719	1201843	1167242	1243047	1178196	
0.1955	0.6463		27068	19566	21663	19613	19457	19089	29768	28492	19680	21770		1344256	1223464	1326351	1291058	1245082	1268422	1551364	1400496	1172074	1298645	
0.2072	0.4813		16962	19337	17979	17182	22092	18594	17010	21378	19908	20273		1319753	1322083	1200019	1190417	1278178	1191322	1201110	1404489	1306139	1335786	
0.9319	0.5438		30146	38839	37599	31668	45331	33438	37557	32575	41121	32451		1367858	1407976	1326737	1436725	1204090	1407741	1523668	1216351	1380616	1107938	
0.9698	0.8082		41179	37562	38861	46066	37283	40583	33902	52605	33493	34555		1432007	1271009	1332477	1567856	1261751	1178188	1228387	1263473	1384871	1173873	
0.3908	0.6664		39018	26700	33284	35396	35131	29881	25826	22717	23910	25197		1614174	1419845	1684212	1699142	1369729	1341950	1299835	1255560	1126039	1227103	
0.72	0.666		28886	39460	39625	39765	32489	30588	33184	30820	47161	28727		1154921	1452984	1655922	1627740	1297845	1307825	1337453	1182241	1349925	1206193	
0.2435	0.5384		21255	18370	26566	22501	19915	18906	18006	26755	22011	29315		1199032	1101468	1340181	1342193	1385388	1208187	1317980	1384980	1410225	1346074	
0.4292	0.7752		31538	32077	27139	24157	29771	35133	25587	26715	22846	23824		1529576	1406299	1379753	1216785	1323241	1404650	1264144	1261380	1079378	1201694	
0.0921	0.7803		19203	27124	25548	18040	17909	23773	16295	16226	14886	15990		1462652	1282045	1472576	1166079	1162284	1376385	1198282	1038390	918529	1399201	
0.6075	0.8314		26710	29106	28455	29220	31846	31292	40777	29252	30068	36647		1167807	1161363	1110730	1194403	1255026	1341565	1471569	1497218	1335913	1384224	
0.201	0.7765		20920	24572	28421	19612	37763	17917	17801	19735	19498	27092		1356712	1451871	1595586	1367404	1223328	1189732	1021755	1220013	1169244	1445061	
0.9448	0.2713		32818	33852	32552	33448	32684	38440	25214	33400	31673	28343		1317339	1612558	1514345	1262100	1573785	1427775	1190636	1555829	1426666	1450035	
0.6685	0.4863		24567	25419	28026	25359	34337	26457	25078	34662	36787	34396		1350167	1280234	1164734	1243199	1616687	1391025	1113431	1412544	1519880	1459120	
0.0614	0.3089		15196	11089	21189	13490	28964	19493	12227	15544	19407	13514		1353961	1258151	1329310	1291534	1186469	1415814	1076226	1127847	1333428	1152171	
0.6823	0.7145		28178	28499	26723	32956	38428	28853	39046	37030	28637	37478		1072980	1184703	1381575	1478454	1373530	1239945	1647188	1341713	1331641	1435256	
0.7841	0.2148		23447	31522	22349	31411	22151	26513	26720	19965	25016	23083		1336923	1565908	1352626	1642832	1269440	1425856	1296965	1123085	1328602	1157404	
0.362	0.694		31786	33422	24578	23388	24553	22160	23144	28279	32785	22542		1424907	1629351	1341143	1154200	1342169	1220745	1349879	1302365	1575323	1388035	
0.73	0.9527		41696	32363	35681	42139	38615	31393	44135	36815	33866	53459		1705002	1182623	1133826	1332766	1214270	993990	1655036	1491643	1239685	1188486	
0.3576	0.6516		26264	22619	23013	24992	22777	21706	30315	23864	35809	30036		1301239	1200159	1365214	1192913	1204074	1182318	1490230	1241801	1171453	1415802	
0.1115	0.2402		12696	13414	12305	18246	13411	13511	22066	19472	13333	12584		1291458	1209159	1222204	1449333	1451839	1280889	1455959	1415299	1316640	1381711	
0.2343	0.1011		12895	20101	19445	18179	14743	12684	14231	13452	13201	12106		1232446	1539037	1362970	1199417	1241891	1154807	1125947	1113924	1096280	1213217	
0.7698	0.4912		38537	28958	28394	36192	26168	34944	34773	34334	34525	36022		1367794	1259346	1313797	1460086	1389649	1663787	1609174	1679155	1555196	1732477	
0.6769	0.357		22458	31443	29392	29233	27576	30463	26618	20593	39797	32019		1146024	1503951	1573671	1406153	1291120	1269130	1347454	1042502	1674599	1567859	
0.3576	0.4654		21435	21496	20004	19549	31585	19446	23940	21030	30140	19842		1407411	1397334	1353538	1231892	1355609	1350449	1218815	1396767	1637612	1641004	
0.6809	0.0584		18860	17980	16653	16861	17266	17259	20540	16960	17574	18111		1393855	1196453	1129336	1159257	1147582	1173911	1283060	1158910	1117837	1134724	
0.303	0.4447		21947	27479	29011	25482	17975	18235	19550	17642	20288	19990		1428381	1626157	1425431	1471818	1392350	1298274	1323122	1322168	1345493	1270250	
0.3476	0.479		27149	20396	20845	28327	19473	26744	18610	21639	18175	22455		1237259	1340695	1248988	1307451	1322589	1440912	1177807	1345050	1251261	1205735	
0.8765	0.7094		34191	29767	43483	34939	34120	47176	36948	32863	35877	33404		1077330	961513	1481702	1339071	1297837	1480534	1195892	1263376	1392768	1292471	
0.3803	0.4242		19042	27041	20938	25072	23958	27008	18872	18993	28153	27891		1257154	1587088	1263816	1490177	1366534	1389051	1147614	1151488	1289334	1495130	
0.6943	0.987		42308	33435	39441	32622	33628	35423	32984	37561	38819	31008		1682842	1359956	1355432	1176102	1233344	1308675	1152120	1358910	1488974	1136193	
0.2227	0.1988		16972	14331	22763	17237	15720	23863	23576	21925	23967	13067		1242230	1070975	1537162	1235293	1315973	1595254	1439296	1417414	1579799	1436313	
0.3125	0.2869		13981	18429	23470	17462	17095	18003	19889	17996	18693	17016		1180143	1261520	1320892	1202082	1255964	1250322	1236954	1245270	1154285	1244813	
0.2613	0.967		22457	25495	31685	23215	23763	29007	25992	32136	25150	21692		1440893	1372017	1682881	1374736	1278447	1357121	1306176	1604330	1402339	1093163	
0.9544	0.853		45803	37721	45088	37264	39100	40650	48902	44914	34374	38337		1456142	1226513	1531439	1250923	1285832	1298209	1675607	1710681	1143714	1287423	
0.2861	0.7996		22549	23734	30913	31749	28022	24414	27806	21861	24782	31601		1235364	1208653	1427873	1473816	1580565	1251983	1494573	1044736	1230179	1760968	
0.3478	0.9262		23752	32454	27818	32471	25205	25651	37818	23211	24879	26662		1263402	1402944	1280436	1217736	1218921	1367839	1352013	1292572	1270493	1310176	
0.2245	0.2457		22139	31400	22533	16127	18696	26480	19022	15753	15681	15538		1456578	1621215	1615481	1466091	1356977	1562017	1391274	1345820	1317061	1231823	
0.393	0.8086		23778	25798	25216	34281	31549	36833	34259	26615	27381	27483		1361365	1434575	1147066	1379713	1269180	1416151	1570642	1316385	1388141	1328587	
0.7856	0.6952		53659	34107	31395	41836	38041	29284	32646	59831	40181	32160		1648734	1407390	1254168	1774193	1322886	1082613	1108361	1581124	1494420	1223778	
0.9183	0.8833		40959	53333	39749	39639	36207	39665	46584	39160	34781	51047		1497176	1572650	1494327	1366709	1308000	1252844	1727823	1350289	1059883	1166788	
0.2222	0.1583		15014	21736	23085	15893	14337	15075	23419	20956	14324	23338		1298198	1344001	1637850	1378740	1463556	1280592	1604312	1500399	1471946	1565764	
0.5037	0.7454		29502	31575	28384	24668	24509	25102	24828	28526	34526	26741		1245102	1303522	1258004	1051658	1192284	1159594	1384794	1279747	1410543	1499886	
0.15	0.5274		17765	25587	18476	21065	17829	16466	16255	14066	22304	18351		1482132	1514405	1250445	1331187	1159493	1375005	1345743	1127963	1264568	1163971	
0.1887	0.6682		20605	20576	16743	19035	22385	20729	18762	24909	21043	24823		1157604	1239582	1090934	1288754	1305054	1393306	1327351	1273855	1247866	1393422	
0.6941	0.1264		34397	25798	29367	26934	22707	26722	27958	20974	19627	24573		1653604	1386754	1438971	1462948	1331775	1462188	1425836	1335999	1347282	1364307	
0.2723	0.1175		20610	40537	19266	20349	20551	11908	15189	20511	20837	14713		1591859	1496094	1292992	1647244	1529397	1116791	1234282	1498117	1553883	1308547	
0.9263	0.1422		22240	21064	28610	21168	29146	20907	28905	24165	28828	18753		1469621	1324687	1326525	1235877	1407221	1220616	1503448	1253220	1486597	1163025	
0.5142	0.5291		25457	27413	31901	32333	23171	24084	25870	21414	20075	27602		1286797	1406207	1607207	1524538	1154178	1426567	1174438	1034745	1072382	1351075	
0.088	0.0774		12810	11920	17307	12540	11317	11131	17497	19396	17678	17454		1156887	1543214	1480259	1158102	1218484	1128701	1468829	1508685	1372983	1411562	
0.6376	0.6378		37701	36425	36363	27695	27779	32747	35342	36489	29644	33955		1477590	1594131	1534854	1266563	1284792	1316956	1597714	1474568	1335182	1282539	
0.8481	0.6948		32400	30626	29372	39963	40145	41117	32679	32258	32781	33700		1266556	1285386	1171602	1317954	1503620	1493851	1176415	1273417	1301368	1282213	
0.4788	0.8382		33958	27709	39616	26639	30929	29835	28726	33809	40371	26960		1666239	1267693	1202499	1058932	1239584	1206156	1209218	1532331	1439158	1374959	
0.1298	0.4121		21081	15031	21718	14101	18709	21479	21119	14602	21100	21175		1359168	1160421	1545413	1196987	1267824	1574726	1321652	1275920	1471841	1453799	
