18	19	
0.3111	0.328		27927	35499	27800	24894	25225	30056	19461	30083	23008	30245		1533076	1530509	1369030	1388400	1339147	1745137	1258934	1423836	1387569	1395416	
0.1457	0.0806		18298	15320	17152	21232	21327	19471	12865	27243	19679	12797		1434165	1179019	1314522	1338167	1212980	1332560	1017751	1349641	1056406	1110653	
0.7942	0.4243		27074	26735	37018	26577	49855	27058	37908	23471	23873	27666		1290031	1308338	1466986	1229933	1517916	1381132	1431512	1283545	1117407	1366898	
0.972	0.7752		69819	38028	34660	41781	40076	36425	50859	37013	29590	37723		1410058	1410203	1372097	1722283	1405343	1334753	1378350	1281074	1222992	1227886	
0.933	0.1136		26634	24454	22105	26312	34660	25783	34953	23287	28778	38517		1423223	1384706	1276589	1608933	1584681	1509267	1679538	1318437	1343222	1639462	
0.636	0.658		27315	39599	40078	33013	29441	41844	30552	41665	29757	31208		1236324	1370966	1384147	1312603	1243600	1474567	1294589	1607957	1207898	1290396	
0.5261	0.8497		31725	30011	34699	40407	40144	28676	38495	40864	48346	28778		1463915	1693551	1449923	1538380	1588419	1203219	1436459	1551093	1572320	1125148	
0.2511	0.149		14728	11921	26246	14831	13941	16554	17458	16478	20789	16602		1025715	981458	1197574	1006778	979827	1043558	1150074	1184003	1103440	1108094	
0.882	0.8771		48374	36925	36072	36616	42986	38754	47843	35861	41522	38330		1375815	1116685	1104778	1258597	1326663	1257394	1305730	1217071	1300129	1526727	
0.6654	0.541		27359	28348	29865	27911	39197	31797	37311	26114	30188	31451		1380227	1159570	1192722	1239160	1418953	1287729	1368384	1273277	1237622	1376987	
0.1841	0.5106		28279	28603	29085	28887	28748	19688	28873	20364	28143	28386		1538640	1500307	1391326	1532881	1382852	1331947	1508098	1267466	1461092	1551824	
0.1103	0.7363		22269	30634	29321	20093	19532	30153	18175	23381	22105	28803		1284716	1228466	1417724	1042891	1021999	1386707	1039339	1222140	1178890	1294796	
0.5328	0.4224		26463	34703	23830	27314	23302	37586	26302	24586	23904	22695		1537494	1527758	1238763	1403123	1249655	1481114	1396757	1408936	1257656	1328119	
0.599	0.1045		17725	29314	30312	19712	21664	19610	29193	22051	27645	29025		1408861	1487661	1480161	1119281	1337789	1059622	1251768	1298760	1428745	1340800	
0.1976	0.191		18845	28893	21357	26431	19853	15919	19938	20766	19830	19850		1172825	1489985	1295905	1501560	1499670	1001344	1329540	1212321	1282666	1234657	
0.4473	0.2868		35111	23101	19870	25797	27837	17236	30503	21780	24394	25362		1572642	1252963	1341823	1278628	1529205	1175780	1380629	1378501	1452988	1280951	
0.6966	0.7006		43135	57236	32040	32228	32854	32040	32332	29092	35824	32333		1592699	1593513	1368556	1361463	1467895	1393794	1467570	1315438	1371535	1220347	
0.1565	0.2736		18788	21241	24392	18555	20560	17696	16946	21343	25909	14825		1421068	1234699	1106506	1180439	1319991	1289896	1153749	1475841	1504802	1056795	
0.6824	0.1919		23056	20464	23580	25543	25864	26141	32337	34366	20935	28773		1227905	1151843	1271591	1246264	1272912	1326977	1346595	1611657	1187727	1222618	
0.8075	0.3917		50554	30846	38993	29485	27345	40180	28525	24524	29506	40957		1669306	1338126	1511154	1362384	1447302	1478103	1283597	1321479	1380570	1506619	
0.0822	0.3568		27283	21190	26948	16018	27880	19814	19150	16530	23817	14771		1699277	1343429	1521942	1218614	1373284	1301467	1289106	1298005	1170950	1086457	
0.4173	0.3272		23658	31948	32575	21141	25143	21643	39830	23609	23874	27082		1444836	1475901	1347860	1235523	1179999	1244583	1386382	1195236	1278978	1315868	
0.5048	0.9922		30870	38974	41858	31816	30013	31820	30702	43619	34733	32196		1220212	1270590	1570535	1368453	1187638	1126195	1214969	1353876	1302525	1288396	
0.7377	0.8675		33414	46101	46082	51088	34644	35887	30879	33347	35674	37563		1368134	1447885	1529857	1340088	1365637	1329870	1204881	1303858	1387535	1255074	
0.205	0.5103		23096	22716	22926	26741	20238	17771	22489	16860	18913	29970		1505077	1530069	1281361	1765903	1191330	1076401	1237987	1219514	1148132	1480835	
0.7733	0.753		36722	29293	121970	40765	37699	34919	45552	126133	47036	34730		1686585	1405331	2166333	1505240	1389539	1687508	1766446	2340638	1629677	1285272	
0.9252	0.586		35925	36931	35340	43222	36167	28351	32201	35916	41978	55549		1450212	1252859	1345372	1571843	1217880	1088387	1226983	1161410	1577809	2008843	
0.4806	0.9031		84144	29064	67470	46402	95800	36800	38106	28626	88759	31859		2000551	2029084	2135702	2040048	2276354	2348513	1152771	1168165	2276820	1849542	
0.9523	0.6555		45051	38175	45007	33182	44690	44800	32915	33063	32224	36773		1848059	1466263	1390254	1395563	1508589	1456696	1372512	1361564	1289677	1463456	
0.2881	0.8082		36923	30416	22180	26893	27447	23519	35300	30582	37233	32055		1574879	1213972	1086098	1360759	1481064	1323508	1650511	1436826	1430651	1507554	
0.4117	0.2806		33993	19900	20303	26735	20191	21028	23092	19651	28338	21960		1441681	1317618	1283872	1433321	1063249	1290423	1225633	1211446	1267058	1189687	
0.7957	0.3001		75099	29173	24804	33182	29628	35407	27620	34810	36179	31058		1622857	1615218	1279156	1279476	1460286	1456546	1426748	1663170	1269773	1381923	
0.4228	0.7006		32162	37136	28487	29656	37820	37071	42554	30318	29074	29000		1578767	1676972	1349588	1423390	1625292	1689303	1645174	1426749	1507784	1247505	
0.5792	0.6816		30599	41293	27692	30574	31711	31029	34665	43148	28811	34385		2126776	1571849	1121177	1442886	1618960	1529470	1537678	1331730	1558591	1488088	
0.2183	0.4271		21172	42924	18922	32342	21564	99846	25447	18816	17791	27387		1364980	1880741	2243332	2435938	1400833	2439309	1858646	1503621	1371533	1429283	
0.5509	0.5728		78839	24319	23965	47364	47010	45347	25484	61956	29307	85899		1743620	1649146	1235829	2019303	1636856	1647762	1458746	1587838	1482317	2618985	
0.4313	0.1593		19590	29406	18825	22077	19748	17762	17164	22023	35399	20254		1487118	1758868	1365081	1148673	1036024	1014002	1226603	1217447	1526497	1254923	
0.1968	0.0883		17954	15520	16671	20023	13559	16820	18413	16397	23961	17759		1259225	1250955	1322749	1249534	994822	1207348	1230820	1302980	1492268	1346983	
0.6133	0.8344		40833	30633	36614	42854	30388	33240	38337	30727	32320	40899		1665559	1312134	1402958	1453637	1268801	1296437	1199008	1040584	1243466	1486101	
0.3309	0.6428		32873	38694	94835	19318	32929	99740	31094	25835	22467	25921		1533154	1295736	2307714	1663044	1654471	1968997	1799027	1333044	1185015	1201365	
0.4011	0.2685		26479	21874	21628	21695	30565	21148	19975	24580	18081	30814		1571675	1366771	1385897	1365022	1519594	1308217	1245408	1328861	1130120	1537414	
0.2694	0.0558		18454	16761	17031	19346	24118	24710	13944	14945	16097	14399		1315760	1310102	1374947	1449745	1734703	2064621	1715767	1568059	1220204	1521052	
0.7489	0.5788		32646	35266	32806	29609	26603	30537	31271	45877	25356	29074		1255886	1387913	1475574	1398833	1056714	1327334	1466874	1756056	1206776	1173320	
0.9613	0.5683		45744	39687	34013	37066	85209	33443	35414	42104	40607	31950		1278452	1859380	1519029	1282716	1743850	1572298	1509134	1481111	1532169	1191240	
0.7404	0.3647		30042	29871	25654	41581	38784	30388	32697	24224	40528	23744		1409874	1498271	1638383	1588360	1691869	1330306	1162483	1176831	1293354	1336490	
0.4227	0.8138		68933	33655	60916	28423	27713	28747	39595	25657	30139	28332		1750369	1498981	1706904	1203153	1393955	1357301	1815376	1156139	1328231	1503659	
0.4126	0.4465		19962	30761	30339	21392	34469	32249	25978	22924	24956	31045		1148770	1385537	1478412	1463417	1492844	1581014	1553024	1161323	1249524	1455840	
0.6122	0.6517		27488	39311	26609	34242	37929	26549	29512	39111	28249	37058		1283779	1449906	992675	1306428	1454035	1146816	1246033	1434843	1152779	1232355	
0.8824	0.5445		30014	32474	29283	33535	31576	41885	41593	32259	33185	38983		1161307	1309739	1226703	1268772	1345976	1512051	1373917	1257346	1434359	1404070	
0.6083	0.4048		36400	25937	35393	26982	30558	35405	22996	26580	25640	28276		1498679	1396253	1450634	1445497	1578165	1415504	1111896	1140282	1192537	1180494	
0.9783	0.9808		42473	48090	50690	48180	52087	49369	40788	38434	41186	40586		1437264	1334808	1613285	1524782	1867609	1583174	1305368	1160028	1450212	1543913	
0.0601	0.0835		18267	17837	21985	13701	16170	18512	15711	14115	15160	16352		1452547	1357099	1382510	1103215	1269971	1454629	1262880	1072495	1195845	1261340	
0.2468	0.5941		29990	18686	18861	22584	25030	26322	21919	21843	22219	23990		1413592	1300732	1008951	1200381	1243001	1482056	1199707	1407131	1586859	1468147	
0.5116	0.2417		19101	22682	22848	19780	18170	27957	23706	31742	32014	21751		1201561	1267777	1395905	1175070	1183978	1322302	1087722	1266921	1540789	1357267	
0.7995	0.2125		37222	33229	25034	23534	23554	26504	27125	26965	26126	33864		1941457	1843329	1354319	1313872	1356027	1305936	1372281	1585393	1507966	1437163	
0.2167	0.7604		33842	31504	33326	26054	34434	24136	25260	32046	23967	24578		1902707	1769825	1743560	1499805	1409666	1787642	1341168	1495753	1380896	1281329	
0.9662	0.3384		33446	75441	41882	34896	31959	27938	26888	24310	31432	37164		1392236	1612085	1812518	1374434	1343890	1461267	1106774	1081330	1428416	1502389	
0.5402	0.5026		25758	24066	28254	24483	23985	25830	25511	34240	29039	36422		1264654	1248023	1221778	1178705	1134518	1250568	1310551	1463750	1368242	1420037	
0.0991	0.7676		24551	26392	19650	18588	18538	27050	31627	32137	35241	18725		1498994	1386055	1262878	1237915	1182351	1526714	1325489	1587978	1333034	1038447	
0.2396	0.8504		21850	23391	33537	26329	42792	88169	33212	31932	19815	31015		1407128	1366709	1847360	1305916	1640835	2436793	1448858	1504609	1163975	1453678	
0.4037	0.5453		24957	26192	26547	23672	23871	23644	38373	27165	25016	31847		1355502	1385146	1347970	1331391	1405815	1404985	1638295	1345503	1284792	1341661	
0.5386	0.9533		46503	36958	37353	31631	30818	40078	42261	44980	30583	36544		1875285	1317360	1513921	1390835	1207137	1330383	1425691	1654460	1217084	1449658	
0.8196	0.4472		58126	27422	38111	38810	30825	31647	27824	40121	41967	41268		1764517	1366349	1210089	1308044	1361461	1294216	1363803	1657443	1438697	1568051	
0.1596	0.7745		22222	27968	27805	24233	21592	25247	22426	21719	20970	22130		1437179	1415086	1559099	1496462	1282939	1520677	1418437	1277369	1300765	1181202	
0.1918	0.6824		25097	21107	31089	25718	30832	26255	34700	32088	30074	27105		1349055	1130820	1534233	1631676	1631628	1367632	1750356	1538228	1591402	1462109	
0.6681	0.3314		33249	29313	22575	23561	35047	35086	22940	24553	26866	31930		1481528	1259573	1266360	1270963	1502862	1687123	1238965	1217829	1371763	1356628	
0.0689	0.0574		23009	15440	14736	20079	18205	18969	12744	12951	23089	12270		1407667	1468197	1390274	1446400	1388368	1315698	1237047	1332216	1520772	1056592	
0.6923	0.4502		37654	26609	26476	26383	37830	37605	26734	26421	34715	31896		1540881	1171933	1024152	1110056	1452129	1293283	1172271	1141937	1363535	1220105	
0.7155	0.7541		30241	42265	36668	43193	48497	37513	30128	27616	32418	43450		1244495	1758526	1429489	1670385	1354092	1367149	1081894	1213765	1353774	1453163	
0.4257	0.6973		34896	29677	31946	22416	29264	31262	39162	26258	25437	35120		1590055	1253219	1282342	1069375	1151733	1374622	1515014	1329041	1243336	1550674	
0.2865	0.7933		27188	25525	22152	24430	28048	25944	33960	38731	24928	24539		1315835	1246099	1089114	1129442	1300572	1319944	1421401	1460500	1178914	1157031	
0.4637	0.2937		32412	21368	28811	31776	33220	30166	30097	31384	30728	24168		1625675	1263572	1499208	1485516	1302041	1430200	1572544	1361414	1604183	1550470	
0.0753	0.0847		16772	16561	13110	23724	19212	15629	23517	14993	21439	23968		1291894	1199899	1172057	1251715	1250953	1111794	1359925	1246329	1207821	1405972	
0.1393	0.1614		18190	18359	21065	16284	21256	15721	13426	22038	19795	16741		1256078	1430639	1262835	1421266	1301252	1168627	1100542	1293761	1215687	1182996	
0.2219	0.8385		46200	34594	28734	24474	29240	23291	27993	25243	25849	23819		1639372	1421518	1299813	1268878	1223528	1321683	1282407	1253093	1220391	1243631	
0.7297	0.9754		36684	43324	32384	33870	35717	31892	31646	36804	44521	40753		1350715	1304508	1080608	1215665	1206428	1062961	999413	1284132	1483956	1424789	
0.4624	0.4753		23578	27847	30849	32885	35551	33111	33919	24507	21596	33802		1405113	1345192	1437500	1295795	1359795	1353178	1260108	1211684	1223526	1552880	
0.3249	0.751		31551	33758	21772	28844	24613	24552	37420	30288	35894	21863		1394827	1177038	992943	1301523	1561709	1460852	1425347	1236892	1407205	1113239	
0.1196	0.8108		21656	21334	21246	22019	25918	21079	23397	20913	22683	20813		1168468	1406356	1152980	1209863	1482872	1209481	1188932	1166130	1330428	1161180	
0.409	0.9221		27716	27778	35783	37680	42445	32456	36338	28029	29255	27534		1252110	1272142	1381187	1429521	1369873	1115801	1426125	1140910	1047008	1039944	
0.5815	0.5013		26364	25111	24125	25015	41398	34877	36222	24684	30220	37391		1319388	1150725	1321192	1204772	1398548	1354924	1544722	1421493	1337200	1393934	
0.6329	0.8292		62367	36585	42979	36883	33260	29291	36490	45727	30955	36000		1427790	1501222	1527919	1339709	1351798	1274850	1417766	1596618	1076711	1233711	
0.187	0.3681		20413	22973	22084	22361	24750	19149	23538	17446	22482	28136		1509127	1533542	1376434	1518983	1424819	1273194	1182779	1424437	1412167	1423262	
0.8315	0.1486		22786	32829	24074	20245	34377	29375	24572	22672	25853	22658		1190247	1522036	1249053	1063759	1358348	1313274	1257826	1317802	1297048	1257313	
0.2857	0.4797		24929	26934	27477	23523	32744	20218	18791	24443	23428	31434		1648033	1539314	1497229	1394277	1401668	1287369	1273050	1378596	1424528	1721590	
0.1475	0.3814		17271	26530	24078	27585	27748	15116	27682	18981	25675	17889		1030667	1327177	1267895	1449105	1567294	1075837	1475547	1417809	1347079	1250461	
0.3542	0.4352		23068	26319	32204	25129	26328	31341	31784	31953	27967	27003		1262045	1353892	1611584	1273582	1335458	1523831	1507174	1497332	1416498	1177583	
0.5407	0.4617		25773	38374	23270	24337	32940	23290	35387	33374	33034	33826		1233034	1385694	1183358	1179656	1390037	1354865	1537072	1602818	1517422	1353046	
0.8124	0.2591		23179	25013	33706	26654	39312	35731	35282	25236	27823	23365		1146053	1223342	1461487	1148579	1507992	1559421	1515691	1289329	1329847	1219759	
0.7214	0.5155		37886	33137	29962	27181	31498	30396	35794	36636	28790	25741		1572717	1394299	1309472	1175132	1159593	1288908	1425261	1435961	1306385	1179859	
0.9297	0.4994		26514	26540	34790	27285	29544	47796	27189	32762	30058	31135		1315267	1149784	1026988	1057158	1331294	1480271	1100597	1364929	1276862	1268127	
0.9083	0.5123		26034	34246	40735	41513	26148	29209	31236	47636	28696	41738		1381500	1248956	1573265	1401017	1098052	1133086	1202855	1446158	1273643	1359458	
0.9428	0.9716		39802	52069	39355	40715	54395	39827	43333	41988	40281	39435		1386571	1332522	1303850	1250622	1370604	1206998	1329049	1539803	1321118	1404492	
0.2718	0.5972		29892	21979	22913	32563	27308	22517	32018	23728	19700	19984		1399053	1296482	1440058	1577475	1345623	1230419	1575342	1309106	1158757	1073393	
0.1809	0.4448		20421	29357	44426	28502	23123	21553	19779	18053	28281	16982		1443358	1637915	1714944	1459701	1131171	1252139	1156008	1311610	1176130	1088922	
0.7499	0.1098		31124	31843	23043	31860	28320	22169	33415	21216	25135	21046		1708739	1361277	1339561	1578458	1518914	1262603	1545062	1255987	1248937	1151427	
0.165	0.2221		18064	22825	25177	23719	25295	17501	13796	25276	17223	20017		1160381	1435568	1354648	1261308	1663780	1245387	1081991	1659704	1321284	1295170	
0.5712	0.5732		36790	40232	26947	23234	28463	26952	29406	28009	28776	23675		1503882	1253627	1285377	1239321	1297118	1269799	1146168	1239033	1259548	983930	
0.1571	0.6093		29297	20145	20267	30532	22408	29886	30470	33411	30911	19375		1486168	1265016	1325081	1687645	1292338	1258438	1405846	1658067	1650161	1172730	
0.6685	0.5834		27437	29628	32790	30669	45000	44620	28713	39528	28992	44660		1215101	1230891	1566929	1253440	1569211	1482045	1187157	1280082	1282094	1366889	
0.1758	0.1422		21474	19383	25124	19456	13505	28854	16615	16483	15258	16035		1533592	1331405	1551136	1360893	1149836	1453590	1325784	1169553	1291468	1189721	
0.8891	0.0587		23876	27267	31218	18515	32327	23628	27017	21870	33403	18595		1169095	1357552	1475702	1060064	1453065	1212045	1424013	1245488	1496964	1152645	
0.7812	0.3047		21962	31167	26428	21444	27201	27634	24994	27619	24858	27521		1212064	1355675	1226827	1047372	1119769	1274670	1238534	1396211	1212433	1267751	
0.1634	0.9039		20466	29300	20515	23499	22411	29804	23318	18037	28611	23661		1000451	1445105	1124001	1316450	1107899	1087149	1457518	847535	1130291	1173371	
0.2913	0.1914		19806	27552	27570	18142	24286	17332	19393	17217	26503	33165		1314002	1323420	1558654	1271608	1368021	1132628	1287415	1196976	1447221	1614064	
0.2713	0.3869		18464	18237	20877	20625	18688	18709	36241	20056	19058	22472		1245803	1070641	1259903	1242958	1161000	1219072	1578463	1224162	1169477	1248785	
0.4828	0.193		32188	34199	23871	21699	14648	22457	25190	20272	29435	18436		1226479	1285204	1359491	1251155	1161808	1374709	1273755	1286232	1324128	1220455	
0.5847	0.6987		39970	39837	28148	37692	38415	27504	30829	28924	30176	29963		1483563	1670613	1288460	1465817	1454875	1221136	1185268	1190975	1272733	1438874	
0.467	0.3712		20842	19366	25467	22270	23272	31257	31214	24276	25909	31153		1026698	1181451	1268124	1166119	1214740	1485945	1486078	1294120	1223051	1451269	
0.2448	0.3875		24300	16542	22339	20022	18684	21396	22248	17845	18997	24523		1248135	1341839	1167923	1270660	1130361	1318357	1391577	1199466	1371063	1438476	
0.3848	0.3399		34292	23918	20573	19768	20693	20510	19661	21659	21713	17472		1347696	1527051	1214838	1492792	1302997	1202101	1106113	1143004	1202653	1165796	
0.5368	0.7136		70625	28798	26584	32095	27569	34033	30316	31939	43521	31263		1435773	1216221	1131681	1226698	1153939	1391871	1328625	1246797	1634051	1377402	
0.8598	0.4106		27711	41399	27476	35833	38919	40017	29842	27812	30722	28738		1213121	1622805	1263848	1265205	1633439	1448041	1287478	1203488	1268562	1286067	
0.1967	0.1039		24406	23511	13921	17333	19808	17842	24700	25061	13715	15699		1133294	1479411	1244637	1142426	1252674	1255178	1417825	1255357	1177662	1200437	
0.4659	0.6879		25836	26268	24386	30645	25450	33005	26341	38665	27229	31088		1456536	1425541	1222263	1191053	1135084	1385362	1240038	1384101	1260474	1305852	
0.5462	0.0619		18281	27489	25359	27720	18172	23515	20499	18723	35977	16971		1376572	1657147	1420675	1402005	1203030	1347302	1239424	1390315	1320381	1368859	
0.9058	0.2632		37101	24918	26940	33655	27668	28194	27991	27762	28363	28257		1633215	1184980	1147806	1313291	1195533	1224252	1454919	1238420	1335641	1288153	
0.8915	0.9026		34435	36450	49062	52309	41690	34291	46278	41163	40373	44434		1242607	1475066	1426633	1286611	1160448	1149159	1379964	1444231	1337532	1617323	
0.4722	0.0993		21781	21646	19974	18799	27348	25189	27958	18310	27610	22579		1461634	1295486	1281377	1215460	1403457	1359265	1428254	1318403	1355363	1370307	
0.3123	0.523		21522	23196	23637	23828	21164	32012	30559	32192	21440	34062		1305364	1246060	1295558	1324947	1285100	1542582	1421009	1520621	1244304	1596634	
0.2469	0.962		27906	36596	34359	24665	34587	25727	31112	40396	32460	25111		1517539	1373372	1517332	1186214	1300495	1095151	1343505	1420478	1398013	1162049	
0.8692	0.9954		34430	43686	37646	33837	37073	40347	39083	36598	47112	33752		1229947	1541888	1295199	1093245	1272834	1334884	1304020	1294748	1439094	1245244	
0.1988	0.1113		17812	17899	18534	26250	21911	21114	18932	26590	18003	22931		1375035	1318516	1255842	1369181	1235332	1293586	1379798	1516662	1330028	1366734	
0.5499	0.5357		32180	29372	24070	27415	31759	29130	24911	27317	29325	25284		1621990	1286179	1178100	1238243	1260777	1279202	1273600	1286188	1189590	1076643	
0.2448	0.1452		21182	18877	27140	21813	25203	24320	22867	34051	18012	24271		1332332	1235916	1571155	1612777	1442939	1282473	1298974	1555736	1549095	1480663	
0.6934	0.1356		36603	20837	18540	25894	36675	23159	20544	20441	21397	18495		1264898	1403994	1114134	1339505	1280138	1312963	1146828	1285630	1094936	1067635	
0.8592	0.8641		44981	36073	45428	51873	46479	35343	34776	33006	34185	31293		1303201	1240613	1369502	1538237	1711976	1186544	1161040	1317092	1224083	1153366	
0.0888	0.1538		17602	13490	12721	17379	24289	15042	14828	14851	15079	13961		1231563	1248929	1061534	1226046	1346676	1267331	1048234	1103583	1200699	1169093	
0.1505	0.9312		24418	34361	23272	20989	23515	23048	34008	28185	37090	28638		1411382	1594716	1109145	1117582	1246060	1207636	1292242	1275446	1624846	1456473	
0.9687	0.5006		44784	38587	53921	40808	31281	40482	28792	35046	35019	28795		1423734	1462291	1443933	1204850	1175865	1345519	1264180	1231383	1359562	1180588	
0.8369	0.7517		44874	44475	33781	32445	42877	41179	32180	34370	33392	30342		1644199	1609000	1202417	1259300	1500088	1466155	1131415	1275368	1168915	1041310	
0.683	0.9202		33341	65327	44030	43346	39146	41496	38143	30921	51919	36005		1168597	1388783	1497726	1543464	1155980	1208623	1236069	1006124	1243801	1190832	
0.4222	0.4332		27907	21786	21498	21114	22658	19200	22096	24522	22386	30119		1226885	1226729	1169285	1058035	1083985	1232226	1290747	1285847	1200007	1297991	
0.4185	0.2864		22558	18177	30906	28194	20383	19362	34025	24798	19109	30762		1433740	1022568	1472944	1426299	1148793	1230654	1401263	1237886	1211564	1413809	
0.3143	0.5521		26864	30115	21845	24293	18699	21472	21551	30917	32692	24505		1439469	1416670	1507067	1248366	1003245	1151019	1343093	1367504	1709599	1264709	
0.1826	0.207		27619	19436	29423	27454	25869	25972	25526	22944	26215	16276		1439150	1273627	1656841	1725776	1554340	1447261	1663166	1340498	1506843	1186348	
0.9011	0.5834		70494	29826	35729	43950	28957	39684	36179	43641	43586	32694		1389565	1215505	1240681	1556497	1149973	1575999	1458665	1418460	1609254	1396446	
0.4659	0.6891		26567	27031	29582	27207	30335	44220	24185	39048	38118	29720		1303241	1283692	1407417	1240540	1423214	1605581	1273550	1382764	1693723	1277887	
0.4644	0.315		30291	32667	25873	21842	28054	22210	32116	27107	26941	23139		1578545	1493936	1235655	1379240	1370444	1300250	1473083	1247857	1250621	1212563	
0.7686	0.1748		39826	32854	22895	22142	19386	23348	37862	32597	22262	33514		1532708	1528504	1148056	1036010	1095479	1168577	1146909	1204627	1141537	1190412	
0.3257	0.0788		31130	29343	17218	16844	19908	21140	15205	17509	19065	19480		1676319	1334982	1196151	1225426	1291126	1387786	1098473	1209432	1365446	1301466	
0.6606	0.681		28988	31525	30601	39443	29783	30307	29616	29374	44839	40173		1214330	1432642	1326491	1586228	1111799	1171283	1182933	1132471	1561095	1361006	
0.0844	0.5336		17343	26769	18308	28277	19681	16719	27380	26949	19641	17571		1494305	1498472	1170259	1315608	1281417	1343422	1408917	1416902	1331760	1216591	
0.5774	0.4448		33862	36325	22813	25036	25894	24242	27611	34290	29402	21550		1634595	1685434	1200580	1203369	1183422	1294793	1342730	1633417	1312124	1173700	
0.7006	0.7184		34030	45190	33379	39333	31247	33371	34464	28560	33627	43679		1481720	1551633	1259702	1362193	1063889	1171886	1213611	1189305	1206654	1550742	
0.4278	0.8441		39258	44542	33215	27679	30331	28296	26822	38239	28798	40068		1638587	1575054	1349117	1143478	1263533	1152642	1160195	1496125	1401868	1350167	
0.9874	0.8722		39049	55432	50051	50200	37569	50862	52181	48325	38902	51673		1254466	1501697	1518714	1391822	1219341	1562988	1616721	1519205	1276954	1585244	
0.0587	0.3952		19357	25666	18451	21569	14692	17490	15725	21058	16736	14668		1545821	1483869	1309411	1404490	1280097	1232499	1477524	1455735	1207859	1195340	
0.8375	0.9252		38869	59945	46895	33497	52006	39700	39393	38117	45206	40844		1503543	1423794	1558110	1214926	1215148	1273581	1256207	1339308	1471585	1309616	
0.539	0.495		24231	24758	29502	34802	26727	26363	38830	35137	35172	26108		1154434	1380783	1374881	1549734	1322986	1269251	1422625	1684081	1524673	1323586	
0.9553	0.3693		30731	28862	26996	30520	45587	30230	39778	33391	28262	27029		1418512	1538424	1397705	1309816	1515604	1270394	1549979	1367090	1196309	1196081	
0.7736	0.6125		40398	37904	33065	32695	35401	43756	32659	32677	40439	36891		1521651	1362166	1267082	1143238	1238001	1105691	1224298	1249002	1572611	1329292	
0.6064	0.1968		22577	37929	20392	23463	22176	28410	31265	21721	27537	23906		1216399	1704428	1241269	1280341	1247600	1285763	1317788	1272569	1238773	1361651	
0.6524	0.1172		20730	20142	30050	19119	28490	31473	22556	20183	22085	27600		1327972	1288504	1527501	1203089	1474722	1513654	1303083	1398627	1413911	1463296	
0.8968	0.809		45288	47672	35645	45120	42488	31045	37234	40099	41005	34356		1408626	1526871	1212840	1633246	1517366	1065096	1349507	1463161	1334395	1183264	
0.4247	0.959		40078	29993	39936	30022	32532	34056	44805	31017	27151	33683		1743514	1332902	1543065	1326043	1503863	1400860	1541520	1279505	1311585	1537182	
0.3606	0.8135		36958	37049	37494	32538	29488	27936	29731	24482	26405	27426		1535656	1426236	1423428	1251327	1363258	1364093	1328297	1254730	1074375	1186063	
0.5567	0.071		20366	20394	17970	20946	20398	18346	19783	20950	23349	22860		1178053	1227712	1130405	1115918	1121928	1190635	1289211	1195917	1316653	1307222	
0.3722	0.3379		19759	30263	20255	19246	21698	20457	29359	20266	21844	29684		1234532	1495566	1194414	1124591	1213889	1161040	1527530	1222390	1247322	1406499	
0.7489	0.5233		26048	26156	33510	28436	30946	28818	28273	43385	37632	30380		1383174	1213650	1233399	1226141	1588769	1332039	1196554	1642677	1651199	1550673	
0.5167	0.3181		22205	19314	33258	23988	35130	21962	21638	21064	32458	34813		1400690	1327162	1485861	1225916	1134443	1288429	1138428	1159993	1374469	1330277	
0.5846	0.1701		29778	28166	23432	24210	19365	22168	17797	20144	22238	23352		1510943	1652060	1282132	1199334	1212608	1268295	1139037	1237510	1144543	1502276	
0.7281	0.3208		33071	26558	30151	27580	36011	29390	36779	42787	35968	36107		1386890	1493534	1518183	1348765	1570571	1280048	1651809	1607028	1631128	1632611	
0.9323	0.546		62258	40837	41378	51121	44587	31406	30221	33056	39739	27797		1480422	1545371	1484229	1787198	1679450	1374345	1298587	1272749	1160556	1176763	
0.5017	0.6702		35816	28614	29574	26539	37158	25726	25737	28892	31157	26435		1284903	1498638	1286007	1290297	1254640	1182296	1157722	1493835	1444287	1323285	
0.4301	0.3571		23758	23016	21022	25650	36512	27592	23087	26240	22794	19167		1358913	1325385	1172669	1337177	1512739	1487609	1241417	1364404	1279306	1224484	
0.5947	0.2691		20236	23762	36921	24357	34525	32675	18429	21541	23739	36275		1397030	1445522	1556034	1413905	1606498	1689708	1414892	1583028	1370751	1508388	
0.5415	0.1111		22674	19739	28598	20374	19646	34946	21583	16859	21677	29075		1525103	1159226	1411354	1198630	1145438	1337646	1183702	1122404	1180141	1496478	
0.8104	0.649		27719	31008	38784	41532	47661	32139	31845	37884	28517	37659		1243597	1271334	1357120	1392073	1657684	1453767	1386426	1491036	1263217	1400549	
0.8043	0.8871		34289	49431	50047	48673	37679	39729	36760	48522	38704	40978		1322808	1480207	1391722	1367292	1250465	1345361	1509840	1477652	1324329	1581468	
0.7692	0.0999		20050	23934	38179	29841	24372	24860	22854	23158	30377	18946		1432016	1460020	1625971	1492562	1343717	1450800	1379546	1424930	1263293	1054923	
0.5919	0.5424		32061	37729	28651	31348	35967	40768	30681	26094	27838	28717		1473150	1460019	1289194	1402263	1267972	1503112	1438978	1280262	1263689	1301629	
0.0696	0.6006		18642	19228	26474	19586	20044	26207	22452	26644	18523	17961		1291681	1274148	1404405	1263603	1129138	1421243	1274907	1466930	1110407	1122007	
0.937	0.8461		34992	35256	40866	40729	39206	49355	49417	43489	36478	35443		1144362	1098468	1213366	1386862	1217311	1194819	1639506	1354777	1015683	1094936	
0.2119	0.6558		23097	32008	33430	21441	30290	32236	21148	22406	27275	22685		1472345	1398646	1348063	1220734	1594464	1584458	1312929	1255678	1231822	1300035	
0.194	0.2416		17117	18904	17082	18269	25879	26038	27608	19337	16745	22418		1225817	1351852	1336139	1323982	1361783	1419799	1284480	1304500	1262119	1315703	
0.6664	0.2679		24817	31827	32946	23949	30322	31179	32501	24423	24726	34165		1437243	1570434	1540372	1427820	1228316	1428883	1659425	1242506	1358494	1534320	
0.5393	0.5394		25955	26098	25250	22438	26276	26156	29226	31872	38650	35714		1299131	1283303	1241948	1203959	1369159	1252282	1344325	1546969	1508143	1626045	
0.7476	0.2486		22171	21563	19081	22177	32171	22437	20036	29835	30974	32680		1253222	1081461	985048	1154221	1434173	1033603	926480	1255055	1239841	1583143	
0.7307	0.2706		21971	24508	21316	23116	24887	23202	34234	38398	30224	34731		1159085	1336723	1204624	1105970	1107882	1242281	1437098	1392951	1220260	1278850	
0.7607	0.98		47343	46491	37079	41618	35562	37590	35794	35982	33978	36177		1584980	1704314	1378599	1376407	1228590	1272811	1247628	1221533	1124816	1196512	
0.3876	0.699		34383	26261	34537	39363	24276	26600	25202	29681	27579	24144		1658758	1438143	1503542	1265032	1128962	1204316	1170417	1442213	1190765	1118822	
0.9948	0.3161		27673	27640	39667	29555	30943	27006	29099	30864	30078	25991		1258022	1336488	1360165	1317610	1291326	1363128	1257891	1210204	1132219	1295537	
0.863	0.87		50659	47310	36040	48463	34772	38482	55587	39879	38800	37987		1413151	1630478	1210715	1445572	1220654	1380778	1474366	1343907	1227231	1356324	
0.6073	0.887		42619	40156	38094	28469	33734	35251	42129	31244	31341	40502		1418872	1388705	1161630	1134220	1329589	1292596	1233783	1089061	1147512	1388237	
0.9028	0.2363		44808	27589	26612	26663	34683	34849	25568	42170	34873	38787		1727282	1219324	1495135	1310522	1510600	1508640	1341528	1550589	1407223	1576649	
0.8948	0.5366		26749	31665	46052	36703	36911	34743	46312	41969	40989	34266		1329461	1287939	1246283	1359247	1462262	1309845	1395079	1436539	1562896	1346053	
0.7122	0.7859		46474	35342	37184	43392	40460	48729	55341	31651	46105	31774		1619710	1284270	1424328	1572616	1374435	1578085	1443655	1273178	1374691	1185932	
0.5142	0.44		24302	22838	20033	25368	21341	30527	22849	24910	31708	32368		1355100	1250660	967181	1246742	1164385	1103045	1141962	1250425	1320570	1469165	
0.0707	0.1538		16491	22550	21483	17407	24352	14514	16777	12844	19140	12465		1610450	1550820	1383148	1291907	1385966	1298429	1546919	1273173	1539507	1397043	
0.1065	0.1072		20052	17709	12786	20481	16567	14666	23733	19685	16104	21369		1315727	1304600	1013916	1266132	1162389	1106336	1351229	1266671	1155101	1299232	
0.5778	0.2333		20753	20911	28102	23075	32339	23175	31753	31033	21718	23721		1234307	1152133	1256479	1220149	1388063	1203439	1469442	1340306	1126653	1261920	
0.5509	0.1304		25678	19173	22324	30292	30075	22631	30443	22579	20165	21498		1577889	1255221	1412653	1352282	1564795	1335782	1653072	1226869	1238372	1257456	
0.8322	0.1745		30459	26312	27906	27052	30439	30673	28958	25640	33771	25498		1509591	1381217	1346791	1342385	1376166	1342737	1431693	1265491	1454151	1547865	
0.099	0.7387		36238	30781	32503	18564	21689	19817	23530	31454	23488	34178		1427530	1484969	1370306	1249198	1354221	1279231	1233960	1419091	1251041	1441778	
0.9558	0.0594		24289	46283	25131	28117	25474	33136	33668	22116	22476	37016		1351657	1438335	1354386	1486884	1290175	1372427	1573530	1106195	1244223	1275483	
0.2363	0.9671		28508	24332	25294	24501	28369	27609	24504	35000	34698	30073		1316120	1350023	1186046	1208619	1237788	1361344	1409379	1555780	1344859	1286390	
0.7088	0.5958		37957	38586	37968	31587	25524	30346	37918	32245	36681	30194		1238493	1618931	1470727	1208023	1039896	1342712	1498513	1324411	1290220	1262377	
0.4522	0.514		23736	23008	24625	23604	25255	35022	34863	26765	23402	31990		1394105	1504551	1332737	1233697	1640836	1541811	1707796	1257170	1246335	1480818	
0.3729	0.5272		35353	39043	32116	22414	33921	33011	34527	36958	24047	21853		1511986	1478595	1539036	1171149	1373324	1415316	1313508	1591658	1159095	1079426	
0.236	0.4529		19871	19401	24478	31821	28608	24385	23719	20220	19891	21370		1204739	1266776	1241336	1282207	1656763	1157695	1179928	1219566	1198917	1164830	
0.4554	0.0907		21972	21129	21677	25907	21970	26248	24900	18223	29387	29557		1439129	1337029	1468095	1385062	1333879	1517453	1570986	1272031	1446203	1631174	
0.7939	0.3796		28752	29754	26084	27872	23272	33379	28008	38463	22974	25404		1308846	1364763	1135406	1348098	1030968	1261883	1221080	1536322	1042910	1235696	
0.4636	0.7899		33119	28585	26895	38957	43946	39168	26321	52467	31794	27252		1435490	1382305	1498747	1681267	1761546	1490723	1189306	1458780	1591777	1504071	
0.9488	0.5855		31324	51950	33588	30523	43465	30592	43107	40320	34264	44297		1193473	1420165	1279371	1283593	1491229	1213181	1494121	1543237	1425646	1499410	
0.2961	0.35		30965	21280	29780	20337	29506	20222	20907	20310	17067	23305		1486358	1227126	1677856	1405171	1403007	1265321	1116155	1166278	1237076	1322742	
0.5725	0.4186		25006	35128	23167	22947	21299	26184	20949	32935	29389	24195		1459735	1453001	1366383	1198399	1116450	1297428	1370653	1528924	1433164	1303302	
0.9171	0.5378		33462	38445	39426	41772	41956	44802	31465	31442	40115	50398		1376434	1522117	1414346	1583454	1526549	1570658	1365604	1305654	1372125	1396547	
0.5834	0.824		31728	28873	39528	39936	30620	27073	31657	30164	38662	45229		1227307	1319760	1527201	1644895	1106006	1116488	1306427	1239888	1482552	1476963	
0.6145	0.6859		38819	38294	28983	30283	41257	37862	28666	35166	31448	28543		1715038	1503045	1314735	1220124	1477424	1478927	1412767	1409250	1392295	1311905	
0.8542	0.5304		28913	29719	33848	37439	29853	28720	30389	32890	30306	33420		1415703	1256075	1309217	1405501	1159597	1166119	1156841	1177764	1170624	1254221	
0.8736	0.5653		29635	40507	31590	29774	31605	28864	38104	34238	30482	31790		1305278	1308319	1204124	1220554	1428614	1085487	1289667	1252186	1156558	1172628	
0.9407	0.6101		41900	42163	35522	47167	28219	31052	29892	33388	33950	33518		1776255	1669853	1249680	1566082	1074627	1037693	1084564	1112920	1198021	1321511	
0.4963	0.393		21324	33338	23983	19830	24437	21836	21442	30588	28574	25544		996571	1159050	1276588	1030673	1182910	1176124	1121470	1137198	1269749	1183818	
0.0784	0.7778		36391	21051	32144	19191	25346	19911	34139	21465	20233	19670		1411603	1279848	1499355	1106580	1332734	1209893	1608665	1459689	1245332	1314496	
0.6244	0.341		32264	24179	31788	29819	25873	24599	32529	32754	24363	24932		1325289	1295233	1385607	1352859	1134878	1166395	1577236	1285682	1233241	1365741	
0.4407	0.3438		23556	21710	32183	30273	32086	26751	20998	30307	21297	32493		1260012	1525167	1547107	1436818	1598118	1470742	1329927	1336859	1490996	1605633	
0.9048	0.4776		49654	40455	44042	40136	32028	28151	28923	27644	33077	38741		1345480	1579279	1653705	1631610	1233058	1139154	1262880	1266740	1379317	1396661	
0.3582	0.3276		23691	19402	20036	28980	21603	26153	35587	19260	19124	22430		1364789	1176021	1247426	1340517	1131103	1288583	1467633	1180220	1180563	1303743	
0.5111	0.878		31641	30780	36500	32405	32232	40937	47526	40834	40628	31881		1220941	1346826	1288190	1261344	1293383	1424338	1468393	1539970	1440184	1275922	
0.2482	0.4479		27707	19543	27877	19174	31587	19890	19315	27022	17873	30824		1396176	1209081	1412540	1162955	1573598	1195453	1194587	1281120	1096920	1302523	
0.8218	0.6324		35998	41050	32322	32712	31881	34876	30185	40975	40601	57077		1506023	1328765	1195504	1227239	1150461	1309947	1212126	1250172	1523598	1564798	
0.3758	0.7593		32217	41406	40347	30337	36227	27073	30573	25343	29810	27535		1254848	1448963	1185476	1388270	1584810	1278782	1393357	1288350	1234475	1278896	
0.4936	0.1318		30042	27292	24618	19722	21003	30203	18893	19425	29828	31631		1575621	1295997	1423957	1176185	1387980	1644609	1246336	1177600	1584709	1393435	
0.4692	0.0778		32252	21166	19871	17822	18902	22474	26919	22485	27977	26762		1288647	1285790	1150924	1121814	1142278	1286655	1308214	1199731	1504915	1477510	
0.921	0.3451		28600	32899	47145	34958	27953	37385	34286	34862	32406	39169		1271489	1352114	1506825	1561989	1598216	1389407	1291579	1480950	1254563	1543461	
0.2835	0.421		17244	28632	28968	31722	16399	18293	29096	21933	24468	17394		1314885	1472499	1519424	1601723	1134825	1198696	1640995	1357404	1362607	1211397	
0.7955	0.9943		45689	50247	46325	38780	43700	46360	44545	38721	33987	37858		1473953	1405063	1728958	1451669	1186896	1382552	1386780	1429368	1143108	1168655	
0.5994	0.3479		31677	27973	20698	32760	31153	21972	20689	32734	33763	22364		1455432	1297165	1362958	1574658	1594264	1041256	1094946	1566617	1352367	1372258	
0.1156	0.8618		20821	26020	22210	30755	20174	18863	30786	31821	22396	20355		1171913	1383383	1112029	1412138	1150666	1166087	1413881	1361857	1339063	1175846	
0.9664	0.31		37898	32254	47252	26745	27360	28504	38307	38339	32581	43865		1581924	1302600	1263758	1240909	1440689	1306518	1425502	1591028	1403501	1259344	
0.1	0.4559		17426	22604	21600	17365	19277	21328	15537	16277	33115	21620		1152335	1187769	1333078	1224583	1271712	1290331	1074535	1123772	1594685	1306651	
0.9043	0.5559		41703	37058	32245	30788	46436	27684	35069	39984	31689	39572		1680697	1247326	1335284	1422441	1314192	1258744	1262470	1250417	1260070	1305909	
0.8807	0.9181		45257	80002	39284	39179	33283	34767	37140	48912	38520	34558		1475493	1601871	1245592	1357606	1128899	1210844	1332422	1626764	1468193	1115896	
0.5275	0.5337		26728	31022	29294	37879	24712	22646	30347	26114	27954	31300		1241803	1402009	1237677	1294334	1297444	1253384	1396612	1192087	1381170	1360209	
0.3356	0.9204		25766	33606	38066	39743	30217	27738	29058	30550	33815	32445		1285238	1369358	1463562	1605722	1294891	1128131	1243821	1244821	1278961	1215632	
0.089	0.1637		20070	12985	11759	23634	21524	17475	14982	21259	20960	14728		1580227	1146433	1096059	1446693	1130993	1460178	1226360	1420415	1239427	1250789	
0.1844	0.4337		18909	25232	25499	29907	24220	27146	29772	19492	27078	22213		1154402	1439999	1458383	1583738	1417137	1558018	1336021	1184600	1534236	1320742	
0.1752	0.7841		23411	22704	33215	24363	31899	25192	29075	32080	27192	31516		1407578	1267246	1418572	1266129	1558906	1309797	1253370	1186414	1253342	1677027	
0.6149	0.9706		42293	34114	32505	32377	36912	42457	31783	31386	30197	42669		1770330	1270885	1193813	1222921	1454962	1818170	1352564	1243975	1200625	1611483	
0.6682	0.4443		22476	26262	35013	35090	33569	40509	34231	27252	31147	35295		1252649	1485635	1439286	1579632	1584624	1456905	1175059	1323640	1322114	1444444	
0.4705	0.9278		40217	31826	35096	30985	40498	35841	29412	29799	26560	31002		1648430	1292870	1282624	1201546	1551035	1310112	1235844	1107997	1159606	1260590	
0.3132	0.3169		22125	21397	31645	19849	21480	20083	27900	18701	27902	31390		1430762	1308828	1608608	1407051	1429812	1243635	1596283	1218020	1505929	1362134	
0.2937	0.6709		34284	33875	22649	34885	25862	33768	33361	35195	21514	22556		1612274	1874673	1320440	1394417	1325713	1669132	1807349	1742549	1182668	1278687	
0.6777	0.1837		30992	22317	25307	28061	27308	30265	25095	29861	23182	31732		1359516	1191848	1292027	1310179	1370506	1501427	1391401	1536007	1305267	1371143	
0.207	0.2886		19185	26628	20170	24010	21965	22918	22880	19200	26392	20268		1292908	1575240	1309943	1478753	1277256	1321624	1316251	1208276	1805708	1533621	
0.3498	0.7135		29821	44743	36285	34742	27311	27147	34899	34901	34950	25765		1449382	1492927	1458735	1465418	1285453	1334659	1489999	1393960	1605037	1212277	
0.5443	0.3493		23629	31512	32342	33057	24686	36535	27042	26188	22291	19904		1386670	1458617	1553292	1449435	1467212	1616811	1534088	1493905	1335070	1103718	
0.3418	0.4075		25009	27430	21575	20554	25270	28987	30880	19270	22065	20779		1140414	1230515	1132666	1119116	1251687	1129070	1221575	1168337	1142445	1080226	
0.7989	0.6995		33903	33338	33873	35871	48804	30721	31165	34505	33744	33796		1399626	1312942	1528928	1290675	1189245	1124628	1131345	1280368	1347853	1262452	
0.7004	0.811		33773	46590	41878	31333	34343	30943	36268	31793	36627	40549		1222268	1475197	1363688	1193788	1229402	1213931	1262555	1215551	1427244	1495163	
0.7481	0.988		47265	34953	46812	36479	36208	44465	36501	34658	34453	44779		1448049	1307745	1679365	1230786	1556549	1481540	1344126	1426739	1273383	1595156	
0.5589	0.2958		18392	24249	31777	21111	21853	28497	24849	32659	23202	34808		1234954	1272987	1503525	1181398	1174656	1221612	1268303	1527677	1266282	1377384	
0.9708	0.2876		26775	23807	34989	40716	36177	26461	27943	25404	30848	24232		1239219	1264161	1318419	1433957	1448765	1186298	1247222	1112485	1265895	1207152	
0.7914	0.6552		29863	40274	32643	27553	30055	34392	47733	38851	35367	57257		1173442	1415233	1250735	1157306	1272310	1344864	1658106	1404320	1352169	1350271	
0.2918	0.142		17425	19804	23585	26657	25116	25937	17609	26038	18550	20216		1157062	1366855	1354457	1411183	1508702	1368903	1219411	1465253	1148782	1282010	
0.9995	0.3727		37824	40868	45543	32093	31411	47251	31365	34476	37590	29439		1408061	1826791	1477213	1392431	1346836	1449585	1618149	1318561	1418492	1222662	
0.8503	0.6154		28854	41023	41977	41705	39986	40669	33663	36451	39649	40748		1394736	1237074	1587522	1734721	1636182	1527253	1236005	1516091	1579956	1343565	
0.6462	0.443		28637	41685	30335	30082	34516	28370	30341	29631	43177	30116		1391715	1771280	1375177	1409183	1581238	1448779	1355160	1250451	1377349	1193127	
0.5523	0.7267		31389	27446	39138	33592	35201	28250	42708	39676	39198	27972		1381610	1301371	1526207	1455138	1350085	1285931	1202368	1768106	1697607	1340800	
0.8357	0.6812		34243	35567	34201	25610	31288	36871	46154	34074	45388	44406		1492226	1325519	1231110	987410	1086476	1035966	1364372	1275121	1497048	1332267	
0.9061	0.334		37988	30489	29875	38563	37471	34516	25329	28170	36954	25808		1499106	1269565	1315868	1393487	1340650	1140425	1027924	1100651	1336016	1069558	
0.2128	0.5809		22546	32612	29689	21120	22154	20089	24162	28697	20544	20649		1425845	1548078	1676701	1334544	1338954	1105040	1351831	1498827	1210100	1188512	
0.2389	0.2625		22327	20712	18423	18240	20895	17185	28682	27746	20667	24299		1444987	1324295	1344189	1330180	1459495	1271689	1653562	1754792	1394965	1424560	
0.1265	0.7778		25595	43433	18697	26739	26549	23884	24167	31275	26864	30065		1196736	1476617	1218817	1534483	1320714	1267575	1220449	1398744	1216517	1503405	
0.4845	0.0763		18666	18327	20438	22827	17753	15729	15651	23396	20277	31498		1226884	1244494	1347617	1308349	1175469	1126367	1148159	1357471	1278564	1581433	
0.6694	0.1615		33769	31604	26451	20847	26130	21657	18524	21784	22679	20642		1411418	1491860	1366464	1270865	1396496	1364247	1061022	1250593	1076623	1087518	
0.3733	0.746		36671	35948	41335	30889	25950	27677	27280	23156	25436	37765		1635867	1571120	1489924	1322136	1265836	1255679	1220786	973743	1158310	1335541	
0.0591	0.7176		18862	22297	20470	20561	27569	32189	28570	18982	27303	32206		1120711	1231394	1332683	1262432	1453562	1129005	1138816	1273200	1395187	1555154	
0.3989	0.3828		24203	17950	23411	22182	23188	30227	20703	26605	31454	32162		1250574	1145393	1159600	1121741	1340345	1408334	1265770	1148091	1320711	1541039	
0.6587	0.4441		27137	30015	29721	24906	27243	25807	27350	25398	35333	42740		1223755	1266894	1283343	1242043	1195789	1158915	1214433	1268666	1343831	1545039	
0.9361	0.4579		39450	39499	31130	37532	31180	34351	28250	47758	45828	36523		1540328	1427032	1261481	1523743	1495298	1434026	1322419	1545157	1539016	1403679	
0.5312	0.689		38913	29361	35111	40101	27926	39373	26886	24049	27927	23746		1779742	1260367	1311892	1237024	1618508	1619962	1156808	1017133	1011503	1185152	
0.7494	0.3079		27125	41180	25924	31445	32225	32376	26573	26643	39473	25602		1471042	1589707	1301687	1523083	1416726	1487898	1394388	1413840	1517660	1431559	
0.7942	0.5529		35086	27679	31615	43055	27573	27374	42442	41323	30524	40510		1146483	1270837	1246063	1331599	1305147	1217472	1379371	1456448	1572722	1475261	
0.2818	0.957		36775	39156	37331	32442	22757	34475	22932	27783	35282	26683		1540417	1445151	1661688	1134420	1031472	1151916	976792	1203768	1315698	1041519	
0.8636	0.606		39922	30584	37944	31221	47094	32183	32223	29415	29013	48451		1495885	1197321	1514107	1279833	1493916	1190324	1214552	1370926	1273293	1794304	
0.078	0.7875		25771	35513	23452	32924	26183	20676	21946	23303	22674	19511		1466395	1746303	1454546	1588383	1387105	1134062	1151671	1359916	1490191	1240256	
0.1407	0.5725		30134	19389	30785	21365	29522	27549	29957	20420	20611	17212		1452651	1222713	1354683	1371453	1411405	1382772	1572628	1431460	1294573	1142644	
0.077	0.5167		17226	18748	25828	25676	18615	17030	17022	17775	26032	25853		1109326	1369297	1365555	1427664	1268734	1154093	1121496	1190792	1512522	1420480	
0.2974	0.9979		26569	28363	23119	28478	28134	25336	29548	35931	23893	26883		1035496	1140985	997349	1107297	1106555	1069864	1166257	1435711	1082491	1341431	
0.5486	0.5739		41857	33367	31595	40125	33789	36229	27353	22084	25336	24034		1298568	1393983	1263476	1677272	1424841	1478294	1175431	1045131	1077372	1202465	
0.2909	0.9167		27467	24742	24531	22197	24896	31283	36709	36999	25522	38946		1138952	1261117	1183152	1059749	1127987	1413501	1424400	1589222	1269993	1362224	
0.7464	0.3591		41949	36846	24882	24477	31877	21377	28116	23281	24532	36072		1308466	1495036	1476231	1192164	1476168	1165050	1430202	1249922	1299424	1477243	
0.7376	0.5459		27909	37289	36775	32467	27051	39452	29454	27421	24862	27306		1126138	1422213	1359015	1368269	1227202	1372893	1322298	1241566	1310132	1241312	
0.2203	0.3639		19943	27035	18249	30098	17437	28964	19621	18334	26330	23552		1344010	1365175	1360294	1166544	1043539	1574463	1065483	1149550	1316892	1575807	
0.7895	0.1507		33876	27546	30167	33472	31651	22663	30283	38899	32644	26387		1460906	1406175	1376272	1515091	1281077	1255202	1346275	1664793	1472276	1352476	
0.9796	0.4377		31830	30283	30366	36979	40785	38223	30590	28931	28959	32204		1323837	1474250	1285293	1348817	1552670	1329562	1330044	1258227	1382966	1240755	
0.2685	0.0646		15495	16421	15706	17041	16443	22115	16627	25096	17808	15327		1128017	1288751	1406702	1154439	1313488	1419083	1114802	1320223	1281101	1158133	
0.0594	0.1778		14972	13731	26073	16427	14487	20551	16609	16544	14508	16198		1242134	1503154	1616855	1336175	1165572	1266861	1179193	1230114	1121597	1277631	
0.7702	0.7302		42540	42171	33755	29752	30351	33291	34578	36033	41042	31082		1497459	1449752	1327817	1085390	1256083	1243015	1293340	1334409	1400547	1317193	
0.9561	0.2476		30504	25653	35844	23818	36318	38389	27652	35654	36914	34870		1336235	1187067	1575635	1254271	1513415	1642580	1297886	1378034	1500470	1474964	
0.9236	0.1572		35507	46874	36206	24109	37844	23483	27423	28974	31383	25663		1522415	1409096	1477271	1195766	1192823	1115414	1104126	1157698	1335313	1216950	
0.4971	0.1381		28467	19820	28244	35218	28198	26211	28252	12881	14067	13830		1475466	1239003	1577197	1374319	1420182	1435137	1616927	877745	852322	1249560	
0.5033	0.7166		28683	26796	29774	29564	30038	27081	29151	32670	32702	35998		1309367	1194735	1304555	1277690	1268819	1277542	1287816	1409848	1336330	1412370	
0.6342	0.5777		37373	37177	44853	41130	36041	42500	26502	35579	29794	37313		1499648	1260442	1669052	1647271	1832998	1668772	1374927	1375064	1302358	1447275	
0.9199	0.5775		29099	30359	42531	43222	29783	32151	45721	33813	31573	33897		1089638	1296099	1415694	1598431	1343768	1298535	1512176	1322060	1348289	1518486	
0.4332	0.6583		33820	36737	32931	34742	36309	30888	27788	24739	23892	37802		1412045	1299799	1393961	1388351	1340015	1313982	1251770	1236111	1028223	1003039	
0.2795	0.4947		24215	29599	29263	29437	31762	27889	25920	29858	28927	24893		1430318	1435545	1405723	1400584	1405162	1237751	1371679	1480735	1382504	1285629	
0.13	0.4205		32350	27700	27375	28177	26502	17295	22523	22234	27589	17405		1548844	1433033	1275734	1397852	1443420	1291030	1343375	1398294	1592764	1225337	
0.3825	0.3263		19035	34006	17420	19629	30765	21416	34719	29257	23204	30049		1242774	1611550	1234116	1257135	1686934	1543343	1379276	1589631	1333475	1372151	
0.9	0.1195		23628	25575	22807	24735	22351	28833	29059	21581	32332	22935		1524617	1452859	1274136	1241386	1320304	1345566	1412236	1074647	1189580	1203346	
0.9322	0.5058		31951	40762	40159	34664	41289	30952	39095	38758	26038	29882		1519443	1543857	1464263	1267941	1378876	1182323	1226301	1569661	1208191	1274704	
0.7243	0.1488		31274	31761	36605	31350	31925	29902	26687	24164	21093	23030		1427032	1459510	1521976	1567874	1641623	1531474	1219996	1190990	1061418	1228329	
0.5999	0.2469		21990	31465	21508	18937	32751	18688	20307	21694	26430	27396		1293275	1375761	1199496	1182976	1453922	1257959	1470942	1245962	1160747	1434266	
0.331	0.1093		20717	19555	26259	26132	26480	18265	17734	26048	22709	17583		1322297	1380839	1498854	1599594	1661971	1273672	1158887	1341464	1315952	1216897	
0.628	0.3601		32631	29607	24219	26256	30697	24367	37286	27101	37342	30600		1636470	1695519	1269138	1368224	1509178	1160797	1552708	1347953	1582368	1152185	
0.2841	0.3841		17534	31472	19856	19472	21793	21200	20023	30649	30219	28658		1082177	1420014	1194995	1220471	1192055	1236430	1532485	1716097	1504346	1382830	
0.8445	0.6788		32597	29876	33730	35828	34422	37758	45821	36698	35556	53660		1309992	1316555	1460037	1369590	1275282	1244402	1624979	1422984	1673954	1557512	
0.2007	0.807		29746	37385	22630	24947	38892	35755	24852	27510	25711	26697		1432616	1168691	1319761	1300118	1300413	1565092	1233829	1409692	1342113	1401458	
0.1173	0.193		15923	16411	21610	15643	22050	19865	23409	15033	18975	18195		1179307	1327168	1221011	1163912	1538673	1357698	1437778	1207130	1121977	1262331	
0.2932	0.3365		29696	19058	18842	18997	18225	24245	23065	30348	23173	27854		1531203	1266212	1434285	1101441	1079976	1321540	1121700	1305631	1458821	1439973	
0.8511	0.5248		38532	38813	30825	33688	32006	30341	29776	56446	25426	32865		1364244	1613424	1296623	1291649	1347619	1400100	1292142	1251572	1114070	1237691	
0.9085	0.1837		26425	31696	29514	25167	31293	26678	23695	34771	36728	34733		1474327	1333485	1385593	1190454	1393529	1233515	1540381	1516491	1383076	1614370	
0.7358	0.8772		34521	32405	33820	46092	33635	37102	36902	42777	34892	34622		1533010	1210970	1157170	1300384	1195743	1198380	1083915	1363802	1404218	1149891	
0.9443	0.5042		33534	64707	31478	41484	46145	47199	33999	35162	35057	28937		1211067	1375173	1263386	1471939	1515417	1352143	1239035	1046353	1171553	1122493	
0.2237	0.6502		30418	21080	24498	31140	31110	24603	23021	21893	20611	25658		1571945	1141685	1173184	1558603	1591905	1387207	1320575	1168680	1136947	1306582	
0.8613	0.2941		32224	26877	29987	22043	26102	38832	26253	28076	27275	25233		1411132	1284827	1287159	1097854	1179802	1370472	1230439	1169739	1127090	1393440	
0.2136	0.8176		24254	28766	22134	34677	24307	24494	23177	34172	24305	27203		1421923	1430622	1073184	1532642	1523026	1331930	1039945	1127924	1127744	1282170	
0.3316	0.4298		25143	27560	23541	21435	19963	29783	29883	25498	29949	29953		1404557	1398460	1396458	1342969	1188139	1486533	1431298	1433131	1477906	1534608	
0.8682	0.3919		36778	40445	26530	34864	40100	23742	26337	27504	37707	33175		1443253	1495575	1203633	1326740	1444420	1150668	1313329	1045531	1346634	1143516	
0.5634	0.9922		33984	41288	31197	47608	38244	27196	44875	34383	32606	43998		1221981	1401782	1278523	1652469	1365378	1482401	1661267	1288970	1540165	1412201	
0.8076	0.7242		39541	28816	31473	38411	28781	41012	43773	32239	35831	32180		1501306	1241142	1134990	1415195	1121626	1275619	1413620	1189104	1328343	1320216	
0.9927	0.8888		45335	52168	47955	37664	38972	38434	37568	52363	40293	50708		1250706	1574668	1335320	1239510	1208796	1079004	1127704	1495060	1205878	1612906	
0.5775	0.8089		40522	29596	30946	30775	40975	33482	34215	26593	42596	31033		1445122	1252467	1289664	1480215	1691690	1442142	1477471	1132094	1326436	1221752	
0.4366	0.2713		20739	19809	22581	24969	33034	25343	20041	25149	18591	28439		1394486	1266257	1315662	1319004	1228992	1391337	1390706	1403961	1276793	1362491	
0.1051	0.7139		30091	23085	25741	30468	36772	23463	28699	20735	29149	32969		1623238	1291067	1362185	1494909	1525180	1564601	1448638	1180391	1587014	1417359	
0.0729	0.5232		22565	21255	22521	25590	18573	27007	23035	24580	24791	21381		1520566	1209216	1258645	1477217	1216721	1354789	1186325	1383851	1375131	1245732	
0.6773	0.1451		32074	23127	28070	22819	19283	19295	23306	22365	20830	21028		1590249	1270165	1400502	1338665	1000969	1088072	1465370	1304980	1257423	1146633	
0.6745	0.0644		34103	21901	19340	31259	42609	22678	21787	29472	31348	20519		1664299	1245333	1334126	1516867	1514715	1399773	1312703	1461177	1513220	1285424	
0.3375	0.4077		19004	31160	32717	32993	20524	17593	24711	20456	23378	25105		1202025	1743508	1609774	1491120	1235963	1057010	1125889	1388146	1178989	1539837	
0.2435	0.1451		18731	16061	25410	18086	24991	23257	15501	14534	19848	16033		1346406	1325066	1426200	1315096	1360351	1241444	1048410	1077238	1223851	1287700	
0.0639	0.7695		27121	23070	16991	24688	22213	16871	28620	17499	30108	21007		1565927	1387980	1222304	1258447	1264252	1173571	1311605	1169983	1511425	1370874	
0.6492	0.1275		30025	31264	20264	25943	29950	28982	23941	22594	30146	30767		1503470	1523875	1293930	1469797	1517542	1535975	1387322	1304441	1475239	1358991	
0.7857	0.0715		22722	22166	43339	23183	23561	27935	21439	20707	30226	17600		1433936	1241767	1625489	1303992	1344476	1091539	1144346	1195887	1462824	978752	
0.9708	0.1432		23891	24568	30065	35840	36512	40050	28508	28120	22313	36708		1222828	1243744	1319157	1605935	1555901	1485958	1223869	1255352	1259930	1584690	
0.218	0.7959		25457	36111	30945	32497	23842	25391	27240	31519	23303	22390		1369801	1634979	1520896	1324658	1165024	1194532	1242674	1383507	1168781	1032831	
0.4231	0.52		29427	25854	32595	27605	39033	23089	27608	21885	22339	23360		1399305	1313023	1473625	1419783	1391756	1388234	1241793	1100031	1117105	1276979	
0.6038	0.4926		24430	44296	29799	34027	36118	27327	27826	35900	27285	34274		1303756	1524088	1433750	1418109	1437975	1209863	1208213	1615433	1437419	1583256	
0.3838	0.2659		26308	28727	28484	19391	18686	17447	18804	26197	20455	20681		1478506	1611221	1663013	1325482	1231319	1200860	1320151	1424744	1350087	1176272	
0.9969	0.2773		27216	30703	27181	25942	27037	32148	29660	30260	27983	33974		1273627	1247807	1268328	1162716	1184397	1193018	1248251	1335794	1287273	1470550	
0.4059	0.6303		36448	26765	25726	33615	33002	33125	25622	26558	20197	26327		1358085	1324351	1249092	1506014	1732433	1416240	1365501	1213556	1412804	1225642	
0.6987	0.6711		27259	43939	40971	40472	46568	51367	29892	43555	29540	29222		1069401	1467431	1611706	1561291	1564840	1265413	1352472	1274632	1193739	1196231	
0.8503	0.6868		38390	36049	32486	29402	46623	38425	42677	44799	45443	71891		1385137	1528545	1248037	1262655	1524777	1465569	1597285	1576302	1478352	1602509	
0.4936	0.593		37696	27688	30035	39746	27485	27844	30150	35986	27326	24779		1489677	1497497	1404194	1280797	1552572	1272520	1399063	1548182	1389712	1296092	
0.2843	0.7603		34832	23219	23158	24494	22713	23477	25588	21842	25799	20884		1556442	1275055	1155249	1129271	1202218	1194901	1112413	1043311	1259824	1062451	
0.1535	0.4387		18306	23326	20271	20206	28508	18485	19689	28685	19829	30368		1279067	1352044	1281123	1323251	1320644	1140224	1185088	1402718	1147916	1203802	
0.3815	0.7068		26682	34196	24126	34233	26430	36843	35218	34290	25934	33743		1392660	1541946	1149297	1653134	1264659	1475715	1342787	1413151	1307007	1286052	
0.5312	0.2727		22266	32048	29808	23501	31833	31756	24200	32356	27330	23220		1281177	1575293	1592812	1302187	1472092	1495496	1361764	1443358	1344419	1294674	
0.6356	0.1138		27494	31422	26868	29678	21465	48676	26658	33479	20895	48179		1577240	1681666	1777887	1465722	1391584	2123741	1804683	1332900	1290884	1216920	
0.3975	0.5383		22451	35764	22504	35878	26908	33386	27713	37539	31929	19854		1167713	1234396	1073208	1399934	1354797	1484687	1242206	1535358	1256426	1083886	
0.4605	0.1486		21526	24707	35515	24683	20485	19345	21801	20601	21136	32712		1206588	1499616	1688419	1265720	1378868	1352223	1295096	1233375	1413657	1583091	
0.1597	0.9668		25920	31774	31035	24254	29090	35361	31308	28257	30761	28758		1472420	1456633	1401686	1134484	1353862	1398705	1123299	1318473	1451329	1476749	
0.5067	0.5784		37193	27716	36433	45891	36915	26755	35388	27874	27694	26790		1493542	1290779	1334910	1356872	1438012	1319648	1535446	1295381	1208600	1156876	
0.9354	0.1055		23176	34613	40730	22358	22817	22622	25376	22746	25277	24238		1275956	1684133	1612883	1270980	1178455	1191275	1190927	1221781	1265591	1244931	
0.187	0.1586		17041	20513	16361	24390	26755	19280	18144	15873	27318	25523		1172071	1394862	1103494	1258107	1424086	1260974	1216995	1262713	1473582	1421649	
0.4689	0.4792		27150	27849	27999	20253	28448	36628	22252	27537	34457	22461		1537018	1606509	1344853	1181874	1391519	1573047	1351979	1641589	1333498	1218923	
0.7337	0.8621		45510	44511	38533	32243	35643	32970	44336	43397	53351	37502		1474842	1467066	1224051	1130328	1187999	1114865	1343354	1430963	1260648	1304692	
0.88	0.481		28936	25576	40145	27719	34449	38569	40087	30396	27464	28203		1138244	1174987	1390096	1157400	1358632	1436241	1374279	1244206	1187492	1144698	
0.4328	0.2066		19838	33128	28648	28145	26767	21520	21064	19821	24818	25631		1226316	1404492	1520685	1274228	1459004	1242738	1280378	1236673	1311374	1432655	
0.8426	0.7967		45641	31603	45802	44279	44476	34310	44665	44921	44090	35203		1308221	1574244	1635800	1398479	1632870	1481852	1560992	1625929	1477672	1277209	
0.26	0.8001		38961	28487	24215	25798	21666	26790	26861	35258	25452	32327		1450562	1302531	1596521	1245410	1259234	1349624	1393861	1428040	1253522	1366435	
0.381	0.2954		21113	16761	21016	23803	35624	25374	30919	19913	30639	29279		1229443	1311934	1313053	1603656	1717187	1424359	1559481	1357889	1574969	1441836	
0.494	0.2637		28826	31359	19239	22887	30657	24822	30114	22534	29832	20100		1463971	1445883	1094162	1435513	1484350	1337303	1682884	1518709	1249737	1091987	
0.5069	0.7257		37880	38240	37552	38420	30054	29603	33336	26466	30581	27605		1624066	1540152	1579848	1407205	1390294	1334478	1376821	1023823	1222842	1266602	
0.4132	0.7032		32790	27720	28610	25702	24177	32392	29919	25004	36072	30053		1361695	1279071	1234352	1126497	1268807	1374017	1192113	1299337	1530012	1335220	
0.7339	0.2914		18808	22372	24938	27201	26628	35684	35663	25124	32794	23233		904910	1235340	1334265	1244411	1471021	1361581	1378140	1170148	1461441	1157400	
0.3676	0.8954		25109	26576	31706	38438	30289	27375	46459	31355	37914	26292		1021602	1324198	1426441	1545083	1345104	1169722	1533899	1320995	1483483	1240501	
0.9191	0.721		35705	43876	37272	35859	36534	34304	34648	43838	35849	59646		1306897	1448819	1368160	1337983	1275829	1195519	1203712	1543001	1584487	1544606	
0.7795	0.1876		23668	23942	20455	34371	25799	28717	36405	26002	31324	26989		1426924	1335470	1282276	1632234	1407390	1464063	1456209	1421896	1399228	1437874	
0.5362	0.4587		28768	35638	24125	35414	33156	24095	35127	19489	37273	33004		1493211	1744521	1403208	1597414	1224195	1270606	1536093	1237930	1537824	1292330	
0.056	0.4716		26394	16025	16881	19931	18545	25682	18516	17975	22073	26377		1517677	1325357	1256475	1465591	1362040	1604249	1246050	1299618	1392564	1428669	
0.897	0.9756		49286	37348	53355	43599	47674	44760	34889	49298	34709	37175		1586652	1216558	1391187	1310590	1572527	1435365	1209987	1277697	1079755	1371785	
0.4209	0.8165		29451	44625	35898	27903	54290	41630	36875	31325	36942	37872		1317328	1566831	1440706	1285498	1396090	1271878	1486568	1325103	1384336	1607144	
0.8172	0.8156		47435	34888	40312	39450	45560	36199	35178	34049	37189	37736		1538585	1344283	1302389	1209744	1607174	1203954	1172329	1196972	1302515	1346062	
0.9977	0.1652		26984	36572	24500	30903	22903	38111	31642	32194	24973	25581		1138936	1193793	1234795	1343326	1056778	1282454	1413554	1200720	1132417	1235255	
0.2244	0.3445		21303	21884	21584	27135	27464	19665	17341	27199	24973	17947		1369416	1339957	1150143	1489168	1303036	1210134	1180593	1596337	1430656	1200289	
0.3899	0.3439		20428	25434	24334	29614	20956	31400	20386	34422	24472	21733		1131191	1323094	1324677	1352907	1139694	1477697	1214678	1560865	1415698	1165402	
0.5564	0.4233		20653	25594	25794	22757	23258	22910	32838	44214	27597	22519		1034635	1219497	1221383	1273113	1201300	1167177	1454762	1722442	1393516	1173925	
0.7018	0.5617		27081	30326	36808	29964	35825	27091	24861	29455	27735	26820		1223587	1226871	1276686	1183522	1096785	1134303	1076472	1219753	1273515	1229189	
0.1917	0.133		16218	23725	17588	19248	25897	15114	20028	19099	27023	25165		1414110	1506769	1331300	1406187	1619713	1172165	1314623	1226984	1675960	1259028	
0.0641	0.3074		17202	23428	14110	23667	29098	23412	14385	15884	18859	23452		1558214	1615791	1155054	1491213	1542730	1447647	1129499	1190487	1396782	1340046	
0.2401	0.4611		23304	16987	20145	16755	19502	28689	21316	19887	28664	28745		1399686	1209788	1126390	1125928	1355075	1358087	1267938	1231141	1290972	1422562	
0.967	0.5414		33917	30321	27817	32783	42410	42654	43676	44350	31329	42930		1346769	998334	1138368	1404173	1665706	1473348	1263265	1295967	1472214	1682381	
0.4189	0.3722		23560	62728	25145	21134	32038	30500	32278	22132	20792	26743		1137850	1484489	1245930	1306943	1460104	1474906	1639441	1239086	1379257	1504774	
0.3903	0.1356		28671	27303	18067	28016	22865	17728	20710	27422	27113	23259		1524159	1355639	1191493	1529302	1408363	1212030	1330987	1307892	1422129	1260575	
0.7074	0.6138		51243	49776	39090	38546	42694	38587	62368	27756	28337	44636		1511658	1344118	1421875	1476314	1518376	1544557	1306692	1167958	1221156	1513785	
0.7103	0.9779		45523	45785	41497	45706	45651	35848	46531	36835	36101	46584		1602848	1398507	1496397	1425507	1554454	1183319	1599832	1232813	1407492	1555600	
0.9709	0.375		27416	29469	29420	34848	29023	26838	28431	35494	29583	28384		1190416	1229615	1242065	1232595	1185005	1132786	1179368	1185202	1285036	1230257	
0.3136	0.4468		21273	16816	24662	31271	30684	29042	31636	23486	31867	23437		1154747	1143451	1253770	1538643	1291327	1398804	1453214	1219716	1559495	1356130	
0.4758	0.097		20696	20581	22240	21044	18696	17046	19660	24990	19608	26513		1189268	1281233	1315989	1242300	1184541	1247302	1328805	1256218	1196771	1522052	
0.2606	0.9954		34899	30853	25454	25129	24564	36354	23087	32637	28268	32686		1448025	1299243	1213129	1218223	1248001	1413173	1194136	1220996	1266193	1366730	
0.2222	0.2921		22154	17428	23276	19903	18640	25646	16921	21421	16638	19094		1336714	1283485	1303844	1425012	1518387	1409757	1215709	1462744	1151608	1205082	
0.2866	0.9264		26721	25210	30688	39532	26526	35081	36137	34755	30763	37580		1269769	1229795	1454007	1148133	1135007	1402118	1525767	1529742	1408587	1421989	
0.1595	0.9335		27987	23590	25038	24756	23562	33980	26032	26287	26830	34364		999969	1286271	1213259	1475254	1156337	1379642	1314672	1271749	1224265	1331714	
0.0637	0.6862		26949	26301	23848	21565	31630	25988	31560	22930	17919	27851		1499297	1418854	1493487	1404981	1434008	1435838	1476822	1360896	1107415	1589271	
0.9842	0.1889		29903	22660	26363	39871	23910	28587	23898	35252	40292	33291		1249075	1086674	1205682	1168091	1396832	1366563	1227163	1646477	2038869	1746368	
0.3033	0.3743		17147	20118	29954	21104	19714	16777	30934	30289	29863	19160		1294893	1276703	1501930	1235376	1402476	1217879	1460595	1457643	1660098	1158470	
0.1377	0.8157		21672	37550	30756	21547	27986	29714	20883	32424	31841	22907		1269442	1457755	1480546	1143830	1124098	1275596	1027651	1365157	1475513	1141477	
0.2569	0.0767		17076	14736	15041	18030	22563	17167	17041	17391	23799	20969		1312704	1149556	1243769	1376119	1703985	1392282	1318210	1453563	1498316	1333466	
0.9795	0.8864		40952	51893	41659	41545	47040	42100	42202	37019	33889	35769		1180824	1507554	1277093	1334636	1479447	1229642	1099217	1010505	942363	1231872	
0.6936	0.8141		47078	40147	31263	32546	44666	43493	34072	41518	28076	31654		1445585	1439801	1240663	1395763	1488584	1455186	1317260	1361613	1242646	1174262	
0.3763	0.3881		20209	25992	23126	26100	20750	20117	20119	17535	23272	31831		1215832	1355571	1227083	1308624	1219664	1092854	1186291	1048871	1239741	1639861	
0.6282	0.9492		53311	36863	35375	38027	34212	32408	44139	67694	36578	38669		1567926	1532032	1323442	1246209	1276025	1138063	1588979	1402960	1321609	1435380	
0.8382	0.809		39919	31774	34522	37816	38913	31520	35176	41288	45700	38902		1560364	1259531	1305435	1428607	1185062	1155246	1248866	1451891	1391698	1347164	
0.9969	0.3349		29387	34860	34672	30854	28385	33829	30231	24089	30175	32587		1345932	1351194	1189662	1297993	1439880	1397877	1278761	1348651	1378398	1337930	
0.7774	0.4913		30300	28826	38745	37366	31636	27011	27100	37423	26725	26453		1265566	1247596	1343457	1571296	1488113	1239467	1478716	1333202	1197639	1192401	
0.7428	0.5964		29090	40520	40604	27469	31897	41879	39968	40096	33253	25081		1306949	1519985	1455527	1108759	1412786	1395717	1351579	1401681	1406662	1162418	
0.3728	0.0933		73634	33061	14962	20278	19339	17973	22241	16669	14827	16894		1628415	1520555	1036091	1157582	1301746	1147744	1187649	1016139	1015267	1194179	
0.9063	0.8466		41849	37793	50455	47552	39932	34695	41282	38967	43414	50268		1519046	1450502	1592417	1319722	1277860	1332519	1433732	1611868	1507677	1466925	
0.9063	0.5694		39186	30321	31087	31364	32239	32575	26551	28872	32033	39906		1300778	1166255	1139395	1106798	1136641	1159603	1113955	998084	1228687	1440573	
0.9074	0.9976		34105	42956	50345	34548	43639	50270	38421	34962	44436	61250		986823	1266028	1481662	1087812	1252016	1376377	1090856	1084594	1437751	1348380	
0.4011	0.4974		22719	32868	19633	24779	27106	33324	24818	22338	24528	26576		1277218	1663936	1393212	1391482	1182449	1409375	1217736	1247073	1269940	1351537	
0.6636	0.5063		32765	26061	28097	26586	27672	35445	30575	34199	30163	26292		1513503	1208443	1230797	1194485	1296767	1643518	1316635	1254452	1490520	1347539	
0.8956	0.9452		40368	36373	47832	38362	48564	37634	45847	48783	43837	37773		1307265	1165421	1585649	1215919	1333833	1244922	1278876	1522949	1333619	1294480	
0.8106	0.7773		41345	34748	38866	44865	37329	35748	32075	35261	36264	36980		1267302	1361840	1524794	1425119	1259037	1212067	1334365	1163689	1203358	1348433	
0.9825	0.1616		24984	29579	27883	27743	30284	29099	36337	36672	25835	22328		1327798	1481553	1283935	1171082	1440076	1262591	1544784	1507050	1243692	1258480	
0.4617	0.3323		21142	25586	27465	22627	30471	22698	19894	25459	21449	27770		1252490	1304961	1494626	1233040	1479789	1290919	1210655	1376351	1328759	1451848	
0.9816	0.3502		27166	30391	38815	30372	30894	38310	29042	28195	29555	37327		1218372	1221468	1131046	1112960	1183697	1342589	1424520	1230470	1258171	1458638	
0.8209	0.5462		37008	48304	28812	28432	40207	33957	29938	28357	40018	29927		1445964	1531532	1365741	1567041	1632970	1373293	1227431	1216564	1568806	1225942	
0.37	0.3531		21846	24602	28591	30182	20620	29430	25422	20358	20877	20660		1189380	1341030	1316510	1450779	1277556	1484207	1416882	1361339	1263304	1356687	
0.1243	0.681		20740	28593	32081	26190	21672	20247	22471	21803	19273	20269		1352129	1447525	1518295	1401031	1387603	1306954	1348836	1317928	1239748	1354244	
0.7916	0.5907		52815	44008	41474	34334	41576	40735	31462	40782	31340	37389		1390994	1547639	1563408	1398343	1675604	1293160	1344448	1558905	1701550	1755099	
0.139	0.1003		24387	24652	24950	12952	12726	25734	17792	22486	20137	25627		1625868	1651781	1590206	1267221	1123433	1394831	1326609	1430760	1528246	1675083	
0.4575	0.8946		38535	30210	29529	27549	33096	35706	31065	35921	29781	29423		1704219	1306385	1169524	1217125	1303974	1388704	1449789	1450209	1306056	1220320	
0.1111	0.7065		26426	22515	29959	22628	20227	21272	34995	18299	19650	20740		1397733	1402057	1478182	1183508	1031937	1109127	1467491	1145895	1128394	1101854	
0.7286	0.5874		27539	31330	29487	31668	28540	31365	31460	26680	39348	39894		1184284	1499549	1262769	1276309	1355282	1254768	1336988	1090661	1645257	1511923	
0.7962	0.8398		35736	35071	44393	44198	34774	52849	36310	33355	34641	45674		1409370	1380741	1665816	1469321	1290091	1774532	1281747	1203108	1311512	1603843	
0.5367	0.1564		29480	28981	23068	21825	34619	19365	23658	32463	24790	29178		1541810	1459252	1221572	1312992	1471085	1178029	1380677	1353638	1249899	1437922	
0.6798	0.9045		43841	41402	35998	32177	44611	34719	30360	52165	32839	37806		1516694	1443088	1266608	1132223	1562856	1225274	1216727	1509400	1320635	1259785	
0.2026	0.9595		28328	22727	22188	33014	36810	26104	23151	27337	24102	35162		1458494	1220523	1174007	1648293	1727875	1606884	1169255	1259984	1333440	1583058	
0.6033	0.4799		24256	33820	28959	21173	34035	31559	26101	26899	21901	26902		1218969	1463353	1268388	1079629	1456014	1398144	1262686	1175466	1100746	1253055	
0.5262	0.381		31899	36173	33236	20852	22042	29449	21090	30403	33607	24978		1309248	1442459	1444321	1151599	1178950	1277601	1209133	1225520	1449093	1227492	
0.7278	0.9038		39436	41861	34596	32126	34616	33138	32591	33986	33571	34467		1624008	1348064	1275421	1433122	1352533	1211155	1096639	1214685	1134164	1282830	
0.7973	0.9311		36383	38370	47763	49532	48152	36045	40205	40581	48580	35567		1384133	1398469	1569164	1409200	1449943	1191762	1181090	1460939	1280121	1383975	
0.7439	0.1899		33926	25536	24835	24707	27020	23806	22671	34013	33494	23705		1714644	1265705	1422416	1253819	1320848	1197823	1367761	1466491	1442584	1384344	
0.825	0.1569		24956	20537	23450	34099	29139	26486	25740	29444	22279	23732		1306321	1149506	1263116	1456375	1321377	1309078	1220789	1345941	1184001	1185714	
0.1294	0.9303		33722	33513	34290	33529	27565	23505	29909	24537	33728	31788		1288234	1417048	1309156	1538897	1439597	1241072	1434144	1319792	1429858	1371717	
0.2829	0.9503		33660	28852	30054	28803	31478	23575	35229	34981	26529	38307		1169682	1284274	1278992	1315516	1373328	1229756	1463619	1569376	1280518	1461002	
0.8915	0.4028		39362	27612	31450	39705	29060	29358	28032	30304	37492	38151		1279177	1279280	1295409	1249654	1327594	1299835	1129011	1272087	1362006	1545770	
0.5165	0.9516		31112	33006	30046	42004	42802	42646	31018	31639	42352	31554		1323656	1194916	1256940	1477492	1528562	1645239	1246713	1271785	1600845	1344129	
0.8509	0.9024		44196	47724	49758	37949	35874	38232	33945	37628	47775	35577		1291741	1664690	1535746	1316502	1405184	1242242	1266143	1266368	1199891	1122590	
0.2538	0.7588		22928	36924	23434	22908	25185	89002	34564	37533	22966	25577		1510343	1349909	1174048	1439868	1240220	1307526	1659306	1324513	1192995	1286715	
0.7038	0.3089		23492	23248	23405	27211	24520	30159	25317	33311	35947	35885		1164146	1264825	1218082	1300541	1464018	1211697	1157861	1531526	1384547	1387343	
0.9895	0.8077		46624	40193	43889	48339	41733	38022	36498	41610	38625	37026		1580566	1335386	1481669	1490676	1371310	1285871	1196764	1523944	1481064	1260757	
0.7222	0.5019		34416	31977	33791	25557	34494	35920	34481	37398	28689	28627		1488265	1334661	1407686	1277015	1417033	1594352	1287116	1384023	1395311	1214226	
0.126	0.4227		19021	15586	16554	15096	26315	17295	17212	17699	19151	17417		1289665	1102664	1147134	1007351	1318581	1165719	1201843	1167242	1243047	1178196	
0.2679	0.4186		26440	21002	22344	22292	22235	19350	30446	36904	16949	20999		1344256	1223464	1326351	1291058	1245082	1268422	1551364	1400496	1172074	1298645	
0.6021	0.4414		24591	37383	25822	26222	26888	36358	23528	29869	23410	29044		1319753	1322083	1200019	1190417	1278178	1191322	1201110	1404489	1306139	1335786	
0.5804	0.1964		42985	30330	22677	30815	18816	23282	26489	24101	32565	17789		1367858	1407976	1326737	1436725	1204090	1407741	1523668	1216351	1380616	1107938	
0.9926	0.2291		30958	25878	30352	37546	28887	25101	27220	24272	24276	25882		1432007	1271009	1332477	1567856	1261751	1178188	1228387	1263473	1384871	1173873	
0.6468	0.4556		42200	25923	39515	41416	32285	30669	26680	23632	23070	25730		1614174	1419845	1684212	1699142	1369729	1341950	1299835	1255560	1126039	1227103	
0.2591	0.7862		22453	36668	34710	34100	36843	22297	27863	23724	27421	24886		1154921	1452984	1655922	1627740	1297845	1307825	1337453	1182241	1349925	1206193	
0.4395	0.1145		18159	18136	27715	23004	27899	19830	20288	28187	23041	20178		1199032	1101468	1340181	1342193	1385388	1208187	1317980	1384980	1410225	1346074	
0.6848	0.6747		39257	33618	31550	44747	37312	29656	34420	44509	28808	29339		1529576	1406299	1379753	1216785	1323241	1404650	1264144	1261380	1079378	1201694	
0.167	0.3806		27122	27053	26662	19865	19420	26250	19482	17131	14774	22957		1462652	1282045	1472576	1166079	1162284	1376385	1198282	1038390	918529	1399201	
0.3091	0.6928		22724	25305	23625	24637	26771	27313	29031	25489	20529	26777		1167807	1161363	1110730	1194403	1255026	1341565	1471569	1497218	1335913	1384224	
0.7296	0.219		25163	31223	33366	34006	39815	20024	20154	22954	19628	30164		1356712	1451871	1595586	1367404	1223328	1189732	1021755	1220013	1169244	1445061	
0.1824	0.1453		25451	18673	25229	16359	23133	20307	15936	18268	23363	19920		1317339	1612558	1514345	1262100	1573785	1427775	1190636	1555829	1426666	1450035	
0.5649	0.6714		28341	27269	27861	27946	39257	31157	24695	42656	38856	42294		1350167	1280234	1164734	1243199	1616687	1391025	1113431	1412544	1519880	1459120	
0.6981	0.2159		25532	23132	35816	27324	24309	32654	22042	22548	32446	27812		1353961	1258151	1329310	1291534	1186469	1415814	1076226	1127847	1333428	1152171	
0.7096	0.6922		28782	29848	29500	36842	36894	29046	46346	28645	31749	34346		1072980	1184703	1381575	1478454	1373530	1239945	1647188	1341713	1331641	1435256	
0.7171	0.772		31316	35551	42745	42449	30874	36735	33017	30273	36688	30543		1336923	1565908	1352626	1642832	1269440	1425856	1296965	1123085	1328602	1157404	
0.2666	0.8563		28885	33767	26000	26749	30350	38298	27001	26315	34706	35631		1424907	1629351	1341143	1154200	1342169	1220745	1349879	1302365	1575323	1388035	
0.3296	0.4069		59952	17535	24298	31332	22735	24087	31358	31126	21733	17959		1705002	1182623	1133826	1332766	1214270	993990	1655036	1491643	1239685	1188486	
0.6457	0.4997		27327	26628	29837	26914	29742	22421	35181	28437	25308	36723		1301239	1200159	1365214	1192913	1204074	1182318	1490230	1241801	1171453	1415802	
0.6607	0.2412		23864	21992	25669	23129	23677	23036	32113	32732	25148	29240		1291458	1209159	1222204	1449333	1451839	1280889	1455959	1415299	1316640	1381711	
0.7239	0.2628		29460	30893	33515	23362	26860	22466	22091	22065	23058	21747		1232446	1539037	1362970	1199417	1241891	1154807	1125947	1113924	1096280	1213217	
0.6677	0.8128		28738	30542	34509	41189	32209	43266	43903	41118	41160	44278		1367794	1259346	1313797	1460086	1389649	1663787	1609174	1679155	1555196	1732477	
0.2713	0.1495		16547	25926	25280	24364	24014	18728	21457	16475	21286	27592		1146024	1503951	1573671	1406153	1291120	1269130	1347454	1042502	1674599	1567859	
0.4908	0.5965		27970	27520	27305	25626	27260	25370	25714	22183	32918	36475		1407411	1397334	1353538	1231892	1355609	1350449	1218815	1396767	1637612	1641004	
0.4959	0.1047		18304	17843	16470	17926	18640	20754	20183	17764	17696	19891		1393855	1196453	1129336	1159257	1147582	1173911	1283060	1158910	1117837	1134724	
0.2369	0.0892		21924	25001	23893	20096	15300	20006	17464	15551	17822	17568		1428381	1626157	1425431	1471818	1392350	1298274	1323122	1322168	1345493	1270250	
0.1012	0.6098		20490	18751	16836	18786	22120	30115	19549	18994	18729	20642		1237259	1340695	1248988	1307451	1322589	1440912	1177807	1345050	1251261	1205735	
0.7399	0.6034		31632	25135	39775	31230	34609	41959	33472	28780	39621	30233		1077330	961513	1481702	1339071	1297837	1480534	1195892	1263376	1392768	1292471	
0.5881	0.5911		27241	35581	28240	39672	32275	36669	25760	26279	37130	36166		1257154	1587088	1263816	1490177	1366534	1389051	1147614	1151488	1289334	1495130	
0.3508	0.4955		30701	27743	27847	20887	21398	21683	23960	26360	32535	18702		1682842	1359956	1355432	1176102	1233344	1308675	1152120	1358910	1488974	1136193	
0.8502	0.2036		26288	22133	35749	26880	24742	37005	32941	31947	36666	35769		1242230	1070975	1537162	1235293	1315973	1595254	1439296	1417414	1579799	1436313	
0.2871	0.4156		17505	19908	28033	19839	22055	22471	21442	20850	19888	20537		1180143	1261520	1320892	1202082	1255964	1250322	1236954	1245270	1154285	1244813	
0.1099	0.2022		16603	19117	15674	16075	17004	18596	18958	23443	17511	15297		1440893	1372017	1682881	1374736	1278447	1357121	1306176	1604330	1402339	1093163	
0.9372	0.6321		34678	32220	42785	32939	42231	36518	46907	43785	29196	34373		1456142	1226513	1531439	1250923	1285832	1298209	1675607	1710681	1143714	1287423	
0.7208	0.4193		28500	20734	34685	36236	28071	27591	35011	23363	29470	37521		1235364	1208653	1427873	1473816	1580565	1251983	1494573	1044736	1230179	1760968	
0.9593	0.7343		35548	44789	39715	31309	35418	40543	38040	37663	40836	34449		1263402	1402944	1280436	1217736	1218921	1367839	1352013	1292572	1270493	1310176	
0.878	0.5586		40223	43120	41512	35793	32028	37097	39127	31801	31452	31033		1456578	1621215	1615481	1466091	1356977	1562017	1391274	1345820	1317061	1231823	
0.1413	0.4263		17894	28649	18035	25675	21661	29338	28539	24796	21267	23838		1361365	1434575	1147066	1379713	1269180	1416151	1570642	1316385	1388141	1328587	
0.9969	0.475		28253	36491	30681	46246	30413	28045	27149	37749	40399	27961		1648734	1407390	1254168	1774193	1322886	1082613	1108361	1581124	1494420	1223778	
0.6238	0.8197		34416	42811	34044	34145	29330	34114	43584	33118	29353	27753		1497176	1572650	1494327	1366709	1308000	1252844	1727823	1350289	1059883	1166788	
0.3115	0.5803		26927	24024	32875	29745	33038	22094	33898	31496	24332	32936		1298198	1344001	1637850	1378740	1463556	1280592	1604312	1500399	1471946	1565764	
0.8202	0.6908		35424	50766	34024	28536	32082	30113	31332	30850	43594	34962		1245102	1303522	1258004	1051658	1192284	1159594	1384794	1279747	1410543	1499886	
0.5091	0.8206		32879	34127	28624	44663	28511	34888	27480	28318	30352	33096		1482132	1514405	1250445	1331187	1159493	1375005	1345743	1127963	1264568	1163971	
0.4096	0.594		23820	25854	23224	28506	27983	28305	41153	24949	25806	29696		1157604	1239582	1090934	1288754	1305054	1393306	1327351	1273855	1247866	1393422	
0.6828	0.7255		32293	40049	40478	39929	31127	35782	41348	33481	37714	45058		1653604	1386754	1438971	1462948	1331775	1462188	1425836	1335999	1347282	1364307	
0.6604	0.9024		41326	51310	37118	41185	43138	31147	35633	42639	42855	37296		1591859	1496094	1292992	1647244	1529397	1116791	1234282	1498117	1553883	1308547	
0.9481	0.987		39945	39600	58523	38935	49584	39684	49620	42577	52376	44249		1469621	1324687	1326525	1235877	1407221	1220616	1503448	1253220	1486597	1163025	
0.7845	0.4657		29748	39037	38822	39769	27691	33579	37925	24794	22487	31854		1286797	1406207	1607207	1524538	1154178	1426567	1174438	1034745	1072382	1351075	
0.525	0.5406		24007	33704	31787	20433	35458	25662	36118	33781	31575	34233		1156887	1543214	1480259	1158102	1218484	1128701	1468829	1508685	1372983	1411562	
0.4495	0.4795		35515	35309	30465	21731	29987	25063	33011	31802	28160	24824		1477590	1594131	1534854	1266563	1284792	1316956	1597714	1474568	1335182	1282539	
0.5573	0.7949		28813	30465	28653	39646	39740	43053	30133	29861	29808	29807		1266556	1285386	1171602	1317954	1503620	1493851	1176415	1273417	1301368	1282213	
0.562	0.6383		36378	30615	26490	23773	30535	31731	30523	36226	38061	24282		1666239	1267693	1202499	1058932	1239584	1206156	1209218	1532331	1439158	1374959	
0.0582	0.4637		22532	17634	24792	15582	19660	24875	24634	22506	24727	26467		1359168	1160421	1545413	1196987	1267824	1574726	1321652	1275920	1471841	1453799	
