0	1	
0.2692	0.7709		68199	106675	77045	77463	71475	77586	75826	83148	89084	90357		1533076	1530509	1369030	1388400	1339147	1745137	1258934	1423836	1387569	1395416	
0.5424	0.122		74203	68884	64435	81016	49083	65304	48166	52207	68276	50615		1434165	1179019	1314522	1338167	1212980	1332560	1017751	1349641	1056406	1110653	
0.1334	0.5123		46389	81674	73910	73254	76954	72869	73591	79817	67314	90978		1290031	1308338	1466986	1229933	1517916	1381132	1431512	1283545	1117407	1366898	
0.5663	0.3908		68470	79056	77330	86839	98718	76212	64092	87891	62797	101261		1410058	1410203	1372097	1722283	1405343	1334753	1378350	1281074	1222992	1227886	
0.6548	0.4729		64306	67132	65136	67291	101715	86520	72010	68581	65847	104436		1423223	1384706	1276589	1608933	1584681	1509267	1679538	1318437	1343222	1639462	
0.9124	0.4068		64810	70102	85163	89593	79377	64859	71697	86695	83168	58547		1236324	1370966	1384147	1312603	1243600	1474567	1294589	1607957	1207898	1290396	
0.4045	0.4369		81983	94067	84417	78295	72401	61812	71168	76782	74682	57922		1463915	1693551	1449923	1538380	1588419	1203219	1436459	1551093	1572320	1125148	
0.4653	0.2039		63184	71102	39336	46390	50667	49212	59824	73640	49210	56311		1025715	981458	1197574	1006778	979827	1043558	1150074	1184003	1103440	1108094	
0.0589	0.2137		77245	53399	46465	59602	70167	51484	62066	68349	53069	51485		1375815	1116685	1104778	1258597	1326663	1257394	1305730	1217071	1300129	1526727	
0.9104	0.965		77622	68286	55195	77321	76092	82128	89410	108149	81108	99791		1380227	1159570	1192722	1239160	1418953	1287729	1368384	1273277	1237622	1376987	
0.2776	0.1272		51950	58511	64140	69362	51175	54540	43450	58639	71896	69150		1538640	1500307	1391326	1532881	1382852	1331947	1508098	1267466	1461092	1551824	
0.5469	0.4864		53567	59900	76154	51661	59711	67443	58400	51813	72187	55940		1284716	1228466	1417724	1042891	1021999	1386707	1039339	1222140	1178890	1294796	
0.987	0.2478		75711	87832	75559	65145	90827	79054	75252	58839	76951	78489		1537494	1527758	1238763	1403123	1249655	1481114	1396757	1408936	1257656	1328119	
0.5082	0.3744		80428	72201	65526	65961	79809	59160	49200	71537	79643	83694		1408861	1487661	1480161	1119281	1337789	1059622	1251768	1298760	1428745	1340800	
0.4603	0.1728		57026	92689	65524	74841	72057	47781	63386	65692	67525	51181		1172825	1489985	1295905	1501560	1499670	1001344	1329540	1212321	1282666	1234657	
0.7479	0.7103		123759	72978	105044	72806	88026	63497	82664	68684	101519	81912		1572642	1252963	1341823	1278628	1529205	1175780	1380629	1378501	1452988	1280951	
0.1518	0.1057		54091	83462	52417	61648	56233	61681	79245	60114	49172	44548		1592699	1593513	1368556	1361463	1467895	1393794	1467570	1315438	1371535	1220347	
0.3535	0.5745		81950	62544	57096	60715	69311	94380	66073	69990	94615	49339		1421068	1234699	1106506	1180439	1319991	1289896	1153749	1475841	1504802	1056795	
0.7102	0.7367		73461	102997	81470	79574	75529	77798	101825	103860	54843	69766		1227905	1151843	1271591	1246264	1272912	1326977	1346595	1611657	1187727	1222618	
0.3538	0.7121		75183	96509	80229	66646	81809	81791	91281	76530	88730	87737		1669306	1338126	1511154	1362384	1447302	1478103	1283597	1321479	1380570	1506619	
0.16	0.7405		91134	60079	53430	72963	40434	52996	57147	63605	51386	48743		1699277	1343429	1521942	1218614	1373284	1301467	1289106	1298005	1170950	1086457	
0.652	0.1046		67275	65463	91328	63980	66565	93881	73756	69877	66454	77449		1444836	1475901	1347860	1235523	1179999	1244583	1386382	1195236	1278978	1315868	
0.5403	0.2081		55694	64565	75379	81256	66917	66162	50832	49735	91371	60921		1220212	1270590	1570535	1368453	1187638	1126195	1214969	1353876	1302525	1288396	
0.864	0.9969		61736	103882	91163	85046	105082	82830	103801	107369	98646	72884		1368134	1447885	1529857	1340088	1365637	1329870	1204881	1303858	1387535	1255074	
0.1666	0.1708		52145	86437	55274	78021	72006	41603	45347	61051	51444	53615		1505077	1530069	1281361	1765903	1191330	1076401	1237987	1219514	1148132	1480835	
0.2207	0.9216		112160	104079	67944	98035	99470	89198	106102	82573	118720	52405		1686585	1405331	2166333	1505240	1389539	1687508	1766446	2340638	1629677	1285272	
0.9104	0.3538		96852	67110	89371	70638	68970	56788	80880	71463	68794	85547		1450212	1252859	1345372	1571843	1217880	1088387	1226983	1161410	1577809	2008843	
0.2521	0.3647		68163	99754	80275	69515	57312	97618	60634	70677	159970	63245		2000551	2029084	2135702	2040048	2276354	2348513	1152771	1168165	2276820	1849542	
0.8698	0.2856		113261	85034	66922	86289	85877	99828	72749	77136	74978	94055		1848059	1466263	1390254	1395563	1508589	1456696	1372512	1361564	1289677	1463456	
0.8297	0.6277		101419	82851	60204	100528	73363	71670	101234	78620	88852	103948		1574879	1213972	1086098	1360759	1481064	1323508	1650511	1436826	1430651	1507554	
0.5698	0.4803		63363	87788	77183	102435	66394	91130	62012	80678	67354	72400		1441681	1317618	1283872	1433321	1063249	1290423	1225633	1211446	1267058	1189687	
0.8888	0.5807		65366	131170	86951	103630	103524	79803	113491	104186	73310	95279		1622857	1615218	1279156	1279476	1460286	1456546	1426748	1663170	1269773	1381923	
0.7993	0.4526		77342	106245	90764	64463	87794	79848	96457	65904	105001	63626		1578767	1676972	1349588	1423390	1625292	1689303	1645174	1426749	1507784	1247505	
0.2143	0.8103		158088	93066	58462	53372	51378	75944	95668	94261	81629	66332		2126776	1571849	1121177	1442886	1618960	1529470	1537678	1331730	1558591	1488088	
0.7244	0.2908		52047	66327	80138	151364	73493	119737	81838	98141	88036	66124		1364980	1880741	2243332	2435938	1400833	2439309	1858646	1503621	1371533	1429283	
0.4658	0.5218		62093	71663	50946	97212	57967	75043	109071	63928	93277	102447		1743620	1649146	1235829	2019303	1636856	1647762	1458746	1587838	1482317	2618985	
0.2446	0.31		68025	82371	54091	57370	45623	47495	44914	56245	82540	71876		1487118	1758868	1365081	1148673	1036024	1014002	1226603	1217447	1526497	1254923	
0.3368	0.3331		91351	64165	72523	61631	45956	48533	92262	59395	76976	55493		1259225	1250955	1322749	1249534	994822	1207348	1230820	1302980	1492268	1346983	
0.0781	0.9676		75750	55676	60494	70429	58848	65360	74777	59299	85105	76320		1665559	1312134	1402958	1453637	1268801	1296437	1199008	1040584	1243466	1486101	
0.9649	0.4392		72085	77545	83846	78749	117742	87773	76453	92443	66360	71517		1533154	1295736	2307714	1663044	1654471	1968997	1799027	1333044	1185015	1201365	
0.6417	0.5805		85394	73082	67851	76526	65660	80185	96316	67353	78022	95137		1571675	1366771	1385897	1365022	1519594	1308217	1245408	1328861	1130120	1537414	
0.4483	0.6629		68148	61770	53931	67519	86777	105092	96194	101295	72566	80952		1315760	1310102	1374947	1449745	1734703	2064621	1715767	1568059	1220204	1521052	
0.2642	0.9314		56260	59080	59681	88358	71621	83101	80821	67070	73087	61123		1255886	1387913	1475574	1398833	1056714	1327334	1466874	1756056	1206776	1173320	
0.1486	0.1658		48211	69393	82789	53988	58590	88795	76952	70035	69050	48845		1278452	1859380	1519029	1282716	1743850	1572298	1509134	1481111	1532169	1191240	
0.8129	0.2127		83871	118853	66003	72363	93161	62434	64101	64283	58533	70007		1409874	1498271	1638383	1588360	1691869	1330306	1162483	1176831	1293354	1336490	
0.9268	0.7118		82113	133333	104181	73958	92676	79591	114532	82836	83333	74837		1750369	1498981	1706904	1203153	1393955	1357301	1815376	1156139	1328231	1503659	
0.5234	0.2558		49978	58606	69837	88600	81017	71077	88655	61402	57342	61887		1148770	1385537	1478412	1463417	1492844	1581014	1553024	1161323	1249524	1455840	
0.7584	0.5893		67283	92886	57554	72512	100426	70412	55257	92904	72282	74897		1283779	1449906	992675	1306428	1454035	1146816	1246033	1434843	1152779	1232355	
0.2773	0.4842		67056	46696	68024	49940	77708	73932	99103	93700	84474	79345		1161307	1309739	1226703	1268772	1345976	1512051	1373917	1257346	1434359	1404070	
0.281	0.6748		83970	83892	78315	80309	89225	77615	75723	67951	64436	67365		1498679	1396253	1450634	1445497	1578165	1415504	1111896	1140282	1192537	1180494	
0.1125	0.4812		69058	64540	72474	57625	87552	63799	70094	53984	52128	82444		1437264	1334808	1613285	1524782	1867609	1583174	1305368	1160028	1450212	1543913	
0.2853	0.3199		80653	79785	55240	56345	60162	65334	62946	59450	64439	56314		1452547	1357099	1382510	1103215	1269971	1454629	1262880	1072495	1195845	1261340	
0.2263	0.9358		69138	85501	51323	60460	50519	61959	60257	64999	75033	101789		1413592	1300732	1008951	1200381	1243001	1482056	1199707	1407131	1586859	1468147	
0.3166	0.859		66397	83596	84981	83789	55785	76265	65968	55123	77285	100938		1201561	1267777	1395905	1175070	1183978	1322302	1087722	1266921	1540789	1357267	
0.9034	0.8894		94561	122706	86617	84276	74275	63623	78698	86871	72182	79177		1941457	1843329	1354319	1313872	1356027	1305936	1372281	1585393	1507966	1437163	
0.768	0.6174		94861	98770	113635	88010	77680	82158	113593	101980	73359	84197		1902707	1769825	1743560	1499805	1409666	1787642	1341168	1495753	1380896	1281329	
0.2715	0.5816		80002	50691	59468	88517	62331	62118	56014	77350	68725	60407		1392236	1612085	1812518	1374434	1343890	1461267	1106774	1081330	1428416	1502389	
0.8011	0.4852		59384	69577	81063	71266	69903	87320	86296	102244	93813	90243		1264654	1248023	1221778	1178705	1134518	1250568	1310551	1463750	1368242	1420037	
0.7217	0.8377		63666	81467	88106	88916	99132	82860	94466	106962	86812	96174		1498994	1386055	1262878	1237915	1182351	1526714	1325489	1587978	1333034	1038447	
0.1888	0.9016		62449	98567	68614	59761	61307	96749	73512	81607	49457	86637		1407128	1366709	1847360	1305916	1640835	2436793	1448858	1504609	1163975	1453678	
0.06	0.9465		66304	72109	60866	85775	71542	74805	70107	74325	74659	75935		1355502	1385146	1347970	1331391	1405815	1404985	1638295	1345503	1284792	1341661	
0.8912	0.2536		82457	82950	84386	90105	54841	85310	64856	89476	82682	71076		1875285	1317360	1513921	1390835	1207137	1330383	1425691	1654460	1217084	1449658	
0.741	0.9856		107298	73146	100677	103551	108582	83378	111257	102854	113101	105872		1764517	1366349	1210089	1308044	1361461	1294216	1363803	1657443	1438697	1568051	
0.5308	0.1896		68842	65604	73924	74447	72473	85655	61270	81270	64003	62735		1437179	1415086	1559099	1496462	1282939	1520677	1418437	1277369	1300765	1181202	
0.6854	0.682		81005	82241	85427	103670	155248	101078	101381	101787	98933	72940		1349055	1130820	1534233	1631676	1631628	1367632	1750356	1538228	1591402	1462109	
0.8225	0.9525		93457	96183	62327	90688	107677	96141	107033	73106	107076	91937		1481528	1259573	1266360	1270963	1502862	1687123	1238965	1217829	1371763	1356628	
0.4678	0.6144		79505	72957	82732	81644	75070	59928	70052	59512	75281	61816		1407667	1468197	1390274	1446400	1388368	1315698	1237047	1332216	1520772	1056592	
0.311	0.7403		82198	66093	68315	55357	90409	79774	64741	64344	60929	68686		1540881	1171933	1024152	1110056	1452129	1293283	1172271	1141937	1363535	1220105	
0.0511	0.4645		50935	78469	65182	57579	61650	64447	50464	43406	70654	59043		1244495	1758526	1429489	1670385	1354092	1367149	1081894	1213765	1353774	1453163	
0.2842	0.7071		106467	71886	87458	83643	70178	99373	80307	105824	68550	70690		1590055	1253219	1282342	1069375	1151733	1374622	1515014	1329041	1243336	1550674	
0.6217	0.3212		71106	74301	53741	59657	71850	73501	75634	67112	56285	61052		1315835	1246099	1089114	1129442	1300572	1319944	1421401	1460500	1178914	1157031	
0.5773	0.5154		79138	79284	75822	73457	76817	78009	67109	83227	79874	105186		1625675	1263572	1499208	1485516	1302041	1430200	1572544	1361414	1604183	1550470	
0.3666	0.3639		61260	63638	61211	69516	67909	62523	71350	70398	81488	67087		1291894	1199899	1172057	1251715	1250953	1111794	1359925	1246329	1207821	1405972	
0.9167	0.6884		94539	82169	98747	107748	107752	73267	71348	72165	61498	80958		1256078	1430639	1262835	1421266	1301252	1168627	1100542	1293761	1215687	1182996	
0.5046	0.9992		97215	74905	63140	82986	85800	70169	80192	90037	59638	67908		1639372	1421518	1299813	1268878	1223528	1321683	1282407	1253093	1220391	1243631	
0.3801	0.5035		75123	65942	69741	57558	63667	50792	50030	70501	91683	65701		1350715	1304508	1080608	1215665	1206428	1062961	999413	1284132	1483956	1424789	
0.8353	0.3178		65242	96317	112530	68574	89494	67624	64273	63524	68190	84410		1405113	1345192	1437500	1295795	1359795	1353178	1260108	1211684	1223526	1552880	
0.1751	0.8093		66304	64710	47367	58244	63259	93980	59755	63270	61864	51297		1394827	1177038	992943	1301523	1561709	1460852	1425347	1236892	1407205	1113239	
0.1316	0.6368		63122	62141	50235	55589	73416	60517	56536	53792	72552	67144		1168468	1406356	1152980	1209863	1482872	1209481	1188932	1166130	1330428	1161180	
0.1135	0.441		74748	78503	85232	55826	54968	56327	54355	61609	50666	61231		1252110	1272142	1381187	1429521	1369873	1115801	1426125	1140910	1047008	1039944	
0.2253	0.8318		68379	60684	62532	81825	59371	72519	76879	91633	64448	64465		1319388	1150725	1321192	1204772	1398548	1354924	1544722	1421493	1337200	1393934	
0.9284	0.4645		64373	113185	67893	78249	68082	72906	91843	84640	75713	58996		1427790	1501222	1527919	1339709	1351798	1274850	1417766	1596618	1076711	1233711	
0.3224	0.906		72515	85366	85931	67394	65120	80506	69266	61722	103923	76148		1509127	1533542	1376434	1518983	1424819	1273194	1182779	1424437	1412167	1423262	
0.3587	0.8966		62032	100822	85836	61870	63048	91797	84835	69125	87395	63917		1190247	1522036	1249053	1063759	1358348	1313274	1257826	1317802	1297048	1257313	
0.4861	0.0747		94098	78559	67070	65767	61606	61145	53126	65226	52829	78480		1648033	1539314	1497229	1394277	1401668	1287369	1273050	1378596	1424528	1721590	
0.3792	0.6693		83117	75193	82161	68132	69183	62176	60282	100977	65850	72740		1030667	1327177	1267895	1449105	1567294	1075837	1475547	1417809	1347079	1250461	
0.3385	0.3986		59876	70967	90864	69365	61323	67135	59626	88434	70368	60008		1262045	1353892	1611584	1273582	1335458	1523831	1507174	1497332	1416498	1177583	
0.0657	0.771		56849	58111	53233	61811	68070	59450	66983	67644	80903	63976		1233034	1385694	1183358	1179656	1390037	1354865	1537072	1602818	1517422	1353046	
0.3059	0.2659		67566	50373	62556	62792	73100	79405	86767	63677	64858	76883		1146053	1223342	1461487	1148579	1507992	1559421	1515691	1289329	1329847	1219759	
0.2644	0.5809		84797	78793	78444	66440	49374	82484	79032	85204	72918	80092		1572717	1394299	1309472	1175132	1159593	1288908	1425261	1435961	1306385	1179859	
0.3035	0.2404		68267	57079	48599	45928	64561	81445	93228	63654	53656	62857		1315267	1149784	1026988	1057158	1331294	1480271	1100597	1364929	1276862	1268127	
0.2432	0.3368		68416	65062	61904	53503	46817	53212	45011	61123	72328	60980		1381500	1248956	1573265	1401017	1098052	1133086	1202855	1446158	1273643	1359458	
0.3223	0.9434		73979	84550	71269	69090	79981	57826	70475	98839	77738	66854		1386571	1332522	1303850	1250622	1370604	1206998	1329049	1539803	1321118	1404492	
0.4498	0.3497		73377	65947	61484	93917	68008	56107	79679	58774	73689	48826		1399053	1296482	1440058	1577475	1345623	1230419	1575342	1309106	1158757	1073393	
0.5858	0.1993		88585	96795	62157	72977	64303	64980	65267	66155	67675	59364		1443358	1637915	1714944	1459701	1131171	1252139	1156008	1311610	1176130	1088922	
0.7552	0.6053		107885	71289	97494	104508	92728	68571	78951	68035	81293	67346		1708739	1361277	1339561	1578458	1518914	1262603	1545062	1255987	1248937	1151427	
0.7648	0.8851		103277	66051	114713	64420	104938	103860	62806	104414	119786	117968		1160381	1435568	1354648	1261308	1663780	1245387	1081991	1659704	1321284	1295170	
0.097	0.5772		66531	56272	65173	72673	81237	54701	53911	62819	59125	44639		1503882	1253627	1285377	1239321	1297118	1269799	1146168	1239033	1259548	983930	
0.2388	0.1142		69383	44572	61230	56124	72102	56539	62015	59251	64805	55602		1486168	1265016	1325081	1687645	1292338	1258438	1405846	1658067	1650161	1172730	
0.4883	0.7565		55338	66055	86012	88941	86840	60257	84760	81887	87300	74685		1215101	1230891	1566929	1253440	1569211	1482045	1187157	1280082	1282094	1366889	
0.5691	0.6151		95483	75583	78377	61695	52384	62883	84983	65222	71385	66881		1533592	1331405	1551136	1360893	1149836	1453590	1325784	1169553	1291468	1189721	
0.2699	0.4904		61518	73562	90458	58302	54447	56665	77222	73308	61577	80755		1169095	1357552	1475702	1060064	1453065	1212045	1424013	1245488	1496964	1152645	
0.8479	0.9293		72866	91247	84583	64267	64594	81780	78434	84834	99563	80357		1212064	1355675	1226827	1047372	1119769	1274670	1238534	1396211	1212433	1267751	
0.928	0.1181		50181	60371	71059	93030	59745	68424	77406	45093	47848	66937		1000451	1445105	1124001	1316450	1107899	1087149	1457518	847535	1130291	1173371	
0.8361	0.3878		62880	73238	63599	78201	72376	62402	63867	73008	67858	76220		1314002	1323420	1558654	1271608	1368021	1132628	1287415	1196976	1447221	1614064	
0.2112	0.1341		50089	57753	51194	54150	58798	59706	80288	71220	54537	50660		1245803	1070641	1259903	1242958	1161000	1219072	1578463	1224162	1169477	1248785	
0.7956	0.3441		79838	68589	95189	88468	53822	92112	67449	81230	74707	71342		1226479	1285204	1359491	1251155	1161808	1374709	1273755	1286232	1324128	1220455	
0.496	0.4428		82970	95380	77045	70630	88247	68669	60782	55315	71842	72885		1483563	1670613	1288460	1465817	1454875	1221136	1185268	1190975	1272733	1438874	
0.536	0.7807		75675	55497	74543	83416	95491	73857	102866	66854	79613	73939		1026698	1181451	1268124	1166119	1214740	1485945	1486078	1294120	1223051	1451269	
0.2481	0.2107		49918	53435	56758	48897	78993	81162	65026	77260	57668	65601		1248135	1341839	1167923	1270660	1130361	1318357	1391577	1199466	1371063	1438476	
0.1311	0.5856		65293	75285	64720	73732	73373	76933	53523	54223	65877	46171		1347696	1527051	1214838	1492792	1302997	1202101	1106113	1143004	1202653	1165796	
0.4287	0.7539		72643	82204	56220	70067	63939	66331	81221	69165	63137	81716		1435773	1216221	1131681	1226698	1153939	1391871	1328625	1246797	1634051	1377402	
0.6678	0.1878		65472	91244	64390	62426	74867	77654	60205	67503	58829	84501		1213121	1622805	1263848	1265205	1633439	1448041	1287478	1203488	1268562	1286067	
0.3915	0.1065		44875	100846	73020	74640	71600	68143	60456	76278	60496	69284		1133294	1479411	1244637	1142426	1252674	1255178	1417825	1255357	1177662	1200437	
0.55	0.0567		46002	66144	82166	56384	46568	73488	69056	55139	69857	86507		1456536	1425541	1222263	1191053	1135084	1385362	1240038	1384101	1260474	1305852	
0.4705	0.2371		64441	98589	61747	55647	60334	79764	69519	46354	67834	75376		1376572	1657147	1420675	1402005	1203030	1347302	1239424	1390315	1320381	1368859	
0.1496	0.6097		65506	78920	63048	63376	70140	66766	70866	71292	76789	69466		1633215	1184980	1147806	1313291	1195533	1224252	1454919	1238420	1335641	1288153	
0.9079	0.8569		71904	99255	97782	85147	73728	73094	63900	112367	78305	88829		1242607	1475066	1426633	1286611	1160448	1149159	1379964	1444231	1337532	1617323	
0.0555	0.9987		87718	69795	47216	55191	84599	81024	74214	56260	59389	88236		1461634	1295486	1281377	1215460	1403457	1359265	1428254	1318403	1355363	1370307	
0.8656	0.9385		62867	79132	73205	88148	84579	104249	99962	88997	72274	89954		1305364	1246060	1295558	1324947	1285100	1542582	1421009	1520621	1244304	1596634	
0.411	0.7098		94034	57563	70713	73293	92511	53399	67249	92999	94603	56951		1517539	1373372	1517332	1186214	1300495	1095151	1343505	1420478	1398013	1162049	
0.1889	0.3299		51642	69964	74669	47811	53432	86021	72794	76977	53666	55487		1229947	1541888	1295199	1093245	1272834	1334884	1304020	1294748	1439094	1245244	
0.0989	0.1227		58716	56879	58108	63945	68505	52077	69338	71966	53496	64188		1375035	1318516	1255842	1369181	1235332	1293586	1379798	1516662	1330028	1366734	
0.5189	0.1492		70488	65312	56474	57418	65025	63556	57416	77106	64952	57813		1621990	1286179	1178100	1238243	1260777	1279202	1273600	1286188	1189590	1076643	
0.784	0.362		61180	67703	70193	88367	99388	59075	77416	84922	68081	104589		1332332	1235916	1571155	1612777	1442939	1282473	1298974	1555736	1549095	1480663	
0.5353	0.1688		66819	85233	73544	58044	73063	67116	80997	83703	54654	60198		1264898	1403994	1114134	1339505	1280138	1312963	1146828	1285630	1094936	1067635	
0.4865	0.9498		57886	83109	67423	79970	104397	64599	64177	89752	68454	79604		1303201	1240613	1369502	1538237	1711976	1186544	1161040	1317092	1224083	1153366	
0.19	0.1843		59589	44161	62066	69736	61380	59383	51350	46894	52784	46740		1231563	1248929	1061534	1226046	1346676	1267331	1048234	1103583	1200699	1169093	
0.7848	0.2206		64724	109770	66194	52075	101502	51041	73649	61745	80423	75674		1411382	1594716	1109145	1117582	1246060	1207636	1292242	1275446	1624846	1456473	
0.728	0.6231		105245	65995	93818	75825	69052	79482	97385	88592	76327	85576		1423734	1462291	1443933	1204850	1175865	1345519	1264180	1231383	1359562	1180588	
0.7468	0.2816		87801	81604	63476	62660	73076	75841	75365	56051	72791	55130		1644199	1609000	1202417	1259300	1500088	1466155	1131415	1275368	1168915	1041310	
0.452	0.443		67873	63154	81340	80121	59930	59168	64537	70665	56121	59698		1168597	1388783	1497726	1543464	1155980	1208623	1236069	1006124	1243801	1190832	
0.2028	0.2521		59088	68743	47551	55858	47065	64227	66349	69456	59954	76421		1226885	1226729	1169285	1058035	1083985	1232226	1290747	1285847	1200007	1297991	
0.5318	0.5559		85302	67347	80424	74323	78508	80241	69489	72238	60443	97133		1433740	1022568	1472944	1426299	1148793	1230654	1401263	1237886	1211564	1413809	
0.1401	0.2921		59017	71521	53708	58402	42665	41975	57200	65967	88007	68401		1439469	1416670	1507067	1248366	1003245	1151019	1343093	1367504	1709599	1264709	
0.3987	0.1143		71143	55800	55600	78468	87207	81670	89325	92403	75772	68631		1439150	1273627	1656841	1725776	1554340	1447261	1663166	1340498	1506843	1186348	
0.9649	0.8192		104954	108441	93457	104910	67310	109894	113950	63309	121071	93380		1389565	1215505	1240681	1556497	1149973	1575999	1458665	1418460	1609254	1396446	
0.356	0.5405		84266	63347	86645	71784	77208	87515	61546	95503	92318	70817		1303241	1283692	1407417	1240540	1423214	1605581	1273550	1382764	1693723	1277887	
0.4561	0.7783		86184	83812	74582	92744	105235	81806	90951	93251	86746	65189		1578545	1493936	1235655	1379240	1370444	1300250	1473083	1247857	1250621	1212563	
0.5545	0.5534		96943	103407	92109	60565	72641	90978	65803	70696	61239	61811		1532708	1528504	1148056	1036010	1095479	1168577	1146909	1204627	1141537	1190412	
0.4273	0.9197		80418	66843	81440	112198	78632	91572	70984	59184	98435	64131		1676319	1334982	1196151	1225426	1291126	1387786	1098473	1209432	1365446	1301466	
0.567	0.0941		62952	72946	86697	91593	47154	55621	55201	55343	66560	68032		1214330	1432642	1326491	1586228	1111799	1171283	1182933	1132471	1561095	1361006	
0.6103	0.7219		97780	105646	75355	67513	76355	79880	90350	79641	103743	92134		1494305	1498472	1170259	1315608	1281417	1343422	1408917	1416902	1331760	1216591	
0.3042	0.1552		67156	92275	82686	53036	52685	85303	51527	62406	89201	45259		1634595	1685434	1200580	1203369	1183422	1294793	1342730	1633417	1312124	1173700	
0.3131	0.1268		71532	114561	55420	50322	52590	46276	62584	58788	55515	92961		1481720	1551633	1259702	1362193	1063889	1171886	1213611	1189305	1206654	1550742	
0.9816	0.8154		107513	122203	96436	96992	93055	73879	91463	116073	105297	78360		1638587	1575054	1349117	1143478	1263533	1152642	1160195	1496125	1401868	1350167	
0.7242	0.2172		61862	95259	101618	64047	69354	61347	89460	71229	77795	74236		1254466	1501697	1518714	1391822	1219341	1562988	1616721	1519205	1276954	1585244	
0.1735	0.7969		63221	62525	66232	83775	74765	55383	108975	55370	65822	59849		1545821	1483869	1309411	1404490	1280097	1232499	1477524	1455735	1207859	1195340	
0.7319	0.7813		62534	87968	102420	71956	72994	72398	82865	106065	79312	78340		1503543	1423794	1558110	1214926	1215148	1273581	1256207	1339308	1471585	1309616	
0.255	0.0779		60112	69343	73376	81082	78182	55171	57273	68747	96296	89926		1154434	1380783	1374881	1549734	1322986	1269251	1422625	1684081	1524673	1323586	
0.2875	0.2905		47434	90814	85991	62118	55670	57480	88027	74260	53000	88022		1418512	1538424	1397705	1309816	1515604	1270394	1549979	1367090	1196309	1196081	
0.253	0.059		86792	50419	69760	60837	65209	50396	51396	61953	62912	54606		1521651	1362166	1267082	1143238	1238001	1105691	1224298	1249002	1572611	1329292	
0.9776	0.5272		84642	98981	81673	91388	101942	83016	95343	81655	77834	111906		1216399	1704428	1241269	1280341	1247600	1285763	1317788	1272569	1238773	1361651	
0.9435	0.4815		91042	80309	105875	71756	69515	74057	71839	86336	126814	88749		1327972	1288504	1527501	1203089	1474722	1513654	1303083	1398627	1413911	1463296	
0.5007	0.3729		74030	93081	65609	72011	100081	57291	61393	74675	64059	77113		1408626	1526871	1212840	1633246	1517366	1065096	1349507	1463161	1334395	1183264	
0.9298	0.3257		65462	67102	104327	72661	69564	79771	67199	77345	56262	87755		1743514	1332902	1543065	1326043	1503863	1400860	1541520	1279505	1311585	1537182	
0.2275	0.7526		77999	90770	73541	73452	79308	70348	69794	61808	60624	49702		1535656	1426236	1423428	1251327	1363258	1364093	1328297	1254730	1074375	1186063	
0.4674	0.5648		69940	72875	63456	60970	55328	65435	71479	70112	76689	62334		1178053	1227712	1130405	1115918	1121928	1190635	1289211	1195917	1316653	1307222	
0.7148	0.6221		66306	125508	113587	66075	69611	63177	74332	73219	89867	61944		1234532	1495566	1194414	1124591	1213889	1161040	1527530	1222390	1247322	1406499	
0.4878	0.8365		86208	77145	58852	68297	78803	87184	69137	94403	83751	72621		1383174	1213650	1233399	1226141	1588769	1332039	1196554	1642677	1651199	1550673	
0.2073	0.2047		81116	71967	68978	58292	51121	80497	51290	42132	57299	70122		1400690	1327162	1485861	1225916	1134443	1288429	1138428	1159993	1374469	1330277	
0.3282	0.674		63571	97621	68149	62257	65088	67166	52336	62288	63493	75462		1510943	1652060	1282132	1199334	1212608	1268295	1139037	1237510	1144543	1502276	
0.637	0.6692		73338	82311	92240	66777	123098	67201	80668	85645	77097	95796		1386890	1493534	1518183	1348765	1570571	1280048	1651809	1607028	1631128	1632611	
0.5339	0.7007		77129	69391	86306	71783	71140	73224	63637	82293	53872	95778		1480422	1545371	1484229	1787198	1679450	1374345	1298587	1272749	1160556	1176763	
0.6864	0.6459		70920	132384	87417	77959	85676	67122	85247	83896	93273	98944		1284903	1498638	1286007	1290297	1254640	1182296	1157722	1493835	1444287	1323285	
0.6184	0.8727		85025	94982	71263	77073	76169	93664	75859	81467	76770	94395		1358913	1325385	1172669	1337177	1512739	1487609	1241417	1364404	1279306	1224484	
0.979	0.844		105933	78040	90988	84726	95884	128044	76086	120876	56696	95478		1397030	1445522	1556034	1413905	1606498	1689708	1414892	1583028	1370751	1508388	
0.9079	0.2328		81456	83329	78455	77629	62860	97887	77441	62078	81619	89221		1525103	1159226	1411354	1198630	1145438	1337646	1183702	1122404	1180141	1496478	
0.4864	0.197		87872	55912	64524	54622	78606	46125	68701	67800	72433	62162		1243597	1271334	1357120	1392073	1657684	1453767	1386426	1491036	1263217	1400549	
0.9549	0.9096		88337	83225	81576	108373	71961	83636	112182	91501	106037	89522		1322808	1480207	1391722	1367292	1250465	1345361	1509840	1477652	1324329	1581468	
0.2043	0.6111		50105	72454	62664	75638	66401	80059	68743	72121	47278	47276		1432016	1460020	1625971	1492562	1343717	1450800	1379546	1424930	1263293	1054923	
0.2826	0.7204		69721	74821	64815	61281	60924	84675	78569	63535	65485	53305		1473150	1460019	1289194	1402263	1267972	1503112	1438978	1280262	1263689	1301629	
0.4217	0.881		74068	95021	67614	94567	87399	79960	71289	62010	74785	70911		1291681	1274148	1404405	1263603	1129138	1421243	1274907	1466930	1110407	1122007	
0.5487	0.9002		76039	66195	69856	98358	69667	63794	61167	101541	60074	56276		1144362	1098468	1213366	1386862	1217311	1194819	1639506	1354777	1015683	1094936	
0.1941	0.565		63757	102570	82391	84867	74472	83749	62066	84646	72128	50164		1472345	1398646	1348063	1220734	1594464	1584458	1312929	1255678	1231822	1300035	
0.2432	0.9033		82553	68313	83863	70700	77019	64482	72566	73597	86206	77317		1225817	1351852	1336139	1323982	1361783	1419799	1284480	1304500	1262119	1315703	
0.6889	0.1852		71331	70737	57874	104443	50504	101963	64134	57087	74714	76352		1437243	1570434	1540372	1427820	1228316	1428883	1659425	1242506	1358494	1534320	
0.0696	0.4039		65867	55396	54758	55906	63353	61036	55293	59774	62318	66163		1299131	1283303	1241948	1203959	1369159	1252282	1344325	1546969	1508143	1626045	
0.8249	0.2502		56370	64910	52876	62739	76978	69197	53954	90070	75641	71210		1253222	1081461	985048	1154221	1434173	1033603	926480	1255055	1239841	1583143	
0.1828	0.8068		52815	66210	72814	60370	63066	59588	82980	76758	55236	66213		1159085	1336723	1204624	1105970	1107882	1242281	1437098	1392951	1220260	1278850	
0.7481	0.9078		113374	109973	87530	106254	62330	88729	71806	73931	72684	60678		1584980	1704314	1378599	1376407	1228590	1272811	1247628	1221533	1124816	1196512	
0.4483	0.8279		72734	81343	85937	92558	68794	54504	79409	82760	84039	61839		1658758	1438143	1503542	1265032	1128962	1204316	1170417	1442213	1190765	1118822	
0.691	0.4562		110361	117070	86613	86551	86346	70768	82286	56065	63260	92092		1258022	1336488	1360165	1317610	1291326	1363128	1257891	1210204	1132219	1295537	
0.5734	0.9855		81037	143740	72148	66872	73393	66994	66841	112032	71070	84477		1413151	1630478	1210715	1445572	1220654	1380778	1474366	1343907	1227231	1356324	
0.6641	0.3845		68344	67570	64498	54041	87416	88815	69380	61646	64255	62222		1418872	1388705	1161630	1134220	1329589	1292596	1233783	1089061	1147512	1388237	
0.1262	0.3438		84853	63820	61464	52044	66145	82460	58079	71958	75999	65095		1727282	1219324	1495135	1310522	1510600	1508640	1341528	1550589	1407223	1576649	
0.8161	0.9067		75086	113479	74654	113588	110433	95619	107684	101989	117531	102185		1329461	1287939	1246283	1359247	1462262	1309845	1395079	1436539	1562896	1346053	
0.4452	0.091		68261	82194	53934	72925	66308	85887	57580	72290	63853	53105		1619710	1284270	1424328	1572616	1374435	1578085	1443655	1273178	1374691	1185932	
0.9413	0.3335		69055	77322	56476	60935	76465	75135	82128	75392	101078	102233		1355100	1250660	967181	1246742	1164385	1103045	1141962	1250425	1320570	1469165	
0.7594	0.633		89162	96970	82471	71107	71072	67544	86175	75474	60427	92130		1610450	1550820	1383148	1291907	1385966	1298429	1546919	1273173	1539507	1397043	
0.2616	0.8897		69498	85003	62141	82646	69761	68267	54997	82687	60590	62841		1315727	1304600	1013916	1266132	1162389	1106336	1351229	1266671	1155101	1299232	
0.2811	0.31		61372	91038	70568	66306	67820	70753	49204	61228	62343	78264		1234307	1152133	1256479	1220149	1388063	1203439	1469442	1340306	1126653	1261920	
0.6247	0.8506		95343	57658	93728	84625	96938	91081	68458	86492	74657	95025		1577889	1255221	1412653	1352282	1564795	1335782	1653072	1226869	1238372	1257456	
0.6835	0.5875		92859	80533	99136	103932	83815	81668	84827	86672	60254	67607		1509591	1381217	1346791	1342385	1376166	1342737	1431693	1265491	1454151	1547865	
0.4014	0.0521		65131	60847	68735	79635	76660	73929	58192	65948	62652	90775		1427530	1484969	1370306	1249198	1354221	1279231	1233960	1419091	1251041	1441778	
0.21	0.0716		53592	60595	54075	62701	55856	56206	78352	60192	44772	59928		1351657	1438335	1354386	1486884	1290175	1372427	1573530	1106195	1244223	1275483	
0.2024	0.5326		53095	89064	64594	58244	73034	73637	82519	75780	79375	57754		1316120	1350023	1186046	1208619	1237788	1361344	1409379	1555780	1344859	1286390	
0.795	0.4796		54631	94075	77303	53898	95597	89405	75785	71391	65949	72535		1238493	1618931	1470727	1208023	1039896	1342712	1498513	1324411	1290220	1262377	
0.5363	0.6417		80542	135383	77562	63310	67182	90715	69292	69350	66169	91700		1394105	1504551	1332737	1233697	1640836	1541811	1707796	1257170	1246335	1480818	
0.0877	0.3654		58897	55456	67059	51874	66713	71222	64027	57058	64231	52259		1511986	1478595	1539036	1171149	1373324	1415316	1313508	1591658	1159095	1079426	
0.5684	0.9766		108071	75381	81566	67099	110721	66239	56593	92821	74082	77209		1204739	1266776	1241336	1282207	1656763	1157695	1179928	1219566	1198917	1164830	
0.4027	0.7917		73813	81054	64006	70595	72119	84259	80887	72230	82491	98962		1439129	1337029	1468095	1385062	1333879	1517453	1570986	1272031	1446203	1631174	
0.177	0.1418		64756	54115	47860	84148	53323	51392	59421	53559	66283	68848		1308846	1364763	1135406	1348098	1030968	1261883	1221080	1536322	1042910	1235696	
0.715	0.2148		60245	112699	84260	57298	98907	80212	61037	81381	67698	71576		1435490	1382305	1498747	1681267	1761546	1490723	1189306	1458780	1591777	1504071	
0.4021	0.8062		52496	53075	84160	69604	79624	69176	72164	79822	94530	71898		1193473	1420165	1279371	1283593	1491229	1213181	1494121	1543237	1425646	1499410	
0.8833	0.2542		86722	66982	67760	94240	89386	70961	57523	62424	88637	67037		1486358	1227126	1677856	1405171	1403007	1265321	1116155	1166278	1237076	1322742	
0.076	0.4178		68575	56516	70089	59094	53260	66800	59829	64762	59246	57815		1459735	1453001	1366383	1198399	1116450	1297428	1370653	1528924	1433164	1303302	
0.4108	0.621		71563	122722	83697	64259	75310	74616	70970	59517	50020	73503		1376434	1522117	1414346	1583454	1526549	1570658	1365604	1305654	1372125	1396547	
0.2816	0.5883		61615	72309	57508	83682	52914	65577	77947	80367	92904	72606		1227307	1319760	1527201	1644895	1106006	1116488	1306427	1239888	1482552	1476963	
0.4444	0.7869		77931	101731	95054	67845	63465	86683	81108	67634	79051	86992		1715038	1503045	1314735	1220124	1477424	1478927	1412767	1409250	1392295	1311905	
0.9178	0.1796		87428	68015	98145	84505	74756	63092	67266	60802	68402	92612		1415703	1256075	1309217	1405501	1159597	1166119	1156841	1177764	1170624	1254221	
0.7985	0.1135		71219	71886	87447	106807	72974	84210	69556	66302	71691	77639		1305278	1308319	1204124	1220554	1428614	1085487	1289667	1252186	1156558	1172628	
0.8756	0.736		127081	105729	100566	86215	115787	82894	68301	82695	90673	106204		1776255	1669853	1249680	1566082	1074627	1037693	1084564	1112920	1198021	1321511	
0.5625	0.1167		63259	45173	64047	62081	105195	63351	70908	50540	77930	84638		996571	1159050	1276588	1030673	1182910	1176124	1121470	1137198	1269749	1183818	
0.5701	0.3393		71994	69270	66245	51265	68504	58250	72302	99512	75064	69213		1411603	1279848	1499355	1106580	1332734	1209893	1608665	1459689	1245332	1314496	
0.8974	0.9781		76435	139260	66128	102553	93165	99965	99928	79464	90459	117749		1325289	1295233	1385607	1352859	1134878	1166395	1577236	1285682	1233241	1365741	
0.8557	0.4473		79653	84334	108747	85031	106707	103911	86358	76313	58304	75273		1260012	1525167	1547107	1436818	1598118	1470742	1329927	1336859	1490996	1605633	
0.5179	0.5876		63234	69290	74038	100964	68441	60557	71351	65244	80022	78372		1345480	1579279	1653705	1631610	1233058	1139154	1262880	1266740	1379317	1396661	
0.2427	0.7851		80176	57339	60225	57115	63438	78137	80082	64790	62705	58687		1364789	1176021	1247426	1340517	1131103	1288583	1467633	1180220	1180563	1303743	
0.1239	0.2982		57524	75001	63654	52111	61088	61799	70725	55545	57533	48672		1220941	1346826	1288190	1261344	1293383	1424338	1468393	1539970	1440184	1275922	
0.1494	0.2149		46526	65281	75919	50143	51616	83347	64199	57943	54879	53438		1396176	1209081	1412540	1162955	1573598	1195453	1194587	1281120	1096920	1302523	
0.1829	0.2217		72087	62548	53447	67423	69086	60822	55437	80031	52279	94667		1506023	1328765	1195504	1227239	1150461	1309947	1212126	1250172	1523598	1564798	
0.3069	0.9831		72205	52159	65362	77471	87659	91360	73042	86896	66238	61796		1254848	1448963	1185476	1388270	1584810	1278782	1393357	1288350	1234475	1278896	
0.5204	0.5666		75628	71126	73822	55333	66260	77280	95939	74992	98550	80498		1575621	1295997	1423957	1176185	1387980	1644609	1246336	1177600	1584709	1393435	
0.5105	0.8398		84230	85473	56148	64906	87809	73102	67936	81594	78676	97602		1288647	1285790	1150924	1121814	1142278	1286655	1308214	1199731	1504915	1477510	
0.4289	0.4137		57977	72617	68671	95220	93241	66391	64286	78039	49164	79922		1271489	1352114	1506825	1561989	1598216	1389407	1291579	1480950	1254563	1543461	
0.9354	0.8316		103359	109522	97965	109313	65750	77332	73279	107920	102972	89158		1314885	1472499	1519424	1601723	1134825	1198696	1640995	1357404	1362607	1211397	
0.3683	0.5303		80432	69685	116123	77253	48425	96637	73597	65201	53193	59487		1473953	1405063	1728958	1451669	1186896	1382552	1386780	1429368	1143108	1168655	
0.1565	0.099		79390	64640	52970	65709	69195	60182	42659	53388	70924	77703		1455432	1297165	1362958	1574658	1594264	1041256	1094946	1566617	1352367	1372258	
0.0868	0.6015		63355	44481	55004	59987	81925	44998	54760	56784	68682	73494		1171913	1383383	1112029	1412138	1150666	1166087	1413881	1361857	1339063	1175846	
0.598	0.9689		105316	73325	77761	91340	67845	94962	77405	100366	96874	82155		1581924	1302600	1263758	1240909	1440689	1306518	1425502	1591028	1403501	1259344	
0.7023	0.8107		71507	69182	99917	91584	79596	73876	76271	68471	70060	86666		1152335	1187769	1333078	1224583	1271712	1290331	1074535	1123772	1594685	1306651	
0.4678	0.8379		99612	75182	87825	68362	79063	67215	90702	70899	84002	83799		1680697	1247326	1335284	1422441	1314192	1258744	1262470	1250417	1260070	1305909	
0.8739	0.3786		78811	91081	58018	71712	96065	73516	57228	67245	76440	69110		1475493	1601871	1245592	1357606	1128899	1210844	1332422	1626764	1468193	1115896	
0.6538	0.1706		64257	69783	57812	69670	61089	75292	87139	66681	57237	68000		1241803	1402009	1237677	1294334	1297444	1253384	1396612	1192087	1381170	1360209	
0.7029	0.9913		81599	82204	106204	111183	94621	86371	101577	73057	74689	111577		1285238	1369358	1463562	1605722	1294891	1128131	1243821	1244821	1278961	1215632	
0.3567	0.6647		102617	51292	53698	59468	68422	68533	72531	62275	61278	59065		1580227	1146433	1096059	1446693	1130993	1460178	1226360	1420415	1239427	1250789	
0.6451	0.1671		37768	60314	71761	62571	80506	91378	57917	62342	58218	63500		1154402	1439999	1458383	1583738	1417137	1558018	1336021	1184600	1534236	1320742	
0.9376	0.171		78959	75481	101670	67966	61715	82346	72463	79796	80995	91146		1407578	1267246	1418572	1266129	1558906	1309797	1253370	1186414	1253342	1677027	
0.7126	0.9863		106786	74332	81177	62195	81510	108789	84014	99210	62832	110711		1770330	1270885	1193813	1222921	1454962	1818170	1352564	1243975	1200625	1611483	
0.5188	0.492		76212	61546	99388	87475	71614	102162	50289	78738	63083	96427		1252649	1485635	1439286	1579632	1584624	1456905	1175059	1323640	1322114	1444444	
0.6866	0.351		86845	82790	75674	89283	75747	78313	61357	46043	90151	83320		1648430	1292870	1282624	1201546	1551035	1310112	1235844	1107997	1159606	1260590	
0.9511	0.1721		66842	86832	103108	84241	70687	66234	68825	70143	63313	73881		1430762	1308828	1608608	1407051	1429812	1243635	1596283	1218020	1505929	1362134	
0.7389	0.6986		76859	130180	80468	72972	76326	100152	108572	109678	70376	59897		1612274	1874673	1320440	1394417	1325713	1669132	1807349	1742549	1182668	1278687	
0.9997	0.1949		72109	62836	63002	83666	92076	83740	72507	77163	75266	96478		1359516	1191848	1292027	1310179	1370506	1501427	1391401	1536007	1305267	1371143	
0.4032	0.7845		86094	88033	86224	99699	73041	62190	72477	69327	94436	85439		1292908	1575240	1309943	1478753	1277256	1321624	1316251	1208276	1805708	1533621	
0.4533	0.1137		64187	84001	86857	68223	56528	80923	64097	82285	59992	75690		1449382	1492927	1458735	1465418	1285453	1334659	1489999	1393960	1605037	1212277	
0.6445	0.6182		74417	104161	92770	85965	63656	79486	102415	76178	86804	57957		1386670	1458617	1553292	1449435	1467212	1616811	1534088	1493905	1335070	1103718	
0.2307	0.3491		65703	59242	57278	67230	67219	53828	54627	83065	60551	52212		1140414	1230515	1132666	1119116	1251687	1129070	1221575	1168337	1142445	1080226	
0.4873	0.5951		86122	77948	71863	83693	64323	61073	59013	81625	67162	67811		1399626	1312942	1528928	1290675	1189245	1124628	1131345	1280368	1347853	1262452	
0.8824	0.2804		79351	73592	83691	62934	69931	82852	77869	90007	86399	108597		1222268	1475197	1363688	1193788	1229402	1213931	1262555	1215551	1427244	1495163	
0.449	0.5658		75723	98845	80846	62034	60573	77013	61539	67095	76447	64682		1448049	1307745	1679365	1230786	1556549	1481540	1344126	1426739	1273383	1595156	
0.1595	0.141		41075	61952	53142	56934	62948	48757	66142	71648	57331	66336		1234954	1272987	1503525	1181398	1174656	1221612	1268303	1527677	1266282	1377384	
0.5294	0.173		59716	45791	83600	76762	64338	68567	54434	65085	65092	63072		1239219	1264161	1318419	1433957	1448765	1186298	1247222	1112485	1265895	1207152	
0.1762	0.221		50685	50724	73221	58608	50840	65166	71984	67493	59994	47790		1173442	1415233	1250735	1157306	1272310	1344864	1658106	1404320	1352169	1350271	
0.8571	0.4864		65192	86810	62776	73340	84205	72081	84749	71565	60771	81645		1157062	1366855	1354457	1411183	1508702	1368903	1219411	1465253	1148782	1282010	
0.2656	0.1364		63434	69169	83402	56228	66240	87726	64125	57844	81418	59832		1408061	1826791	1477213	1392431	1346836	1449585	1618149	1318561	1418492	1222662	
0.5743	0.116		83626	76911	55097	91139	70748	90184	47987	74844	73661	58076		1394736	1237074	1587522	1734721	1636182	1527253	1236005	1516091	1579956	1343565	
0.578	0.6457		76925	86696	67294	82121	123050	88716	65576	59863	136777	67104		1391715	1771280	1375177	1409183	1581238	1448779	1355160	1250451	1377349	1193127	
0.4933	0.9371		69433	91109	98552	77365	74914	68106	58726	66465	71917	83805		1381610	1301371	1526207	1455138	1350085	1285931	1202368	1768106	1697607	1340800	
0.7332	0.4096		67646	66332	90531	44644	62977	58933	82607	76691	76288	69041		1492226	1325519	1231110	987410	1086476	1035966	1364372	1275121	1497048	1332267	
0.8695	0.2073		81837	60549	95924	81536	68078	76124	66649	51177	100470	59464		1499106	1269565	1315868	1393487	1340650	1140425	1027924	1100651	1336016	1069558	
0.9424	0.6452		98526	110316	106439	118659	96895	82569	66166	116582	71059	76046		1425845	1548078	1676701	1334544	1338954	1105040	1351831	1498827	1210100	1188512	
0.6799	0.8789		98694	71861	79039	90410	104575	78407	99497	107029	101647	74184		1444987	1324295	1344189	1330180	1459495	1271689	1653562	1754792	1394965	1424560	
0.3714	0.7328		58296	82092	53719	88040	73638	63335	64762	85122	69534	63762		1196736	1476617	1218817	1534483	1320714	1267575	1220449	1398744	1216517	1503405	
0.6046	0.8007		65357	75127	90852	85671	65945	64347	60075	85446	78098	70342		1226884	1244494	1347617	1308349	1175469	1126367	1148159	1357471	1278564	1581433	
0.1203	0.5953		80793	56733	46952	61166	70176	63459	56729	44202	50743	60189		1411418	1491860	1366464	1270865	1396496	1364247	1061022	1250593	1076623	1087518	
0.6219	0.766		96568	88708	89192	94070	70576	67923	88137	60493	60057	80714		1635867	1571120	1489924	1322136	1265836	1255679	1220786	973743	1158310	1335541	
0.3959	0.7357		64446	54591	76729	80291	66937	52884	52032	106650	79252	91826		1120711	1231394	1332683	1262432	1453562	1129005	1138816	1273200	1395187	1555154	
0.1998	0.6763		78088	69062	58641	49447	61242	96261	93330	70937	65289	90945		1250574	1145393	1159600	1121741	1340345	1408334	1265770	1148091	1320711	1541039	
0.3928	0.8034		80946	67908	71121	74187	60352	62935	61516	70371	89423	86851		1223755	1266894	1283343	1242043	1195789	1158915	1214433	1268666	1343831	1545039	
0.625	0.5683		110270	81735	73070	75717	98425	90789	64591	69950	91579	72133		1540328	1427032	1261481	1523743	1495298	1434026	1322419	1545157	1539016	1403679	
0.3102	0.9736		99643	87542	75239	68777	65765	89497	75815	52144	60901	53978		1779742	1260367	1311892	1237024	1618508	1619962	1156808	1017133	1011503	1185152	
0.425	0.055		76333	56615	64837	46446	62629	56399	60107	74327	63524	75703		1471042	1589707	1301687	1523083	1416726	1487898	1394388	1413840	1517660	1431559	
0.2341	0.059		58026	55383	74709	61609	50661	70746	61515	58168	51095	86417		1146483	1270837	1246063	1331599	1305147	1217472	1379371	1456448	1572722	1475261	
0.5915	0.8364		82568	100041	86274	75892	69072	74489	65270	81568	65726	61157		1540417	1445151	1661688	1134420	1031472	1151916	976792	1203768	1315698	1041519	
0.0992	0.2305		50217	71319	49547	64518	58197	52452	67346	42349	55729	59667		1495885	1197321	1514107	1279833	1493916	1190324	1214552	1370926	1273293	1794304	
0.7231	0.8541		103060	77177	89922	104557	91648	71394	63694	70586	86933	79303		1466395	1746303	1454546	1588383	1387105	1134062	1151671	1359916	1490191	1240256	
0.9174	0.8284		93026	76885	76829	84397	98122	74677	96458	106319	99048	74039		1452651	1222713	1354683	1371453	1411405	1382772	1572628	1431460	1294573	1142644	
0.1387	0.4799		53879	54852	57247	61181	48712	51818	60124	57111	56332	60238		1109326	1369297	1365555	1427664	1268734	1154093	1121496	1190792	1512522	1420480	
0.2216	0.1857		52004	50662	75850	44687	42309	53777	50109	77610	55206	53459		1035496	1140985	997349	1107297	1106555	1069864	1166257	1435711	1082491	1341431	
0.8861	0.4731		77125	71742	71165	84070	72868	84018	67669	56482	63828	61224		1298568	1393983	1263476	1677272	1424841	1478294	1175431	1045131	1077372	1202465	
0.2833	0.4536		58006	55687	64967	68262	48951	60477	72927	60807	64506	56936		1138952	1261117	1183152	1059749	1127987	1413501	1424400	1589222	1269993	1362224	
0.2618	0.7665		68799	77514	75115	76936	78768	67838	49955	62065	69796	76121		1308466	1495036	1476231	1192164	1476168	1165050	1430202	1249922	1299424	1477243	
0.6384	0.5286		56731	83434	82735	84332	62614	71778	89387	79852	67193	85555		1126138	1422213	1359015	1368269	1227202	1372893	1322298	1241566	1310132	1241312	
0.4324	0.7864		61072	57194	79410	52755	63085	64886	81239	56283	77035	88484		1344010	1365175	1360294	1166544	1043539	1574463	1065483	1149550	1316892	1575807	
0.9192	0.2611		83130	75776	64211	79208	71683	79729	73937	68875	102333	63066		1460906	1406175	1376272	1515091	1281077	1255202	1346275	1664793	1472276	1352476	
0.492	0.6919		66636	65612	76536	62797	78531	73385	89633	59798	90600	54118		1323837	1474250	1285293	1348817	1552670	1329562	1330044	1258227	1382966	1240755	
0.6734	0.5082		73796	114562	62249	63554	93273	114153	63412	81877	71926	75584		1128017	1288751	1406702	1154439	1313488	1419083	1114802	1320223	1281101	1158133	
0.7984	0.5661		75185	65389	95727	91485	105776	60381	74449	96347	72191	68938		1242134	1503154	1616855	1336175	1165572	1266861	1179193	1230114	1121597	1277631	
0.7392	0.7446		122287	82853	87212	73015	53422	94901	78587	75939	74946	110369		1497459	1449752	1327817	1085390	1256083	1243015	1293340	1334409	1400547	1317193	
0.5813	0.5146		91703	62628	81511	81900	99600	83712	68491	77876	79301	75947		1336235	1187067	1575635	1254271	1513415	1642580	1297886	1378034	1500470	1474964	
0.9317	0.9461		101739	88580	78304	68481	75461	76434	77499	64705	100090	74454		1522415	1409096	1477271	1195766	1192823	1115414	1104126	1157698	1335313	1216950	
0.8895	0.2908		92120	76238	75248	101670	73213	88896	65454	54061	45475	45387		1475466	1239003	1577197	1374319	1420182	1435137	1616927	877745	852322	1249560	
0.5798	0.7948		72541	56414	78223	105211	72631	69644	67353	104855	69690	79437		1309367	1194735	1304555	1277690	1268819	1277542	1287816	1409848	1336330	1412370	
0.4963	0.4401		85100	56387	66181	92561	75534	91085	71210	64354	66747	70856		1499648	1260442	1669052	1647271	1832998	1668772	1374927	1375064	1302358	1447275	
0.3393	0.3126		70684	59028	79167	69792	67905	83278	91365	83075	56827	58329		1089638	1296099	1415694	1598431	1343768	1298535	1512176	1322060	1348289	1518486	
0.2051	0.773		75215	59255	72639	75801	76298	57813	47878	61673	47562	47407		1412045	1299799	1393961	1388351	1340015	1313982	1251770	1236111	1028223	1003039	
0.544	0.2104		69182	102142	53553	92703	63534	56299	79505	64232	64123	74128		1430318	1435545	1405723	1400584	1405162	1237751	1371679	1480735	1382504	1285629	
0.4929	0.5165		60478	71087	67680	89158	72045	77750	63964	107511	71427	73680		1548844	1433033	1275734	1397852	1443420	1291030	1343375	1398294	1592764	1225337	
0.627	0.9182		69739	115183	104054	61476	100232	95108	81341	95093	83649	72763		1242774	1611550	1234116	1257135	1686934	1543343	1379276	1589631	1333475	1372151	
0.3772	0.7466		75742	97813	86732	81912	68927	93767	82772	95452	73307	53623		1524617	1452859	1274136	1241386	1320304	1345566	1412236	1074647	1189580	1203346	
0.1426	0.3165		58052	60153	77029	54347	76803	75057	60694	56789	64658	52696		1519443	1543857	1464263	1267941	1378876	1182323	1226301	1569661	1208191	1274704	
0.4308	0.8158		81584	64833	81248	76581	92416	102582	68254	67294	66089	53512		1427032	1459510	1521976	1567874	1641623	1531474	1219996	1190990	1061418	1228329	
0.6723	0.9665		81256	76142	80180	61432	81385	112790	70094	83724	62803	85630		1293275	1375761	1199496	1182976	1453922	1257959	1470942	1245962	1160747	1434266	
0.1562	0.4994		77765	89978	54595	70653	70049	74810	54895	62752	56144	52740		1322297	1380839	1498854	1599594	1661971	1273672	1158887	1341464	1315952	1216897	
0.4536	0.965		88644	106575	73049	79013	75182	79277	75658	74938	109288	55543		1636470	1695519	1269138	1368224	1509178	1160797	1552708	1347953	1582368	1152185	
0.9684	0.4391		77086	116651	69420	68512	68080	55449	86685	89034	80353	90990		1082177	1420014	1194995	1220471	1192055	1236430	1532485	1716097	1504346	1382830	
0.7081	0.786		126849	76347	88123	73871	85518	82066	92757	110389	83810	143148		1309992	1316555	1460037	1369590	1275282	1244402	1624979	1422984	1673954	1557512	
0.7814	0.5943		68633	60773	89527	75627	58021	64778	72992	93036	77778	95781		1432616	1168691	1319761	1300118	1300413	1565092	1233829	1409692	1342113	1401458	
0.597	0.5015		70780	78170	50631	51504	112022	80638	69944	89976	51804	63905		1179307	1327168	1221011	1163912	1538673	1357698	1437778	1207130	1121977	1262331	
0.6713	0.1012		68082	76567	69081	71519	74255	49570	70241	47590	70718	76700		1531203	1266212	1434285	1101441	1079976	1321540	1121700	1305631	1458821	1439973	
0.0724	0.0909		50754	62507	62806	59846	57281	51091	68466	49620	30360	61580		1364244	1613424	1296623	1291649	1347619	1400100	1292142	1251572	1114070	1237691	
0.3591	0.7686		73276	74160	79096	65061	101134	64271	101756	103597	73772	90668		1474327	1333485	1385593	1190454	1393529	1233515	1540381	1516491	1383076	1614370	
0.6048	0.653		72614	78800	85567	88483	64777	54642	68636	55874	108023	70100		1533010	1210970	1157170	1300384	1195743	1198380	1083915	1363802	1404218	1149891	
0.8284	0.5048		65335	77587	82772	78894	85616	68244	69189	72610	57548	64655		1211067	1375173	1263386	1471939	1515417	1352143	1239035	1046353	1171553	1122493	
0.328	0.6948		64015	50012	60399	90181	99620	90949	72389	90086	52298	64540		1571945	1141685	1173184	1558603	1591905	1387207	1320575	1168680	1136947	1306582	
0.9764	0.192		94175	55130	69410	53714	64740	63415	77667	76410	57509	62135		1411132	1284827	1287159	1097854	1179802	1370472	1230439	1169739	1127090	1393440	
0.7959	0.194		64440	97396	50426	99397	77367	85217	90945	52395	61055	70390		1421923	1430622	1073184	1532642	1523026	1331930	1039945	1127924	1127744	1282170	
0.9092	0.1362		77370	65802	91402	69798	83609	61213	67379	91460	74896	79690		1404557	1398460	1396458	1342969	1188139	1486533	1431298	1433131	1477906	1534608	
0.1737	0.5282		62297	69180	67390	72199	81030	71889	77072	58804	54563	46115		1443253	1495575	1203633	1326740	1444420	1150668	1313329	1045531	1346634	1143516	
0.3835	0.9944		70628	94799	83387	109227	70947	78168	109319	64297	89400	66436		1221981	1401782	1278523	1652469	1365378	1482401	1661267	1288970	1540165	1412201	
0.8207	0.764		105113	80926	66092	100353	85730	66701	71939	72484	60578	61564		1501306	1241142	1134990	1415195	1121626	1275619	1413620	1189104	1328343	1320216	
0.2171	0.1837		59874	76359	54048	53993	70744	45752	54228	56576	56128	73831		1250706	1574668	1335320	1239510	1208796	1079004	1127704	1495060	1205878	1612906	
0.6631	0.4819		63736	67429	84339	61928	104496	97405	77593	62945	85439	67278		1445122	1252467	1289664	1480215	1691690	1442142	1477471	1132094	1326436	1221752	
0.7496	0.1785		66963	58106	68864	77485	59485	77743	81504	62303	63234	67923		1394486	1266257	1315662	1319004	1228992	1391337	1390706	1403961	1276793	1362491	
0.5584	0.7425		93643	78324	91237	60660	108528	70300	84126	63360	56551	86287		1623238	1291067	1362185	1494909	1525180	1564601	1448638	1180391	1587014	1417359	
0.6483	0.606		76223	73511	85158	74342	83954	69074	59014	66773	70645	73765		1520566	1209216	1258645	1477217	1216721	1354789	1186325	1383851	1375131	1245732	
0.923	0.1523		86955	72464	64106	75730	61029	57352	95380	98782	71827	68894		1590249	1270165	1400502	1338665	1000969	1088072	1465370	1304980	1257423	1146633	
0.0928	0.986		82228	59267	54525	59046	69028	72900	65189	94173	66627	76710		1664299	1245333	1334126	1516867	1514715	1399773	1312703	1461177	1513220	1285424	
0.862	0.5081		67156	79053	95950	106569	81540	69241	54669	88967	58530	72935		1202025	1743508	1609774	1491120	1235963	1057010	1125889	1388146	1178989	1539837	
0.1439	0.8482		73837	87691	76398	79949	71113	49894	55233	48263	84891	49539		1346406	1325066	1426200	1315096	1360351	1241444	1048410	1077238	1223851	1287700	
0.7658	0.3604		67027	98479	65739	66192	82007	60613	64116	53687	89506	95823		1565927	1387980	1222304	1258447	1264252	1173571	1311605	1169983	1511425	1370874	
0.2747	0.8446		68264	77527	78844	63849	74107	89402	73338	78328	67548	84394		1503470	1523875	1293930	1469797	1517542	1535975	1387322	1304441	1475239	1358991	
0.5367	0.5434		70155	73068	64283	82014	78316	60315	53108	82111	78167	49745		1433936	1241767	1625489	1303992	1344476	1091539	1144346	1195887	1462824	978752	
0.6568	0.4781		71573	53207	74103	65180	81474	67909	56308	73478	56165	72116		1222828	1243744	1319157	1605935	1555901	1485958	1223869	1255352	1259930	1584690	
0.1154	0.5295		48362	63781	69867	64611	57623	68535	53201	66851	60406	69973		1369801	1634979	1520896	1324658	1165024	1194532	1242674	1383507	1168781	1032831	
0.4397	0.1655		65505	56798	67379	57601	94656	55370	53812	48940	47654	54758		1399305	1313023	1473625	1419783	1391756	1388234	1241793	1100031	1117105	1276979	
0.2136	0.7309		56574	77079	76601	60752	60390	56930	69029	47959	79052	75038		1303756	1524088	1433750	1418109	1437975	1209863	1208213	1615433	1437419	1583256	
0.752	0.6946		86738	93343	89917	79382	73377	60105	84136	122594	84491	81841		1478506	1611221	1663013	1325482	1231319	1200860	1320151	1424744	1350087	1176272	
0.8472	0.2415		72829	68688	76839	71404	66936	57590	85748	80437	61080	79880		1273627	1247807	1268328	1162716	1184397	1193018	1248251	1335794	1287273	1470550	
0.3808	0.6287		67325	60776	66576	66887	96843	90489	83878	67690	72518	96075		1358085	1324351	1249092	1506014	1732433	1416240	1365501	1213556	1412804	1225642	
0.9911	0.9562		77498	83141	90326	80075	90560	74738	108854	89380	76615	77790		1069401	1467431	1611706	1561291	1564840	1265413	1352472	1274632	1193739	1196231	
0.1588	0.7255		59174	91600	56402	71488	60083	56144	77137	67540	59297	56099		1385137	1528545	1248037	1262655	1524777	1465569	1597285	1576302	1478352	1602509	
0.84	0.3401		72830	85003	72890	63469	80532	81548	72705	124148	95919	100794		1489677	1497497	1404194	1280797	1552572	1272520	1399063	1548182	1389712	1296092	
0.7708	0.8274		113166	70736	103070	89223	80916	83736	74904	67859	104416	88294		1556442	1275055	1155249	1129271	1202218	1194901	1112413	1043311	1259824	1062451	
0.7841	0.1042		91383	82495	74822	74853	67744	56357	66158	69747	61923	61121		1279067	1352044	1281123	1323251	1320644	1140224	1185088	1402718	1147916	1203802	
0.7097	0.2057		64102	69250	67102	90401	64728	99243	71230	74585	75658	59766		1392660	1541946	1149297	1653134	1264659	1475715	1342787	1413151	1307007	1286052	
0.6506	0.1062		57958	86256	60687	63492	68817	68657	73602	67630	55289	63103		1281177	1575293	1592812	1302187	1472092	1495496	1361764	1443358	1344419	1294674	
0.4788	0.8567		72016	71092	95369	92475	61281	59773	76722	80854	65362	58567		1577240	1681666	1777887	1465722	1391584	2123741	1804683	1332900	1290884	1216920	
0.4806	0.4985		50517	58106	66354	73327	82519	75551	72039	63069	71601	59036		1167713	1234396	1073208	1399934	1354797	1484687	1242206	1535358	1256426	1083886	
0.9351	0.0983		52312	115701	75191	89960	82320	66842	58843	68469	59607	95256		1206588	1499616	1688419	1265720	1378868	1352223	1295096	1233375	1413657	1583091	
0.8543	0.8157		102719	90555	78804	88675	68174	70892	61634	95092	79982	85638		1472420	1456633	1401686	1134484	1353862	1398705	1123299	1318473	1451329	1476749	
0.3547	0.1222		52150	69998	55256	46277	57842	60879	66524	102571	66356	52770		1493542	1290779	1334910	1356872	1438012	1319648	1535446	1295381	1208600	1156876	
0.0656	0.1991		53487	65084	52458	60898	48764	49106	51739	55999	50947	63432		1275956	1684133	1612883	1270980	1178455	1191275	1190927	1221781	1265591	1244931	
0.316	0.2201		53481	76649	45597	82361	60625	57190	67735	72666	75150	59396		1172071	1394862	1103494	1258107	1424086	1260974	1216995	1262713	1473582	1421649	
0.2741	0.2946		53824	72874	54705	47779	73787	64057	57470	88948	64426	55543		1537018	1606509	1344853	1181874	1391519	1573047	1351979	1641589	1333498	1218923	
0.7485	0.2831		67664	106175	76167	63330	69232	64879	72042	100217	66009	79157		1474842	1467066	1224051	1130328	1187999	1114865	1343354	1430963	1260648	1304692	
0.8991	0.3289		65860	69792	64467	64044	97088	74503	101351	92999	78558	72516		1138244	1174987	1390096	1157400	1358632	1436241	1374279	1244206	1187492	1144698	
0.9402	0.1431		69266	73394	81508	76426	72859	70830	61709	60642	78224	68158		1226316	1404492	1520685	1274228	1459004	1242738	1280378	1236673	1311374	1432655	
0.6276	0.9391		58574	102749	83973	67715	111631	103200	108921	93512	112573	75038		1308221	1574244	1635800	1398479	1632870	1481852	1560992	1625929	1477672	1277209	
0.42	0.4103		69849	59253	65808	83938	77708	56622	60032	69173	48558	52350		1450562	1302531	1596521	1245410	1259234	1349624	1393861	1428040	1253522	1366435	
0.561	0.0532		55176	38542	79360	69481	71777	66718	62661	77318	53416	65033		1229443	1311934	1313053	1603656	1717187	1424359	1559481	1357889	1574969	1441836	
0.5073	0.6864		65762	88788	53393	89449	85089	82252	86709	103683	74938	62966		1463971	1445883	1094162	1435513	1484350	1337303	1682884	1518709	1249737	1091987	
0.7567	0.4665		103764	67016	71430	92154	86258	77796	80298	54447	57545	88958		1624066	1540152	1579848	1407205	1390294	1334478	1376821	1023823	1222842	1266602	
0.3996	0.3588		64740	64758	66636	63117	58029	80737	68684	72189	59229	56055		1361695	1279071	1234352	1126497	1268807	1374017	1192113	1299337	1530012	1335220	
0.5462	0.084		37845	56846	67507	62272	78904	54078	59788	62613	64745	48013		904910	1235340	1334265	1244411	1471021	1361581	1378140	1170148	1461441	1157400	
0.3311	0.6517		51737	64815	71279	96920	94389	70825	90898	86322	79067	68447		1021602	1324198	1426441	1545083	1345104	1169722	1533899	1320995	1483483	1240501	
0.3101	0.5447		55525	70232	84899	74295	64718	76608	71399	71714	73441	74993		1306897	1448819	1368160	1337983	1275829	1195519	1203712	1543001	1584487	1544606	
0.3082	0.6198		66003	59387	53724	60488	63972	67245	56196	60889	66704	70089		1426924	1335470	1282276	1632234	1407390	1464063	1456209	1421896	1399228	1437874	
0.1069	0.5978		53534	65260	52705	80170	53025	53538	62633	52076	45860	76153		1493211	1744521	1403208	1597414	1224195	1270606	1536093	1237930	1537824	1292330	
0.1997	0.8497		69526	61345	74281	66428	67880	77942	62944	61308	71296	64812		1517677	1325357	1256475	1465591	1362040	1604249	1246050	1299618	1392564	1428669	
0.0676	0.4448		73248	51286	57987	61591	70765	65138	51184	42854	55548	81718		1586652	1216558	1391187	1310590	1572527	1435365	1209987	1277697	1079755	1371785	
0.5758	0.4723		72082	108156	81575	80228	84798	62679	73798	67842	59869	95840		1317328	1566831	1440706	1285498	1396090	1271878	1486568	1325103	1384336	1607144	
0.7541	0.8533		111788	74361	89219	90029	66600	87419	81458	62035	100618	83882		1538585	1344283	1302389	1209744	1607174	1203954	1172329	1196972	1302515	1346062	
0.8558	0.5574		90898	79951	71148	69874	70584	88979	92462	59229	82379	70632		1138936	1193793	1234795	1343326	1056778	1282454	1413554	1200720	1132417	1235255	
0.5687	0.6331		72848	69613	63159	70396	88746	64930	62617	98047	78101	92952		1369416	1339957	1150143	1489168	1303036	1210134	1180593	1596337	1430656	1200289	
0.7433	0.6293		70408	66686	109208	75627	75003	99970	91282	95973	70272	77243		1131191	1323094	1324677	1352907	1139694	1477697	1214678	1560865	1415698	1165402	
0.1025	0.7652		67600	44067	61211	57239	71346	43750	64320	69734	63865	47731		1034635	1219497	1221383	1273113	1201300	1167177	1454762	1722442	1393516	1173925	
0.2417	0.4553		55779	62401	55755	81898	49964	37410	60672	73133	79245	61823		1223587	1226871	1276686	1183522	1096785	1134303	1076472	1219753	1273515	1229189	
0.4909	0.262		60113	83085	74356	87439	67470	46804	56694	81048	81400	62856		1414110	1506769	1331300	1406187	1619713	1172165	1314623	1226984	1675960	1259028	
0.6451	0.2373		88868	79478	63393	57584	64234	63958	72490	55867	62491	64116		1558214	1615791	1155054	1491213	1542730	1447647	1129499	1190487	1396782	1340046	
0.4411	0.3131		94101	65166	65407	64158	54639	85301	91730	81839	65222	85239		1399686	1209788	1126390	1125928	1355075	1358087	1267938	1231141	1290972	1422562	
0.8459	0.1063		59871	49186	49705	81470	93807	83143	68181	67992	69028	71654		1346769	998334	1138368	1404173	1665706	1473348	1263265	1295967	1472214	1682381	
0.3007	0.3039		49986	54458	65530	65105	75972	72688	85121	72795	66441	95304		1137850	1484489	1245930	1306943	1460104	1474906	1639441	1239086	1379257	1504774	
0.9316	0.9587		116744	78247	73304	94136	109237	86374	120231	101272	117573	109154		1524159	1355639	1191493	1529302	1408363	1212030	1330987	1307892	1422129	1260575	
0.5828	0.8996		81070	71450	54913	81773	89225	80963	95683	57645	69263	70911		1511658	1344118	1421875	1476314	1518376	1544557	1306692	1167958	1221156	1513785	
0.3293	0.1766		68531	82266	71162	45746	70464	74948	88547	65061	62142	84331		1602848	1398507	1496397	1425507	1554454	1183319	1599832	1232813	1407492	1555600	
0.8605	0.9817		77446	89828	106669	104286	85180	82581	110638	80117	99141	83262		1190416	1229615	1242065	1232595	1185005	1132786	1179368	1185202	1285036	1230257	
0.1057	0.8058		63389	52654	70296	83779	58810	59353	70286	80521	72147	71920		1154747	1143451	1253770	1538643	1291327	1398804	1453214	1219716	1559495	1356130	
0.6453	0.9077		59792	59558	93279	93053	70534	85393	64493	78612	78445	113776		1189268	1281233	1315989	1242300	1184541	1247302	1328805	1256218	1196771	1522052	
0.9655	0.6614		78171	85045	75363	74882	96169	85620	83528	81318	75922	102551		1448025	1299243	1213129	1218223	1248001	1413173	1194136	1220996	1266193	1366730	
0.7935	0.4327		91220	104534	62749	110178	76586	90930	71427	79227	84624	71218		1336714	1283485	1303844	1425012	1518387	1409757	1215709	1462744	1151608	1205082	
0.0831	0.6449		60869	54919	59457	55618	44373	76184	72799	67471	78285	70166		1269769	1229795	1454007	1148133	1135007	1402118	1525767	1529742	1408587	1421989	
0.1928	0.4596		44640	57544	40961	62383	57575	82838	65595	61928	53255	56965		999969	1286271	1213259	1475254	1156337	1379642	1314672	1271749	1224265	1331714	
0.558	0.2541		66347	80648	79885	71402	67636	88693	58334	75261	53133	109513		1499297	1418854	1493487	1404981	1434008	1435838	1476822	1360896	1107415	1589271	
0.466	0.8503		66275	94661	56881	65813	63599	67244	69784	66650	106957	104638		1249075	1086674	1205682	1168091	1396832	1366563	1227163	1646477	2038869	1746368	
0.4567	0.2263		49530	61066	76943	59890	72477	47317	61559	63777	71136	57838		1294893	1276703	1501930	1235376	1402476	1217879	1460595	1457643	1660098	1158470	
0.9465	0.1817		80158	70153	82629	93907	73614	61144	60718	61368	91464	63098		1269442	1457755	1480546	1143830	1124098	1275596	1027651	1365157	1475513	1141477	
0.553	0.6282		87391	57763	61190	63998	99571	76246	68993	67906	74520	74494		1312704	1149556	1243769	1376119	1703985	1392282	1318210	1453563	1498316	1333466	
0.7392	0.804		76075	92027	81480	64858	104038	76335	64914	61071	63766	68884		1180824	1507554	1277093	1334636	1479447	1229642	1099217	1010505	942363	1231872	
0.2212	0.8004		64278	63097	54250	64387	60221	76658	91123	70604	50227	60909		1445585	1439801	1240663	1395763	1488584	1455186	1317260	1361613	1242646	1174262	
0.1436	0.619		60123	63782	53481	54171	54753	61473	51059	45347	44165	68125		1215832	1355571	1227083	1308624	1219664	1092854	1186291	1048871	1239741	1639861	
0.7665	0.8304		81924	90549	100701	90209	71071	71125	108191	80144	93029	81093		1567926	1532032	1323442	1246209	1276025	1138063	1588979	1402960	1321609	1435380	
0.1648	0.0692		55090	48070	63578	84045	62696	40762	50149	64948	54139	69382		1560364	1259531	1305435	1428607	1185062	1155246	1248866	1451891	1391698	1347164	
0.4554	0.5543		74959	121616	64937	69007	60629	68744	60496	58674	99457	79621		1345932	1351194	1189662	1297993	1439880	1397877	1278761	1348651	1378398	1337930	
0.141	0.6772		57282	82849	65015	73753	76235	70332	78990	74513	69665	55641		1265566	1247596	1343457	1571296	1488113	1239467	1478716	1333202	1197639	1192401	
0.9623	0.2904		73065	65227	99613	87834	86834	83987	77859	71122	76053	60685		1306949	1519985	1455527	1108759	1412786	1395717	1351579	1401681	1406662	1162418	
0.9908	0.3436		73707	96465	58222	69461	107099	67935	70029	58643	58107	92893		1628415	1520555	1036091	1157582	1301746	1147744	1187649	1016139	1015267	1194179	
0.3626	0.615		78830	85410	63478	61993	70959	62171	72229	78015	86859	61555		1519046	1450502	1592417	1319722	1277860	1332519	1433732	1611868	1507677	1466925	
0.3991	0.0661		63736	54321	53882	52006	55704	55937	57985	39894	75965	71240		1300778	1166255	1139395	1106798	1136641	1159603	1113955	998084	1228687	1440573	
0.4105	0.3708		48231	50562	69626	69305	55984	48386	71388	56119	56075	46582		986823	1266028	1481662	1087812	1252016	1376377	1090856	1084594	1437751	1348380	
0.2015	0.4748		63764	89509	91860	70335	58156	72239	47081	72595	83835	65204		1277218	1663936	1393212	1391482	1182449	1409375	1217736	1247073	1269940	1351537	
0.8601	0.948		107410	86254	73577	82627	76075	120448	84866	71550	82399	74017		1513503	1208443	1230797	1194485	1296767	1643518	1316635	1254452	1490520	1347539	
0.5543	0.6646		70405	62540	62227	75875	72676	90713	109741	103499	68714	60256		1307265	1165421	1585649	1215919	1333833	1244922	1278876	1522949	1333619	1294480	
0.8076	0.6687		69010	112281	122069	83299	98441	70788	69089	84471	71821	78200		1267302	1361840	1524794	1425119	1259037	1212067	1334365	1163689	1203358	1348433	
0.8397	0.9827		84967	108033	82854	63744	98770	90953	110083	115037	101999	83946		1327798	1481553	1283935	1171082	1440076	1262591	1544784	1507050	1243692	1258480	
0.8272	0.201		67223	68312	81616	63283	83276	102181	68102	78680	59523	79985		1252490	1304961	1494626	1233040	1479789	1290919	1210655	1376351	1328759	1451848	
0.4427	0.336		60555	60963	59445	48833	48759	65918	62808	66819	67595	58297		1218372	1221468	1131046	1112960	1183697	1342589	1424520	1230470	1258171	1458638	
0.4798	0.0553		72214	63456	61149	70048	89848	59020	62989	57879	61981	64511		1445964	1531532	1365741	1567041	1632970	1373293	1227431	1216564	1568806	1225942	
0.0891	0.8925		65842	59617	55002	82112	57140	59545	64223	90400	60162	71619		1189380	1341030	1316510	1450779	1277556	1484207	1416882	1361339	1263304	1356687	
0.9978	0.1325		96061	119080	82369	80724	74773	67557	56416	64081	75301	75990		1352129	1447525	1518295	1401031	1387603	1306954	1348836	1317928	1239748	1354244	
0.6862	0.5472		71852	71109	102740	91455	93538	85775	67435	82339	79068	102307		1390994	1547639	1563408	1398343	1675604	1293160	1344448	1558905	1701550	1755099	
0.3219	0.8675		94640	102289	114977	88870	55177	77680	81064	78017	86237	75354		1625868	1651781	1590206	1267221	1123433	1394831	1326609	1430760	1528246	1675083	
0.5294	0.0674		65242	80041	56449	53843	63515	77979	77795	61848	58124	57374		1704219	1306385	1169524	1217125	1303974	1388704	1449789	1450209	1306056	1220320	
0.7941	0.5435		64251	100684	95960	74752	59764	75681	78322	85576	90689	81400		1397733	1402057	1478182	1183508	1031937	1109127	1467491	1145895	1128394	1101854	
0.3591	0.1981		47428	62514	45844	62809	52191	66890	53012	62200	89825	65604		1184284	1499549	1262769	1276309	1355282	1254768	1336988	1090661	1645257	1511923	
0.4367	0.8401		98247	72030	89383	78182	66443	89041	81709	81427	69119	66100		1409370	1380741	1665816	1469321	1290091	1774532	1281747	1203108	1311512	1603843	
0.8849	0.9317		98836	103785	77463	106182	82437	92985	83731	88300	82241	122713		1541810	1459252	1221572	1312992	1471085	1178029	1380677	1353638	1249899	1437922	
0.5451	0.6		71583	74428	62051	61927	60079	60909	54792	65146	72022	70373		1516694	1443088	1266608	1132223	1562856	1225274	1216727	1509400	1320635	1259785	
0.5585	0.6565		74548	66574	57501	68660	80228	74917	62888	56345	67899	89788		1458494	1220523	1174007	1648293	1727875	1606884	1169255	1259984	1333440	1583058	
0.4557	0.7076		93417	93921	73732	60129	85395	59188	94318	66777	52452	67908		1218969	1463353	1268388	1079629	1456014	1398144	1262686	1175466	1100746	1253055	
0.9844	0.1711		73523	117077	86166	72733	68638	67927	67973	70520	88500	66274		1309248	1442459	1444321	1151599	1178950	1277601	1209133	1225520	1449093	1227492	
0.1497	0.5226		57746	83797	76891	61620	88656	52907	43685	59296	46785	58977		1624008	1348064	1275421	1433122	1352533	1211155	1096639	1214685	1134164	1282830	
0.6644	0.8265		83278	100210	62876	104404	97648	70124	80073	59409	69409	81801		1384133	1398469	1569164	1409200	1449943	1191762	1181090	1460939	1280121	1383975	
0.7934	0.5531		89929	73961	97513	76093	76177	84127	76008	88493	103698	90447		1714644	1265705	1422416	1253819	1320848	1197823	1367761	1466491	1442584	1384344	
0.813	0.8607		78107	75071	73614	80451	72671	101964	73660	97162	64820	80195		1306321	1149506	1263116	1456375	1321377	1309078	1220789	1345941	1184001	1185714	
0.8513	0.0727		79783	87057	71037	69679	98522	69089	83269	93638	80267	71897		1288234	1417048	1309156	1538897	1439597	1241072	1434144	1319792	1429858	1371717	
0.8482	0.6473		74271	90685	101624	90941	103034	71633	104847	111396	88286	111972		1169682	1284274	1278992	1315516	1373328	1229756	1463619	1569376	1280518	1461002	
0.3902	0.5962		60394	73412	64427	63390	59233	64926	59246	53179	90849	63216		1279177	1279280	1295409	1249654	1327594	1299835	1129011	1272087	1362006	1545770	
0.5149	0.9051		87978	68939	56379	83720	74514	90978	80616	64336	74050	93643		1323656	1194916	1256940	1477492	1528562	1645239	1246713	1271785	1600845	1344129	
0.1065	0.5935		61750	77536	61322	53736	76852	88277	45596	70298	61510	38439		1291741	1664690	1535746	1316502	1405184	1242242	1266143	1266368	1199891	1122590	
0.4695	0.2839		56010	81009	68088	80653	65720	51245	64793	91139	60888	71079		1510343	1349909	1174048	1439868	1240220	1307526	1659306	1324513	1192995	1286715	
0.5921	0.5903		64361	64664	112608	81272	77450	62506	56947	107897	64962	70757		1164146	1264825	1218082	1300541	1464018	1211697	1157861	1531526	1384547	1387343	
0.7029	0.5187		103782	69846	103603	104717	79555	63480	82309	86435	113174	72731		1580566	1335386	1481669	1490676	1371310	1285871	1196764	1523944	1481064	1260757	
0.6135	0.9527		74318	87649	86772	78259	92355	81003	93127	67729	87415	70243		1488265	1334661	1407686	1277015	1417033	1594352	1287116	1384023	1395311	1214226	
0.4322	0.2758		75187	56720	62960	46760	66956	58681	56752	62839	76942	52066		1289665	1102664	1147134	1007351	1318581	1165719	1201843	1167242	1243047	1178196	
0.7443	0.1635		53774	69668	81588	61955	58694	60039	79187	50562	52858	59006		1344256	1223464	1326351	1291058	1245082	1268422	1551364	1400496	1172074	1298645	
0.1086	0.4234		66850	111551	69775	61215	46855	57732	59765	52481	60636	62913		1319753	1322083	1200019	1190417	1278178	1191322	1201110	1404489	1306139	1335786	
0.1261	0.2793		80025	64822	50568	72045	64638	63911	74397	54235	63038	52969		1367858	1407976	1326737	1436725	1204090	1407741	1523668	1216351	1380616	1107938	
0.7178	0.1456		86877	74369	73364	89086	70537	64719	68728	60544	68906	49738		1432007	1271009	1332477	1567856	1261751	1178188	1228387	1263473	1384871	1173873	
0.5928	0.4799		83800	69945	86228	71309	82860	60608	70887	79425	54009	76604		1614174	1419845	1684212	1699142	1369729	1341950	1299835	1255560	1126039	1227103	
0.5825	0.5259		88439	77329	92108	88781	69380	77219	71793	67821	65560	77158		1154921	1452984	1655922	1627740	1297845	1307825	1337453	1182241	1349925	1206193	
0.6852	0.5873		65394	70319	56881	80765	97381	78375	74060	65385	96234	76514		1199032	1101468	1340181	1342193	1385388	1208187	1317980	1384980	1410225	1346074	
0.818	0.2314		82980	87300	63018	71194	90509	80691	65688	52576	71039	69943		1529576	1406299	1379753	1216785	1323241	1404650	1264144	1261380	1079378	1201694	
0.9837	0.3691		64595	88331	70832	66452	74259	67109	69137	80494	54967	66520		1462652	1282045	1472576	1166079	1162284	1376385	1198282	1038390	918529	1399201	
0.7268	0.815		80894	78878	68916	76135	79444	91333	88491	104251	91943	94241		1167807	1161363	1110730	1194403	1255026	1341565	1471569	1497218	1335913	1384224	
0.2969	0.9522		62208	76877	110455	68438	52295	100263	53481	68582	74445	58869		1356712	1451871	1595586	1367404	1223328	1189732	1021755	1220013	1169244	1445061	
0.8661	0.7176		61136	78687	113723	85776	109275	88816	72905	94036	104099	105846		1317339	1612558	1514345	1262100	1573785	1427775	1190636	1555829	1426666	1450035	
0.063	0.2685		71987	85367	53305	41434	74094	61297	57406	58215	63592	50229		1350167	1280234	1164734	1243199	1616687	1391025	1113431	1412544	1519880	1459120	
0.1506	0.2199		69919	55152	58130	71446	48133	72686	53476	57049	55541	51456		1353961	1258151	1329310	1291534	1186469	1415814	1076226	1127847	1333428	1152171	
0.3418	0.2161		47193	61528	61555	90638	69740	59216	67617	62486	87678	74877		1072980	1184703	1381575	1478454	1373530	1239945	1647188	1341713	1331641	1435256	
0.6215	0.8487		78777	111061	94339	93960	77334	100747	68452	59029	79356	91672		1336923	1565908	1352626	1642832	1269440	1425856	1296965	1123085	1328602	1157404	
0.4977	0.849		86132	86599	76917	90506	70861	62358	110449	88101	106637	92353		1424907	1629351	1341143	1154200	1342169	1220745	1349879	1302365	1575323	1388035	
0.2686	0.9619		98002	51395	72652	64693	55558	51796	74698	81336	76309	93645		1705002	1182623	1133826	1332766	1214270	993990	1655036	1491643	1239685	1188486	
0.8691	0.0685		61535	57338	93534	60841	60968	78023	77127	64292	58908	91853		1301239	1200159	1365214	1192913	1204074	1182318	1490230	1241801	1171453	1415802	
0.2657	0.4919		63819	68003	75276	56543	91032	66360	46875	69148	59263	80659		1291458	1209159	1222204	1449333	1451839	1280889	1455959	1415299	1316640	1381711	
0.3092	0.657		62516	94131	62094	79199	67818	86240	62760	62187	61260	58604		1232446	1539037	1362970	1199417	1241891	1154807	1125947	1113924	1096280	1213217	
0.8536	0.5359		72990	66118	86231	77743	94357	98931	91315	106578	83409	91020		1367794	1259346	1313797	1460086	1389649	1663787	1609174	1679155	1555196	1732477	
0.4892	0.1601		43617	74577	77638	77564	71768	53653	69527	55006	61797	87187		1146024	1503951	1573671	1406153	1291120	1269130	1347454	1042502	1674599	1567859	
0.5389	0.6424		87406	71463	86487	93717	83039	66680	55050	52261	78116	76002		1407411	1397334	1353538	1231892	1355609	1350449	1218815	1396767	1637612	1641004	
0.2052	0.2854		92452	51803	61989	60399	61255	51922	65213	61021	60550	54601		1393855	1196453	1129336	1159257	1147582	1173911	1283060	1158910	1117837	1134724	
0.8805	0.2933		68672	84194	77176	73797	81785	73854	69045	95559	66939	89783		1428381	1626157	1425431	1471818	1392350	1298274	1323122	1322168	1345493	1270250	
0.2778	0.4908		56815	75520	62977	92653	63417	60774	76243	62904	77084	69554		1237259	1340695	1248988	1307451	1322589	1440912	1177807	1345050	1251261	1205735	
0.9727	0.6974		64404	72008	94280	106858	86922	83841	73523	95278	110267	100907		1077330	961513	1481702	1339071	1297837	1480534	1195892	1263376	1392768	1292471	
0.6457	0.8298		111024	97269	71811	90394	103820	97578	83710	59308	72338	95193		1257154	1587088	1263816	1490177	1366534	1389051	1147614	1151488	1289334	1495130	
0.8682	0.45		102763	80448	72317	104610	53959	72387	74239	78341	73252	68567		1682842	1359956	1355432	1176102	1233344	1308675	1152120	1358910	1488974	1136193	
0.1234	0.1387		31970	40570	49192	57633	43239	81030	73841	59261	48084	68485		1242230	1070975	1537162	1235293	1315973	1595254	1439296	1417414	1579799	1436313	
0.5923	0.8762		85863	67312	58408	93911	80795	74630	60737	78477	69738	76766		1180143	1261520	1320892	1202082	1255964	1250322	1236954	1245270	1154285	1244813	
0.2691	0.7807		81929	62191	86362	81176	52258	61075	59925	71041	77456	55596		1440893	1372017	1682881	1374736	1278447	1357121	1306176	1604330	1402339	1093163	
0.2822	0.3222		70860	53858	54188	58048	71205	47783	63712	94963	71485	45809		1456142	1226513	1531439	1250923	1285832	1298209	1675607	1710681	1143714	1287423	
0.8251	0.8239		86957	63361	104214	113789	95296	81637	94810	76044	75501	128245		1235364	1208653	1427873	1473816	1580565	1251983	1494573	1044736	1230179	1760968	
0.2988	0.0909		59648	54497	60775	61216	69228	59346	65509	68248	66237	55159		1263402	1402944	1280436	1217736	1218921	1367839	1352013	1292572	1270493	1310176	
0.4627	0.1536		64568	80733	58405	65649	72609	73663	48014	72400	63664	57113		1456578	1621215	1615481	1466091	1356977	1562017	1391274	1345820	1317061	1231823	
0.0802	0.1137		62218	94621	57639	41681	47273	56907	59546	53531	52701	73655		1361365	1434575	1147066	1379713	1269180	1416151	1570642	1316385	1388141	1328587	
0.9656	0.8265		103373	93559	88411	97776	118114	78597	64707	77424	87622	91907		1648734	1407390	1254168	1774193	1322886	1082613	1108361	1581124	1494420	1223778	
0.4435	0.1331		68179	59436	59175	76804	57091	61410	68330	87281	55190	45252		1497176	1572650	1494327	1366709	1308000	1252844	1727823	1350289	1059883	1166788	
0.8247	0.7589		62886	93361	99096	76436	77474	101270	119906	90760	86587	98518		1298198	1344001	1637850	1378740	1463556	1280592	1604312	1500399	1471946	1565764	
0.082	0.5041		53970	59188	54861	53099	64365	42652	50883	55643	51681	72347		1245102	1303522	1258004	1051658	1192284	1159594	1384794	1279747	1410543	1499886	
0.0652	0.7728		68483	87370	66027	80413	55518	73637	71044	57568	47808	57282		1482132	1514405	1250445	1331187	1159493	1375005	1345743	1127963	1264568	1163971	
0.6603	0.4321		88102	63621	80442	81784	71349	76766	99623	82685	90733	78840		1157604	1239582	1090934	1288754	1305054	1393306	1327351	1273855	1247866	1393422	
0.2704	0.9138		89254	66770	79570	67094	79669	88230	61988	79559	81731	68752		1653604	1386754	1438971	1462948	1331775	1462188	1425836	1335999	1347282	1364307	
0.5654	0.0897		55678	81048	79100	56765	92520	49128	60898	62025	62488	77019		1591859	1496094	1292992	1647244	1529397	1116791	1234282	1498117	1553883	1308547	
0.3225	0.2742		72725	75760	62979	70910	60748	58755	53742	71794	72802	67622		1469621	1324687	1326525	1235877	1407221	1220616	1503448	1253220	1486597	1163025	
0.5546	0.3443		64613	50781	94686	81686	48584	58621	61005	50304	55890	63031		1286797	1406207	1607207	1524538	1154178	1426567	1174438	1034745	1072382	1351075	
0.4408	0.1179		73579	70473	90532	52821	55672	52430	62732	88859	74683	90290		1156887	1543214	1480259	1158102	1218484	1128701	1468829	1508685	1372983	1411562	
0.0809	0.9828		66884	86370	66246	78133	59679	65488	72713	80899	71314	96242		1477590	1594131	1534854	1266563	1284792	1316956	1597714	1474568	1335182	1282539	
0.9044	0.5486		81654	85550	76335	72284	87235	73482	59905	70520	70397	89918		1266556	1285386	1171602	1317954	1503620	1493851	1176415	1273417	1301368	1282213	
0.4723	0.3323		93520	87994	61854	61115	78069	63864	60671	72478	74415	93195		1666239	1267693	1202499	1058932	1239584	1206156	1209218	1532331	1439158	1374959	
0.8514	0.6172		70641	69771	111127	67543	72748	92854	86855	81346	82788	104897		1359168	1160421	1545413	1196987	1267824	1574726	1321652	1275920	1471841	1453799	
