14	15	
0.6287	0.1494		64610	74820	68803	59735	57180	67607	48211	70173	58347	70133		1533076	1530509	1369030	1388400	1339147	1745137	1258934	1423836	1387569	1395416	
0.3597	0.2654		46519	42540	45295	43445	59075	50867	38047	57520	50603	40621		1434165	1179019	1314522	1338167	1212980	1332560	1017751	1349641	1056406	1110653	
0.4037	0.284		44332	45527	60718	42779	59115	64450	59516	39492	44616	45477		1290031	1308338	1466986	1229933	1517916	1381132	1431512	1283545	1117407	1366898	
0.8482	0.2629		62995	61180	54239	75406	64813	53607	51804	63490	45639	55748		1410058	1410203	1372097	1722283	1405343	1334753	1378350	1281074	1222992	1227886	
0.3819	0.9482		52655	51386	50656	60183	57147	63332	81546	50596	57682	64921		1423223	1384706	1276589	1608933	1584681	1509267	1679538	1318437	1343222	1639462	
0.5222	0.5664		53016	64922	81218	59303	52709	72733	54377	73352	52655	53911		1236324	1370966	1384147	1312603	1243600	1474567	1294589	1607957	1207898	1290396	
0.802	0.7341		79119	78974	71062	96145	81947	55877	78831	73375	73508	60058		1463915	1693551	1449923	1538380	1588419	1203219	1436459	1551093	1572320	1125148	
0.7953	0.2536		46957	44742	54693	46667	46188	65700	54828	57343	56894	52404		1025715	981458	1197574	1006778	979827	1043558	1150074	1184003	1103440	1108094	
0.0953	0.2241		42767	32938	33310	35917	39487	40730	36548	37042	40118	38764		1375815	1116685	1104778	1258597	1326663	1257394	1305730	1217071	1300129	1526727	
0.1698	0.0847		37333	41491	42373	39139	55522	45900	52119	37043	41055	47094		1380227	1159570	1192722	1239160	1418953	1287729	1368384	1273277	1237622	1376987	
0.2955	0.2867		58598	58737	58186	56644	56998	41306	57829	41177	56111	56512		1538640	1500307	1391326	1532881	1382852	1331947	1508098	1267466	1461092	1551824	
0.605	0.2944		52556	56572	67743	47068	47192	64857	42663	71282	74625	68883		1284716	1228466	1417724	1042891	1021999	1386707	1039339	1222140	1178890	1294796	
0.3055	0.7289		51542	73129	46896	52297	44640	50004	48942	47920	49252	43808		1537494	1527758	1238763	1403123	1249655	1481114	1396757	1408936	1257656	1328119	
0.439	0.1447		46427	63170	59723	52579	55744	42476	59435	50399	52538	44744		1408861	1487661	1480161	1119281	1337789	1059622	1251768	1298760	1428745	1340800	
0.8356	0.4669		56389	78637	64077	78542	80293	51657	62149	68919	62895	61565		1172825	1489985	1295905	1501560	1499670	1001344	1329540	1212321	1282666	1234657	
0.6505	0.3868		70701	67518	51207	69014	66321	46196	70403	54828	58535	69307		1572642	1252963	1341823	1278628	1529205	1175780	1380629	1378501	1452988	1280951	
0.6707	0.5405		76127	74957	64129	59429	59801	56637	80082	69802	65190	61153		1592699	1593513	1368556	1361463	1467895	1393794	1467570	1315438	1371535	1220347	
0.2777	0.0601		49129	55470	36947	38967	42909	41937	38469	38183	53848	33113		1421068	1234699	1106506	1180439	1319991	1289896	1153749	1475841	1504802	1056795	
0.8177	0.3538		55653	54561	58589	59027	53994	84443	55617	76570	49191	63219		1227905	1151843	1271591	1246264	1272912	1326977	1346595	1611657	1187727	1222618	
0.0808	0.4275		59681	39729	55286	51624	42536	56688	40593	38003	45727	56101		1669306	1338126	1511154	1362384	1447302	1478103	1283597	1321479	1380570	1506619	
0.7266	0.3861		73600	58800	78993	66054	68981	77985	59758	58805	50077	52419		1699277	1343429	1521942	1218614	1373284	1301467	1289106	1298005	1170950	1086457	
0.7172	0.7606		71067	83762	83408	64219	67970	63538	68922	67047	68101	73613		1444836	1475901	1347860	1235523	1179999	1244583	1386382	1195236	1278978	1315868	
0.2724	0.5249		58161	48048	60716	45486	44018	53912	40383	61727	52027	46378		1220212	1270590	1570535	1368453	1187638	1126195	1214969	1353876	1302525	1288396	
0.9405	0.2159		58781	78011	82093	66253	71445	61711	51941	56014	58013	64500		1368134	1447885	1529857	1340088	1365637	1329870	1204881	1303858	1387535	1255074	
0.2637	0.3852		48214	47811	49193	54021	43068	38675	47103	39520	42922	58586		1505077	1530069	1281361	1765903	1191330	1076401	1237987	1219514	1148132	1480835	
0.8828	0.2266		54133	85610	160315	73180	64507	76905	76418	43969	77463	59643		1686585	1405331	2166333	1505240	1389539	1687508	1766446	2340638	1629677	1285272	
0.2423	0.1471		45889	39532	43479	46981	40613	34643	37352	35605	53711	64437		1450212	1252859	1345372	1571843	1217880	1088387	1226983	1161410	1577809	2008843	
0.4049	0.6813		105324	52504	72730	84305	65706	89817	50541	50623	62413	99192		2000551	2029084	2135702	2040048	2276354	2348513	1152771	1168165	2276820	1849542	
0.3796	0.205		56858	45779	60524	46151	54588	60123	45334	43888	42039	42712		1848059	1466263	1390254	1395563	1508589	1456696	1372512	1361564	1289677	1463456	
0.799	0.5957		111154	61326	54275	63582	93302	57535	80063	69416	65658	69539		1574879	1213972	1086098	1360759	1481064	1323508	1650511	1436826	1430651	1507554	
0.4778	0.7809		61452	53601	54235	62611	53190	85212	58303	50852	63673	61180		1441681	1317618	1283872	1433321	1063249	1290423	1225633	1211446	1267058	1189687	
0.3682	0.3179		73516	59742	48372	53676	55401	61219	63724	60981	52007	56876		1622857	1615218	1279156	1279476	1460286	1456546	1426748	1663170	1269773	1381923	
0.1545	0.4328		55683	61362	64380	51165	59987	59618	50715	55134	45462	57229		1578767	1676972	1349588	1423390	1625292	1689303	1645174	1426749	1507784	1247505	
0.1819	0.4495		46003	61256	51894	45068	41162	49231	49608	55385	42764	50810		2126776	1571849	1121177	1442886	1618960	1529470	1537678	1331730	1558591	1488088	
0.6891	0.6967		62433	57508	70356	91848	71632	82490	74238	75264	55868	101257		1364980	1880741	2243332	2435938	1400833	2439309	1858646	1503621	1371533	1429283	
0.986	0.7076		169958	109148	63429	221583	205653	70423	109047	68760	75021	116136		1743620	1649146	1235829	2019303	1636856	1647762	1458746	1587838	1482317	2618985	
0.18	0.9261		54068	58425	44346	50194	47033	42488	42435	49849	64710	66840		1487118	1758868	1365081	1148673	1036024	1014002	1226603	1217447	1526497	1254923	
0.1818	0.3283		55432	39514	39386	37645	41035	44853	43665	37485	67323	40354		1259225	1250955	1322749	1249534	994822	1207348	1230820	1302980	1492268	1346983	
0.7352	0.2369		72279	58414	59959	71503	51409	77223	50558	49110	52167	65069		1665559	1312134	1402958	1453637	1268801	1296437	1199008	1040584	1243466	1486101	
0.0864	0.72		55192	47352	74943	35572	55613	96518	93633	44561	39977	44952		1533154	1295736	2307714	1663044	1654471	1968997	1799027	1333044	1185015	1201365	
0.7755	0.29		146606	68784	62033	72874	91401	71177	52050	73248	53885	82406		1571675	1366771	1385897	1365022	1519594	1308217	1245408	1328861	1130120	1537414	
0.6516	0.7204		77507	94374	77011	70876	79011	80237	55253	58185	59643	60065		1315760	1310102	1374947	1449745	1734703	2064621	1715767	1568059	1220204	1521052	
0.6771	0.4602		60598	94640	59996	70045	50855	64278	58645	84027	51083	52601		1255886	1387913	1475574	1398833	1056714	1327334	1466874	1756056	1206776	1173320	
0.6935	0.7785		84744	192653	61853	70248	66781	63664	73909	85562	84527	69308		1278452	1859380	1519029	1282716	1743850	1572298	1509134	1481111	1532169	1191240	
0.4278	0.1115		54307	56589	48698	46841	70929	64873	50240	47418	53879	44442		1409874	1498271	1638383	1588360	1691869	1330306	1162483	1176831	1293354	1336490	
0.8455	0.5669		73658	77494	146980	63908	64226	62139	83857	78498	71496	78849		1750369	1498981	1706904	1203153	1393955	1357301	1815376	1156139	1328231	1503659	
0.6336	0.5653		47563	76688	62133	58174	56360	71736	63059	63107	57023	68528		1148770	1385537	1478412	1463417	1492844	1581014	1553024	1161323	1249524	1455840	
0.2304	0.1654		37474	53823	37090	54021	103045	37524	43095	43154	38662	42243		1283779	1449906	992675	1306428	1454035	1146816	1246033	1434843	1152779	1232355	
0.674	0.9944		59876	65425	59872	67088	64386	84087	87189	60776	68626	79903		1161307	1309739	1226703	1268772	1345976	1512051	1373917	1257346	1434359	1404070	
0.2427	0.7169		62813	48626	62773	46750	58923	66189	44379	48691	47335	52768		1498679	1396253	1450634	1445497	1578165	1415504	1111896	1140282	1192537	1180494	
0.6719	0.6357		60070	70390	68621	74081	75368	81388	60025	51088	68415	67753		1437264	1334808	1613285	1524782	1867609	1583174	1305368	1160028	1450212	1543913	
0.4001	0.1157		49327	58475	50974	42876	46278	53793	47817	40296	44203	41971		1452547	1357099	1382510	1103215	1269971	1454629	1262880	1072495	1195845	1261340	
0.4408	0.8014		71794	50130	50970	56611	56705	61838	55446	55493	56896	69326		1413592	1300732	1008951	1200381	1243001	1482056	1199707	1407131	1586859	1468147	
0.0571	0.8695		44863	43727	52319	47058	40797	51141	47176	57893	59377	48963		1201561	1267777	1395905	1175070	1183978	1322302	1087722	1266921	1540789	1357267	
0.8554	0.6297		86951	81476	84584	66440	61927	62084	67420	91599	88675	70119		1941457	1843329	1354319	1313872	1356027	1305936	1372281	1585393	1507966	1437163	
0.0739	0.5229		55317	44050	53397	66137	54762	62240	35954	49965	38008	61599		1902707	1769825	1743560	1499805	1409666	1787642	1341168	1495753	1380896	1281329	
0.6331	0.9478		71234	68828	80475	66540	57347	101564	58419	56552	61860	76878		1392236	1612085	1812518	1374434	1343890	1461267	1106774	1081330	1428416	1502389	
0.2492	0.741		49265	63676	51636	44416	47011	55516	47449	61733	54642	62251		1264654	1248023	1221778	1178705	1134518	1250568	1310551	1463750	1368242	1420037	
0.1059	0.3206		34021	61627	44516	35968	37149	70313	45928	52879	57624	33992		1498994	1386055	1262878	1237915	1182351	1526714	1325489	1587978	1333034	1038447	
0.8333	0.8		64280	59675	75369	63474	125290	120371	102386	77927	60885	85305		1407128	1366709	1847360	1305916	1640835	2436793	1448858	1504609	1163975	1453678	
0.6234	0.076		46897	51267	74948	50472	62725	47749	58946	67490	51639	53072		1355502	1385146	1347970	1331391	1405815	1404985	1638295	1345503	1284792	1341661	
0.6862	0.3545		72617	61929	60830	51518	63520	61459	73845	84510	52917	56111		1875285	1317360	1513921	1390835	1207137	1330383	1425691	1654460	1217084	1449658	
0.33	0.075		81067	42662	48065	51012	49560	44664	50219	41940	57640	58191		1764517	1366349	1210089	1308044	1361461	1294216	1363803	1657443	1438697	1568051	
0.7631	0.2782		75502	71452	71955	57792	51050	75517	60784	50725	77518	53669		1437179	1415086	1559099	1496462	1282939	1520677	1418437	1277369	1300765	1181202	
0.891	0.2779		53923	53384	62761	71870	75769	64886	79212	69075	71591	65067		1349055	1130820	1534233	1631676	1631628	1367632	1750356	1538228	1591402	1462109	
0.7543	0.8219		82157	74847	58507	69694	84405	100353	59773	75486	66133	82865		1481528	1259573	1266360	1270963	1502862	1687123	1238965	1217829	1371763	1356628	
0.4852	0.5375		68169	58182	50087	62150	58469	60705	67474	51508	68293	46311		1407667	1468197	1390274	1446400	1388368	1315698	1237047	1332216	1520772	1056592	
0.3479	0.1608		60610	42894	41948	43817	60242	69240	43240	41562	55427	52030		1540881	1171933	1024152	1110056	1452129	1293283	1172271	1141937	1363535	1220105	
0.9941	0.5737		62548	84765	65496	103841	67524	73338	62563	56328	83412	78442		1244495	1758526	1429489	1670385	1354092	1367149	1081894	1213765	1353774	1453163	
0.292	0.8334		70380	60342	55616	49659	61888	56807	49171	50265	62271	64581		1590055	1253219	1282342	1069375	1151733	1374622	1515014	1329041	1243336	1550674	
0.4025	0.2365		49483	48801	40186	43060	61753	46923	56427	47927	58669	43859		1315835	1246099	1089114	1129442	1300572	1319944	1421401	1460500	1178914	1157031	
0.8976	0.3681		72320	59437	61645	77076	70575	76269	83426	61475	76814	63466		1625675	1263572	1499208	1485516	1302041	1430200	1572544	1361414	1604183	1550470	
0.4487	0.3477		50048	48670	45429	57391	54624	42339	61110	60864	63932	64552		1291894	1199899	1172057	1251715	1250953	1111794	1359925	1246329	1207821	1405972	
0.4011	0.0961		46779	47117	47574	42593	52010	47721	40506	40189	48450	57303		1256078	1430639	1262835	1421266	1301252	1168627	1100542	1293761	1215687	1182996	
0.8339	0.7613		82746	92693	65426	63119	65650	61620	69879	64621	63834	61059		1639372	1421518	1299813	1268878	1223528	1321683	1282407	1253093	1220391	1243631	
0.914	0.1791		72643	58042	52334	56351	55435	63361	48479	81112	86458	66939		1350715	1304508	1080608	1215665	1206428	1062961	999413	1284132	1483956	1424789	
0.4378	0.8305		54437	62420	60102	60168	70983	74324	51945	54347	50402	62626		1405113	1345192	1437500	1295795	1359795	1353178	1260108	1211684	1223526	1552880	
0.5923	0.1126		52898	45966	41001	55284	45561	53637	71606	51302	66471	41765		1394827	1177038	992943	1301523	1561709	1460852	1425347	1236892	1407205	1113239	
0.5811	0.1918		47534	61123	47584	48378	68035	63615	50476	54503	49869	49596		1168468	1406356	1152980	1209863	1482872	1209481	1188932	1166130	1330428	1161180	
0.9162	0.4592		60772	53551	74872	76237	72162	67625	76576	74706	56719	58206		1252110	1272142	1381187	1429521	1369873	1115801	1426125	1140910	1047008	1039944	
0.1628	0.9126		47276	45020	44811	47891	48703	41737	74190	58790	49434	63580		1319388	1150725	1321192	1204772	1398548	1354924	1544722	1421493	1337200	1393934	
0.6839	0.846		77831	69574	61802	74986	77747	57332	74662	85055	56371	67540		1427790	1501222	1527919	1339709	1351798	1274850	1417766	1596618	1076711	1233711	
0.41	0.5999		68512	55113	46599	57995	51723	48262	46555	50975	57730	67126		1509127	1533542	1376434	1518983	1424819	1273194	1182779	1424437	1412167	1423262	
0.0633	0.0923		34343	48137	53460	31481	48662	42807	38610	35721	37287	44438		1190247	1522036	1249053	1063759	1358348	1313274	1257826	1317802	1297048	1257313	
0.4325	0.5273		60792	70473	62727	57458	47926	73337	45609	69072	56380	69294		1648033	1539314	1497229	1394277	1401668	1287369	1273050	1378596	1424528	1721590	
0.5493	0.6382		48322	62480	56648	73412	72093	47821	54079	52214	70705	53962		1030667	1327177	1267895	1449105	1567294	1075837	1475547	1417809	1347079	1250461	
0.8902	0.2616		55161	65453	75875	68795	66242	62229	74903	75771	70455	53791		1262045	1353892	1611584	1273582	1335458	1523831	1507174	1497332	1416498	1177583	
0.3326	0.8718		51183	53804	49084	50801	69161	56595	65467	64396	61664	64744		1233034	1385694	1183358	1179656	1390037	1354865	1537072	1602818	1517422	1353046	
0.7218	0.3029		47673	93100	68065	53905	53856	70924	62239	62083	56019	51540		1146053	1223342	1461487	1148579	1507992	1559421	1515691	1289329	1329847	1219759	
0.2827	0.3758		58254	54889	47167	51637	49460	46651	54043	56682	44896	41555		1572717	1394299	1309472	1175132	1159593	1288908	1425261	1435961	1306385	1179859	
0.316	0.6747		55011	48584	43662	43617	47694	71021	43753	65628	64768	46802		1315267	1149784	1026988	1057158	1331294	1480271	1100597	1364929	1276862	1268127	
0.1953	0.0872		44803	59459	39404	56921	34772	37119	52704	54080	39614	54515		1381500	1248956	1573265	1401017	1098052	1133086	1202855	1446158	1273643	1359458	
0.6961	0.463		54765	65272	56958	54488	63441	71520	74312	57442	61147	54579		1386571	1332522	1303850	1250622	1370604	1206998	1329049	1539803	1321118	1404492	
0.415	0.9426		62805	55338	56057	59734	61996	52350	75323	71152	61781	49336		1399053	1296482	1440058	1577475	1345623	1230419	1575342	1309106	1158757	1073393	
0.5601	0.8636		70705	70425	96233	74642	58889	64899	55824	51656	61394	58380		1443358	1637915	1714944	1459701	1131171	1252139	1156008	1311610	1176130	1088922	
0.7504	0.4297		78243	70609	57277	75901	75404	56088	72417	56649	57689	55613		1708739	1361277	1339561	1578458	1518914	1262603	1545062	1255987	1248937	1151427	
0.2564	0.7541		45349	58296	64038	47998	69020	53517	40557	64901	57748	60665		1160381	1435568	1354648	1261308	1663780	1245387	1081991	1659704	1321284	1295170	
0.8088	0.0581		70049	50889	49401	48668	55393	55466	49718	55146	67641	44611		1503882	1253627	1285377	1239321	1297118	1269799	1146168	1239033	1259548	983930	
0.4412	0.2788		53988	45673	44414	65368	49912	59637	58230	69762	61770	43398		1486168	1265016	1325081	1687645	1292338	1258438	1405846	1658067	1650161	1172730	
0.0533	0.1552		34141	37739	46056	37812	38303	55701	39763	52609	39307	47544		1215101	1230891	1566929	1253440	1569211	1482045	1187157	1280082	1282094	1366889	
0.6885	0.8687		80905	64731	86637	62752	54733	85569	63572	59120	65937	60108		1533592	1331405	1551136	1360893	1149836	1453590	1325784	1169553	1291468	1189721	
0.4137	0.1964		47931	54230	62266	42416	57499	56142	51379	48291	57757	38344		1169095	1357552	1475702	1060064	1453065	1212045	1424013	1245488	1496964	1152645	
0.2133	0.4212		37122	52020	43865	36039	44183	54516	42615	50532	51251	45062		1212064	1355675	1226827	1047372	1119769	1274670	1238534	1396211	1212433	1267751	
0.53	0.0928		39283	51950	40850	51321	42500	46021	44369	34916	70503	44885		1000451	1445105	1124001	1316450	1107899	1087149	1457518	847535	1130291	1173371	
0.1188	0.759		48088	58328	41836	44309	54951	44698	46678	47271	57063	59830		1314002	1323420	1558654	1271608	1368021	1132628	1287415	1196976	1447221	1614064	
0.0984	0.0808		42188	35007	38075	49410	35614	35187	57016	37088	37364	39088		1245803	1070641	1259903	1242958	1161000	1219072	1578463	1224162	1169477	1248785	
0.0617	0.0873		39203	44906	47969	30857	29593	42170	42484	34657	53296	31086		1226479	1285204	1359491	1251155	1161808	1374709	1273755	1286232	1324128	1220455	
0.4399	0.2011		62703	65832	54500	60227	63319	44329	47661	45547	50977	58835		1483563	1670613	1288460	1465817	1454875	1221136	1185268	1190975	1272733	1438874	
0.188	0.1617		38332	33548	59085	39559	42040	56319	56741	42213	46329	53486		1026698	1181451	1268124	1166119	1214740	1485945	1486078	1294120	1223051	1451269	
0.0594	0.1807		42923	33741	40417	37545	35062	38912	46732	32075	35390	43946		1248135	1341839	1167923	1270660	1130361	1318357	1391577	1199466	1371063	1438476	
0.4118	0.1501		45395	61576	50657	43129	51996	48820	46505	47923	44166	43394		1347696	1527051	1214838	1492792	1302997	1202101	1106113	1143004	1202653	1165796	
0.1644	0.1042		54242	40373	34683	41422	38241	48532	45099	40810	54905	43545		1435773	1216221	1131681	1226698	1153939	1391871	1328625	1246797	1634051	1377402	
0.6223	0.8706		59064	122781	58312	70484	77705	59853	63690	57195	64725	61843		1213121	1622805	1263848	1265205	1633439	1448041	1287478	1203488	1268562	1286067	
0.9749	0.2166		71517	65309	49815	61131	60055	78156	74745	69287	55522	55109		1133294	1479411	1244637	1142426	1252674	1255178	1417825	1255357	1177662	1200437	
0.4881	0.3821		64006	45371	44307	48134	45460	58555	47046	62875	49231	49365		1456536	1425541	1222263	1191053	1135084	1385362	1240038	1384101	1260474	1305852	
0.569	0.8922		72833	73445	82285	76583	58181	67801	60497	60144	72898	70482		1376572	1657147	1420675	1402005	1203030	1347302	1239424	1390315	1320381	1368859	
0.5195	0.8798		73539	55827	58544	68868	58694	61957	59966	76774	61591	66363		1633215	1184980	1147806	1313291	1195533	1224252	1454919	1238420	1335641	1288153	
0.9651	0.4752		53710	59622	81692	64637	60304	54805	70208	72276	80579	82862		1242607	1475066	1426633	1286611	1160448	1149159	1379964	1444231	1337532	1617323	
0.6944	0.7704		62733	57494	71889	59352	62279	72874	77339	59311	79239	64174		1461634	1295486	1281377	1215460	1403457	1359265	1428254	1318403	1355363	1370307	
0.9782	0.7801		89813	69931	77196	71716	66005	98282	83426	70044	65561	65878		1305364	1246060	1295558	1324947	1285100	1542582	1421009	1520621	1244304	1596634	
0.4806	0.84		56930	72724	87157	56630	70317	54210	63892	82954	64706	56448		1517539	1373372	1517332	1186214	1300495	1095151	1343505	1420478	1398013	1162049	
0.4341	0.8629		49469	60200	54356	47702	52212	66979	59268	52480	72860	48187		1229947	1541888	1295199	1093245	1272834	1334884	1304020	1294748	1439094	1245244	
0.5885	0.8919		58939	60853	61204	89078	59963	67144	62098	80093	61588	71510		1375035	1318516	1255842	1369181	1235332	1293586	1379798	1516662	1330028	1366734	
0.8761	0.8108		90889	78578	88594	68525	80317	71748	72199	70707	74249	66258		1621990	1286179	1178100	1238243	1260777	1279202	1273600	1286188	1189590	1076643	
0.2844	0.9517		53420	61269	63178	57188	62776	59568	68667	71788	50660	61414		1332332	1235916	1571155	1612777	1442939	1282473	1298974	1555736	1549095	1480663	
0.8794	0.6096		78157	73651	57669	71707	80709	82989	58486	92616	62170	64284		1264898	1403994	1114134	1339505	1280138	1312963	1146828	1285630	1094936	1067635	
0.1418	0.4849		69985	42183	54576	59840	54884	40698	39723	36784	38394	35144		1303201	1240613	1369502	1538237	1711976	1186544	1161040	1317092	1224083	1153366	
0.4367	0.5404		66954	44024	44143	54314	63166	45669	66320	43155	48538	54084		1231563	1248929	1061534	1226046	1346676	1267331	1048234	1103583	1200699	1169093	
0.5834	0.7332		73020	73376	52900	53600	54363	57321	64904	65472	72759	61716		1411382	1594716	1109145	1117582	1246060	1207636	1292242	1275446	1624846	1456473	
0.3294	0.1477		44177	55922	46240	43135	48166	56300	56901	49506	47834	43019		1423734	1462291	1443933	1204850	1175865	1345519	1264180	1231383	1359562	1180588	
0.1666	0.8586		73404	64010	43921	44843	62907	70607	41375	48082	44562	42790		1644199	1609000	1202417	1259300	1500088	1466155	1131415	1275368	1168915	1041310	
0.0773	0.9152		42001	50678	59048	56919	50502	45394	49455	38936	41457	46328		1168597	1388783	1497726	1543464	1155980	1208623	1236069	1006124	1243801	1190832	
0.9027	0.7541		77019	63800	69049	59228	64062	63278	65134	79182	63853	76165		1226885	1226729	1169285	1058035	1083985	1232226	1290747	1285847	1200007	1297991	
0.7979	0.2507		87953	47238	70913	67901	58163	59949	68406	53406	46583	70097		1433740	1022568	1472944	1426299	1148793	1230654	1401263	1237886	1211564	1413809	
0.3185	0.6918		57030	55442	47312	53564	43048	46888	47250	61636	65022	51430		1439469	1416670	1507067	1248366	1003245	1151019	1343093	1367504	1709599	1264709	
0.42	0.926		71583	62109	71435	71909	71023	69470	69984	64456	69255	56070		1439150	1273627	1656841	1725776	1554340	1447261	1663166	1340498	1506843	1186348	
0.7469	0.917		68536	60151	72306	83135	59319	85043	73914	93280	92233	68296		1389565	1215505	1240681	1556497	1149973	1575999	1458665	1418460	1609254	1396446	
0.7604	0.0507		51139	51657	52127	54493	55548	66107	48391	68169	71221	56172		1303241	1283692	1407417	1240540	1423214	1605581	1273550	1382764	1693723	1277887	
0.0765	0.6277		57347	69621	41412	62138	49193	41797	61904	48195	56855	44342		1578545	1493936	1235655	1379240	1370444	1300250	1473083	1247857	1250621	1212563	
0.6765	0.5367		93759	74337	57436	54264	48707	58179	77198	74336	52567	61609		1532708	1528504	1148056	1036010	1095479	1168577	1146909	1204627	1141537	1190412	
0.2151	0.6856		59915	61372	44061	62251	47461	54790	59817	43588	46821	47713		1676319	1334982	1196151	1225426	1291126	1387786	1098473	1209432	1365446	1301466	
0.695	0.9209		61234	69033	75470	80969	76842	60646	77279	63405	88789	79592		1214330	1432642	1326491	1586228	1111799	1171283	1182933	1132471	1561095	1361006	
0.9899	0.7649		65237	89394	74620	85880	87946	79506	77186	86412	86612	78257		1494305	1498472	1170259	1315608	1281417	1343422	1408917	1416902	1331760	1216591	
0.8617	0.4191		86714	85719	72911	80747	64652	60828	66520	79325	60138	53792		1634595	1685434	1200580	1203369	1183422	1294793	1342730	1633417	1312124	1173700	
0.1395	0.6628		49248	49691	44838	51666	43888	45588	49780	39841	44119	66704		1481720	1551633	1259702	1362193	1063889	1171886	1213611	1189305	1206654	1550742	
0.1553	0.2022		54944	51400	46537	38237	52106	48503	34640	52888	55569	45711		1638587	1575054	1349117	1143478	1263533	1152642	1160195	1496125	1401868	1350167	
0.5825	0.8834		55256	68413	68288	80064	55879	87649	76806	65939	73183	74550		1254466	1501697	1518714	1391822	1219341	1562988	1616721	1519205	1276954	1585244	
0.3564	0.413		78762	67229	48756	47824	47150	52123	49989	53418	44751	41276		1545821	1483869	1309411	1404490	1280097	1232499	1477524	1455735	1207859	1195340	
0.2713	0.6674		49883	45016	53327	39026	45496	43929	50222	45752	61355	55746		1503543	1423794	1558110	1214926	1215148	1273581	1256207	1339308	1471585	1309616	
0.6827	0.3231		50933	52436	58563	85226	54969	55254	56492	71816	71361	56774		1154434	1380783	1374881	1549734	1322986	1269251	1422625	1684081	1524673	1323586	
0.1211	0.7614		45553	61257	39786	46194	62018	45437	50656	49616	40260	41016		1418512	1538424	1397705	1309816	1515604	1270394	1549979	1367090	1196309	1196081	
0.4452	0.107		60551	57399	48167	50385	59142	46347	49686	48436	61131	50023		1521651	1362166	1267082	1143238	1238001	1105691	1224298	1249002	1572611	1329292	
0.7905	0.3325		58672	78416	59864	67331	55554	66704	73556	53647	61987	61685		1216399	1704428	1241269	1280341	1247600	1285763	1317788	1272569	1238773	1361651	
0.4139	0.0673		41679	41157	57390	38390	57377	62204	46132	41782	45498	52896		1327972	1288504	1527501	1203089	1474722	1513654	1303083	1398627	1413911	1463296	
0.707	0.1944		68464	68901	54278	68196	62780	48621	53514	58830	58060	50250		1408626	1526871	1212840	1633246	1517366	1065096	1349507	1463161	1334395	1183264	
0.6038	0.5158		71678	61160	70974	56464	65514	55806	71616	56380	49570	55901		1743514	1332902	1543065	1326043	1503863	1400860	1541520	1279505	1311585	1537182	
0.311	0.3906		57166	54125	68899	43139	46737	60348	47530	39821	43073	51561		1535656	1426236	1423428	1251327	1363258	1364093	1328297	1254730	1074375	1186063	
0.9556	0.0844		53444	63134	54479	57084	55801	54186	58092	58127	57861	63205		1178053	1227712	1130405	1115918	1121928	1190635	1289211	1195917	1316653	1307222	
0.5124	0.4111		49661	64386	50391	47370	50999	48520	65342	47328	51066	44251		1234532	1495566	1194414	1124591	1213889	1161040	1527530	1222390	1247322	1406499	
0.4846	0.5297		52304	61622	50695	58141	58860	50907	51971	71964	70404	54583		1383174	1213650	1233399	1226141	1588769	1332039	1196554	1642677	1651199	1550673	
0.3798	0.8901		99064	54190	80393	58834	48396	74939	49367	54164	76929	85578		1400690	1327162	1485861	1225916	1134443	1288429	1138428	1159993	1374469	1330277	
0.3584	0.6259		62146	62503	49069	61627	45875	51400	43248	45003	46904	57616		1510943	1652060	1282132	1199334	1212608	1268295	1139037	1237510	1144543	1502276	
0.3783	0.7517		82527	55762	59615	55931	69738	53219	70921	61748	69834	70329		1386890	1493534	1518183	1348765	1570571	1280048	1651809	1607028	1631128	1632611	
0.1406	0.8609		49086	58850	57992	59780	76612	63037	43144	47388	44674	40114		1480422	1545371	1484229	1787198	1679450	1374345	1298587	1272749	1160556	1176763	
0.6403	0.1292		55808	52262	59805	42921	49041	46606	51884	64366	67179	47213		1284903	1498638	1286007	1290297	1254640	1182296	1157722	1493835	1444287	1323285	
0.0936	0.1634		39244	58931	37116	46047	55818	46728	36175	34196	38385	31845		1358913	1325385	1172669	1337177	1512739	1487609	1241417	1364404	1279306	1224484	
0.5255	0.0648		84788	46274	52277	60105	61769	61802	39332	61358	44690	49430		1397030	1445522	1556034	1413905	1606498	1689708	1414892	1583028	1370751	1508388	
0.1336	0.9936		49707	44667	58065	46981	44973	56028	45549	42768	46921	59086		1525103	1159226	1411354	1198630	1145438	1337646	1183702	1122404	1180141	1496478	
0.8461	0.5008		55948	55203	71313	58634	84433	58986	62183	82465	57270	77548		1243597	1271334	1357120	1392073	1657684	1453767	1386426	1491036	1263217	1400549	
0.0922	0.6885		40790	59848	60768	54812	42852	69886	43920	66585	51213	52120		1322808	1480207	1391722	1367292	1250465	1345361	1509840	1477652	1324329	1581468	
0.6692	0.9685		60997	67498	91256	70903	68168	74430	76205	66727	80639	61570		1432016	1460020	1625971	1492562	1343717	1450800	1379546	1424930	1263293	1054923	
0.9811	0.0529		68415	80037	79587	67721	56416	73731	62215	54804	56144	72571		1473150	1460019	1289194	1402263	1267972	1503112	1438978	1280262	1263689	1301629	
0.4762	0.0575		44322	57667	53049	48898	45751	59826	50052	58939	43366	41562		1291681	1274148	1404405	1263603	1129138	1421243	1274907	1466930	1110407	1122007	
0.9743	0.4796		59364	58668	67229	65636	66502	64086	83572	78447	58346	58366		1144362	1098468	1213366	1386862	1217311	1194819	1639506	1354777	1015683	1094936	
0.4476	0.2276		48344	62264	52294	44349	61482	52372	43568	74654	60549	46292		1472345	1398646	1348063	1220734	1594464	1584458	1312929	1255678	1231822	1300035	
0.4559	0.1819		43318	47993	52083	64120	60105	65164	60910	65168	46081	51615		1225817	1351852	1336139	1323982	1361783	1419799	1284480	1304500	1262119	1315703	
0.6695	0.3831		52829	77249	69777	56385	59397	79216	75945	54922	55965	69062		1437243	1570434	1540372	1427820	1228316	1428883	1659425	1242506	1358494	1534320	
0.2704	0.5903		46564	45802	44765	39738	46240	44773	50873	57082	63237	65838		1299131	1283303	1241948	1203959	1369159	1252282	1344325	1546969	1508143	1626045	
0.7181	0.9822		81648	59803	62482	59826	73241	62173	57139	77512	75617	81181		1253222	1081461	985048	1154221	1434173	1033603	926480	1255055	1239841	1583143	
0.1798	0.2023		37892	41456	42351	39080	40445	39031	62164	55907	39322	55501		1159085	1336723	1204624	1105970	1107882	1242281	1437098	1392951	1220260	1278850	
0.325	0.959		67609	77727	53507	57557	60555	54080	67632	51464	57535	50392		1584980	1704314	1378599	1376407	1228590	1272811	1247628	1221533	1124816	1196512	
0.9998	0.9912		89698	69788	90862	74461	74076	73435	72170	83848	78658	71685		1658758	1438143	1503542	1265032	1128962	1204316	1170417	1442213	1190765	1118822	
0.846	0.9025		65415	65941	78929	88949	68897	70048	69252	66090	88724	65298		1258022	1336488	1360165	1317610	1291326	1363128	1257891	1210204	1132219	1295537	
0.1731	0.4427		56995	66060	45342	59078	63972	45478	47849	58804	45734	48619		1413151	1630478	1210715	1445572	1220654	1380778	1474366	1343907	1227231	1356324	
0.5744	0.5489		68390	68900	53547	46477	55643	63679	64932	49232	53590	78309		1418872	1388705	1161630	1134220	1329589	1292596	1233783	1089061	1147512	1388237	
0.9457	0.8649		89079	86577	71831	74255	98783	86268	71484	89536	87559	68482		1727282	1219324	1495135	1310522	1510600	1508640	1341528	1550589	1407223	1576649	
0.9823	0.5114		60471	64386	61523	63144	74802	70461	65412	72620	80149	68897		1329461	1287939	1246283	1359247	1462262	1309845	1395079	1436539	1562896	1346053	
0.0817	0.2854		56844	41522	46130	58905	40761	54736	49429	36754	45601	38555		1619710	1284270	1424328	1572616	1374435	1578085	1443655	1273178	1374691	1185932	
0.1187	0.489		42309	41443	36580	53804	33958	39713	38427	38540	50213	53528		1355100	1250660	967181	1246742	1164385	1103045	1141962	1250425	1320570	1469165	
0.9492	0.2634		68162	90219	65912	63125	74148	55619	63047	58830	67355	67720		1610450	1550820	1383148	1291907	1385966	1298429	1546919	1273173	1539507	1397043	
0.0702	0.6723		47563	44302	43970	43088	42578	38667	42754	45798	46776	50087		1315727	1304600	1013916	1266132	1162389	1106336	1351229	1266671	1155101	1299232	
0.1922	0.6351		61912	43223	61107	46436	65941	47089	59158	57947	45511	63300		1234307	1152133	1256479	1220149	1388063	1203439	1469442	1340306	1126653	1261920	
0.9858	0.1009		59032	64437	62032	76743	83365	58927	75980	58367	54148	56800		1577889	1255221	1412653	1352282	1564795	1335782	1653072	1226869	1238372	1257456	
0.1492	0.1938		41094	53903	39714	42433	54351	42738	48951	61166	53934	50986		1509591	1381217	1346791	1342385	1376166	1342737	1431693	1265491	1454151	1547865	
0.671	0.3657		65826	71989	71066	54125	49394	50054	58967	70736	57819	95840		1427530	1484969	1370306	1249198	1354221	1279231	1233960	1419091	1251041	1441778	
0.9319	0.5696		58183	62706	67341	80342	90358	63422	89477	63168	62048	74095		1351657	1438335	1354386	1486884	1290175	1372427	1573530	1106195	1244223	1275483	
0.5633	0.1671		60281	63784	47573	49754	49519	47899	45784	63462	49356	54399		1316120	1350023	1186046	1208619	1237788	1361344	1409379	1555780	1344859	1286390	
0.3491	0.907		57869	66428	66541	65284	46148	61950	72401	58768	59364	54648		1238493	1618931	1470727	1208023	1039896	1342712	1498513	1324411	1290220	1262377	
0.5571	0.5164		58029	53863	71335	53544	66229	72611	85637	58342	53169	67792		1394105	1504551	1332737	1233697	1640836	1541811	1707796	1257170	1246335	1480818	
0.4987	0.8109		75952	80833	82347	56769	65802	69047	59843	80570	60943	54868		1511986	1478595	1539036	1171149	1373324	1415316	1313508	1591658	1159095	1079426	
0.2082	0.5959		42897	44172	56929	64159	51934	44445	43632	43034	44384	43276		1204739	1266776	1241336	1282207	1656763	1157695	1179928	1219566	1198917	1164830	
0.8698	0.18		57737	58214	60814	61836	55128	71406	69639	53428	76847	77576		1439129	1337029	1468095	1385062	1333879	1517453	1570986	1272031	1446203	1631174	
0.1759	0.6733		60556	48909	58783	46084	44229	42917	47940	60707	39458	44079		1308846	1364763	1135406	1348098	1030968	1261883	1221080	1536322	1042910	1235696	
0.7052	0.182		60010	59299	49212	70374	72233	71138	49657	68243	50387	52537		1435490	1382305	1498747	1681267	1761546	1490723	1189306	1458780	1591777	1504071	
0.3822	0.8619		54489	54583	64102	49438	69366	48906	58511	59192	55414	70618		1193473	1420165	1279371	1283593	1491229	1213181	1494121	1543237	1425646	1499410	
0.7231	0.9864		82468	62986	90592	75258	86549	69284	80423	69892	56032	71415		1486358	1227126	1677856	1405171	1403007	1265321	1116155	1166278	1237076	1322742	
0.994	0.2897		62957	60924	78408	68061	51529	62193	52249	76814	67660	58187		1459735	1453001	1366383	1198399	1116450	1297428	1370653	1528924	1433164	1303302	
0.7996	0.3781		58994	61931	75237	81085	74364	84756	53362	62032	69698	61019		1376434	1522117	1414346	1583454	1526549	1570658	1365604	1305654	1372125	1396547	
0.2874	0.5661		47318	61960	58658	56813	44585	41847	46247	51809	58546	63392		1227307	1319760	1527201	1644895	1106006	1116488	1306427	1239888	1482552	1476963	
0.9465	0.5817		80950	82717	66010	78782	87904	81582	61828	76550	70885	86070		1715038	1503045	1314735	1220124	1477424	1478927	1412767	1409250	1392295	1311905	
0.6908	0.8626		67791	71214	68403	72383	59194	60995	79012	63810	63373	69910		1415703	1256075	1309217	1405501	1159597	1166119	1156841	1177764	1170624	1254221	
0.4231	0.4394		47425	62893	50611	47250	65080	47990	58151	64864	47313	47203		1305278	1308319	1204124	1220554	1428614	1085487	1289667	1252186	1156558	1172628	
0.8535	0.3105		73367	72998	64948	72866	48438	53010	49871	50530	56620	58031		1776255	1669853	1249680	1566082	1074627	1037693	1084564	1112920	1198021	1321511	
0.3472	0.9084		51053	85670	52993	45971	50423	53288	70387	66666	60095	56385		996571	1159050	1276588	1030673	1182910	1176124	1121470	1137198	1269749	1183818	
0.0744	0.8931		56453	47365	55650	40461	55008	41595	57072	43498	43042	51136		1411603	1279848	1499355	1106580	1332734	1209893	1608665	1459689	1245332	1314496	
0.0548	0.0974		48294	35887	45836	42929	59802	34998	48915	50405	34869	37363		1325289	1295233	1385607	1352859	1134878	1166395	1577236	1285682	1233241	1365741	
0.3886	0.8354		55781	52608	61534	52869	68681	60646	68098	60036	49452	65753		1260012	1525167	1547107	1436818	1598118	1470742	1329927	1336859	1490996	1605633	
0.6344	0.0894		51390	65368	70463	55470	49909	46643	47475	47063	54791	64413		1345480	1579279	1653705	1631610	1233058	1139154	1262880	1266740	1379317	1396661	
0.4672	0.5765		56558	43305	54171	70687	49505	61053	54646	48000	48549	54283		1364789	1176021	1247426	1340517	1131103	1288583	1467633	1180220	1180563	1303743	
0.8049	0.8273		67441	65713	71926	69290	97371	89395	78875	84092	96019	67034		1220941	1346826	1288190	1261344	1293383	1424338	1468393	1539970	1440184	1275922	
0.5845	0.7072		62559	63461	72085	53230	60765	58861	55025	56263	52126	51944		1396176	1209081	1412540	1162955	1573598	1195453	1194587	1281120	1096920	1302523	
0.9743	0.8901		79071	97708	68168	79566	68742	78232	68779	72035	103386	83825		1506023	1328765	1195504	1227239	1150461	1309947	1212126	1250172	1523598	1564798	
0.3439	0.4133		57231	47852	45059	51232	59963	46859	54132	44351	51890	69133		1254848	1448963	1185476	1388270	1584810	1278782	1393357	1288350	1234475	1278896	
0.1039	0.5322		121332	53024	52476	41112	53098	56996	42262	41093	57334	48647		1575621	1295997	1423957	1176185	1387980	1644609	1246336	1177600	1584709	1393435	
0.275	0.146		40254	47641	42988	38466	56497	45824	54569	46222	55887	55243		1288647	1285790	1150924	1121814	1142278	1286655	1308214	1199731	1504915	1477510	
0.7356	0.3435		55291	58695	58313	67585	54645	71137	78865	68746	66030	72052		1271489	1352114	1506825	1561989	1598216	1389407	1291579	1480950	1254563	1543461	
0.2969	0.6743		44499	64388	63659	63503	44126	75788	63497	51163	56025	47691		1314885	1472499	1519424	1601723	1134825	1198696	1640995	1357404	1362607	1211397	
0.628	0.7317		80041	85440	73536	59089	82672	78957	72954	64575	52356	55873		1473953	1405063	1728958	1451669	1186896	1382552	1386780	1429368	1143108	1168655	
0.3131	0.3455		43649	50150	37779	58130	59489	41297	37349	58260	57949	95841		1455432	1297165	1362958	1574658	1594264	1041256	1094946	1566617	1352367	1372258	
0.6528	0.9288		58512	69093	58829	73388	74613	54817	78720	92078	78977	58410		1171913	1383383	1112029	1412138	1150666	1166087	1413881	1361857	1339063	1175846	
0.1615	0.7017		60505	52802	47853	48028	61561	48683	61459	56358	52268	52497		1581924	1302600	1263758	1240909	1440689	1306518	1425502	1591028	1403501	1259344	
0.6622	0.3814		53618	58649	65463	59663	57078	69163	49047	50917	56121	78895		1152335	1187769	1333078	1224583	1271712	1290331	1074535	1123772	1594685	1306651	
0.5248	0.4762		65201	47950	53479	50536	52645	48218	54278	61555	52892	49014		1680697	1247326	1335284	1422441	1314192	1258744	1262470	1250417	1260070	1305909	
0.0849	0.898		42478	46789	46665	62500	37746	55410	45811	58314	55996	39182		1475493	1601871	1245592	1357606	1128899	1210844	1332422	1626764	1468193	1115896	
0.2439	0.6809		47682	59084	58788	50777	49512	53590	56204	47153	54557	56782		1241803	1402009	1237677	1294334	1297444	1253384	1396612	1192087	1381170	1360209	
0.5124	0.7355		52136	56585	66196	81053	71900	56520	55934	61988	59683	62508		1285238	1369358	1463562	1605722	1294891	1128131	1243821	1244821	1278961	1215632	
0.2938	0.899		59144	46611	45423	67513	54539	52495	71385	64834	54177	50843		1580227	1146433	1096059	1446693	1130993	1460178	1226360	1420415	1239427	1250789	
0.0541	0.6368		37768	46031	62021	56762	48314	52678	40031	47615	56577	60334		1154402	1439999	1458383	1583738	1417137	1558018	1336021	1184600	1534236	1320742	
0.7617	0.9802		82116	63179	83945	84104	84021	60223	76429	63894	81291	81000		1407578	1267246	1418572	1266129	1558906	1309797	1253370	1186414	1253342	1677027	
0.7157	0.8441		86549	62539	61387	65174	67820	78748	69315	59488	54569	79271		1770330	1270885	1193813	1222921	1454962	1818170	1352564	1243975	1200625	1611483	
0.2196	0.5149		41359	49293	57458	54054	54796	57912	46470	45415	57869	58093		1252649	1485635	1439286	1579632	1584624	1456905	1175059	1323640	1322114	1444444	
0.9033	0.5091		125930	77022	78844	60351	89480	69961	60525	59786	53885	83613		1648430	1292870	1282624	1201546	1551035	1310112	1235844	1107997	1159606	1260590	
0.8504	0.9593		82512	85948	86921	74635	72536	69601	70068	70342	84368	96540		1430762	1308828	1608608	1407051	1429812	1243635	1596283	1218020	1505929	1362134	
0.4918	0.2069		76340	70782	63944	66999	56243	64231	60541	71125	40081	48972		1612274	1874673	1320440	1394417	1325713	1669132	1807349	1742549	1182668	1278687	
0.8302	0.7275		68739	60733	78120	71342	70096	78598	97263	79064	63937	69858		1359516	1191848	1292027	1310179	1370506	1501427	1391401	1536007	1305267	1371143	
0.7806	0.1993		54563	79573	73078	67670	67280	76428	62630	57167	71565	67229		1292908	1575240	1309943	1478753	1277256	1321624	1316251	1208276	1805708	1533621	
0.212	0.2492		50834	58034	56938	55519	50756	43512	48976	53056	55497	41006		1449382	1492927	1458735	1465418	1285453	1334659	1489999	1393960	1605037	1212277	
0.0878	0.2681		40528	57700	50954	39385	43113	64286	43104	47015	41320	31851		1386670	1458617	1553292	1449435	1467212	1616811	1534088	1493905	1335070	1103718	
0.1464	0.1391		38281	47178	43501	50640	45484	55005	43658	35484	39498	37089		1140414	1230515	1132666	1119116	1251687	1129070	1221575	1168337	1142445	1080226	
0.4328	0.5258		55730	48282	44200	49369	61672	46435	46174	55303	50680	50494		1399626	1312942	1528928	1290675	1189245	1124628	1131345	1280368	1347853	1262452	
0.3762	0.4515		45387	68194	60160	46290	50611	43566	57901	44558	52754	61644		1222268	1475197	1363688	1193788	1229402	1213931	1262555	1215551	1427244	1495163	
0.7215	0.6295		60306	55555	74180	59695	64662	74172	60413	57123	56201	73975		1448049	1307745	1679365	1230786	1556549	1481540	1344126	1426739	1273383	1595156	
0.7838	0.912		59290	66950	82102	61358	63795	68962	76237	81564	63257	84644		1234954	1272987	1503525	1181398	1174656	1221612	1268303	1527677	1266282	1377384	
0.9978	0.336		58745	53163	61237	69652	79428	82084	79291	73117	68007	110500		1239219	1264161	1318419	1433957	1448765	1186298	1247222	1112485	1265895	1207152	
0.7055	0.4457		53347	68812	54681	54334	59812	62575	68014	58651	61118	61474		1173442	1415233	1250735	1157306	1272310	1344864	1658106	1404320	1352169	1350271	
0.102	0.4392		39581	50898	71052	53391	45811	55233	40936	46252	40585	42399		1157062	1366855	1354457	1411183	1508702	1368903	1219411	1465253	1148782	1282010	
0.4101	0.6824		65190	82160	67522	57024	60805	83191	69133	56354	62265	65645		1408061	1826791	1477213	1392431	1346836	1449585	1618149	1318561	1418492	1222662	
0.6119	0.2058		46483	52587	67474	67262	65313	65182	50906	57380	63247	57397		1394736	1237074	1587522	1734721	1636182	1527253	1236005	1516091	1579956	1343565	
0.6851	0.0793		53741	76362	57769	65954	62991	53996	59262	56444	51946	67977		1391715	1771280	1375177	1409183	1581238	1448779	1355160	1250451	1377349	1193127	
0.7832	0.3173		63581	54570	73698	59164	57567	52512	48029	72761	93900	76725		1381610	1301371	1526207	1455138	1350085	1285931	1202368	1768106	1697607	1340800	
0.3203	0.4869		51495	48159	45446	34642	44867	40963	56223	48047	63827	59298		1492226	1325519	1231110	987410	1086476	1035966	1364372	1275121	1497048	1332267	
0.4509	0.8793		73377	62563	59624	62090	72735	62114	50609	54572	56584	48027		1499106	1269565	1315868	1393487	1340650	1140425	1027924	1100651	1336016	1069558	
0.6662	1.0		63771	94849	78208	62071	75676	60066	65782	79653	54837	62079		1425845	1548078	1676701	1334544	1338954	1105040	1351831	1498827	1210100	1188512	
0.8443	0.9055		82704	87523	78506	72771	69899	68800	75897	87213	85492	88612		1444987	1324295	1344189	1330180	1459495	1271689	1653562	1754792	1394965	1424560	
0.448	0.5698		55343	65260	44994	56951	58316	52663	66510	63963	63529	62673		1196736	1476617	1218817	1534483	1320714	1267575	1220449	1398744	1216517	1503405	
0.5997	0.3943		51441	49378	55193	51028	49823	55215	44811	58885	53375	72620		1226884	1244494	1347617	1308349	1175469	1126367	1148159	1357471	1278564	1581433	
0.4249	0.7456		53103	75231	58976	63823	57880	55379	46631	51067	48323	48030		1411418	1491860	1366464	1270865	1396496	1364247	1061022	1250593	1076623	1087518	
0.8429	0.3384		76850	82196	82012	64241	55716	93269	68665	50861	56712	67679		1635867	1571120	1489924	1322136	1265836	1255679	1220786	973743	1158310	1335541	
0.4271	0.548		53261	64754	51525	79513	63943	46939	45994	64377	63473	70251		1120711	1231394	1332683	1262432	1453562	1129005	1138816	1273200	1395187	1555154	
0.5006	0.6817		51693	53926	55946	53426	54924	68401	51179	53175	67061	68773		1250574	1145393	1159600	1121741	1340345	1408334	1265770	1148091	1320711	1541039	
0.3475	0.4316		45754	64699	55139	45051	47721	45042	51371	44345	59969	80621		1223755	1266894	1283343	1242043	1195789	1158915	1214433	1268666	1343831	1545039	
0.1151	0.2734		50812	54629	40425	48832	47166	40461	35529	60314	59185	45040		1540328	1427032	1261481	1523743	1495298	1434026	1322419	1545157	1539016	1403679	
0.9185	0.4979		79701	60145	66524	58504	61807	80483	59394	54936	60058	55143		1779742	1260367	1311892	1237024	1618508	1619962	1156808	1017133	1011503	1185152	
0.5452	0.4573		53491	79781	59773	67827	62603	55558	52593	65385	73657	56698		1471042	1589707	1301687	1523083	1416726	1487898	1394388	1413840	1517660	1431559	
0.9409	0.6883		64203	65034	66711	72756	66061	60368	87503	86074	72015	85658		1146483	1270837	1246063	1331599	1305147	1217472	1379371	1456448	1572722	1475261	
0.0859	0.0526		50348	51543	51157	39623	35256	40422	31409	37377	49644	31892		1540417	1445151	1661688	1134420	1031472	1151916	976792	1203768	1315698	1041519	
0.6808	0.9419		80087	60489	87624	62757	79665	59366	61641	57102	57823	71353		1495885	1197321	1514107	1279833	1493916	1190324	1214552	1370926	1273293	1794304	
0.7458	0.173		61257	84652	59272	80167	73126	51616	49183	69929	53443	49466		1466395	1746303	1454546	1588383	1387105	1134062	1151671	1359916	1490191	1240256	
0.9192	0.9036		80652	67783	84518	74346	90392	76620	90533	68656	71744	61611		1452651	1222713	1354683	1371453	1411405	1382772	1572628	1431460	1294573	1142644	
0.8661	0.394		56082	57373	74610	75817	59425	55402	54414	59961	72146	76574		1109326	1369297	1365555	1427664	1268734	1154093	1121496	1190792	1512522	1420480	
0.1508	0.8943		42817	58382	39184	43464	47413	44165	51472	54776	39398	60890		1035496	1140985	997349	1107297	1106555	1069864	1166257	1435711	1082491	1341431	
0.7587	0.8728		61922	59320	68202	77655	78934	80755	64611	57591	65165	56602		1298568	1393983	1263476	1677272	1424841	1478294	1175431	1045131	1077372	1202465	
0.522	0.1697		45078	67421	43566	40551	44389	53793	69225	64778	46303	68226		1138952	1261117	1183152	1059749	1127987	1413501	1424400	1589222	1269993	1362224	
0.8542	0.4581		72519	76304	63416	53250	69565	50416	58869	61517	74347	77786		1308466	1495036	1476231	1192164	1476168	1165050	1430202	1249922	1299424	1477243	
0.6923	0.6511		59372	75117	63644	70868	72924	73535	62178	57837	52910	75679		1126138	1422213	1359015	1368269	1227202	1372893	1322298	1241566	1310132	1241312	
0.5707	0.598		46728	69540	49868	53209	55698	70782	54809	71618	73069	61153		1344010	1365175	1360294	1166544	1043539	1574463	1065483	1149550	1316892	1575807	
0.0663	0.1786		48504	41768	49240	48846	43629	36119	45911	52901	45200	42201		1460906	1406175	1376272	1515091	1281077	1255202	1346275	1664793	1472276	1352476	
0.4202	0.2637		47817	44672	65684	42997	59623	64718	48624	43578	42677	46921		1323837	1474250	1285293	1348817	1552670	1329562	1330044	1258227	1382966	1240755	
0.3638	0.3243		43898	43865	46270	45826	42554	60257	41020	51742	46173	42845		1128017	1288751	1406702	1154439	1313488	1419083	1114802	1320223	1281101	1158133	
0.4457	0.9836		55581	51396	86701	69748	61686	66360	59235	57883	55308	64447		1242134	1503154	1616855	1336175	1165572	1266861	1179193	1230114	1121597	1277631	
0.9412	0.6371		90446	83201	73350	69564	68411	62445	66521	82340	91430	64298		1497459	1449752	1327817	1085390	1256083	1243015	1293340	1334409	1400547	1317193	
0.46	0.2469		48784	45943	70488	41978	62684	59447	48933	62155	54563	52731		1336235	1187067	1575635	1254271	1513415	1642580	1297886	1378034	1500470	1474964	
0.1465	0.8966		60325	65236	58381	44287	43438	42314	42952	50134	54303	43929		1522415	1409096	1477271	1195766	1192823	1115414	1104126	1157698	1335313	1216950	
0.583	0.2998		65260	47259	64582	50156	49797	71263	64625	36806	38191	39736		1475466	1239003	1577197	1374319	1420182	1435137	1616927	877745	852322	1249560	
0.5975	0.3899		54517	44985	53892	50084	54533	49710	66254	55472	71178	63351		1309367	1194735	1304555	1277690	1268819	1277542	1287816	1409848	1336330	1412370	
0.5644	0.828		79975	68802	85058	80549	71172	84756	57954	74914	65991	92222		1499648	1260442	1669052	1647271	1832998	1668772	1374927	1375064	1302358	1447275	
0.2964	0.8219		44549	49078	65912	77638	49767	49499	53033	51533	56130	53031		1089638	1296099	1415694	1598431	1343768	1298535	1512176	1322060	1348289	1518486	
0.2127	0.353		56454	40898	49669	54604	56579	46417	42853	40287	37552	40653		1412045	1299799	1393961	1388351	1340015	1313982	1251770	1236111	1028223	1003039	
0.3772	0.9985		59753	67360	62558	67475	67383	51334	55452	65437	64957	58564		1430318	1435545	1405723	1400584	1405162	1237751	1371679	1480735	1382504	1285629	
0.756	0.9228		91005	78016	84780	72728	66726	63301	76237	71493	83787	65659		1548844	1433033	1275734	1397852	1443420	1291030	1343375	1398294	1592764	1225337	
0.8679	0.7227		62499	87683	56710	65462	77360	81119	80178	81592	74030	95361		1242774	1611550	1234116	1257135	1686934	1543343	1379276	1589631	1333475	1372151	
0.8614	0.7032		64479	81535	61536	63060	61492	74182	71297	55730	65752	74072		1524617	1452859	1274136	1241386	1320304	1345566	1412236	1074647	1189580	1203346	
0.6401	0.4067		54900	76709	72191	55423	68136	46191	61278	61154	52795	76405		1519443	1543857	1464263	1267941	1378876	1182323	1226301	1569661	1208191	1274704	
0.3453	0.8544		58890	78972	65691	64744	65921	63223	56530	50025	50179	62091		1427032	1459510	1521976	1567874	1641623	1531474	1219996	1190990	1061418	1228329	
0.8059	0.8922		64348	70302	73728	58211	67667	63434	65743	68918	83074	93608		1293275	1375761	1199496	1182976	1453922	1257959	1470942	1245962	1160747	1434266	
0.8827	0.7483		78012	70955	88894	87416	87785	68096	68960	84370	80632	66451		1322297	1380839	1498854	1599594	1661971	1273672	1158887	1341464	1315952	1216897	
0.0628	0.5103		52754	47150	40480	40151	64937	43755	55972	53872	55466	35715		1636470	1695519	1269138	1368224	1509178	1160797	1552708	1347953	1582368	1152185	
0.6107	0.8469		55151	80663	61081	62518	66348	63745	64040	80232	80831	78135		1082177	1420014	1194995	1220471	1192055	1236430	1532485	1716097	1504346	1382830	
0.9019	0.7849		86919	65485	80572	75635	70082	70767	91041	72508	82708	86115		1309992	1316555	1460037	1369590	1275282	1244402	1624979	1422984	1673954	1557512	
0.6323	0.3981		63017	50358	49855	73380	56769	71083	53967	60444	57152	67310		1432616	1168691	1319761	1300118	1300413	1565092	1233829	1409692	1342113	1401458	
0.6495	0.9635		65694	60780	76678	55698	66155	71144	79601	71914	62391	77123		1179307	1327168	1221011	1163912	1538673	1357698	1437778	1207130	1121977	1262331	
0.25	0.4473		59033	43154	42226	41547	39646	53602	48973	57476	48412	61055		1531203	1266212	1434285	1101441	1079976	1321540	1121700	1305631	1458821	1439973	
0.5666	0.6458		70231	72991	56426	62611	56109	56099	60489	59601	49911	58988		1364244	1613424	1296623	1291649	1347619	1400100	1292142	1251572	1114070	1237691	
0.4552	0.1296		46565	44471	51641	57408	61530	49312	47024	60709	56193	57943		1474327	1333485	1385593	1190454	1393529	1233515	1540381	1516491	1383076	1614370	
0.3186	0.2884		43156	54007	51755	58851	60114	47714	48683	69293	43062	41367		1533010	1210970	1157170	1300384	1195743	1198380	1083915	1363802	1404218	1149891	
0.0571	0.8995		46907	45279	43881	59170	58805	46734	46372	41578	44824	41200		1211067	1375173	1263386	1471939	1515417	1352143	1239035	1046353	1171553	1122493	
0.651	0.9899		77512	60056	64878	78175	80233	63079	63740	62164	59154	65504		1571945	1141685	1173184	1558603	1591905	1387207	1320575	1168680	1136947	1306582	
0.4568	0.2986		57340	48127	50626	40689	47908	49986	46300	56243	47952	45495		1411132	1284827	1287159	1097854	1179802	1370472	1230439	1169739	1127090	1393440	
0.1505	0.1888		38350	59010	33688	54434	40169	38523	37917	35247	37222	42942		1421923	1430622	1073184	1532642	1523026	1331930	1039945	1127924	1127744	1282170	
0.4068	0.6131		60077	52784	57151	48246	48167	64850	65275	59855	64711	68541		1404557	1398460	1396458	1342969	1188139	1486533	1431298	1433131	1477906	1534608	
0.6322	0.2326		87571	50647	49428	51947	66759	43254	47568	50280	68391	47937		1443253	1495575	1203633	1326740	1444420	1150668	1313329	1045531	1346634	1143516	
0.9023	0.8737		68716	85141	66325	92559	79364	65128	89474	71732	67077	87062		1221981	1401782	1278523	1652469	1365378	1482401	1661267	1288970	1540165	1412201	
0.5069	0.7418		80707	54656	49802	70321	51119	75050	70010	55682	56093	65795		1501306	1241142	1134990	1415195	1121626	1275619	1413620	1189104	1328343	1320216	
0.1699	0.8292		53910	61708	53136	45112	44880	53962	43678	63293	47009	60880		1250706	1574668	1335320	1239510	1208796	1079004	1127704	1495060	1205878	1612906	
0.1962	0.4941		58475	45059	52151	38638	57804	45432	48782	38050	70058	40596		1445122	1252467	1289664	1480215	1691690	1442142	1477471	1132094	1326436	1221752	
0.9392	0.5041		81673	58922	65651	59455	65389	69068	61216	68850	57588	67237		1394486	1266257	1315662	1319004	1228992	1391337	1390706	1403961	1276793	1362491	
0.8242	0.998		98988	73394	77794	97492	83358	98277	89470	72072	86230	93452		1623238	1291067	1362185	1494909	1525180	1564601	1448638	1180391	1587014	1417359	
0.8235	0.0758		62547	52959	50279	67851	52633	68800	53993	64300	65005	68103		1520566	1209216	1258645	1477217	1216721	1354789	1186325	1383851	1375131	1245732	
0.1081	0.3619		53506	43937	47608	45114	36205	33430	40197	38544	47860	37276		1590249	1270165	1400502	1338665	1000969	1088072	1465370	1304980	1257423	1146633	
0.6417	0.102		86572	50252	45627	63680	55187	76787	54413	56339	68937	46485		1664299	1245333	1334126	1516867	1514715	1399773	1312703	1461177	1513220	1285424	
0.763	0.8802		66305	85051	83753	81880	64089	56408	62161	61676	67615	70815		1202025	1743508	1609774	1491120	1235963	1057010	1125889	1388146	1178989	1539837	
0.6984	0.8713		66662	62091	78670	64684	85652	59995	59680	57729	60710	60846		1346406	1325066	1426200	1315096	1360351	1241444	1048410	1077238	1223851	1287700	
0.1915	0.2984		52466	50990	35611	43216	43732	36511	50417	35929	56350	42237		1565927	1387980	1222304	1258447	1264252	1173571	1311605	1169983	1511425	1370874	
0.7413	0.9333		85431	77681	60476	71024	79235	81866	68556	78603	80594	79657		1503470	1523875	1293930	1469797	1517542	1535975	1387322	1304441	1475239	1358991	
0.3886	0.1311		43950	45350	53266	41337	44875	46373	42241	42408	58491	36448		1433936	1241767	1625489	1303992	1344476	1091539	1144346	1195887	1462824	978752	
0.305	0.2828		44991	36916	49974	59177	63878	60602	44307	60191	38764	61135		1222828	1243744	1319157	1605935	1555901	1485958	1223869	1255352	1259930	1584690	
0.9032	0.773		83738	85860	82085	85116	79179	68806	64016	82900	77886	60011		1369801	1634979	1520896	1324658	1165024	1194532	1242674	1383507	1168781	1032831	
0.4466	0.871		64477	60268	61260	71514	60754	52382	62678	51054	51124	57344		1399305	1313023	1473625	1419783	1391756	1388234	1241793	1100031	1117105	1276979	
0.4894	0.9535		56838	55886	61919	83690	75233	56598	58911	74889	73107	81731		1303756	1524088	1433750	1418109	1437975	1209863	1208213	1615433	1437419	1583256	
0.448	0.6805		67340	70334	64583	53287	49090	47069	50240	56242	69343	46761		1478506	1611221	1663013	1325482	1231319	1200860	1320151	1424744	1350087	1176272	
0.4566	0.2164		46931	49863	44687	45133	44114	45857	49864	50826	57239	53667		1273627	1247807	1268328	1162716	1184397	1193018	1248251	1335794	1287273	1470550	
0.8028	0.9468		74597	68829	69727	83395	83740	88457	82809	72745	60137	65426		1358085	1324351	1249092	1506014	1732433	1416240	1365501	1213556	1412804	1225642	
0.0888	0.8912		41492	59640	58919	44565	64585	42557	55908	59528	42567	41639		1069401	1467431	1611706	1561291	1564840	1265413	1352472	1274632	1193739	1196231	
0.6199	0.4127		59449	73400	49912	53257	57483	50260	64680	72387	77879	69780		1385137	1528545	1248037	1262655	1524777	1465569	1597285	1576302	1478352	1602509	
0.6354	0.282		52212	55242	70182	49537	60932	58198	60833	71498	63127	61508		1489677	1497497	1404194	1280797	1552572	1272520	1399063	1548182	1389712	1296092	
0.59	0.4615		80282	58683	51953	49858	45762	56523	64850	46603	51397	49922		1556442	1275055	1155249	1129271	1202218	1194901	1112413	1043311	1259824	1062451	
0.1458	0.5349		43812	55026	44081	42622	57721	39633	44944	57188	41382	44509		1279067	1352044	1281123	1323251	1320644	1140224	1185088	1402718	1147916	1203802	
0.9194	0.2786		61444	75705	56185	78458	62091	78130	64211	73993	57018	63385		1392660	1541946	1149297	1653134	1264659	1475715	1342787	1413151	1307007	1286052	
0.8186	0.6589		61931	79777	80674	64755	80203	83582	76294	80583	74693	71261		1281177	1575293	1592812	1302187	1472092	1495496	1361764	1443358	1344419	1294674	
0.316	0.7432		56950	62125	66158	70485	48767	74446	71442	65199	49165	46994		1577240	1681666	1777887	1465722	1391584	2123741	1804683	1332900	1290884	1216920	
0.1998	0.2054		39444	51427	39336	56955	46843	57339	52217	56118	57957	34871		1167713	1234396	1073208	1399934	1354797	1484687	1242206	1535358	1256426	1083886	
0.6615	0.8402		62006	84324	94147	79167	59350	87628	61834	62250	62746	72726		1206588	1499616	1688419	1265720	1378868	1352223	1295096	1233375	1413657	1583091	
0.597	0.5058		53590	56802	76432	50303	60367	70664	49912	56512	61921	71566		1472420	1456633	1401686	1134484	1353862	1398705	1123299	1318473	1451329	1476749	
0.0725	0.5975		60636	45321	65040	44433	64070	48095	56688	43727	43952	41696		1493542	1290779	1334910	1356872	1438012	1319648	1535446	1295381	1208600	1156876	
0.8489	0.8227		75543	82695	114788	62181	62902	62344	62632	63428	63795	63849		1275956	1684133	1612883	1270980	1178455	1191275	1190927	1221781	1265591	1244931	
0.9256	0.3379		56661	55779	56812	66831	77507	57179	58416	72983	77085	79272		1172071	1394862	1103494	1258107	1424086	1260974	1216995	1262713	1473582	1421649	
0.676	0.4224		74849	62463	62803	49611	67844	84476	53405	61077	57478	54999		1537018	1606509	1344853	1181874	1391519	1573047	1351979	1641589	1333498	1218923	
0.3188	0.5698		64747	64607	48238	44634	47733	44900	61857	68153	46250	52081		1474842	1467066	1224051	1130328	1187999	1114865	1343354	1430963	1260648	1304692	
0.4858	0.3095		54154	43282	69043	46074	58178	61623	63950	50832	60196	46258		1138244	1174987	1390096	1157400	1358632	1436241	1374279	1244206	1187492	1144698	
0.9211	0.4462		62865	63085	78281	67851	86678	62752	76856	59261	66740	68494		1226316	1404492	1520685	1274228	1459004	1242738	1280378	1236673	1311374	1432655	
0.1686	0.3092		53342	39847	54343	56757	63134	39302	54621	53631	55980	40946		1308221	1574244	1635800	1398479	1632870	1481852	1560992	1625929	1477672	1277209	
0.3972	0.6028		69975	46435	46299	52058	63790	59471	53339	71024	48412	63500		1450562	1302531	1596521	1245410	1259234	1349624	1393861	1428040	1253522	1366435	
0.5467	0.4479		52492	46203	54522	63021	86899	62915	71625	55094	72574	63263		1229443	1311934	1313053	1603656	1717187	1424359	1559481	1357889	1574969	1441836	
0.9205	0.4085		77687	82035	55408	84461	83117	80949	81877	64634	80393	75326		1463971	1445883	1094162	1435513	1484350	1337303	1682884	1518709	1249737	1091987	
0.7874	0.881		86534	86420	85526	69404	72816	70167	82009	60646	67360	66216		1624066	1540152	1579848	1407205	1390294	1334478	1376821	1023823	1222842	1266602	
0.9611	0.3117		92195	66327	66624	59122	52708	78390	67319	57296	77353	66656		1361695	1279071	1234352	1126497	1268807	1374017	1192113	1299337	1530012	1335220	
0.6294	0.224		38166	45463	50647	49423	54765	80852	61438	52058	67684	49246		904910	1235340	1334265	1244411	1471021	1361581	1378140	1170148	1461441	1157400	
0.3794	0.4102		39755	45338	61992	66730	48984	47669	62587	59722	61337	47057		1021602	1324198	1426441	1545083	1345104	1169722	1533899	1320995	1483483	1240501	
0.6191	0.2451		55484	64777	50791	51463	51149	51062	47803	65114	50739	57670		1306897	1448819	1368160	1337983	1275829	1195519	1203712	1543001	1584487	1544606	
0.9588	0.2945		66053	79878	61178	62982	66915	70455	68120	66040	60849	79625		1426924	1335470	1282276	1632234	1407390	1464063	1456209	1421896	1399228	1437874	
0.8339	0.6272		77833	63745	59391	82377	59690	59879	58567	51943	85791	65693		1493211	1744521	1403208	1597414	1224195	1270606	1536093	1237930	1537824	1292330	
0.1316	0.2246		53779	36637	38662	45133	42560	40625	37920	34107	35922	56028		1517677	1325357	1256475	1465591	1362040	1604249	1246050	1299618	1392564	1428669	
0.0821	0.5616		62689	38116	54679	40684	52518	67293	35827	33512	36726	38796		1586652	1216558	1391187	1310590	1572527	1435365	1209987	1277697	1079755	1371785	
0.8097	0.6502		65454	84810	72958	63866	81061	62662	77889	68695	75062	90453		1317328	1566831	1440706	1285498	1396090	1271878	1486568	1325103	1384336	1607144	
0.9387	0.4088		113724	75458	75990	67375	73334	63398	63889	64186	65879	65473		1538585	1344283	1302389	1209744	1607174	1203954	1172329	1196972	1302515	1346062	
0.0858	0.8794		41869	41425	43355	50018	37894	49725	45454	49805	41538	42382		1138936	1193793	1234795	1343326	1056778	1282454	1413554	1200720	1132417	1235255	
0.338	0.3536		47976	45679	44464	58117	60524	56576	47340	58791	54800	43984		1369416	1339957	1150143	1489168	1303036	1210134	1180593	1596337	1430656	1200289	
0.5032	0.2338		46125	95131	49322	66174	46265	62428	46749	69778	59055	47506		1131191	1323094	1324677	1352907	1139694	1477697	1214678	1560865	1415698	1165402	
0.0591	0.3939		32755	43101	36380	60049	40714	40292	50984	53796	47203	34702		1034635	1219497	1221383	1273113	1201300	1167177	1454762	1722442	1393516	1173925	
0.7233	0.3761		55091	55759	55882	55438	47496	52308	48916	54393	63298	46945		1223587	1226871	1276686	1183522	1096785	1134303	1076472	1219753	1273515	1229189	
0.3909	0.8743		71967	67028	55102	55293	67054	49266	56964	52425	54926	65504		1414110	1506769	1331300	1406187	1619713	1172165	1314623	1226984	1675960	1259028	
0.8393	0.3269		86386	73159	53545	81362	73287	75515	53459	64189	64285	57271		1558214	1615791	1155054	1491213	1542730	1447647	1129499	1190487	1396782	1340046	
0.6206	0.5544		60473	48420	51551	48843	55858	70582	57441	61359	75625	74038		1399686	1209788	1126390	1125928	1355075	1358087	1267938	1231141	1290972	1422562	
0.3736	0.6816		81141	44602	44336	51831	74377	66716	49986	53161	64462	66783		1346769	998334	1138368	1404173	1665706	1473348	1263265	1295967	1472214	1682381	
0.5512	0.6919		51133	70979	57400	53998	73777	73784	72564	56739	62557	75281		1137850	1484489	1245930	1306943	1460104	1474906	1639441	1239086	1379257	1504774	
0.4287	0.3031		70237	60768	45967	61388	55886	44354	63447	57292	61070	53692		1524159	1355639	1191493	1529302	1408363	1212030	1330987	1307892	1422129	1260575	
0.9312	0.75		67018	73930	93318	85003	84877	95831	87501	80625	65858	74858		1511658	1344118	1421875	1476314	1518376	1544557	1306692	1167958	1221156	1513785	
0.4277	0.9309		74826	79284	66642	73339	72521	54362	65430	57309	57063	71620		1602848	1398507	1496397	1425507	1554454	1183319	1599832	1232813	1407492	1555600	
0.5949	0.476		69102	60395	51855	53923	55789	61451	51600	66621	53959	51745		1190416	1229615	1242065	1232595	1185005	1132786	1179368	1185202	1285036	1230257	
0.1193	0.1584		38351	31639	41898	52244	50044	53504	39544	41798	52721	52441		1154747	1143451	1253770	1538643	1291327	1398804	1453214	1219716	1559495	1356130	
0.2095	0.8115		47278	50332	50590	48966	57053	63046	45569	48315	46855	67011		1189268	1281233	1315989	1242300	1184541	1247302	1328805	1256218	1196771	1522052	
0.0659	0.1967		44119	39238	43448	34596	36721	65396	31407	46567	40400	49350		1448025	1299243	1213129	1218223	1248001	1413173	1194136	1220996	1266193	1366730	
0.2497	0.0973		41930	34505	46982	56131	43132	55285	53976	45175	38593	41839		1336714	1283485	1303844	1425012	1518387	1409757	1215709	1462744	1151608	1205082	
0.5391	0.5211		48816	48660	64323	48498	51731	68612	67401	62095	58233	66404		1269769	1229795	1454007	1148133	1135007	1402118	1525767	1529742	1408587	1421989	
0.5426	0.8788		54770	57080	73814	63357	55815	75320	60697	77592	61613	82349		999969	1286271	1213259	1475254	1156337	1379642	1314672	1271749	1224265	1331714	
0.8315	0.3393		70391	62978	64461	57961	78970	74294	82454	63770	52680	78272		1499297	1418854	1493487	1404981	1434008	1435838	1476822	1360896	1107415	1589271	
0.5363	0.7158		57590	49678	52972	52406	48951	57025	53261	72724	88105	56546		1249075	1086674	1205682	1168091	1396832	1366563	1227163	1646477	2038869	1746368	
0.9113	0.9304		62615	81823	90752	70058	67998	61417	77136	87827	91265	84322		1294893	1276703	1501930	1235376	1402476	1217879	1460595	1457643	1660098	1158470	
0.8275	0.8623		62440	90997	83057	62744	66974	77659	58796	105685	76754	69739		1269442	1457755	1480546	1143830	1124098	1275596	1027651	1365157	1475513	1141477	
0.7748	0.3719		50839	50915	76851	57592	62779	53866	67132	53932	56235	65842		1312704	1149556	1243769	1376119	1703985	1392282	1318210	1453563	1498316	1333466	
0.2559	0.2129		41641	65771	50638	54942	59019	43998	43953	34989	37098	35408		1180824	1507554	1277093	1334636	1479447	1229642	1099217	1010505	942363	1231872	
0.6452	0.9142		64569	97003	56631	58928	74787	87930	62269	74451	53005	58940		1445585	1439801	1240663	1395763	1488584	1455186	1317260	1361613	1242646	1174262	
0.285	0.7025		46392	57842	50442	54879	45394	45756	40906	41449	64444	64597		1215832	1355571	1227083	1308624	1219664	1092854	1186291	1048871	1239741	1639861	
0.8385	0.3299		69249	63297	60685	59350	55831	52337	73217	54024	69961	65613		1567926	1532032	1323442	1246209	1276025	1138063	1588979	1402960	1321609	1435380	
0.1728	0.8483		53447	45525	49054	70027	45275	41019	51669	53147	61099	52398		1560364	1259531	1305435	1428607	1185062	1155246	1248866	1451891	1391698	1347164	
0.3583	0.6624		55380	54095	50851	54181	50306	54047	54151	45154	58777	68535		1345932	1351194	1189662	1297993	1439880	1397877	1278761	1348651	1378398	1337930	
0.6632	0.9547		64607	63904	78150	80804	82005	78217	66219	65278	60263	68989		1265566	1247596	1343457	1571296	1488113	1239467	1478716	1333202	1197639	1192401	
0.3838	0.8117		49323	74280	70097	65301	58075	70014	70981	60009	58344	46730		1306949	1519985	1455527	1108759	1412786	1395717	1351579	1401681	1406662	1162418	
0.7305	0.7665		88179	86195	53799	63118	62981	59648	67459	58772	54290	57877		1628415	1520555	1036091	1157582	1301746	1147744	1187649	1016139	1015267	1194179	
0.4977	0.4057		61111	78525	73437	55779	48943	59555	57676	60394	58168	68484		1519046	1450502	1592417	1319722	1277860	1332519	1433732	1611868	1507677	1466925	
0.0932	0.1478		47191	36968	36350	36032	34216	48999	40183	32017	35867	47036		1300778	1166255	1139395	1106798	1136641	1159603	1113955	998084	1228687	1440573	
0.2128	0.3657		37573	48410	69322	35992	47803	55247	39986	39276	48457	43495		986823	1266028	1481662	1087812	1252016	1376377	1090856	1084594	1437751	1348380	
0.9116	0.7695		78275	85327	66134	69322	88851	72004	70138	67356	68872	72439		1277218	1663936	1393212	1391482	1182449	1409375	1217736	1247073	1269940	1351537	
0.6215	0.6954		70834	54711	57761	55795	59443	78805	72577	73407	63287	125096		1513503	1208443	1230797	1194485	1296767	1643518	1316635	1254452	1490520	1347539	
0.5662	0.4293		58307	50118	57392	50530	69289	49944	58458	66827	58452	49309		1307265	1165421	1585649	1215919	1333833	1244922	1278876	1522949	1333619	1294480	
0.1121	0.2164		37007	53899	46618	38807	34922	38268	35848	39625	42019	37526		1267302	1361840	1524794	1425119	1259037	1212067	1334365	1163689	1203358	1348433	
0.2955	0.2945		42130	50196	47039	46310	63379	48945	60090	50874	46844	39690		1327798	1481553	1283935	1171082	1440076	1262591	1544784	1507050	1243692	1258480	
0.8706	0.2301		53819	73048	68847	59176	73255	56915	53888	71061	69598	59477		1252490	1304961	1494626	1233040	1479789	1290919	1210655	1376351	1328759	1451848	
0.1448	0.6304		44580	42798	49222	37526	44421	42220	41564	43239	44315	55098		1218372	1221468	1131046	1112960	1183697	1342589	1424520	1230470	1258171	1458638	
0.6845	0.0537		77933	69905	55959	46914	64041	56561	47621	53935	64943	47874		1445964	1531532	1365741	1567041	1632970	1373293	1227431	1216564	1568806	1225942	
0.2352	0.3321		47880	50785	53271	49384	45939	56730	54278	44825	42827	46213		1189380	1341030	1316510	1450779	1277556	1484207	1416882	1361339	1263304	1356687	
0.2525	0.9597		52249	68115	61012	71478	53516	58710	67298	50772	47381	49895		1352129	1447525	1518295	1401031	1387603	1306954	1348836	1317928	1239748	1354244	
0.9278	0.9098		76955	94651	131933	82216	96149	99234	89357	105474	71544	93115		1390994	1547639	1563408	1398343	1675604	1293160	1344448	1558905	1701550	1755099	
0.955	0.6827		93286	84883	84780	62903	64474	90322	73470	86041	85948	96510		1625868	1651781	1590206	1267221	1123433	1394831	1326609	1430760	1528246	1675083	
0.8185	0.9488		84205	78533	76729	80985	81381	79942	79629	89825	79795	75808		1704219	1306385	1169524	1217125	1303974	1388704	1449789	1450209	1306056	1220320	
0.3319	0.6979		63114	51614	64889	51214	46120	56867	67298	44229	47572	49859		1397733	1402057	1478182	1183508	1031937	1109127	1467491	1145895	1128394	1101854	
0.4943	0.6336		48519	58747	50269	56692	61770	56761	57158	47028	69073	62803		1184284	1499549	1262769	1276309	1355282	1254768	1336988	1090661	1645257	1511923	
0.9423	0.3386		63385	70449	83788	90018	62813	80801	62307	55933	60616	80329		1409370	1380741	1665816	1469321	1290091	1774532	1281747	1203108	1311512	1603843	
0.9555	0.4286		79096	80002	74061	62992	86404	59010	65211	79064	69344	81239		1541810	1459252	1221572	1312992	1471085	1178029	1380677	1353638	1249899	1437922	
0.4742	0.4526		50978	60273	52250	49404	66108	48703	42942	66332	51344	65937		1516694	1443088	1266608	1132223	1562856	1225274	1216727	1509400	1320635	1259785	
0.8388	0.7895		67424	57232	59822	81695	84375	67212	62261	59803	68463	81946		1458494	1220523	1174007	1648293	1727875	1606884	1169255	1259984	1333440	1583058	
0.6844	0.305		53105	81149	59844	47445	68903	64968	56226	54444	47232	70465		1218969	1463353	1268388	1079629	1456014	1398144	1262686	1175466	1100746	1253055	
0.3214	0.6311		60903	48304	73853	41074	45994	48705	43233	47018	63042	53710		1309248	1442459	1444321	1151599	1178950	1277601	1209133	1225520	1449093	1227492	
0.7378	0.5168		62051	71161	56504	54314	64698	68872	49432	55616	55199	54456		1624008	1348064	1275421	1433122	1352533	1211155	1096639	1214685	1134164	1282830	
0.8856	0.2353		58645	76406	76258	73658	77400	54010	72293	61011	59058	70802		1384133	1398469	1569164	1409200	1449943	1191762	1181090	1460939	1280121	1383975	
0.477	0.243		61280	45284	57625	49265	58877	46859	48314	80726	56448	47840		1714644	1265705	1422416	1253819	1320848	1197823	1367761	1466491	1442584	1384344	
0.2492	0.5917		58718	40687	69967	62792	57080	58165	45804	54146	41633	45068		1306321	1149506	1263116	1456375	1321377	1309078	1220789	1345941	1184001	1185714	
0.3642	0.4974		52911	66577	48598	54939	54286	46929	56623	50625	60684	76884		1288234	1417048	1309156	1538897	1439597	1241072	1434144	1319792	1429858	1371717	
0.2587	0.6668		55555	48896	48604	48584	54539	40988	62488	60768	45446	70005		1169682	1284274	1278992	1315516	1373328	1229756	1463619	1569376	1280518	1461002	
0.5984	0.5695		56308	58584	69502	55709	55404	51226	63980	69893	56416	81475		1279177	1279280	1295409	1249654	1327594	1299835	1129011	1272087	1362006	1545770	
0.2534	0.7102		45171	56968	44692	58176	49250	64010	44501	46931	62005	47995		1323656	1194916	1256940	1477492	1528562	1645239	1246713	1271785	1600845	1344129	
0.5712	0.5797		50235	59104	87716	54174	63042	52213	49801	55764	53459	47137		1291741	1664690	1535746	1316502	1405184	1242242	1266143	1266368	1199891	1122590	
0.4482	0.7996		51702	62043	54133	50884	56335	52800	77793	56130	52813	56240		1510343	1349909	1174048	1439868	1240220	1307526	1659306	1324513	1192995	1286715	
0.712	0.1399		48740	49481	48432	66458	70170	50568	50149	79161	60617	51007		1164146	1264825	1218082	1300541	1464018	1211697	1157861	1531526	1384547	1387343	
0.1989	0.4762		61145	45045	49488	57497	56107	40401	56085	47109	58762	40907		1580566	1335386	1481669	1490676	1371310	1285871	1196764	1523944	1481064	1260757	
0.9401	0.3814		74785	65835	70727	67995	75942	84374	61172	88976	61267	63599		1488265	1334661	1407686	1277015	1417033	1594352	1287116	1384023	1395311	1214226	
0.7976	0.7032		75435	54761	61922	55734	111178	59553	73863	71361	66920	59686		1289665	1102664	1147134	1007351	1318581	1165719	1201843	1167242	1243047	1178196	
0.9936	0.9708		69253	72199	75411	99303	88854	87848	94715	91769	63567	69484		1344256	1223464	1326351	1291058	1245082	1268422	1551364	1400496	1172074	1298645	
0.6677	0.5958		54259	58861	56646	68749	59450	56411	53550	85889	60713	69670		1319753	1322083	1200019	1190417	1278178	1191322	1201110	1404489	1306139	1335786	
0.5854	0.6294		56085	73248	62120	69317	50010	66418	79458	56654	53383	48489		1367858	1407976	1326737	1436725	1204090	1407741	1523668	1216351	1380616	1107938	
0.4913	0.1591		61427	51689	49743	67962	45830	43794	51612	40897	46044	43232		1432007	1271009	1332477	1567856	1261751	1178188	1228387	1263473	1384871	1173873	
0.4636	0.9905		83318	56308	78403	76692	67336	62496	57673	54506	55567	57330		1614174	1419845	1684212	1699142	1369729	1341950	1299835	1255560	1126039	1227103	
0.9771	0.8845		69483	79398	94541	102427	75823	68444	80413	72774	77346	74090		1154921	1452984	1655922	1627740	1297845	1307825	1337453	1182241	1349925	1206193	
0.3387	0.0957		42115	43806	41082	50904	58247	46110	50843	59483	50536	61332		1199032	1101468	1340181	1342193	1385388	1208187	1317980	1384980	1410225	1346074	
0.4261	0.9393		68034	74511	58675	53951	82256	53738	62066	57089	47823	58051		1529576	1406299	1379753	1216785	1323241	1404650	1264144	1261380	1079378	1201694	
0.4667	0.3337		62263	55457	63240	58782	48600	56627	48598	44182	41239	51810		1462652	1282045	1472576	1166079	1162284	1376385	1198282	1038390	918529	1399201	
0.0965	0.1122		34970	41223	34725	53704	39480	53808	52336	39716	51820	39725		1167807	1161363	1110730	1194403	1255026	1341565	1471569	1497218	1335913	1384224	
0.5336	0.9665		56135	70387	75889	76310	46511	52355	52136	56938	57011	63174		1356712	1451871	1595586	1367404	1223328	1189732	1021755	1220013	1169244	1445061	
0.9594	0.5694		59280	72457	61889	61287	63602	70953	61009	66519	81445	75383		1317339	1612558	1514345	1262100	1573785	1427775	1190636	1555829	1426666	1450035	
0.8199	0.6446		59608	89581	66773	60110	67611	65200	55532	64181	80259	90894		1350167	1280234	1164734	1243199	1616687	1391025	1113431	1412544	1519880	1459120	
0.2086	0.4336		50490	43687	41158	57695	57256	58263	40840	60240	57652	39932		1353961	1258151	1329310	1291534	1186469	1415814	1076226	1127847	1333428	1152171	
0.4612	0.5507		46846	47190	44324	64322	57293	44432	67667	50255	62206	62098		1072980	1184703	1381575	1478454	1373530	1239945	1647188	1341713	1331641	1435256	
0.5547	0.3283		47288	56105	49521	69418	47546	57262	50024	45740	54318	46686		1336923	1565908	1352626	1642832	1269440	1425856	1296965	1123085	1328602	1157404	
0.5702	0.3369		50959	65131	69588	50291	73162	60629	52007	63425	68304	68424		1424907	1629351	1341143	1154200	1342169	1220745	1349879	1302365	1575323	1388035	
0.1007	0.17		51445	33528	39821	52666	36633	32581	52288	53470	38746	35005		1705002	1182623	1133826	1332766	1214270	993990	1655036	1491643	1239685	1188486	
0.128	0.4677		42889	43507	55142	39692	40074	34480	54126	45714	52532	52885		1301239	1200159	1365214	1192913	1204074	1182318	1490230	1241801	1171453	1415802	
0.7406	0.8059		74474	62431	63758	63157	62386	60474	79142	79280	61304	62047		1291458	1209159	1222204	1449333	1451839	1280889	1455959	1415299	1316640	1381711	
0.4371	0.7651		55924	67913	67062	52849	63692	51317	51642	55839	51864	50195		1232446	1539037	1362970	1199417	1241891	1154807	1125947	1113924	1096280	1213217	
0.858	0.2415		48769	52638	66485	65598	65937	72540	71207	71755	73501	63146		1367794	1259346	1313797	1460086	1389649	1663787	1609174	1679155	1555196	1732477	
0.7196	0.9081		60000	81610	88104	80678	75275	61789	71296	60830	72650	82146		1146024	1503951	1573671	1406153	1291120	1269130	1347454	1042502	1674599	1567859	
0.8792	0.5905		64637	74310	68234	64563	66398	69942	59671	55240	75202	95684		1407411	1397334	1353538	1231892	1355609	1350449	1218815	1396767	1637612	1641004	
0.7614	0.4605		54745	70062	48964	54774	53918	56420	59231	54998	54959	54978		1393855	1196453	1129336	1159257	1147582	1173911	1283060	1158910	1117837	1134724	
0.4882	0.8269		63052	69890	66884	63023	55772	55411	56324	57590	69135	56958		1428381	1626157	1425431	1471818	1392350	1298274	1323122	1322168	1345493	1270250	
0.6681	0.0736		55738	50403	45287	50144	62754	64946	47593	48027	50846	51308		1237259	1340695	1248988	1307451	1322589	1440912	1177807	1345050	1251261	1205735	
0.1738	0.405		43639	36551	57506	51550	48467	49773	38806	45183	56907	43989		1077330	961513	1481702	1339071	1297837	1480534	1195892	1263376	1392768	1292471	
0.1513	0.3722		40894	52494	39296	49190	45310	53302	38195	46326	53397	53689		1257154	1587088	1263816	1490177	1366534	1389051	1147614	1151488	1289334	1495130	
0.8857	0.4263		62108	76195	75119	57514	59642	63242	73859	66346	88488	53477		1682842	1359956	1355432	1176102	1233344	1308675	1152120	1358910	1488974	1136193	
0.2503	0.2088		45334	35857	56114	46784	55664	56270	53921	49776	58010	57704		1242230	1070975	1537162	1235293	1315973	1595254	1439296	1417414	1579799	1436313	
0.7454	0.9386		64452	67983	88999	67725	64531	71662	59419	63119	61169	62189		1180143	1261520	1320892	1202082	1255964	1250322	1236954	1245270	1154285	1244813	
0.9667	0.6461		66479	68387	65015	68501	65473	76512	69050	83145	64699	59531		1440893	1372017	1682881	1374736	1278447	1357121	1306176	1604330	1402339	1093163	
0.9891	0.3383		59721	56310	77520	68340	57724	65936	79150	79213	52054	59457		1456142	1226513	1531439	1250923	1285832	1298209	1675607	1710681	1143714	1287423	
0.3938	0.9561		75633	46823	69118	56667	58281	70477	69105	51127	59656	74444		1235364	1208653	1427873	1473816	1580565	1251983	1494573	1044736	1230179	1760968	
0.1794	0.5528		43496	57436	45488	41625	43609	53043	46413	44962	51221	41404		1263402	1402944	1280436	1217736	1218921	1367839	1352013	1292572	1270493	1310176	
0.8355	0.9227		93116	88265	90795	76048	69822	85962	87433	69976	71559	68931		1456578	1621215	1615481	1466091	1356977	1562017	1391274	1345820	1317061	1231823	
0.4411	0.1852		73269	66169	48255	49167	54979	65023	64799	48909	56189	54541		1361365	1434575	1147066	1379713	1269180	1416151	1570642	1316385	1388141	1328587	
0.8565	0.4553		60843	64716	68594	81100	58659	60216	54415	72431	74647	63058		1648734	1407390	1254168	1774193	1322886	1082613	1108361	1581124	1494420	1223778	
0.999	0.7641		80749	79061	86164	76471	67127	70119	102911	71654	61574	63446		1497176	1572650	1494327	1366709	1308000	1252844	1727823	1350289	1059883	1166788	
0.9313	0.1131		51921	61039	74956	66119	75401	54129	74679	69044	53324	75486		1298198	1344001	1637850	1378740	1463556	1280592	1604312	1500399	1471946	1565764	
0.7911	0.0606		57210	43414	52555	46293	61619	44779	51739	45615	58529	70758		1245102	1303522	1258004	1051658	1192284	1159594	1384794	1279747	1410543	1499886	
0.3875	0.4299		53371	54993	45982	68174	45219	49820	64416	45008	49219	49548		1482132	1514405	1250445	1331187	1159493	1375005	1345743	1127963	1264568	1163971	
0.5631	0.6784		55837	71297	52479	64202	60768	69393	70587	56091	68710	65847		1157604	1239582	1090934	1288754	1305054	1393306	1327351	1273855	1247866	1393422	
0.2746	0.7352		44937	49006	62845	61271	49553	55131	57290	52237	55176	61224		1653604	1386754	1438971	1462948	1331775	1462188	1425836	1335999	1347282	1364307	
0.8303	0.3034		59859	74448	75191	72468	72529	50103	61164	66532	56382	62204		1591859	1496094	1292992	1647244	1529397	1116791	1234282	1498117	1553883	1308547	
0.1412	0.0711		51270	48494	33037	36266	48913	37112	39646	45870	39996	35243		1469621	1324687	1326525	1235877	1407221	1220616	1503448	1253220	1486597	1163025	
0.1725	0.8848		49126	68733	62060	60106	46178	48512	41948	41058	38390	71017		1286797	1406207	1607207	1524538	1154178	1426567	1174438	1034745	1072382	1351075	
0.2633	0.0832		35950	44008	54848	33832	50919	39772	53457	53374	49312	53269		1156887	1543214	1480259	1158102	1218484	1128701	1468829	1508685	1372983	1411562	
0.1272	0.1459		41040	52314	48292	45023	38200	40579	57658	44572	51131	53226		1477590	1594131	1534854	1266563	1284792	1316956	1597714	1474568	1335182	1282539	
0.3888	0.319		46434	52468	42594	58953	59523	62832	61369	46422	47340	45871		1266556	1285386	1171602	1317954	1503620	1493851	1176415	1273417	1301368	1282213	
0.2285	0.2208		53962	41281	45603	35926	44237	39129	58067	55918	56747	40187		1666239	1267693	1202499	1058932	1239584	1206156	1209218	1532331	1439158	1374959	
0.3515	0.0775		61011	39775	55011	38588	47680	55094	41347	40956	53942	54768		1359168	1160421	1545413	1196987	1267824	1574726	1321652	1275920	1471841	1453799	
