12	13	
0.1139	0.9401		91598	104376	87210	83755	78177	93077	76180	95491	71481	69010		1533076	1530509	1369030	1388400	1339147	1745137	1258934	1423836	1387569	1395416	
0.8683	0.6467		78460	87967	73628	93793	62581	86256	61873	98805	68647	73067		1434165	1179019	1314522	1338167	1212980	1332560	1017751	1349641	1056406	1110653	
0.1235	0.6055		69217	71569	102570	69975	96087	102522	91621	59952	71521	77397		1290031	1308338	1466986	1229933	1517916	1381132	1431512	1283545	1117407	1366898	
0.1329	0.4736		52394	57838	48835	67777	53497	47910	47392	56788	39054	49973		1410058	1410203	1372097	1722283	1405343	1334753	1378350	1281074	1222992	1227886	
0.5674	0.2981		86294	87113	68905	89307	77908	92331	97876	63846	81091	83981		1423223	1384706	1276589	1608933	1584681	1509267	1679538	1318437	1343222	1639462	
0.9725	0.0529		63885	68529	80603	101207	77148	109224	77234	100213	69642	85777		1236324	1370966	1384147	1312603	1243600	1474567	1294589	1607957	1207898	1290396	
0.7374	0.9049		86099	87653	93385	107864	114348	72772	87793	96251	96841	78639		1463915	1693551	1449923	1538380	1588419	1203219	1436459	1551093	1572320	1125148	
0.5513	0.6738		56282	64042	68550	62448	58318	61561	77901	81737	59389	68257		1025715	981458	1197574	1006778	979827	1043558	1150074	1184003	1103440	1108094	
0.4137	0.07		54869	43478	43026	46594	57939	54187	41673	55036	54133	54334		1375815	1116685	1104778	1258597	1326663	1257394	1305730	1217071	1300129	1526727	
0.5574	0.4926		73295	90425	92474	72899	107950	85645	93247	88657	74315	85183		1380227	1159570	1192722	1239160	1418953	1287729	1368384	1273277	1237622	1376987	
0.0575	0.957		92447	84948	85594	77115	82660	61191	85808	60283	88192	84743		1538640	1500307	1391326	1532881	1382852	1331947	1508098	1267466	1461092	1551824	
0.7683	0.7703		96013	84129	98965	64682	68162	99637	63081	83861	86286	95812		1284716	1228466	1417724	1042891	1021999	1386707	1039339	1222140	1178890	1294796	
0.8016	0.961		80619	92451	73007	98261	70740	81847	81063	80930	84186	65768		1537494	1527758	1238763	1403123	1249655	1481114	1396757	1408936	1257656	1328119	
0.9229	0.0705		57906	92121	91167	63957	66630	62871	90471	78025	69811	64824		1408861	1487661	1480161	1119281	1337789	1059622	1251768	1298760	1428745	1340800	
0.0681	0.2		47664	76944	53704	63292	46750	41740	53898	53852	54172	54461		1172825	1489985	1295905	1501560	1499670	1001344	1329540	1212321	1282666	1234657	
0.1212	0.259		63546	67144	71449	62520	76543	46195	69373	68511	65074	79434		1572642	1252963	1341823	1278628	1529205	1175780	1380629	1378501	1452988	1280951	
0.083	0.9417		77845	80783	50475	51213	74093	51229	56882	64722	80217	58651		1592699	1593513	1368556	1361463	1467895	1393794	1467570	1315438	1371535	1220347	
0.502	0.0501		71661	67686	59783	62207	78397	83120	69292	68183	90174	53641		1421068	1234699	1106506	1180439	1319991	1289896	1153749	1475841	1504802	1056795	
0.159	0.5968		44740	46392	51151	58375	50303	65252	58038	80658	42621	73662		1227905	1151843	1271591	1246264	1272912	1326977	1346595	1611657	1187727	1222618	
0.5438	0.21		87508	63771	89794	71914	73599	101230	79878	68670	98357	98329		1669306	1338126	1511154	1362384	1447302	1478103	1283597	1321479	1380570	1506619	
0.7042	0.2218		132004	55382	89862	53341	61397	77042	54589	60468	48192	46206		1699277	1343429	1521942	1218614	1373284	1301467	1289106	1298005	1170950	1086457	
0.4085	0.3032		85473	60963	83587	72223	56307	58184	62048	58833	74206	70138		1444836	1475901	1347860	1235523	1179999	1244583	1386382	1195236	1278978	1315868	
0.8302	0.9056		80713	85023	95542	91532	75829	75364	74974	101776	79915	89327		1220212	1270590	1570535	1368453	1187638	1126195	1214969	1353876	1302525	1288396	
0.818	0.5576		73268	98504	85887	74098	76396	72036	61855	72119	71064	94685		1368134	1447885	1529857	1340088	1365637	1329870	1204881	1303858	1387535	1255074	
0.6713	0.9986		92213	101121	96796	88496	71356	64530	81850	66544	71914	79068		1505077	1530069	1281361	1765903	1191330	1076401	1237987	1219514	1148132	1480835	
0.991	0.7154		108327	113836	75540	101139	87062	79517	92913	65461	97494	88998		1686585	1405331	2166333	1505240	1389539	1687508	1766446	2340638	1629677	1285272	
0.9793	0.4491		94074	76776	92189	89333	70157	54252	70066	63896	72078	135155		1450212	1252859	1345372	1571843	1217880	1088387	1226983	1161410	1577809	2008843	
0.4941	0.6402		83364	94895	87140	121169	89223	107692	69952	62513	73592	158602		2000551	2029084	2135702	2040048	2276354	2348513	1152771	1168165	2276820	1849542	
0.9347	0.895		120719	89159	90013	77743	115013	102666	79368	71387	70497	71742		1848059	1466263	1390254	1395563	1508589	1456696	1372512	1361564	1289677	1463456	
0.4919	0.4294		68508	67248	59980	76423	73790	64440	105496	81969	75527	82817		1574879	1213972	1086098	1360759	1481064	1323508	1650511	1436826	1430651	1507554	
0.0926	0.1441		64062	54881	64931	83054	55038	78477	71284	59744	81966	69515		1441681	1317618	1283872	1433321	1063249	1290423	1225633	1211446	1267058	1189687	
0.2985	0.6131		94022	88497	66161	81401	88472	85132	64571	95214	57914	66610		1622857	1615218	1279156	1279476	1460286	1456546	1426748	1663170	1269773	1381923	
0.0744	0.2251		93900	90962	67604	83669	103804	88420	75782	89509	68065	82667		1578767	1676972	1349588	1423390	1625292	1689303	1645174	1426749	1507784	1247505	
0.9165	0.083		106824	93315	61378	68830	82199	66521	92563	90316	85358	87458		2126776	1571849	1121177	1442886	1618960	1529470	1537678	1331730	1558591	1488088	
0.9318	0.5467		75470	66453	71972	108963	82685	108055	113901	94081	68381	102495		1364980	1880741	2243332	2435938	1400833	2439309	1858646	1503621	1371533	1429283	
0.4637	0.3982		88143	67902	57501	54908	102153	52146	59069	58755	76734	168899		1743620	1649146	1235829	2019303	1636856	1647762	1458746	1587838	1482317	2618985	
0.5562	0.4353		107274	89729	63573	80527	77604	58688	59680	74463	75306	71210		1487118	1758868	1365081	1148673	1036024	1014002	1226603	1217447	1526497	1254923	
0.2599	0.0826		91661	71737	65360	52191	57354	56372	60498	63988	56570	63330		1259225	1250955	1322749	1249534	994822	1207348	1230820	1302980	1492268	1346983	
0.3515	0.9834		126069	83698	86132	104732	73655	78218	71999	70743	72297	86385		1665559	1312134	1402958	1453637	1268801	1296437	1199008	1040584	1243466	1486101	
0.3942	0.7353		88341	73751	64275	62301	88899	89785	264237	70606	60598	89127		1533154	1295736	2307714	1663044	1654471	1968997	1799027	1333044	1185015	1201365	
0.5965	0.0525		112217	65089	50274	64147	83747	54025	54177	54788	52795	95345		1571675	1366771	1385897	1365022	1519594	1308217	1245408	1328861	1130120	1537414	
0.8462	0.3804		94976	80086	76155	95601	113509	105179	96396	78508	76023	76396		1315760	1310102	1374947	1449745	1734703	2064621	1715767	1568059	1220204	1521052	
0.1408	0.0697		61363	48196	62932	79997	47222	79251	64341	92842	46926	52771		1255886	1387913	1475574	1398833	1056714	1327334	1466874	1756056	1206776	1173320	
0.0673	0.977		85033	181566	53978	65376	54588	60407	61908	65489	80834	51191		1278452	1859380	1519029	1282716	1743850	1572298	1509134	1481111	1532169	1191240	
0.8772	0.5418		77780	94960	74316	69499	91572	81289	62129	77052	77929	63951		1409874	1498271	1638383	1588360	1691869	1330306	1162483	1176831	1293354	1336490	
0.0866	0.2822		84267	54553	83431	52537	54800	63404	74832	71949	62454	61402		1750369	1498981	1706904	1203153	1393955	1357301	1815376	1156139	1328231	1503659	
0.604	0.8616		73964	88950	97492	100156	90703	115726	96076	73192	87065	111684		1148770	1385537	1478412	1463417	1492844	1581014	1553024	1161323	1249524	1455840	
0.2128	0.2075		46967	92509	45454	51416	152043	46519	54361	71048	57100	52684		1283779	1449906	992675	1306428	1454035	1146816	1246033	1434843	1152779	1232355	
0.9601	0.3628		62367	75275	80424	68016	63444	96822	78022	62670	78719	89656		1161307	1309739	1226703	1268772	1345976	1512051	1373917	1257346	1434359	1404070	
0.9218	0.4444		88533	80752	90830	98732	81427	62076	56694	63154	72557	79639		1498679	1396253	1450634	1445497	1578165	1415504	1111896	1140282	1192537	1180494	
0.8636	0.6981		70934	85987	81965	92859	83088	79293	68551	74791	71197	77096		1437264	1334808	1613285	1524782	1867609	1583174	1305368	1160028	1450212	1543913	
0.1744	0.2435		66917	83276	74277	56811	71195	74194	70535	52671	62278	56337		1452547	1357099	1382510	1103215	1269971	1454629	1262880	1072495	1195845	1261340	
0.5476	0.4906		84995	50652	51091	58110	58887	81197	57022	59020	60167	69941		1413592	1300732	1008951	1200381	1243001	1482056	1199707	1407131	1586859	1468147	
0.1294	0.6633		48755	49863	50366	50328	41842	69998	53460	66001	76289	57143		1201561	1267777	1395905	1175070	1183978	1322302	1087722	1266921	1540789	1357267	
0.4776	0.0991		77141	92276	82731	61499	61500	63977	68030	60713	86738	80152		1941457	1843329	1354319	1313872	1356027	1305936	1372281	1585393	1507966	1437163	
0.8191	0.2047		106370	88766	122491	75298	106927	122032	96000	109376	147989	105771		1902707	1769825	1743560	1499805	1409666	1787642	1341168	1495753	1380896	1281329	
0.9975	0.8484		80460	51632	110701	71994	67776	82832	63930	57536	66620	89925		1392236	1612085	1812518	1374434	1343890	1461267	1106774	1081330	1428416	1502389	
0.485	0.2297		69512	99331	70520	59233	61635	81162	63408	82803	73769	85626		1264654	1248023	1221778	1178705	1134518	1250568	1310551	1463750	1368242	1420037	
0.5824	0.7435		60894	89763	75291	62223	85887	87871	85843	102990	112863	63262		1498994	1386055	1262878	1237915	1182351	1526714	1325489	1587978	1333034	1038447	
0.9807	0.4414		93081	99403	95573	81206	103470	200149	105819	107845	106858	105479		1407128	1366709	1847360	1305916	1640835	2436793	1448858	1504609	1163975	1453678	
0.9396	0.0937		70536	72395	106246	71745	65210	76740	82884	80769	80050	69814		1355502	1385146	1347970	1331391	1405815	1404985	1638295	1345503	1284792	1341661	
0.6424	0.8112		88140	72599	93556	59492	59401	66678	96946	80850	58437	65346		1875285	1317360	1513921	1390835	1207137	1330383	1425691	1654460	1217084	1449658	
0.0806	0.1412		97533	51296	49831	54465	47474	49240	62110	46344	70684	70210		1764517	1366349	1210089	1308044	1361461	1294216	1363803	1657443	1438697	1568051	
0.9721	0.9222		78821	106468	88581	82177	75944	127806	121303	73882	80612	103724		1437179	1415086	1559099	1496462	1282939	1520677	1418437	1277369	1300765	1181202	
0.7073	0.6282		75530	64904	69362	83996	100884	82673	108347	104579	86130	108281		1349055	1130820	1534233	1631676	1631628	1367632	1750356	1538228	1591402	1462109	
0.3066	0.3507		59195	59864	53740	74210	77491	71342	69095	71844	62040	69853		1481528	1259573	1266360	1270963	1502862	1687123	1238965	1217829	1371763	1356628	
0.691	0.2554		102203	99247	63973	86749	76381	84180	79050	63069	90885	57038		1407667	1468197	1390274	1446400	1388368	1315698	1237047	1332216	1520772	1056592	
0.7147	0.8994		94882	66949	65363	62966	84941	69339	67051	68859	88471	79573		1540881	1171933	1024152	1110056	1452129	1293283	1172271	1141937	1363535	1220105	
0.3836	0.2883		105367	91755	96086	81008	67899	75007	60778	52527	82891	62325		1244495	1758526	1429489	1670385	1354092	1367149	1081894	1213765	1353774	1453163	
0.595	0.1918		116214	76391	68262	48444	67546	68500	58408	76482	47970	84275		1590055	1253219	1282342	1069375	1151733	1374622	1515014	1329041	1243336	1550674	
0.3152	0.6671		67709	56757	43239	49358	56679	54989	56076	63545	46190	50754		1315835	1246099	1089114	1129442	1300572	1319944	1421401	1460500	1178914	1157031	
0.529	0.441		101667	78777	92655	96409	68624	104108	104633	83298	88837	88215		1625675	1263572	1499208	1485516	1302041	1430200	1572544	1361414	1604183	1550470	
0.6914	0.4388		65129	63536	57555	76882	76479	52754	68899	85437	65307	88457		1291894	1199899	1172057	1251715	1250953	1111794	1359925	1246329	1207821	1405972	
0.4877	0.5152		60849	72399	56269	54932	65120	64073	48481	52956	56142	61982		1256078	1430639	1262835	1421266	1301252	1168627	1100542	1293761	1215687	1182996	
0.796	0.7637		80217	102948	78777	76119	81950	74979	85744	97373	75622	74199		1639372	1421518	1299813	1268878	1223528	1321683	1282407	1253093	1220391	1243631	
0.1707	0.6674		87504	59218	50007	56259	75229	52172	52473	66473	85299	73241		1350715	1304508	1080608	1215665	1206428	1062961	999413	1284132	1483956	1424789	
0.351	0.6925		70288	75785	92584	78035	70405	68609	73334	69748	62668	78659		1405113	1345192	1437500	1295795	1359795	1353178	1260108	1211684	1223526	1552880	
0.5853	0.5541		75002	83632	58332	83324	67726	95311	74247	70948	81873	60552		1394827	1177038	992943	1301523	1561709	1460852	1425347	1236892	1407205	1113239	
0.8598	0.7341		72294	80420	89050	72671	101782	79955	79482	73789	84816	79332		1168468	1406356	1152980	1209863	1482872	1209481	1188932	1166130	1330428	1161180	
0.4939	0.7289		79556	61682	96827	68242	73618	85648	91526	64737	59242	63835		1252110	1272142	1381187	1429521	1369873	1115801	1426125	1140910	1047008	1039944	
0.2412	0.9452		74048	52317	52505	61164	59674	60732	81578	54032	80853	81830		1319388	1150725	1321192	1204772	1398548	1354924	1544722	1421493	1337200	1393934	
0.37	0.2249		50620	97449	63572	65553	73240	54718	76804	87045	50345	69585		1427790	1501222	1527919	1339709	1351798	1274850	1417766	1596618	1076711	1233711	
0.6292	0.3508		66386	74007	66174	81647	78127	60144	60012	72778	79710	86706		1509127	1533542	1376434	1518983	1424819	1273194	1182779	1424437	1412167	1423262	
0.5784	0.2729		55957	87157	61042	50602	85481	71027	57640	66853	71299	82169		1190247	1522036	1249053	1063759	1358348	1313274	1257826	1317802	1297048	1257313	
0.11	0.5612		92226	85872	80932	78101	64570	82880	56974	79827	73630	97843		1648033	1539314	1497229	1394277	1401668	1287369	1273050	1378596	1424528	1721590	
0.8351	0.1707		59359	114669	72743	78438	95754	60614	64716	70689	93628	74045		1030667	1327177	1267895	1449105	1567294	1075837	1475547	1417809	1347079	1250461	
0.5725	0.3225		58906	71257	89255	69154	69820	66347	83199	83279	69452	56632		1262045	1353892	1611584	1273582	1335458	1523831	1507174	1497332	1416498	1177583	
0.2391	0.5783		54419	57780	50714	64128	47892	57242	83998	78248	67518	76245		1233034	1385694	1183358	1179656	1390037	1354865	1537072	1602818	1517422	1353046	
0.4491	0.0809		57162	89992	86907	67749	68061	90509	77663	73115	69161	61912		1146053	1223342	1461487	1148579	1507992	1559421	1515691	1289329	1329847	1219759	
0.5909	0.098		86563	106007	60205	55079	62295	60375	71947	80593	60110	52195		1572717	1394299	1309472	1175132	1159593	1288908	1425261	1435961	1306385	1179859	
0.2012	0.3584		50831	50739	44298	42315	58192	71197	47621	61210	57939	54000		1315267	1149784	1026988	1057158	1331294	1480271	1100597	1364929	1276862	1268127	
0.9822	0.4217		84126	77548	82293	87748	66405	66471	72251	96355	71893	110382		1381500	1248956	1573265	1401017	1098052	1133086	1202855	1446158	1273643	1359458	
0.508	0.3662		67218	56719	57489	62950	59858	46247	83212	79032	72938	57302		1386571	1332522	1303850	1250622	1370604	1206998	1329049	1539803	1321118	1404492	
0.6537	0.361		75897	80674	72608	66546	81599	60191	80822	100343	72529	64495		1399053	1296482	1440058	1577475	1345623	1230419	1575342	1309106	1158757	1073393	
0.6062	0.9508		85339	100611	127649	99185	71285	81222	85106	63772	73839	79148		1443358	1637915	1714944	1459701	1131171	1252139	1156008	1311610	1176130	1088922	
0.1696	0.4823		88252	71826	64204	78659	64844	51860	67551	54327	56268	53197		1708739	1361277	1339561	1578458	1518914	1262603	1545062	1255987	1248937	1151427	
0.9388	0.2886		67517	96462	100975	78877	93741	91532	62467	81965	78728	77039		1160381	1435568	1354648	1261308	1663780	1245387	1081991	1659704	1321284	1295170	
0.9886	0.9071		104888	75062	71310	71023	94700	87731	71094	81311	81107	62927		1503882	1253627	1285377	1239321	1297118	1269799	1146168	1239033	1259548	983930	
0.6115	0.1415		67943	58816	59788	92137	63913	60857	62793	89641	86132	55021		1486168	1265016	1325081	1687645	1292338	1258438	1405846	1658067	1650161	1172730	
0.2303	0.8612		54910	63670	88984	66367	66070	73025	64606	75998	77707	62836		1215101	1230891	1566929	1253440	1569211	1482045	1187157	1280082	1282094	1366889	
0.4906	0.2545		66241	71279	67694	54567	45510	72754	62613	50927	61418	49584		1533592	1331405	1551136	1360893	1149836	1453590	1325784	1169553	1291468	1189721	
0.7962	0.0866		74041	82625	89003	68896	107963	87090	83823	90051	84670	60785		1169095	1357552	1475702	1060064	1453065	1212045	1424013	1245488	1496964	1152645	
0.6864	0.2462		46856	66711	60051	45352	59458	57744	59109	68035	58364	56946		1212064	1355675	1226827	1047372	1119769	1274670	1238534	1396211	1212433	1267751	
0.8808	0.6655		65714	74382	84479	94698	70605	72923	70735	59150	54928	73910		1000451	1445105	1124001	1316450	1107899	1087149	1457518	847535	1130291	1173371	
0.5351	0.6853		83204	89765	73664	82472	96026	75402	94495	78887	84212	100399		1314002	1323420	1558654	1271608	1368021	1132628	1287415	1196976	1447221	1614064	
0.2011	0.4409		53945	46841	59554	66114	51885	48795	75397	57804	71219	66413		1245803	1070641	1259903	1242958	1161000	1219072	1578463	1224162	1169477	1248785	
0.556	0.1888		68723	69371	74875	60484	55787	64393	78334	60570	76481	55280		1226479	1285204	1359491	1251155	1161808	1374709	1273755	1286232	1324128	1220455	
0.4384	0.293		78397	88328	68708	87850	82310	62310	65978	73857	72704	65104		1483563	1670613	1288460	1465817	1454875	1221136	1185268	1190975	1272733	1438874	
0.7251	0.75		66219	61113	69154	64981	68616	83184	72559	84250	76885	92761		1026698	1181451	1268124	1166119	1214740	1485945	1486078	1294120	1223051	1451269	
0.1891	0.628		67503	55663	61894	56775	50336	69508	68671	47069	52552	68202		1248135	1341839	1167923	1270660	1130361	1318357	1391577	1199466	1371063	1438476	
0.4128	0.3124		55445	60037	60404	51033	62357	56977	50547	49650	58689	43398		1347696	1527051	1214838	1492792	1302997	1202101	1106113	1143004	1202653	1165796	
0.8622	0.3053		83293	71648	63700	74484	67012	85821	78590	75380	101730	76440		1435773	1216221	1131681	1226698	1153939	1391871	1328625	1246797	1634051	1377402	
0.8049	0.5082		73021	76705	65706	62885	89447	60897	65532	58647	79685	76567		1213121	1622805	1263848	1265205	1633439	1448041	1287478	1203488	1268562	1286067	
0.3689	0.4598		60330	81507	59766	72364	69673	77550	94145	67218	65802	65336		1133294	1479411	1244637	1142426	1252674	1255178	1417825	1255357	1177662	1200437	
0.7003	0.7484		73717	79926	62449	70372	73804	87714	70677	95345	71404	71567		1456536	1425541	1222263	1191053	1135084	1385362	1240038	1384101	1260474	1305852	
0.1793	0.8391		55332	73522	61066	74949	52204	60300	54625	56575	76432	62571		1376572	1657147	1420675	1402005	1203030	1347302	1239424	1390315	1320381	1368859	
0.9802	0.4192		96649	69723	71170	90279	97075	73205	71653	73555	89926	93147		1633215	1184980	1147806	1313291	1195533	1224252	1454919	1238420	1335641	1288153	
0.2509	0.3643		43398	47520	77443	60442	49329	49803	61575	63564	63105	54959		1242607	1475066	1426633	1286611	1160448	1149159	1379964	1444231	1337532	1617323	
0.7212	0.6066		70411	64102	70960	62189	84637	91543	88950	74592	72010	84126		1461634	1295486	1281377	1215460	1403457	1359265	1428254	1318403	1355363	1370307	
0.9504	0.1117		80154	72492	75860	75282	68223	94656	93990	77079	70929	75217		1305364	1246060	1295558	1324947	1285100	1542582	1421009	1520621	1244304	1596634	
0.9169	0.2354		78443	87954	61957	62514	83803	61417	74267	68581	69668	56493		1517539	1373372	1517332	1186214	1300495	1095151	1343505	1420478	1398013	1162049	
0.1114	0.6174		59036	73201	63325	55359	80031	74167	73604	62141	84908	58983		1229947	1541888	1295199	1093245	1272834	1334884	1304020	1294748	1439094	1245244	
0.2174	0.9891		65472	66207	64389	74252	73746	80797	68440	92766	67283	83959		1375035	1318516	1255842	1369181	1235332	1293586	1379798	1516662	1330028	1366734	
0.8713	0.8065		96148	99390	72946	89210	104785	73019	68410	84984	82893	70404		1621990	1286179	1178100	1238243	1260777	1279202	1273600	1286188	1189590	1076643	
0.3864	0.5434		58841	62270	83242	64685	79073	73916	63991	92826	58898	73694		1332332	1235916	1571155	1612777	1442939	1282473	1298974	1555736	1549095	1480663	
0.417	0.2642		62004	52085	51491	55581	75387	61207	48928	57255	45636	53765		1264898	1403994	1114134	1339505	1280138	1312963	1146828	1285630	1094936	1067635	
0.7147	0.4763		74653	76986	98622	107635	105928	70750	80612	67651	68105	61919		1303201	1240613	1369502	1538237	1711976	1186544	1161040	1317092	1224083	1153366	
0.9142	0.1951		74498	60156	52775	73993	87915	58400	59540	75975	63538	61640		1231563	1248929	1061534	1226046	1346676	1267331	1048234	1103583	1200699	1169093	
0.4552	0.8578		120096	122409	69318	72375	75197	78205	91269	90101	109985	80091		1411382	1594716	1109145	1117582	1246060	1207636	1292242	1275446	1624846	1456473	
0.8028	0.3078		58716	86175	60270	56160	59330	80005	60989	55729	67399	63092		1423734	1462291	1443933	1204850	1175865	1345519	1264180	1231383	1359562	1180588	
0.6849	0.8748		159600	114175	79199	77961	115994	103798	74270	84342	77947	74067		1644199	1609000	1202417	1259300	1500088	1466155	1131415	1275368	1168915	1041310	
0.6957	0.3177		69003	68383	88222	87894	78458	75619	71922	53032	57030	75235		1168597	1388783	1497726	1543464	1155980	1208623	1236069	1006124	1243801	1190832	
0.2832	0.9568		76699	61689	68963	54849	55199	74666	64261	65880	64429	78120		1226885	1226729	1169285	1058035	1083985	1232226	1290747	1285847	1200007	1297991	
0.1523	0.9992		54417	49029	85209	76856	63092	48033	80043	70519	59896	79332		1433740	1022568	1472944	1426299	1148793	1230654	1401263	1237886	1211564	1413809	
0.9062	0.7429		94475	90728	95311	84092	67143	77247	103885	79909	111475	91139		1439469	1416670	1507067	1248366	1003245	1151019	1343093	1367504	1709599	1264709	
0.736	0.2963		75965	71350	87140	87797	73804	72693	84595	64595	98853	78359		1439150	1273627	1656841	1725776	1554340	1447261	1663166	1340498	1506843	1186348	
0.4342	0.8046		92570	71586	68965	104338	66527	99814	82414	68117	106571	95458		1389565	1215505	1240681	1556497	1149973	1575999	1458665	1418460	1609254	1396446	
0.1912	0.519		66017	58679	53370	65614	70599	72482	71673	77830	79160	62555		1303241	1283692	1407417	1240540	1423214	1605581	1273550	1382764	1693723	1277887	
0.6543	0.8123		96116	95337	65310	73036	88894	66305	108413	83504	71392	72896		1578545	1493936	1235655	1379240	1370444	1300250	1473083	1247857	1250621	1212563	
0.4951	0.9042		85708	92682	64833	65023	50803	73746	63002	70206	60297	72714		1532708	1528504	1148056	1036010	1095479	1168577	1146909	1204627	1141537	1190412	
0.9815	0.5438		89123	96341	66964	68751	72861	94233	72878	68029	71800	95434		1676319	1334982	1196151	1225426	1291126	1387786	1098473	1209432	1365446	1301466	
0.4526	0.6205		65119	83464	63087	105666	69005	64248	94567	65687	83369	93013		1214330	1432642	1326491	1586228	1111799	1171283	1182933	1132471	1561095	1361006	
0.1876	0.3548		77603	94290	51470	82438	56389	59255	65341	85697	61789	54029		1494305	1498472	1170259	1315608	1281417	1343422	1408917	1416902	1331760	1216591	
0.0852	0.4946		79686	91844	70533	93209	77248	64027	87583	93833	78693	60676		1634595	1685434	1200580	1203369	1183422	1294793	1342730	1633417	1312124	1173700	
0.2349	0.2459		49357	70053	41105	60121	44381	47536	50336	38066	45729	72644		1481720	1551633	1259702	1362193	1063889	1171886	1213611	1189305	1206654	1550742	
0.0706	0.0583		88762	92039	75427	57066	59447	65345	51839	87028	66113	79187		1638587	1575054	1349117	1143478	1263533	1152642	1160195	1496125	1401868	1350167	
0.7156	0.1299		53214	67227	52710	57355	54505	68404	83827	48049	79007	79384		1254466	1501697	1518714	1391822	1219341	1562988	1616721	1519205	1276954	1585244	
0.7831	0.7211		81005	94940	67581	61960	64912	58179	75322	75389	60850	61190		1545821	1483869	1309411	1404490	1280097	1232499	1477524	1455735	1207859	1195340	
0.3987	0.6369		66627	59780	61177	53628	51004	56334	67444	74320	98858	71486		1503543	1423794	1558110	1214926	1215148	1273581	1256207	1339308	1471585	1309616	
0.3945	0.3211		55991	67191	61467	82289	54783	61031	61684	69797	84090	60949		1154434	1380783	1374881	1549734	1322986	1269251	1422625	1684081	1524673	1323586	
0.4359	0.2713		66207	89122	73165	65587	88920	71755	74822	72389	55806	65585		1418512	1538424	1397705	1309816	1515604	1270394	1549979	1367090	1196309	1196081	
0.256	0.7837		80900	74008	76427	58595	59129	54442	59192	51812	81907	59936		1521651	1362166	1267082	1143238	1238001	1105691	1224298	1249002	1572611	1329292	
0.1068	0.9038		58310	89322	59206	58977	57046	71282	70020	60398	58675	69244		1216399	1704428	1241269	1280341	1247600	1285763	1317788	1272569	1238773	1361651	
0.2448	0.5903		61175	54735	81224	60718	83586	73537	79055	54848	69834	76695		1327972	1288504	1527501	1203089	1474722	1513654	1303083	1398627	1413911	1463296	
0.4958	0.9703		93269	97441	70491	96147	91182	67758	73906	86493	82314	69847		1408626	1526871	1212840	1633246	1517366	1065096	1349507	1463161	1334395	1183264	
0.6133	0.5971		105484	90030	114888	96572	81397	82804	106556	93506	78435	85827		1743514	1332902	1543065	1326043	1503863	1400860	1541520	1279505	1311585	1537182	
0.352	0.9353		86632	77209	85073	81528	61651	85126	77556	59430	57893	57193		1535656	1426236	1423428	1251327	1363258	1364093	1328297	1254730	1074375	1186063	
0.7218	0.2873		58267	71660	54742	64267	55818	56009	62429	62767	65535	68413		1178053	1227712	1130405	1115918	1121928	1190635	1289211	1195917	1316653	1307222	
0.6118	0.1814		60935	87152	61610	65151	61359	57281	84166	71748	76487	50447		1234532	1495566	1194414	1124591	1213889	1161040	1527530	1222390	1247322	1406499	
0.9019	0.1928		68610	83788	77892	82201	75642	66376	79111	94676	100972	84956		1383174	1213650	1233399	1226141	1588769	1332039	1196554	1642677	1651199	1550673	
0.1732	0.6642		92355	80765	81509	66188	56020	73160	62373	77182	59800	90685		1400690	1327162	1485861	1225916	1134443	1288429	1138428	1159993	1374469	1330277	
0.8006	0.8757		94089	123026	78888	81487	74592	82806	67692	84942	74974	91165		1510943	1652060	1282132	1199334	1212608	1268295	1139037	1237510	1144543	1502276	
0.6989	0.8862		104014	93085	97862	82338	112475	81883	114030	94723	114950	112180		1386890	1493534	1518183	1348765	1570571	1280048	1651809	1607028	1631128	1632611	
0.3814	0.4158		70805	94346	91020	92294	99460	76944	91524	71357	64548	78203		1480422	1545371	1484229	1787198	1679450	1374345	1298587	1272749	1160556	1176763	
0.9571	0.2833		69941	65887	79585	70422	57924	57715	57054	79074	89062	58017		1284903	1498638	1286007	1290297	1254640	1182296	1157722	1493835	1444287	1323285	
0.8356	0.3436		81957	72657	68496	96335	104205	83969	74941	75124	73155	65312		1358913	1325385	1172669	1337177	1512739	1487609	1241417	1364404	1279306	1224484	
0.9494	0.8075		83817	78354	99482	82818	118016	109212	90950	112558	88668	93982		1397030	1445522	1556034	1413905	1606498	1689708	1414892	1583028	1370751	1508388	
0.0815	0.1811		72856	45023	69792	47960	45066	64306	43923	40056	48196	66958		1525103	1159226	1411354	1198630	1145438	1337646	1183702	1122404	1180141	1496478	
0.2695	0.3629		66202	62071	88633	62629	121829	51034	77933	64945	60925	60476		1243597	1271334	1357120	1392073	1657684	1453767	1386426	1491036	1263217	1400549	
0.3252	0.3258		60721	104592	100105	92948	68542	71213	90250	112576	80534	95490		1322808	1480207	1391722	1367292	1250465	1345361	1509840	1477652	1324329	1581468	
0.592	0.8405		55599	63487	96544	66705	64893	64481	62890	63440	80348	51888		1432016	1460020	1625971	1492562	1343717	1450800	1379546	1424930	1263293	1054923	
0.8249	0.5723		77545	104538	72694	93806	70742	69777	93099	87148	70895	63201		1473150	1460019	1289194	1402263	1267972	1503112	1438978	1280262	1263689	1301629	
0.2961	0.9071		63040	76599	67646	73472	71065	88850	76817	89163	63084	64501		1291681	1274148	1404405	1263603	1129138	1421243	1274907	1466930	1110407	1122007	
0.7379	0.6769		62684	55339	69687	61457	64414	62323	88739	66083	56264	57880		1144362	1098468	1213366	1386862	1217311	1194819	1639506	1354777	1015683	1094936	
0.7212	0.2713		61550	83995	68222	61513	84182	71274	53464	66727	66068	60162		1472345	1398646	1348063	1220734	1594464	1584458	1312929	1255678	1231822	1300035	
0.3516	0.2577		57466	62957	72211	73367	86423	67844	84432	69711	60857	68670		1225817	1351852	1336139	1323982	1361783	1419799	1284480	1304500	1262119	1315703	
0.8738	0.4209		65544	94159	92090	79225	81801	64944	77641	68286	84131	92082		1437243	1570434	1540372	1427820	1228316	1428883	1659425	1242506	1358494	1534320	
0.3512	0.1578		56884	59839	58586	46795	49669	53184	53603	74443	60466	75465		1299131	1283303	1241948	1203959	1369159	1252282	1344325	1546969	1508143	1626045	
0.4967	0.064		58173	46025	49533	50375	48867	52907	43763	67962	62276	78599		1253222	1081461	985048	1154221	1434173	1033603	926480	1255055	1239841	1583143	
0.5505	0.6775		65571	68378	81372	66352	66612	82457	96035	103254	73383	98380		1159085	1336723	1204624	1105970	1107882	1242281	1437098	1392951	1220260	1278850	
0.4818	0.4772		89916	85305	69821	75248	51349	59810	63847	62526	64407	56504		1584980	1704314	1378599	1376407	1228590	1272811	1247628	1221533	1124816	1196512	
0.1936	0.6764		85315	64875	86445	63971	56910	64163	57871	74710	67035	55690		1658758	1438143	1503542	1265032	1128962	1204316	1170417	1442213	1190765	1118822	
0.8033	0.2199		71362	49416	71746	58101	56329	53894	60056	47585	46343	69469		1258022	1336488	1360165	1317610	1291326	1363128	1257891	1210204	1132219	1295537	
0.72	0.3879		91017	89896	61006	89773	62203	66563	80538	82802	65263	73706		1413151	1630478	1210715	1445572	1220654	1380778	1474366	1343907	1227231	1356324	
0.4538	0.481		85285	73018	51197	45733	58151	68914	64936	49161	54577	62060		1418872	1388705	1161630	1134220	1329589	1292596	1233783	1089061	1147512	1388237	
0.9191	0.7375		95986	70423	93634	67726	76171	97193	77386	107885	97236	78664		1727282	1219324	1495135	1310522	1510600	1508640	1341528	1550589	1407223	1576649	
0.6322	0.8881		63101	75510	58651	73315	81880	79161	77162	74570	86383	73863		1329461	1287939	1246283	1359247	1462262	1309845	1395079	1436539	1562896	1346053	
0.7161	0.4036		107135	70366	74401	79765	96221	92977	92190	62187	81486	62160		1619710	1284270	1424328	1572616	1374435	1578085	1443655	1273178	1374691	1185932	
0.8003	0.4315		78900	81949	67961	82763	84839	80488	75551	77165	72725	108634		1355100	1250660	967181	1246742	1164385	1103045	1141962	1250425	1320570	1469165	
0.1508	0.4875		86718	80599	66146	51342	60683	52186	58827	55099	72834	75257		1610450	1550820	1383148	1291907	1385966	1298429	1546919	1273173	1539507	1397043	
0.5582	0.1999		74116	62582	59860	60354	72035	53167	60305	64274	66145	73337		1315727	1304600	1013916	1266132	1162389	1106336	1351229	1266671	1155101	1299232	
0.9609	0.052		60232	58368	54681	61092	67944	62790	76352	80499	58997	67079		1234307	1152133	1256479	1220149	1388063	1203439	1469442	1340306	1126653	1261920	
0.5975	0.6519		84233	69120	76887	77462	80451	65581	89539	65137	59960	55011		1577889	1255221	1412653	1352282	1564795	1335782	1653072	1226869	1238372	1257456	
0.0555	0.7885		83443	94247	80933	81773	95326	75875	75285	76543	75300	75832		1509591	1381217	1346791	1342385	1376166	1342737	1431693	1265491	1454151	1547865	
0.3876	0.2962		74273	83402	83401	53152	45925	51822	68205	85657	58684	71294		1427530	1484969	1370306	1249198	1354221	1279231	1233960	1419091	1251041	1441778	
0.743	0.7287		67151	72255	78758	68638	85758	92337	91089	70671	71199	88053		1351657	1438335	1354386	1486884	1290175	1372427	1573530	1106195	1244223	1275483	
0.2863	0.5481		84725	90258	64841	68823	68845	76943	89603	91740	67462	79755		1316120	1350023	1186046	1208619	1237788	1361344	1409379	1555780	1344859	1286390	
0.3574	0.8116		75539	83488	83371	55318	49107	67371	80709	68241	70180	61278		1238493	1618931	1470727	1208023	1039896	1342712	1498513	1324411	1290220	1262377	
0.6864	0.0967		58775	58589	55245	67736	86801	82842	65544	65945	54962	74191		1394105	1504551	1332737	1233697	1640836	1541811	1707796	1257170	1246335	1480818	
0.8454	0.7846		104295	105299	100038	70382	93235	90673	73753	106800	77379	70120		1511986	1478595	1539036	1171149	1373324	1415316	1313508	1591658	1159095	1079426	
0.9865	0.5703		71509	70778	89599	84654	92921	73407	72316	73593	74014	72971		1204739	1266776	1241336	1282207	1656763	1157695	1179928	1219566	1198917	1164830	
0.6338	0.1227		62768	62599	66219	71441	58817	77329	78393	54475	54458	84435		1439129	1337029	1468095	1385062	1333879	1517453	1570986	1272031	1446203	1631174	
0.3739	0.3783		62751	68403	52994	65002	54144	50632	58243	82966	45800	62734		1308846	1364763	1135406	1348098	1030968	1261883	1221080	1536322	1042910	1235696	
0.6082	0.9394		91562	84740	107588	109585	110867	114243	76108	103405	85322	73589		1435490	1382305	1498747	1681267	1761546	1490723	1189306	1458780	1591777	1504071	
0.6226	0.5711		74145	68721	88374	74087	89317	61504	106079	70533	96558	113657		1193473	1420165	1279371	1283593	1491229	1213181	1494121	1543237	1425646	1499410	
0.4005	0.3243		87945	62733	68974	70336	75040	50948	68393	67197	51652	72325		1486358	1227126	1677856	1405171	1403007	1265321	1116155	1166278	1237076	1322742	
0.5265	0.6451		56034	55015	65261	62794	48445	58655	43930	62307	66672	51422		1459735	1453001	1366383	1198399	1116450	1297428	1370653	1528924	1433164	1303302	
0.638	0.1354		73929	76327	89350	99677	90652	102212	69758	59576	59727	63522		1376434	1522117	1414346	1583454	1526549	1570658	1365604	1305654	1372125	1396547	
0.5406	0.8991		68907	78797	68514	92056	71690	62883	69516	92730	87264	73034		1227307	1319760	1527201	1644895	1106006	1116488	1306427	1239888	1482552	1476963	
0.8759	0.816		93415	94027	79341	70345	76505	98705	70709	85224	84497	68899		1715038	1503045	1314735	1220124	1477424	1478927	1412767	1409250	1392295	1311905	
0.4361	0.8007		79371	71080	76919	78892	60779	63593	66604	65088	66197	72908		1415703	1256075	1309217	1405501	1159597	1166119	1156841	1177764	1170624	1254221	
0.3155	0.5173		59871	75586	60011	57230	60504	47194	68954	49574	61531	51552		1305278	1308319	1204124	1220554	1428614	1085487	1289667	1252186	1156558	1172628	
0.6271	0.7319		92723	103487	72229	87840	58164	63549	59801	62840	67447	72322		1776255	1669853	1249680	1566082	1074627	1037693	1084564	1112920	1198021	1321511	
0.6165	0.7683		64816	57727	80119	63860	67617	68394	81703	86353	81402	75233		996571	1159050	1276588	1030673	1182910	1176124	1121470	1137198	1269749	1183818	
0.5469	0.2565		98863	89483	93993	64026	78735	63331	94434	69253	72123	98380		1411603	1279848	1499355	1106580	1332734	1209893	1608665	1459689	1245332	1314496	
0.9628	0.8773		99114	74371	90059	89399	77958	72706	107528	75129	75937	77802		1325289	1295233	1385607	1352859	1134878	1166395	1577236	1285682	1233241	1365741	
0.5834	0.3542		75331	67343	80086	99908	98590	91749	75729	91233	67227	101679		1260012	1525167	1547107	1436818	1598118	1470742	1329927	1336859	1490996	1605633	
0.3447	0.2586		64889	90882	71237	78024	63852	58741	63559	76330	73011	88971		1345480	1579279	1653705	1631610	1233058	1139154	1262880	1266740	1379317	1396661	
0.1221	0.4042		76784	54244	68210	86997	59666	83910	66775	62307	58117	64679		1364789	1176021	1247426	1340517	1131103	1288583	1467633	1180220	1180563	1303743	
0.085	0.3511		60726	55223	55183	56318	49864	65557	72535	55628	73423	57070		1220941	1346826	1288190	1261344	1293383	1424338	1468393	1539970	1440184	1275922	
0.849	0.1407		66568	64036	72975	65205	81062	72579	67283	78040	71454	61036		1396176	1209081	1412540	1162955	1573598	1195453	1194587	1281120	1096920	1302523	
0.5278	0.1273		67319	80376	53000	59747	56701	65564	51717	56001	69089	81386		1506023	1328765	1195504	1227239	1150461	1309947	1212126	1250172	1523598	1564798	
0.8663	0.3801		55827	65948	56127	73184	85159	63079	75605	59270	70722	79928		1254848	1448963	1185476	1388270	1584810	1278782	1393357	1288350	1234475	1278896	
0.2521	0.3113		66808	61948	68883	46557	51553	78887	46270	48979	74969	61789		1575621	1295997	1423957	1176185	1387980	1644609	1246336	1177600	1584709	1393435	
0.2778	0.2686		54979	85249	59165	54666	54283	67244	80120	69998	79905	80235		1288647	1285790	1150924	1121814	1142278	1286655	1308214	1199731	1504915	1477510	
0.8344	0.9677		74782	107282	85457	106828	88195	81847	86965	102909	70535	110127		1271489	1352114	1506825	1561989	1598216	1389407	1291579	1480950	1254563	1543461	
0.749	0.3396		66058	108913	128519	90415	73616	83973	99863	80088	86015	70307		1314885	1472499	1519424	1601723	1134825	1198696	1640995	1357404	1362607	1211397	
0.1839	0.2048		75778	89122	78209	55866	68729	77707	74675	69595	45967	51781		1473953	1405063	1728958	1451669	1186896	1382552	1386780	1429368	1143108	1168655	
0.3971	0.7621		55214	64966	46992	79923	80908	53251	45372	80195	80294	69107		1455432	1297165	1362958	1574658	1594264	1041256	1094946	1566617	1352367	1372258	
0.1272	0.9611		65313	81034	66744	87068	67885	60777	100143	75865	90970	67057		1171913	1383383	1112029	1412138	1150666	1166087	1413881	1361857	1339063	1175846	
0.2386	0.3298		82935	74773	63509	54136	61992	63289	67568	57653	77030	67474		1581924	1302600	1263758	1240909	1440689	1306518	1425502	1591028	1403501	1259344	
0.7845	0.4635		69171	78319	74959	64339	68090	67011	54493	58342	98183	77201		1152335	1187769	1333078	1224583	1271712	1290331	1074535	1123772	1594685	1306651	
0.772	0.5253		89167	59888	66541	63410	65008	60058	67901	83172	66538	62766		1680697	1247326	1335284	1422441	1314192	1258744	1262470	1250417	1260070	1305909	
0.5289	0.9642		67173	76742	74860	80814	67023	67634	67290	97549	103203	60714		1475493	1601871	1245592	1357606	1128899	1210844	1332422	1626764	1468193	1115896	
0.4023	0.0575		62695	74223	80082	60382	59754	85336	71116	55822	63152	77044		1241803	1402009	1237677	1294334	1297444	1253384	1396612	1192087	1381170	1360209	
0.7717	0.8561		64657	72936	84014	106283	88521	70281	72721	78832	80249	76628		1285238	1369358	1463562	1605722	1294891	1128131	1243821	1244821	1278961	1215632	
0.3939	0.8982		85524	65650	69586	102170	78887	71351	73264	91402	87278	76145		1580227	1146433	1096059	1446693	1130993	1460178	1226360	1420415	1239427	1250789	
0.5085	0.0547		41072	54072	69526	75148	60853	67750	46961	52559	76732	78987		1154402	1439999	1458383	1583738	1417137	1558018	1336021	1184600	1534236	1320742	
0.3598	0.5763		81112	69352	83460	63620	77180	60670	74819	52316	76410	79281		1407578	1267246	1418572	1266129	1558906	1309797	1253370	1186414	1253342	1677027	
0.4657	0.4249		95398	67048	66529	82882	82407	96287	83253	66830	59449	97036		1770330	1270885	1193813	1222921	1454962	1818170	1352564	1243975	1200625	1611483	
0.5413	0.4488		66046	73704	88763	87074	84399	87472	60716	79249	75680	89377		1252649	1485635	1439286	1579632	1584624	1456905	1175059	1323640	1322114	1444444	
0.1781	0.5461		75349	45487	50521	57451	72314	66756	60151	45770	39905	45447		1648430	1292870	1282624	1201546	1551035	1310112	1235844	1107997	1159606	1260590	
0.832	0.9852		78833	105173	105192	89117	89120	94625	87927	83058	122308	103603		1430762	1308828	1608608	1407051	1429812	1243635	1596283	1218020	1505929	1362134	
0.6227	0.4648		65747	104325	84103	77426	79789	95254	94242	94578	70453	65810		1612274	1874673	1320440	1394417	1325713	1669132	1807349	1742549	1182668	1278687	
0.8534	0.8013		73905	70704	64972	79645	85227	92095	73860	100142	70858	81878		1359516	1191848	1292027	1310179	1370506	1501427	1391401	1536007	1305267	1371143	
0.6681	0.8237		76143	98102	88247	92076	70341	69329	85296	88849	98859	93988		1292908	1575240	1309943	1478753	1277256	1321624	1316251	1208276	1805708	1533621	
0.6682	0.6205		108513	90766	105863	103308	83550	83214	83529	83730	113819	78480		1449382	1492927	1458735	1465418	1285453	1334659	1489999	1393960	1605037	1212277	
0.1713	0.9075		62381	103962	90410	62705	71068	82842	89100	76413	79182	55160		1386670	1458617	1553292	1449435	1467212	1616811	1534088	1493905	1335070	1103718	
0.5559	0.5598		63416	80200	88379	64869	72931	74729	74857	56607	66042	61145		1140414	1230515	1132666	1119116	1251687	1129070	1221575	1168337	1142445	1080226	
0.2508	0.4064		69733	56732	57719	67830	59284	54029	61647	68234	59695	59587		1399626	1312942	1528928	1290675	1189245	1124628	1131345	1280368	1347853	1262452	
0.3531	0.8284		63416	98296	89127	61149	81616	58684	83249	65955	82336	85655		1222268	1475197	1363688	1193788	1229402	1213931	1262555	1215551	1427244	1495163	
0.7497	0.6497		68443	91523	90933	67813	76205	92308	89425	65078	63716	97975		1448049	1307745	1679365	1230786	1556549	1481540	1344126	1426739	1273383	1595156	
0.753	0.6511		53050	69181	90640	66577	62294	63295	80593	87029	62479	88742		1234954	1272987	1503525	1181398	1174656	1221612	1268303	1527677	1266282	1377384	
0.0942	0.3096		66933	56198	74456	76107	85015	61294	75588	63534	77097	52671		1239219	1264161	1318419	1433957	1448765	1186298	1247222	1112485	1265895	1207152	
0.6446	0.0555		53791	75437	57821	57179	51579	78171	63581	78297	63907	80063		1173442	1415233	1250735	1157306	1272310	1344864	1658106	1404320	1352169	1350271	
0.3364	0.3118		50010	74859	69517	79868	62087	67522	52591	57152	48739	53247		1157062	1366855	1354457	1411183	1508702	1368903	1219411	1465253	1148782	1282010	
0.227	0.3969		70568	77298	62553	62456	61260	66325	71013	57434	72075	63356		1408061	1826791	1477213	1392431	1346836	1449585	1618149	1318561	1418492	1222662	
0.771	0.9713		68968	78564	109112	98234	91695	93421	68817	79309	88803	70896		1394736	1237074	1587522	1734721	1636182	1527253	1236005	1516091	1579956	1343565	
0.1838	0.9337		83898	96971	85113	69731	84445	65440	68947	69610	72502	69062		1391715	1771280	1375177	1409183	1581238	1448779	1355160	1250451	1377349	1193127	
0.3481	0.7169		99039	74242	105051	79182	81697	89339	66331	109295	94184	81679		1381610	1301371	1526207	1455138	1350085	1285931	1202368	1768106	1697607	1340800	
0.1666	0.9607		64411	58773	54474	37636	47983	45745	66346	56250	64356	75397		1492226	1325519	1231110	987410	1086476	1035966	1364372	1275121	1497048	1332267	
0.0889	0.7398		88400	95222	65329	77723	69468	72576	56529	51481	55617	48428		1499106	1269565	1315868	1393487	1340650	1140425	1027924	1100651	1336016	1069558	
0.4521	0.9702		79663	110733	102252	74998	82865	73231	80445	91475	64407	74024		1425845	1548078	1676701	1334544	1338954	1105040	1351831	1498827	1210100	1188512	
0.2474	0.8499		67304	96976	93413	68617	66944	78304	83357	89221	68732	64712		1444987	1324295	1344189	1330180	1459495	1271689	1653562	1754792	1394965	1424560	
0.2975	0.1845		65545	72086	42897	66573	60822	54474	55713	60005	53490	67761		1196736	1476617	1218817	1534483	1320714	1267575	1220449	1398744	1216517	1503405	
0.3299	0.3049		72743	52558	60850	55205	53201	47615	48687	67428	56825	91273		1226884	1244494	1347617	1308349	1175469	1126367	1148159	1357471	1278564	1581433	
0.499	0.9887		68117	91917	79271	69802	77198	87462	56194	95348	58903	56293		1411418	1491860	1366464	1270865	1396496	1364247	1061022	1250593	1076623	1087518	
0.9828	0.0751		66945	93348	97310	74927	61611	70251	69882	53189	67170	69938		1635867	1571120	1489924	1322136	1265836	1255679	1220786	973743	1158310	1335541	
0.5855	0.3633		77220	60151	71596	79420	103238	64738	66655	86903	93767	103647		1120711	1231394	1332683	1262432	1453562	1129005	1138816	1273200	1395187	1555154	
0.7552	0.2063		73090	69807	64099	62849	64921	86410	72240	60371	62805	89117		1250574	1145393	1159600	1121741	1340345	1408334	1265770	1148091	1320711	1541039	
0.654	0.2583		67304	112378	81072	86125	90026	65602	61951	89950	96527	102237		1223755	1266894	1283343	1242043	1195789	1158915	1214433	1268666	1343831	1545039	
0.2468	0.7998		87060	91880	65665	84341	71578	68037	59276	86039	102386	81323		1540328	1427032	1261481	1523743	1495298	1434026	1322419	1545157	1539016	1403679	
0.1902	0.3894		61034	51271	56423	49275	65066	77742	60375	41975	54342	43585		1779742	1260367	1311892	1237024	1618508	1619962	1156808	1017133	1011503	1185152	
0.3152	0.2682		52269	61734	60956	57963	68881	57865	49883	67888	80031	46859		1471042	1589707	1301687	1523083	1416726	1487898	1394388	1413840	1517660	1431559	
0.495	0.1058		50955	76177	64950	69176	54105	49445	82240	90717	55555	82234		1146483	1270837	1246063	1331599	1305147	1217472	1379371	1456448	1572722	1475261	
0.9109	0.1603		101355	100532	106007	67913	70776	72478	63529	75077	110233	63305		1540417	1445151	1661688	1134420	1031472	1151916	976792	1203768	1315698	1041519	
0.5935	0.1117		73916	45742	52445	62887	72936	45449	53390	40325	43491	58316		1495885	1197321	1514107	1279833	1493916	1190324	1214552	1370926	1273293	1794304	
0.8116	0.9231		94206	125935	100920	124899	98279	82325	78150	98812	82031	83369		1466395	1746303	1454546	1588383	1387105	1134062	1151671	1359916	1490191	1240256	
0.2517	0.1381		59383	45927	60135	46323	74658	49587	74105	46400	57530	52949		1452651	1222713	1354683	1371453	1411405	1382772	1572628	1431460	1294573	1142644	
0.7787	0.1123		71765	94503	100703	95630	72517	66852	65149	65731	97423	94408		1109326	1369297	1365555	1427664	1268734	1154093	1121496	1190792	1512522	1420480	
0.5045	0.9306		63291	81025	53523	62538	67867	61503	76448	90191	61593	77370		1035496	1140985	997349	1107297	1106555	1069864	1166257	1435711	1082491	1341431	
0.0983	0.4447		52376	47890	59875	86304	76389	64070	57197	47630	47912	46587		1298568	1393983	1263476	1677272	1424841	1478294	1175431	1045131	1077372	1202465	
0.1264	0.5943		50561	109860	48050	50282	49600	62834	68484	78512	64237	49379		1138952	1261117	1183152	1059749	1127987	1413501	1424400	1589222	1269993	1362224	
0.5766	0.571		70646	87157	76628	60523	90067	74437	93187	71393	81174	94231		1308466	1495036	1476231	1192164	1476168	1165050	1430202	1249922	1299424	1477243	
0.9981	0.7523		77448	96966	84288	94114	66925	84491	96348	75827	66270	101587		1126138	1422213	1359015	1368269	1227202	1372893	1322298	1241566	1310132	1241312	
0.0755	0.7937		59187	92238	62201	67129	78403	94869	55428	61818	86934	78854		1344010	1365175	1360294	1166544	1043539	1574463	1065483	1149550	1316892	1575807	
0.437	0.8653		99642	84522	75520	100503	78457	79067	93328	101185	75426	85282		1460906	1406175	1376272	1515091	1281077	1255202	1346275	1664793	1472276	1352476	
0.4834	0.526		69664	62422	74287	85480	86318	61268	71590	54856	52104	87380		1323837	1474250	1285293	1348817	1552670	1329562	1330044	1258227	1382966	1240755	
0.8251	0.1041		65728	64345	68957	68380	70625	88449	54436	76447	70554	63532		1128017	1288751	1406702	1154439	1313488	1419083	1114802	1320223	1281101	1158133	
0.8934	0.117		74134	71552	91927	84254	90291	93424	83733	86042	71622	77745		1242134	1503154	1616855	1336175	1165572	1266861	1179193	1230114	1121597	1277631	
0.2963	0.5269		72813	81395	52527	46602	62825	47264	56690	60524	65679	48619		1497459	1449752	1327817	1085390	1256083	1243015	1293340	1334409	1400547	1317193	
0.6958	0.9671		79553	89061	91848	79894	94378	84635	85005	116292	92778	111919		1336235	1187067	1575635	1254271	1513415	1642580	1297886	1378034	1500470	1474964	
0.7384	0.4178		100939	121847	102247	74489	70712	69224	109875	81767	100002	73831		1522415	1409096	1477271	1195766	1192823	1115414	1104126	1157698	1335313	1216950	
0.7951	0.6209		96016	68413	100719	85991	70883	97591	98943	51208	52638	52976		1475466	1239003	1577197	1374319	1420182	1435137	1616927	877745	852322	1249560	
0.9202	0.8311		72513	56175	69363	69989	69113	73854	71164	77851	86412	96328		1309367	1194735	1304555	1277690	1268819	1277542	1287816	1409848	1336330	1412370	
0.4568	0.8858		95552	91285	104589	94631	76981	84060	61539	93162	71824	75825		1499648	1260442	1669052	1647271	1832998	1668772	1374927	1375064	1302358	1447275	
0.9393	0.3356		61797	98848	80044	96938	111986	85376	95720	74754	88218	67221		1089638	1296099	1415694	1598431	1343768	1298535	1512176	1322060	1348289	1518486	
0.6971	0.4844		80634	64469	81538	92071	95568	67981	66574	62761	56240	63038		1412045	1299799	1393961	1388351	1340015	1313982	1251770	1236111	1028223	1003039	
0.2145	0.9763		87592	108099	61546	97018	83365	68060	80670	78132	89157	86214		1430318	1435545	1405723	1400584	1405162	1237751	1371679	1480735	1382504	1285629	
0.5541	0.6346		85917	94384	77231	68620	70788	67126	80912	78857	106255	78935		1548844	1433033	1275734	1397852	1443420	1291030	1343375	1398294	1592764	1225337	
0.8792	0.148		54362	92303	48696	62257	69207	68156	72767	80712	67289	91434		1242774	1611550	1234116	1257135	1686934	1543343	1379276	1589631	1333475	1372151	
0.2842	0.5066		69001	62971	54312	50827	50083	64876	66675	44550	46398	49847		1524617	1452859	1274136	1241386	1320304	1345566	1412236	1074647	1189580	1203346	
0.9609	0.0801		72590	107412	94979	81525	84191	64370	98366	89198	92777	100189		1519443	1543857	1464263	1267941	1378876	1182323	1226301	1569661	1208191	1274704	
0.6542	0.1417		76023	78852	85497	68553	84639	83453	60804	60224	57192	52676		1427032	1459510	1521976	1567874	1641623	1531474	1219996	1190990	1061418	1228329	
0.1773	0.8406		65065	72697	70640	57227	66086	60387	65150	65605	60456	94384		1293275	1375761	1199496	1182976	1453922	1257959	1470942	1245962	1160747	1434266	
0.1294	0.2867		70895	78442	71631	60290	78106	55778	52367	50623	71388	53858		1322297	1380839	1498854	1599594	1661971	1273672	1158887	1341464	1315952	1216897	
0.4761	0.1884		80939	74176	58759	57398	70509	87286	88861	70810	89291	52286		1636470	1695519	1269138	1368224	1509178	1160797	1552708	1347953	1582368	1152185	
0.2415	0.854		58305	103995	66421	69089	77761	70421	83247	108400	96790	95116		1082177	1420014	1194995	1220471	1192055	1236430	1532485	1716097	1504346	1382830	
0.9916	0.3075		71785	77325	82942	73973	68393	68229	98214	81941	91897	78574		1309992	1316555	1460037	1369590	1275282	1244402	1624979	1422984	1673954	1557512	
0.8496	0.8731		102295	81379	91857	82302	98254	117929	93477	99782	92717	93504		1432616	1168691	1319761	1300118	1300413	1565092	1233829	1409692	1342113	1401458	
0.8645	0.8561		77263	80967	81625	69613	87147	94756	91191	94261	69334	85519		1179307	1327168	1221011	1163912	1538673	1357698	1437778	1207130	1121977	1262331	
0.3165	0.9884		89202	70802	71104	72058	65010	107748	91472	101147	84149	101927		1531203	1266212	1434285	1101441	1079976	1321540	1121700	1305631	1458821	1439973	
0.7975	0.6447		116335	83350	86825	91564	111951	102188	92857	83558	61959	91239		1364244	1613424	1296623	1291649	1347619	1400100	1292142	1251572	1114070	1237691	
0.5779	0.1983		64034	58341	74840	52568	76325	66586	59572	70202	78683	86733		1474327	1333485	1385593	1190454	1393529	1233515	1540381	1516491	1383076	1614370	
0.1862	0.2252		64458	67004	51283	72617	61790	68729	80273	86546	63160	57458		1533010	1210970	1157170	1300384	1195743	1198380	1083915	1363802	1404218	1149891	
0.8226	0.4997		69426	69193	63426	93044	79713	69544	69001	61310	65788	60336		1211067	1375173	1263386	1471939	1515417	1352143	1239035	1046353	1171553	1122493	
0.9225	0.6398		92280	69676	70106	92816	92864	72147	73363	70147	70067	70348		1571945	1141685	1173184	1558603	1591905	1387207	1320575	1168680	1136947	1306582	
0.4767	0.3222		73117	57924	61144	45468	82106	67975	67694	58809	71481	55064		1411132	1284827	1287159	1097854	1179802	1370472	1230439	1169739	1127090	1393440	
0.9546	0.1235		55365	67428	45597	62933	61967	52082	52031	44257	46755	58600		1421923	1430622	1073184	1532642	1523026	1331930	1039945	1127924	1127744	1282170	
0.9787	0.8355		95905	82217	89794	77654	77313	106765	102855	88337	93831	106360		1404557	1398460	1396458	1342969	1188139	1486533	1431298	1433131	1477906	1534608	
0.8843	0.2534		110546	68868	52215	64638	83655	45489	53248	53675	79346	52683		1443253	1495575	1203633	1326740	1444420	1150668	1313329	1045531	1346634	1143516	
0.4641	0.3387		72277	82730	73721	100604	84103	59771	94292	72605	73805	85547		1221981	1401782	1278523	1652469	1365378	1482401	1661267	1288970	1540165	1412201	
0.5777	0.6958		81438	59288	60979	99609	66903	74981	97754	66722	74316	89250		1501306	1241142	1134990	1415195	1121626	1275619	1413620	1189104	1328343	1320216	
0.4987	0.3156		67292	129211	88001	56127	53124	63186	51228	79863	55155	58997		1250706	1574668	1335320	1239510	1208796	1079004	1127704	1495060	1205878	1612906	
0.8084	0.3276		85642	81399	76785	56813	86909	72312	68569	54059	85530	55274		1445122	1252467	1289664	1480215	1691690	1442142	1477471	1132094	1326436	1221752	
0.966	0.0722		87097	74566	76560	68962	87202	87374	68162	80634	66536	72437		1394486	1266257	1315662	1319004	1228992	1391337	1390706	1403961	1276793	1362491	
0.9649	0.5768		91243	74800	72607	86365	71308	78604	78809	59245	97355	73132		1623238	1291067	1362185	1494909	1525180	1564601	1448638	1180391	1587014	1417359	
0.1921	0.0869		65734	59223	65238	95181	66575	81320	69747	81066	64903	67214		1520566	1209216	1258645	1477217	1216721	1354789	1186325	1383851	1375131	1245732	
0.7374	0.432		83046	64238	74942	68139	49421	49923	60148	65938	65851	55622		1590249	1270165	1400502	1338665	1000969	1088072	1465370	1304980	1257423	1146633	
0.426	0.5538		83078	58527	50408	76271	63767	65833	57667	62373	80769	49652		1664299	1245333	1334126	1516867	1514715	1399773	1312703	1461177	1513220	1285424	
0.5599	0.2298		69679	121523	86317	87265	55987	47639	61736	56232	80969	74622		1202025	1743508	1609774	1491120	1235963	1057010	1125889	1388146	1178989	1539837	
0.2996	0.8977		72796	58602	91426	65877	85865	70990	57490	52984	60784	59048		1346406	1325066	1426200	1315096	1360351	1241444	1048410	1077238	1223851	1287700	
0.4989	0.3527		99531	88787	60214	68806	75210	65001	74827	57672	91334	81001		1565927	1387980	1222304	1258447	1264252	1173571	1311605	1169983	1511425	1370874	
0.4853	0.3517		82523	91249	69644	69687	87865	92805	70928	62686	83663	83840		1503470	1523875	1293930	1469797	1517542	1535975	1387322	1304441	1475239	1358991	
0.6937	0.8883		79851	80343	91845	75124	77704	81845	75380	78067	102430	64445		1433936	1241767	1625489	1303992	1344476	1091539	1144346	1195887	1462824	978752	
0.5188	0.8907		73288	65191	85099	115225	85774	101701	70702	73450	60154	102777		1222828	1243744	1319157	1605935	1555901	1485958	1223869	1255352	1259930	1584690	
0.7464	0.6621		65558	109293	90594	82203	69868	78773	62052	89419	61327	58677		1369801	1634979	1520896	1324658	1165024	1194532	1242674	1383507	1168781	1032831	
0.6829	0.776		86569	71192	93022	77762	103497	65559	86057	60127	59364	80901		1399305	1313023	1473625	1419783	1391756	1388234	1241793	1100031	1117105	1276979	
0.9519	0.3307		80980	75614	89625	101027	112687	73612	85789	110432	97612	95465		1303756	1524088	1433750	1418109	1437975	1209863	1208213	1615433	1437419	1583256	
0.2735	0.5293		94356	94315	86400	85868	68845	56106	62410	76449	73268	57288		1478506	1611221	1663013	1325482	1231319	1200860	1320151	1424744	1350087	1176272	
0.49	0.2223		72719	55694	52424	49473	51773	46756	63176	77141	55105	62273		1273627	1247807	1268328	1162716	1184397	1193018	1248251	1335794	1287273	1470550	
0.4851	0.2199		64620	56305	53704	74795	74633	59999	71711	60740	42634	49970		1358085	1324351	1249092	1506014	1732433	1416240	1365501	1213556	1412804	1225642	
0.4013	0.3607		73448	91825	91164	69948	71269	61131	76216	95203	59356	63293		1069401	1467431	1611706	1561291	1564840	1265413	1352472	1274632	1193739	1196231	
0.1554	0.3223		81233	75014	50936	73101	57438	51282	78433	71876	84317	82082		1385137	1528545	1248037	1262655	1524777	1465569	1597285	1576302	1478352	1602509	
0.92	0.317		85315	87108	85116	77163	84814	85833	106635	111654	89683	84962		1489677	1497497	1404194	1280797	1552572	1272520	1399063	1548182	1389712	1296092	
0.6441	0.925		108034	93136	76271	74479	74725	79062	66505	81156	75528	79180		1556442	1275055	1155249	1129271	1202218	1194901	1112413	1043311	1259824	1062451	
0.9505	0.2179		56375	69487	66435	59377	85562	53672	68774	77127	57728	67076		1279067	1352044	1281123	1323251	1320644	1140224	1185088	1402718	1147916	1203802	
0.1761	0.9444		54530	76509	51122	78477	58073	82479	66550	50111	67483	53798		1392660	1541946	1149297	1653134	1264659	1475715	1342787	1413151	1307007	1286052	
0.8834	0.5113		72702	107393	100378	78879	119271	102922	99079	102478	92869	77922		1281177	1575293	1592812	1302187	1472092	1495496	1361764	1443358	1344419	1294674	
0.6103	0.211		72525	83797	97263	93275	61177	101427	98955	93619	68267	57363		1577240	1681666	1777887	1465722	1391584	2123741	1804683	1332900	1290884	1216920	
0.276	0.3273		72564	84611	69118	90422	68913	87122	62156	86026	81970	49515		1167713	1234396	1073208	1399934	1354797	1484687	1242206	1535358	1256426	1083886	
0.4723	0.4093		62341	70473	94505	60329	69520	61130	63682	61041	74994	79536		1206588	1499616	1688419	1265720	1378868	1352223	1295096	1233375	1413657	1583091	
0.1622	0.5229		71656	72098	95208	53676	69053	93360	53039	63360	69359	69095		1472420	1456633	1401686	1134484	1353862	1398705	1123299	1318473	1451329	1476749	
0.1335	0.2589		72642	66291	94377	64430	85946	76396	83221	77197	65894	72326		1493542	1290779	1334910	1356872	1438012	1319648	1535446	1295381	1208600	1156876	
0.8505	0.7328		69678	89517	89797	74123	62322	75364	64449	63329	92124	66562		1275956	1684133	1612883	1270980	1178455	1191275	1190927	1221781	1265591	1244931	
0.6574	0.9384		90306	99580	77787	88959	112540	94569	79646	74630	110495	114807		1172071	1394862	1103494	1258107	1424086	1260974	1216995	1262713	1473582	1421649	
0.4944	0.6696		91111	79349	77250	50452	79446	66364	79126	78915	69523	62444		1537018	1606509	1344853	1181874	1391519	1573047	1351979	1641589	1333498	1218923	
0.9852	0.3275		90225	84291	67563	68506	65494	64108	86521	85814	62098	80597		1474842	1467066	1224051	1130328	1187999	1114865	1343354	1430963	1260648	1304692	
0.6856	0.9687		78352	70206	93034	74729	100556	87625	114962	94480	80584	75336		1138244	1174987	1390096	1157400	1358632	1436241	1374279	1244206	1187492	1144698	
0.9265	0.9658		80676	82479	109872	85954	93594	90483	77343	71869	83479	87012		1226316	1404492	1520685	1274228	1459004	1242738	1280378	1236673	1311374	1432655	
0.1987	0.5785		84453	65755	108375	66670	77221	56876	84613	84644	84386	60401		1308221	1574244	1635800	1398479	1632870	1481852	1560992	1625929	1477672	1277209	
0.965	0.386		94038	59505	63607	64423	91608	71016	76932	99302	70148	92698		1450562	1302531	1596521	1245410	1259234	1349624	1393861	1428040	1253522	1366435	
0.8633	0.9023		70809	60116	73189	101747	121321	84271	99414	84481	99843	105661		1229443	1311934	1313053	1603656	1717187	1424359	1559481	1357889	1574969	1441836	
0.9314	0.7959		91821	94317	59065	81217	93776	98304	95116	72702	94160	66087		1463971	1445883	1094162	1435513	1484350	1337303	1682884	1518709	1249737	1091987	
0.7379	0.4183		81765	78757	75068	56335	56807	76983	78778	44194	70925	53534		1624066	1540152	1579848	1407205	1390294	1334478	1376821	1023823	1222842	1266602	
0.9391	0.7914		141712	106460	104876	75631	79264	98343	106038	75198	111631	100200		1361695	1279071	1234352	1126497	1268807	1374017	1192113	1299337	1530012	1335220	
0.1857	0.7861		59770	66435	73199	85404	95452	88771	83991	83355	102454	66788		904910	1235340	1334265	1244411	1471021	1361581	1378140	1170148	1461441	1157400	
0.1809	0.5176		43780	49899	63598	61002	68728	57461	84075	61047	78462	72024		1021602	1324198	1426441	1545083	1345104	1169722	1533899	1320995	1483483	1240501	
0.6725	0.9697		68428	90482	77914	70701	69005	69051	66671	89173	77785	80101		1306897	1448819	1368160	1337983	1275829	1195519	1203712	1543001	1584487	1544606	
0.6544	0.4665		77243	61247	54431	68433	75422	66150	55140	67822	73484	76411		1426924	1335470	1282276	1632234	1407390	1464063	1456209	1421896	1399228	1437874	
0.9157	0.3803		86222	88152	67678	97925	65077	85267	72760	56414	101636	68173		1493211	1744521	1403208	1597414	1224195	1270606	1536093	1237930	1537824	1292330	
0.0744	0.0892		94020	56653	72149	70802	66641	75206	56023	54245	54845	97313		1517677	1325357	1256475	1465591	1362040	1604249	1246050	1299618	1392564	1428669	
0.668	0.0983		106556	66160	95572	77894	97847	88100	60468	59835	60155	68545		1586652	1216558	1391187	1310590	1572527	1435365	1209987	1277697	1079755	1371785	
0.4761	0.9377		70041	99102	79539	76727	75671	65662	83485	73829	94740	84792		1317328	1566831	1440706	1285498	1396090	1271878	1486568	1325103	1384336	1607144	
0.179	0.6591		78691	65335	50911	65052	74468	60207	51337	52365	78879	61651		1538585	1344283	1302389	1209744	1607174	1203954	1172329	1196972	1302515	1346062	
0.4673	0.942		52171	57019	77361	69443	70112	67280	76100	62341	59546	63782		1138936	1193793	1234795	1343326	1056778	1282454	1413554	1200720	1132417	1235255	
0.2177	0.9978		57297	72434	53838	75855	76083	55182	61983	77578	70332	59575		1369416	1339957	1150143	1489168	1303036	1210134	1180593	1596337	1430656	1200289	
0.242	0.0982		42715	68553	66180	56953	44566	69879	45855	65509	48872	47306		1131191	1323094	1324677	1352907	1139694	1477697	1214678	1560865	1415698	1165402	
0.4132	0.545		58234	127191	57796	92431	84595	70754	97059	100421	80001	61785		1034635	1219497	1221383	1273113	1201300	1167177	1454762	1722442	1393516	1173925	
0.7306	0.5569		61112	54292	59501	53258	53094	54665	52084	71408	70521	55177		1223587	1226871	1276686	1183522	1096785	1134303	1076472	1219753	1273515	1229189	
0.4971	0.6116		80186	94879	70516	82964	97751	58800	78598	74261	102130	73879		1414110	1506769	1331300	1406187	1619713	1172165	1314623	1226984	1675960	1259028	
0.9772	0.6871		94111	84460	64466	98197	98589	86444	76379	65539	82287	69102		1558214	1615791	1155054	1491213	1542730	1447647	1129499	1190487	1396782	1340046	
0.6517	0.4766		74189	58714	60958	58633	65787	89838	67556	77748	86378	88227		1399686	1209788	1126390	1125928	1355075	1358087	1267938	1231141	1290972	1422562	
0.9821	0.6528		74192	66412	68237	78398	102513	97210	76328	85623	84290	109693		1346769	998334	1138368	1404173	1665706	1473348	1263265	1295967	1472214	1682381	
0.927	0.6266		70406	78844	85392	77095	106597	106878	115740	74555	96806	116417		1137850	1484489	1245930	1306943	1460104	1474906	1639441	1239086	1379257	1504774	
0.3886	0.3472		85363	109792	71514	100204	99258	77030	85591	87385	99073	90593		1524159	1355639	1191493	1529302	1408363	1212030	1330987	1307892	1422129	1260575	
0.1289	0.5225		57733	62675	68088	76710	77942	45489	63123	44492	51574	61052		1511658	1344118	1421875	1476314	1518376	1544557	1306692	1167958	1221156	1513785	
0.9869	0.2501		118899	98491	101312	121671	110708	70084	116713	85636	117999	123173		1602848	1398507	1496397	1425507	1554454	1183319	1599832	1232813	1407492	1555600	
0.3982	0.2604		66890	63092	58802	72379	61341	53643	57986	75826	73476	54950		1190416	1229615	1242065	1232595	1185005	1132786	1179368	1185202	1285036	1230257	
0.4727	0.5839		65940	49581	72047	91217	91720	92224	66740	80099	90793	92069		1154747	1143451	1253770	1538643	1291327	1398804	1453214	1219716	1559495	1356130	
0.1087	0.1528		59962	64678	63879	63934	68392	75381	64491	60297	54122	86546		1189268	1281233	1315989	1242300	1184541	1247302	1328805	1256218	1196771	1522052	
0.3732	0.7059		69490	57517	69689	53409	76786	61402	46826	72196	65293	76348		1448025	1299243	1213129	1218223	1248001	1413173	1194136	1220996	1266193	1366730	
0.8458	0.3974		71035	69767	80748	91251	73360	94427	78199	64372	60596	66265		1336714	1283485	1303844	1425012	1518387	1409757	1215709	1462744	1151608	1205082	
0.7494	0.7895		69740	67916	80710	69827	72072	99217	100984	91326	83472	91944		1269769	1229795	1454007	1148133	1135007	1402118	1525767	1529742	1408587	1421989	
0.7911	0.1859		55653	69158	74398	60547	72317	77811	65244	72769	65236	65422		999969	1286271	1213259	1475254	1156337	1379642	1314672	1271749	1224265	1331714	
0.2025	0.1336		58047	63462	59186	55364	81645	56322	88411	60620	44055	72122		1499297	1418854	1493487	1404981	1434008	1435838	1476822	1360896	1107415	1589271	
0.804	0.829		83430	63153	83105	70484	69622	82460	71864	87221	120408	76057		1249075	1086674	1205682	1168091	1396832	1366563	1227163	1646477	2038869	1746368	
0.9205	0.4903		52001	69585	64034	63341	79809	49149	67528	88931	89919	75262		1294893	1276703	1501930	1235376	1402476	1217879	1460595	1457643	1660098	1158470	
0.4666	0.2339		89032	80113	91626	62172	64654	85663	60095	73439	68110	66309		1269442	1457755	1480546	1143830	1124098	1275596	1027651	1365157	1475513	1141477	
0.772	0.7132		65664	61345	75318	90943	92169	69512	72083	86160	83687	88460		1312704	1149556	1243769	1376119	1703985	1392282	1318210	1453563	1498316	1333466	
0.3129	0.1269		52924	81720	71587	43581	65571	56868	68491	43042	43772	44953		1180824	1507554	1277093	1334636	1479447	1229642	1099217	1010505	942363	1231872	
0.0566	0.8651		65340	72746	54110	52540	76352	83190	62470	76468	51425	53910		1445585	1439801	1240663	1395763	1488584	1455186	1317260	1361613	1242646	1174262	
0.9075	0.1398		71314	70186	69982	82721	63233	69597	67351	55439	62252	92956		1215832	1355571	1227083	1308624	1219664	1092854	1186291	1048871	1239741	1639861	
0.7109	0.4403		86982	91883	66971	62249	65172	56804	94877	65963	77853	80424		1567926	1532032	1323442	1246209	1276025	1138063	1588979	1402960	1321609	1435380	
0.4515	0.9776		69450	59738	69523	60032	55424	46749	78897	69767	53117	63664		1560364	1259531	1305435	1428607	1185062	1155246	1248866	1451891	1391698	1347164	
0.7208	0.9397		92741	90603	92684	90540	101366	86545	88631	75459	97907	95649		1345932	1351194	1189662	1297993	1439880	1397877	1278761	1348651	1378398	1337930	
0.6424	0.2802		66002	60439	78089	82426	89540	57093	73768	66259	54253	55023		1265566	1247596	1343457	1571296	1488113	1239467	1478716	1333202	1197639	1192401	
0.6275	0.4662		49782	55698	73871	55907	72971	92336	63680	70528	71428	49777		1306949	1519985	1455527	1108759	1412786	1395717	1351579	1401681	1406662	1162418	
0.4563	0.89		96822	100177	53877	67861	65170	63616	70311	58904	53476	62208		1628415	1520555	1036091	1157582	1301746	1147744	1187649	1016139	1015267	1194179	
0.1393	0.1047		56939	66838	49838	48267	41186	65850	74494	56748	56935	69787		1519046	1450502	1592417	1319722	1277860	1332519	1433732	1611868	1507677	1466925	
0.2123	0.4403		78510	56013	56007	55441	53881	54008	59992	47625	55016	75511		1300778	1166255	1139395	1106798	1136641	1159603	1113955	998084	1228687	1440573	
0.7011	0.9949		73068	101412	111747	80927	89486	113687	71907	79316	99917	84160		986823	1266028	1481662	1087812	1252016	1376377	1090856	1084594	1437751	1348380	
0.5746	0.1107		65559	101517	62465	72882	63788	77797	78007	79572	92692	86357		1277218	1663936	1393212	1391482	1182449	1409375	1217736	1247073	1269940	1351537	
0.391	0.2726		83217	64420	83036	65814	70292	92454	77331	98000	78073	58741		1513503	1208443	1230797	1194485	1296767	1643518	1316635	1254452	1490520	1347539	
0.9627	0.6979		85109	66061	80339	73000	88837	76278	80672	106949	87275	70107		1307265	1165421	1585649	1215919	1333833	1244922	1278876	1522949	1333619	1294480	
0.5117	0.8993		67551	58000	87588	70600	77425	67448	61393	67918	88912	67562		1267302	1361840	1524794	1425119	1259037	1212067	1334365	1163689	1203358	1348433	
0.2458	0.1241		72464	53611	100433	86170	89868	67374	100678	67513	64930	63956		1327798	1481553	1283935	1171082	1440076	1262591	1544784	1507050	1243692	1258480	
0.5439	0.776		74693	81491	76452	60005	76452	59934	53228	63808	89751	59605		1252490	1304961	1494626	1233040	1479789	1290919	1210655	1376351	1328759	1451848	
0.7281	0.5637		64399	71081	89365	55154	66310	68515	86269	66862	69448	94734		1218372	1221468	1131046	1112960	1183697	1342589	1424520	1230470	1258171	1458638	
0.9671	0.4603		76998	68134	59023	61169	86908	80760	61192	79963	85258	60196		1445964	1531532	1365741	1567041	1632970	1373293	1227431	1216564	1568806	1225942	
0.3461	0.7403		61094	75163	83127	60344	64511	87172	78040	79371	60087	71565		1189380	1341030	1316510	1450779	1277556	1484207	1416882	1361339	1263304	1356687	
0.8239	0.4366		79434	81574	64419	87184	71273	78534	53648	59217	58882	56825		1352129	1447525	1518295	1401031	1387603	1306954	1348836	1317928	1239748	1354244	
0.1498	0.8566		64725	91658	86240	75874	88316	58740	70165	86297	58632	95218		1390994	1547639	1563408	1398343	1675604	1293160	1344448	1558905	1701550	1755099	
0.3496	0.7029		85588	97410	83830	57192	56594	77893	68295	80967	101900	93928		1625868	1651781	1590206	1267221	1123433	1394831	1326609	1430760	1528246	1675083	
0.0577	0.1701		78057	59568	57887	61217	69013	75902	56197	67781	73003	69579		1704219	1306385	1169524	1217125	1303974	1388704	1449789	1450209	1306056	1220320	
0.2083	0.6332		90460	62255	83942	61700	54107	57290	55266	58565	56450	62352		1397733	1402057	1478182	1183508	1031937	1109127	1467491	1145895	1128394	1101854	
0.1582	0.2212		54891	68864	53176	74393	56153	59584	66112	49104	86784	66522		1184284	1499549	1262769	1276309	1355282	1254768	1336988	1090661	1645257	1511923	
0.469	0.4429		64287	83142	85308	73406	66413	68626	66261	57046	65336	60553		1409370	1380741	1665816	1469321	1290091	1774532	1281747	1203108	1311512	1603843	
0.4674	0.8099		93098	94005	67628	80048	103984	64865	71725	94465	80563	95405		1541810	1459252	1221572	1312992	1471085	1178029	1380677	1353638	1249899	1437922	
0.6782	0.521		81463	76924	62329	66300	92006	62301	55154	78631	68145	79462		1516694	1443088	1266608	1132223	1562856	1225274	1216727	1509400	1320635	1259785	
0.2017	0.1585		77531	46684	50145	83138	83903	54218	54275	76715	68433	81305		1458494	1220523	1174007	1648293	1727875	1606884	1169255	1259984	1333440	1583058	
0.9267	0.1329		54753	69658	65431	47565	80147	78015	66665	65817	52223	74627		1218969	1463353	1268388	1079629	1456014	1398144	1262686	1175466	1100746	1253055	
0.21	0.1149		80223	72818	73120	51454	60807	58850	58088	62069	87425	57225		1309248	1442459	1444321	1151599	1178950	1277601	1209133	1225520	1449093	1227492	
0.4012	0.3741		57576	78350	75324	47820	71294	58510	44868	54456	54673	76022		1624008	1348064	1275421	1433122	1352533	1211155	1096639	1214685	1134164	1282830	
0.5319	0.1055		67818	97533	62292	77691	82907	54648	54857	64657	60242	68442		1384133	1398469	1569164	1409200	1449943	1191762	1181090	1460939	1280121	1383975	
0.5862	0.4854		91237	62642	71945	68924	80472	83447	67972	83734	84989	68432		1714644	1265705	1422416	1253819	1320848	1197823	1367761	1466491	1442584	1384344	
0.9566	0.7736		77714	58271	80881	103003	87855	90390	72678	89751	83366	66809		1306321	1149506	1263116	1456375	1321377	1309078	1220789	1345941	1184001	1185714	
0.6132	0.1256		71498	91713	65849	64527	73395	71486	78163	79771	85849	76546		1288234	1417048	1309156	1538897	1439597	1241072	1434144	1319792	1429858	1371717	
0.2823	0.8872		74222	94979	88709	101475	120395	81562	88488	104221	88640	104156		1169682	1284274	1278992	1315516	1373328	1229756	1463619	1569376	1280518	1461002	
0.8763	0.2214		77667	87112	102597	79925	78222	70188	75076	87534	86939	107069		1279177	1279280	1295409	1249654	1327594	1299835	1129011	1272087	1362006	1545770	
0.6656	0.2731		73083	81532	75962	70282	78001	112692	76053	74949	106528	77530		1323656	1194916	1256940	1477492	1528562	1645239	1246713	1271785	1600845	1344129	
0.1816	0.7013		49516	62990	59813	47033	52810	51006	46843	59782	55151	38156		1291741	1664690	1535746	1316502	1405184	1242242	1266143	1266368	1199891	1122590	
0.6774	0.5046		88490	95286	63362	69283	62733	54489	85523	66265	61850	68804		1510343	1349909	1174048	1439868	1240220	1307526	1659306	1324513	1192995	1286715	
0.9082	0.9241		76671	102280	73022	105588	88158	78256	78753	109129	110674	76089		1164146	1264825	1218082	1300541	1464018	1211697	1157861	1531526	1384547	1387343	
0.3846	0.4093		77249	63365	86475	82534	78327	54177	59949	68268	81024	56693		1580566	1335386	1481669	1490676	1371310	1285871	1196764	1523944	1481064	1260757	
0.7036	0.2226		77262	65155	62184	65699	57669	55094	60833	75811	59564	83345		1488265	1334661	1407686	1277015	1417033	1594352	1287116	1384023	1395311	1214226	
0.452	0.7276		74277	61747	80533	59253	73165	84771	68992	91108	94857	92813		1289665	1102664	1147134	1007351	1318581	1165719	1201843	1167242	1243047	1178196	
0.7394	0.4832		67045	74195	79228	99539	78709	75791	105817	109801	63330	70277		1344256	1223464	1326351	1291058	1245082	1268422	1551364	1400496	1172074	1298645	
0.1761	0.3755		45812	52743	49229	53984	51717	47602	46587	59887	68378	69321		1319753	1322083	1200019	1190417	1278178	1191322	1201110	1404489	1306139	1335786	
0.2064	0.6898		65261	77353	67968	82169	46979	80825	139905	63869	53438	47496		1367858	1407976	1326737	1436725	1204090	1407741	1523668	1216351	1380616	1107938	
0.4035	0.133		63187	64905	55905	65368	50166	45431	62118	44495	55402	46951		1432007	1271009	1332477	1567856	1261751	1178188	1228387	1263473	1384871	1173873	
0.9225	0.4999		108439	67439	98951	97235	83706	86932	78542	77552	61253	65354		1614174	1419845	1684212	1699142	1369729	1341950	1299835	1255560	1126039	1227103	
0.3558	0.0941		56389	59824	90208	91220	69766	63165	63146	55409	63736	71963		1154921	1452984	1655922	1627740	1297845	1307825	1337453	1182241	1349925	1206193	
0.7395	0.6338		67590	74288	71325	81244	96612	70415	91762	75893	79038	94046		1199032	1101468	1340181	1342193	1385388	1208187	1317980	1384980	1410225	1346074	
0.8407	0.0844		85317	80578	65306	61145	77302	65240	71851	96905	51092	57186		1529576	1406299	1379753	1216785	1323241	1404650	1264144	1261380	1079378	1201694	
0.7573	0.8068		92160	73327	91125	66632	68474	69030	69987	64034	54295	59873		1462652	1282045	1472576	1166079	1162284	1376385	1198282	1038390	918529	1399201	
0.6098	0.6062		55698	66223	57467	78133	64169	69472	93847	64273	66165	85097		1167807	1161363	1110730	1194403	1255026	1341565	1471569	1497218	1335913	1384224	
0.0783	0.8452		59403	76748	100091	71141	47581	60371	53599	61565	63769	75292		1356712	1451871	1595586	1367404	1223328	1189732	1021755	1220013	1169244	1445061	
0.3138	0.059		45064	57315	60101	51286	55667	65440	54488	57993	62915	70784		1317339	1612558	1514345	1262100	1573785	1427775	1190636	1555829	1426666	1450035	
0.5487	0.548		96517	69075	73001	71363	68967	69170	64682	69026	86902	69503		1350167	1280234	1164734	1243199	1616687	1391025	1113431	1412544	1519880	1459120	
0.9563	0.2101		67677	62970	51806	87842	73885	75438	53752	64071	84228	54075		1353961	1258151	1329310	1291534	1186469	1415814	1076226	1127847	1333428	1152171	
0.8301	0.5083		62370	67440	58993	100080	84435	60635	105261	70950	92210	79147		1072980	1184703	1381575	1478454	1373530	1239945	1647188	1341713	1331641	1435256	
0.0515	0.2695		46697	65301	52411	75831	47734	60934	46551	39681	67587	42334		1336923	1565908	1352626	1642832	1269440	1425856	1296965	1123085	1328602	1157404	
0.5631	0.8165		61114	81031	73568	58524	79617	58102	69928	79348	85207	84450		1424907	1629351	1341143	1154200	1342169	1220745	1349879	1302365	1575323	1388035	
0.2923	0.5711		83684	50899	67215	102231	64023	53652	93524	84587	66371	55834		1705002	1182623	1133826	1332766	1214270	993990	1655036	1491643	1239685	1188486	
0.9016	0.2718		58401	55885	78819	59846	54303	46524	100938	67760	53360	80549		1301239	1200159	1365214	1192913	1204074	1182318	1490230	1241801	1171453	1415802	
0.3108	0.4284		53136	49671	52873	51296	55626	49683	72664	77477	48574	49100		1291458	1209159	1222204	1449333	1451839	1280889	1455959	1415299	1316640	1381711	
0.6473	0.4396		61033	90225	90406	59575	68717	61327	59664	63671	62163	57580		1232446	1539037	1362970	1199417	1241891	1154807	1125947	1113924	1096280	1213217	
0.3954	0.4531		52453	83721	63831	79185	82232	84366	84898	85162	76953	73852		1367794	1259346	1313797	1460086	1389649	1663787	1609174	1679155	1555196	1732477	
0.599	0.5515		56579	99668	72582	64906	77524	55831	80085	56341	61429	97596		1146024	1503951	1573671	1406153	1291120	1269130	1347454	1042502	1674599	1567859	
0.2171	0.932		66092	58144	71844	65228	75018	72925	63982	51627	81582	74169		1407411	1397334	1353538	1231892	1355609	1350449	1218815	1396767	1637612	1641004	
0.3803	0.2474		85759	60109	50735	57514	58451	68168	74308	56454	57784	59809		1393855	1196453	1129336	1159257	1147582	1173911	1283060	1158910	1117837	1134724	
0.7146	0.9311		90500	111906	116696	112617	88169	92502	100733	107130	110814	86937		1428381	1626157	1425431	1471818	1392350	1298274	1323122	1322168	1345493	1270250	
0.0706	0.89		69046	74662	63150	67512	73497	91247	66755	63400	79370	77037		1237259	1340695	1248988	1307451	1322589	1440912	1177807	1345050	1251261	1205735	
0.0973	0.5975		50871	47734	86014	64818	71163	70277	56938	72280	87205	62881		1077330	961513	1481702	1339071	1297837	1480534	1195892	1263376	1392768	1292471	
0.2357	0.3947		61054	139507	57368	84841	70279	89825	53763	60522	82795	82001		1257154	1587088	1263816	1490177	1366534	1389051	1147614	1151488	1289334	1495130	
0.3212	0.96		80702	101928	76552	67521	68550	73707	68384	80597	90895	72643		1682842	1359956	1355432	1176102	1233344	1308675	1152120	1358910	1488974	1136193	
0.5215	0.3301		77493	51510	89513	64634	87335	86644	81402	61792	88428	88830		1242230	1070975	1537162	1235293	1315973	1595254	1439296	1417414	1579799	1436313	
0.5364	0.956		61622	61128	86090	60341	63030	66758	56612	61381	61427	63332		1180143	1261520	1320892	1202082	1255964	1250322	1236954	1245270	1154285	1244813	
0.8302	0.6157		86918	82137	74219	78115	82493	79230	78721	96989	73229	65869		1440893	1372017	1682881	1374736	1278447	1357121	1306176	1604330	1402339	1093163	
0.1151	0.9019		77198	79948	96444	76074	67334	78959	61194	97094	62979	79258		1456142	1226513	1531439	1250923	1285832	1298209	1675607	1710681	1143714	1287423	
0.5368	0.7964		71140	49606	89040	67109	73847	67056	106532	59499	72953	98838		1235364	1208653	1427873	1473816	1580565	1251983	1494573	1044736	1230179	1760968	
0.1928	0.159		54092	69057	50390	37824	45689	68326	56904	50244	59017	45708		1263402	1402944	1280436	1217736	1218921	1367839	1352013	1292572	1270493	1310176	
0.9222	0.6198		95468	104601	117806	97192	87333	88560	84604	89076	90691	86565		1456578	1621215	1615481	1466091	1356977	1562017	1391274	1345820	1317061	1231823	
0.7354	0.7509		60129	76078	62291	84810	57496	98244	94524	64366	80423	72703		1361365	1434575	1147066	1379713	1269180	1416151	1570642	1316385	1388141	1328587	
0.1053	0.4112		46740	61863	70066	81865	65970	51218	46549	55575	75127	49434		1648734	1407390	1254168	1774193	1322886	1082613	1108361	1581124	1494420	1223778	
0.2158	0.561		91541	66205	58041	63699	61106	60591	81760	62172	48017	50675		1497176	1572650	1494327	1366709	1308000	1252844	1727823	1350289	1059883	1166788	
0.8359	0.17		56562	84846	95023	74355	98889	65897	94887	94722	77238	106491		1298198	1344001	1637850	1378740	1463556	1280592	1604312	1500399	1471946	1565764	
0.5934	0.6018		77835	53723	70931	56333	81050	56165	103122	59666	71935	79717		1245102	1303522	1258004	1051658	1192284	1159594	1384794	1279747	1410543	1499886	
0.3788	0.1039		54995	62011	46348	46558	48646	57446	61984	45584	58063	57577		1482132	1514405	1250445	1331187	1159493	1375005	1345743	1127963	1264568	1163971	
0.6902	0.081		70814	63132	50845	66885	63545	58855	78029	59425	84608	59501		1157604	1239582	1090934	1288754	1305054	1393306	1327351	1273855	1247866	1393422	
0.8986	0.4367		113404	77161	102509	88646	78261	85478	83207	86378	92568	80089		1653604	1386754	1438971	1462948	1331775	1462188	1425836	1335999	1347282	1364307	
0.1491	0.2349		59279	82342	71739	84839	89224	52631	57261	64710	57942	66712		1591859	1496094	1292992	1647244	1529397	1116791	1234282	1498117	1553883	1308547	
0.9791	0.654		76329	114829	77011	96035	91208	71213	79538	72687	92183	68098		1469621	1324687	1326525	1235877	1407221	1220616	1503448	1253220	1486597	1163025	
0.2483	0.5482		78536	79573	99130	97198	70289	79315	61550	59408	57232	70243		1286797	1406207	1607207	1524538	1154178	1426567	1174438	1034745	1072382	1351075	
0.9274	0.4196		97712	78338	101066	61147	71305	84558	110074	100812	92903	96399		1156887	1543214	1480259	1158102	1218484	1128701	1468829	1508685	1372983	1411562	
0.7772	0.8977		76859	91342	92430	60284	70119	68824	85295	74706	77270	69443		1477590	1594131	1534854	1266563	1284792	1316956	1597714	1474568	1335182	1282539	
0.83	0.8255		71820	83151	88093	109892	99467	101860	68615	69907	71989	71996		1266556	1285386	1171602	1317954	1503620	1493851	1176415	1273417	1301368	1282213	
0.4063	0.5646		97666	72309	90552	63348	76403	66529	86092	97297	101876	84093		1666239	1267693	1202499	1058932	1239584	1206156	1209218	1532331	1439158	1374959	
0.5461	0.2211		58959	47358	76553	43482	58248	78340	52442	59904	73699	74475		1359168	1160421	1545413	1196987	1267824	1574726	1321652	1275920	1471841	1453799	
