16	17	
0.2406	0.7868		33054	39323	32456	29260	30010	35272	24151	36014	38502	35575		1533076	1530509	1369030	1388400	1339147	1745137	1258934	1423836	1387569	1395416	
0.0837	0.2144		18235	14940	16867	19994	25052	20236	12857	26152	15125	12428		1434165	1179019	1314522	1338167	1212980	1332560	1017751	1349641	1056406	1110653	
0.8805	0.4111		29012	25970	38144	28581	36815	30543	39508	24378	27283	28576		1290031	1308338	1466986	1229933	1517916	1381132	1431512	1283545	1117407	1366898	
0.5165	0.2434		33321	22664	20233	29958	24886	20922	20176	22082	14893	23241		1410058	1410203	1372097	1722283	1405343	1334753	1378350	1281074	1222992	1227886	
0.2682	0.9737		32323	26180	23951	40686	28566	30831	37965	23903	31287	34157		1423223	1384706	1276589	1608933	1584681	1509267	1679538	1318437	1343222	1639462	
0.8024	0.3523		26216	36298	33655	29258	25978	38070	27050	37949	25807	25773		1236324	1370966	1384147	1312603	1243600	1474567	1294589	1607957	1207898	1290396	
0.277	0.2318		20967	19314	22525	28208	28520	16346	25461	28290	23795	17624		1463915	1693551	1449923	1538380	1588419	1203219	1436459	1551093	1572320	1125148	
0.4518	0.9801		26207	23482	31801	25684	27318	29957	28870	29365	29611	29064		1025715	981458	1197574	1006778	979827	1043558	1150074	1184003	1103440	1108094	
0.9916	0.3109		35184	41168	26685	27274	33856	33144	24577	26830	34743	29276		1375815	1116685	1104778	1258597	1326663	1257394	1305730	1217071	1300129	1526727	
0.2576	0.1187		17017	17361	19249	16823	26917	21063	25527	17604	17683	20925		1380227	1159570	1192722	1239160	1418953	1287729	1368384	1273277	1237622	1376987	
0.517	0.9771		41716	40325	41598	40165	40528	31808	55977	30581	43381	40313		1538640	1500307	1391326	1532881	1382852	1331947	1508098	1267466	1461092	1551824	
0.7669	0.2358		25867	29493	32911	21467	23641	32877	19263	27960	27581	34025		1284716	1228466	1417724	1042891	1021999	1386707	1039339	1222140	1178890	1294796	
0.6969	0.1964		27282	37166	22937	25843	23551	27997	23754	24101	22739	20174		1537494	1527758	1238763	1403123	1249655	1481114	1396757	1408936	1257656	1328119	
0.919	0.2204		25200	34907	35537	23710	29372	25133	35545	27060	39963	36231		1408861	1487661	1480161	1119281	1337789	1059622	1251768	1298760	1428745	1340800	
0.2892	0.3957		19386	32985	22330	32122	22216	17603	22233	25545	22216	23024		1172825	1489985	1295905	1501560	1499670	1001344	1329540	1212321	1282666	1234657	
0.0587	0.277		22806	17623	14761	20384	21760	12743	22650	16866	19057	22624		1572642	1252963	1341823	1278628	1529205	1175780	1380629	1378501	1452988	1280951	
0.08	0.3452		25505	26066	18260	16196	16519	16436	16332	14797	20226	18951		1592699	1593513	1368556	1361463	1467895	1393794	1467570	1315438	1371535	1220347	
0.8959	0.4198		29720	32915	34177	27983	32298	31638	27739	28331	38067	24487		1421068	1234699	1106506	1180439	1319991	1289896	1153749	1475841	1504802	1056795	
0.7126	0.9568		34796	31773	36023	38737	34210	48301	34768	46939	31380	37333		1227905	1151843	1271591	1246264	1272912	1326977	1346595	1611657	1187727	1222618	
0.4499	0.3444		36689	22776	32785	24729	21396	32778	22352	19157	24313	33129		1669306	1338126	1511154	1362384	1447302	1478103	1283597	1321479	1380570	1506619	
0.6906	0.6671		45543	47729	42951	35773	42336	33494	34292	33260	37125	27980		1699277	1343429	1521942	1218614	1373284	1301467	1289106	1298005	1170950	1086457	
0.7909	0.2015		26344	47114	35850	25389	28481	24906	33280	27837	28122	29579		1444836	1475901	1347860	1235523	1179999	1244583	1386382	1195236	1278978	1315868	
0.7438	0.3831		24741	27338	35754	26162	23378	25426	22208	36748	29521	26721		1220212	1270590	1570535	1368453	1187638	1126195	1214969	1353876	1302525	1288396	
0.5439	0.062		19371	29270	29600	29808	18696	21904	16570	19102	21018	23152		1368134	1447885	1529857	1340088	1365637	1329870	1204881	1303858	1387535	1255074	
0.8685	0.1714		27623	27293	31825	30641	23995	24136	28288	22045	24330	36526		1505077	1530069	1281361	1765903	1191330	1076401	1237987	1219514	1148132	1480835	
0.1277	0.9925		37162	23869	41199	32377	29163	25458	33810	72703	37297	25617		1686585	1405331	2166333	1505240	1389539	1687508	1766446	2340638	1629677	1285272	
0.9308	0.2546		31692	34619	28383	36147	36194	22501	24684	36924	42356	55558		1450212	1252859	1345372	1571843	1217880	1088387	1226983	1161410	1577809	2008843	
0.3298	0.2928		42084	23231	86104	25264	28015	30149	20121	19614	24349	31102		2000551	2029084	2135702	2040048	2276354	2348513	1152771	1168165	2276820	1849542	
0.3968	0.329		31843	28673	29897	23399	27689	29540	19500	20553	19765	21033		1848059	1466263	1390254	1395563	1508589	1456696	1372512	1361564	1289677	1463456	
0.5411	0.064		67889	47905	16585	21023	21154	18004	29239	23658	23488	24276		1574879	1213972	1086098	1360759	1481064	1323508	1650511	1436826	1430651	1507554	
0.1368	0.2577		19405	16433	16894	23331	16653	17462	18549	15903	23050	18431		1441681	1317618	1283872	1433321	1063249	1290423	1225633	1211446	1267058	1189687	
0.068	0.0545		15884	17720	13761	16984	16930	21625	15141	21081	14155	16966		1622857	1615218	1279156	1279476	1460286	1456546	1426748	1663170	1269773	1381923	
0.142	0.2698		24208	26776	16205	19653	27279	26775	23413	21800	20011	21599		1578767	1676972	1349588	1423390	1625292	1689303	1645174	1426749	1507784	1247505	
0.6282	0.7568		46829	42736	30429	32483	29816	34360	38455	36351	32598	36274		2126776	1571849	1121177	1442886	1618960	1529470	1537678	1331730	1558591	1488088	
0.231	0.8805		26826	26914	24997	40714	28967	62415	25710	24462	24290	37393		1364980	1880741	2243332	2435938	1400833	2439309	1858646	1503621	1371533	1429283	
0.4648	0.5989		43549	23933	23052	35026	43011	29486	28044	24938	27221	147423		1743620	1649146	1235829	2019303	1636856	1647762	1458746	1587838	1482317	2618985	
0.4197	0.1275		19914	29222	17612	21606	18228	16444	16049	20883	27373	18182		1487118	1758868	1365081	1148673	1036024	1014002	1226603	1217447	1526497	1254923	
0.2931	0.8597		29131	26496	25254	30082	25235	26325	27389	25204	34096	26007		1259225	1250955	1322749	1249534	994822	1207348	1230820	1302980	1492268	1346983	
0.4299	0.8745		37687	42028	33272	38804	30144	30881	35118	27090	28957	38034		1665559	1312134	1402958	1453637	1268801	1296437	1199008	1040584	1243466	1486101	
0.8395	0.5256		43527	33510	27270	25955	38595	111834	58302	31936	29466	31579		1533154	1295736	2307714	1663044	1654471	1968997	1799027	1333044	1185015	1201365	
0.5382	0.3179		29651	29845	23403	26614	32700	21392	22533	27430	20956	35982		1571675	1366771	1385897	1365022	1519594	1308217	1245408	1328861	1130120	1537414	
0.5024	0.4856		26641	25584	23579	28168	33614	32896	22426	22840	22930	23454		1315760	1310102	1374947	1449745	1734703	2064621	1715767	1568059	1220204	1521052	
0.7429	0.4845		29999	53286	29546	27423	23974	29187	28376	57440	24032	26346		1255886	1387913	1475574	1398833	1056714	1327334	1466874	1756056	1206776	1173320	
0.4875	0.1469		30309	27926	19612	23380	23486	19098	22721	26241	27356	19019		1278452	1859380	1519029	1282716	1743850	1572298	1509134	1481111	1532169	1191240	
0.5099	0.7853		33776	35245	29684	31971	43577	41115	28307	37228	31050	28846		1409874	1498271	1638383	1588360	1691869	1330306	1162483	1176831	1293354	1336490	
0.9556	0.423		52283	31884	96100	30599	29830	30501	42160	26657	31270	29963		1750369	1498981	1706904	1203153	1393955	1357301	1815376	1156139	1328231	1503659	
0.9053	0.4226		25287	44770	36799	26648	117594	38419	33141	29885	29968	42501		1148770	1385537	1478412	1463417	1492844	1581014	1553024	1161323	1249524	1455840	
0.0607	0.5993		16583	25487	16559	23050	25997	16826	18674	23273	17542	27036		1283779	1449906	992675	1306428	1454035	1146816	1246033	1434843	1152779	1232355	
0.7853	0.9497		35761	37825	35390	41625	52871	48444	47550	37308	39332	45867		1161307	1309739	1226703	1268772	1345976	1512051	1373917	1257346	1434359	1404070	
0.9624	0.0594		36268	25604	34228	25617	28650	34481	22084	28045	24560	27284		1498679	1396253	1450634	1445497	1578165	1415504	1111896	1140282	1192537	1180494	
0.7918	0.7092		44541	40040	41400	41157	43600	40574	33249	29344	33634	40232		1437264	1334808	1613285	1524782	1867609	1583174	1305368	1160028	1450212	1543913	
0.09	0.8372		26979	32300	32370	21479	22688	28655	22579	20455	23028	21442		1452547	1357099	1382510	1103215	1269971	1454629	1262880	1072495	1195845	1261340	
0.316	0.3667		28822	17326	17669	20246	22731	26944	20421	20166	21946	22775		1413592	1300732	1008951	1200381	1243001	1482056	1199707	1407131	1586859	1468147	
0.4324	0.9651		30957	31269	35210	28159	28139	36037	32662	45946	43702	31572		1201561	1267777	1395905	1175070	1183978	1322302	1087722	1266921	1540789	1357267	
0.7555	0.6615		68818	42431	38822	29790	31496	31815	33223	35721	37102	34358		1941457	1843329	1354319	1313872	1356027	1305936	1372281	1585393	1507966	1437163	
0.3766	0.268		30290	21236	29828	23396	29750	20966	17842	31897	21001	22489		1902707	1769825	1743560	1499805	1409666	1787642	1341168	1495753	1380896	1281329	
0.1585	0.61		25831	15984	31683	28722	21921	21604	19584	17645	22766	29082		1392236	1612085	1812518	1374434	1343890	1461267	1106774	1081330	1428416	1502389	
0.1613	0.6117		22669	20312	24365	20413	21216	23886	21685	30001	25740	29627		1264654	1248023	1221778	1178705	1134518	1250568	1310551	1463750	1368242	1420037	
0.2063	0.4166		16762	24351	17978	16367	16682	24792	24978	29392	31078	18197		1498994	1386055	1262878	1237915	1182351	1526714	1325489	1587978	1333034	1038447	
0.2388	0.7185		23087	22767	29267	23297	53230	86640	33210	28951	18774	29113		1407128	1366709	1847360	1305916	1640835	2436793	1448858	1504609	1163975	1453678	
0.4578	0.7085		28605	39176	28699	34131	27172	29430	38368	30128	29320	35086		1355502	1385146	1347970	1331391	1405815	1404985	1638295	1345503	1284792	1341661	
0.8983	0.6911		49127	39930	38596	32528	35838	45583	45505	45885	32537	36752		1875285	1317360	1513921	1390835	1207137	1330383	1425691	1654460	1217084	1449658	
0.3781	0.085		41854	17555	25397	24954	20431	20523	24198	29558	27062	28309		1764517	1366349	1210089	1308044	1361461	1294216	1363803	1657443	1438697	1568051	
0.2139	0.8403		23666	29394	29760	26183	23602	29704	23675	23508	23637	23011		1437179	1415086	1559099	1496462	1282939	1520677	1418437	1277369	1300765	1181202	
0.9263	0.1083		23185	22313	33428	28401	33263	27837	32984	33500	31899	29987		1349055	1130820	1534233	1631676	1631628	1367632	1750356	1538228	1591402	1462109	
0.6939	0.4986		35995	31380	25724	40826	39843	38179	23821	26556	28868	31264		1481528	1259573	1266360	1270963	1502862	1687123	1238965	1217829	1371763	1356628	
0.6965	0.7152		43869	33033	31394	39711	36153	37510	41225	31467	42153	28085		1407667	1468197	1390274	1446400	1388368	1315698	1237047	1332216	1520772	1056592	
0.5214	0.352		32676	23395	21983	21732	33175	33538	22862	23174	30937	27365		1540881	1171933	1024152	1110056	1452129	1293283	1172271	1141937	1363535	1220105	
0.8337	0.0881		23472	33506	25052	33554	25426	27724	21650	18796	24859	25689		1244495	1758526	1429489	1670385	1354092	1367149	1081894	1213765	1353774	1453163	
0.2199	0.7149		32443	33200	26539	19396	26590	26288	22799	22770	24180	31714		1590055	1253219	1282342	1069375	1151733	1374622	1515014	1329041	1243336	1550674	
0.499	0.3491		24238	22577	18758	21380	22757	24386	33245	34072	23238	21839		1315835	1246099	1089114	1129442	1300572	1319944	1421401	1460500	1178914	1157031	
0.7152	0.871		40429	34126	51137	44866	38586	44898	43528	35979	44305	37299		1625675	1263572	1499208	1485516	1302041	1430200	1572544	1361414	1604183	1550470	
0.6117	0.7106		32387	31078	27939	40620	34477	35047	39937	29827	43547	40791		1291894	1199899	1172057	1251715	1250953	1111794	1359925	1246329	1207821	1405972	
0.1219	0.6509		22086	23087	22151	22257	25113	19576	16935	27182	21532	22059		1256078	1430639	1262835	1421266	1301252	1168627	1100542	1293761	1215687	1182996	
0.2971	0.8317		37342	40960	41674	27130	24730	24910	27754	26400	25820	25236		1639372	1421518	1299813	1268878	1223528	1321683	1282407	1253093	1220391	1243631	
0.2857	0.2573		28283	25426	17638	17910	19230	17733	15935	22290	26961	23364		1350715	1304508	1080608	1215665	1206428	1062961	999413	1284132	1483956	1424789	
0.6447	0.8681		32696	36645	34876	51316	35717	41724	31833	31755	30442	43149		1405113	1345192	1437500	1295795	1359795	1353178	1260108	1211684	1223526	1552880	
0.1845	0.1607		21101	16508	14969	24687	16328	19225	28986	19485	26998	14421		1394827	1177038	992943	1301523	1561709	1460852	1425347	1236892	1407205	1113239	
0.7759	0.7479		31653	46347	30856	31707	36935	30587	34058	30877	33829	31280		1168468	1406356	1152980	1209863	1482872	1209481	1188932	1166130	1330428	1161180	
0.4661	0.4291		23028	20400	27398	35951	26207	28559	29093	22092	23589	21944		1252110	1272142	1381187	1429521	1369873	1115801	1426125	1140910	1047008	1039944	
0.3146	0.2849		21247	19188	18151	18904	21248	23670	29547	21053	22242	31609		1319388	1150725	1321192	1204772	1398548	1354924	1544722	1421493	1337200	1393934	
0.3384	0.9388		49875	32839	29198	32502	29148	25879	33433	41960	25628	32646		1427790	1501222	1527919	1339709	1351798	1274850	1417766	1596618	1076711	1233711	
0.7729	0.5653		31352	44243	28303	33198	35286	28637	27194	40399	33546	38378		1509127	1533542	1376434	1518983	1424819	1273194	1182779	1424437	1412167	1423262	
0.1467	0.4585		17346	27502	20345	15628	26688	26868	20289	17754	19973	17843		1190247	1522036	1249053	1063759	1358348	1313274	1257826	1317802	1297048	1257313	
0.7198	0.4904		27709	34857	27583	29440	27289	28094	23767	30508	28311	39826		1648033	1539314	1497229	1394277	1401668	1287369	1273050	1378596	1424528	1721590	
0.3059	0.973		26436	27980	35489	37744	38271	23801	27521	26421	36258	27574		1030667	1327177	1267895	1449105	1567294	1075837	1475547	1417809	1347079	1250461	
0.7165	0.2746		26726	28337	35141	28374	28818	26180	36236	36534	33688	23749		1262045	1353892	1611584	1273582	1335458	1523831	1507174	1497332	1416498	1177583	
0.6057	0.9579		33765	34607	31544	33526	39627	31181	42208	41739	45038	42022		1233034	1385694	1183358	1179656	1390037	1354865	1537072	1602818	1517422	1353046	
0.3782	0.4909		21007	26346	31287	23288	27285	32503	31985	35115	24544	20804		1146053	1223342	1461487	1148579	1507992	1559421	1515691	1289329	1329847	1219759	
0.0629	0.8079		29951	25561	23062	21947	22635	23770	30154	28423	22834	19900		1572717	1394299	1309472	1175132	1159593	1288908	1425261	1435961	1306385	1179859	
0.8385	0.1725		26835	22917	25386	22905	23834	39060	21174	26638	24452	24537		1315267	1149784	1026988	1057158	1331294	1480271	1100597	1364929	1276862	1268127	
0.4674	0.4975		19680	29255	31671	35545	20129	22331	25082	34040	22900	33968		1381500	1248956	1573265	1401017	1098052	1133086	1202855	1446158	1273643	1359458	
0.9273	0.1796		25575	27485	25789	24805	33930	27487	34729	24816	27691	25510		1386571	1332522	1303850	1250622	1370604	1206998	1329049	1539803	1321118	1404492	
0.95	0.8302		43903	37644	37650	64496	42916	43008	51141	39616	34623	34327		1399053	1296482	1440058	1577475	1345623	1230419	1575342	1309106	1158757	1073393	
0.1549	0.3813		18175	28331	44831	25195	19512	19919	18216	15660	25476	15733		1443358	1637915	1714944	1459701	1131171	1252139	1156008	1311610	1176130	1088922	
0.642	0.8489		43087	40425	34324	45700	41622	32019	39481	32427	32541	32795		1708739	1361277	1339561	1578458	1518914	1262603	1545062	1255987	1248937	1151427	
0.7421	0.2333		24597	29475	32545	23840	34739	27007	19550	34113	22427	23555		1160381	1435568	1354648	1261308	1663780	1245387	1081991	1659704	1321284	1295170	
0.954	0.0971		34736	25081	23365	20486	26455	27430	24028	26200	29139	20609		1503882	1253627	1285377	1239321	1297118	1269799	1146168	1239033	1259548	983930	
0.2	0.7777		25999	23412	23688	34064	25235	33830	31338	37262	32360	22997		1486168	1265016	1325081	1687645	1292338	1258438	1405846	1658067	1650161	1172730	
0.5685	0.8265		28520	31784	37553	32833	33559	47577	31437	41050	33142	36206		1215101	1230891	1566929	1253440	1569211	1482045	1187157	1280082	1282094	1366889	
0.6777	0.4312		30948	29072	39643	27593	22708	36749	26236	27674	24899	25925		1533592	1331405	1551136	1360893	1149836	1453590	1325784	1169553	1291468	1189721	
0.4229	0.1411		22014	22638	27941	18588	30199	20681	23498	18188	28045	17066		1169095	1357552	1475702	1060064	1453065	1212045	1424013	1245488	1496964	1152645	
0.2187	0.4852		17039	25971	21132	16632	21213	23704	21264	27725	22287	21839		1212064	1355675	1226827	1047372	1119769	1274670	1238534	1396211	1212433	1267751	
0.5215	0.5998		22185	31680	22947	32194	25174	25098	26862	20239	31954	26515		1000451	1445105	1124001	1316450	1107899	1087149	1457518	847535	1130291	1173371	
0.2702	0.6185		26586	25070	21996	22664	29180	21759	23958	22423	31221	39132		1314002	1323420	1558654	1271608	1368021	1132628	1287415	1196976	1447221	1614064	
0.6778	0.1631		23714	21615	24571	23580	23141	23081	49937	23261	20488	24985		1245803	1070641	1259903	1242958	1161000	1219072	1578463	1224162	1169477	1248785	
0.9501	0.9392		42140	51720	50359	35924	34499	42722	45834	39909	44545	36728		1226479	1285204	1359491	1251155	1161808	1374709	1273755	1286232	1324128	1220455	
0.2424	0.4273		29838	30029	20973	28236	28770	19431	20982	18791	20925	20814		1483563	1670613	1288460	1465817	1454875	1221136	1185268	1190975	1272733	1438874	
0.1956	0.7325		21463	19947	30030	22571	23920	32011	31612	24515	28135	33237		1026698	1181451	1268124	1166119	1214740	1485945	1486078	1294120	1223051	1451269	
0.8243	0.8193		40659	32364	38193	35775	33956	39988	40622	34609	34554	41722		1248135	1341839	1167923	1270660	1130361	1318357	1391577	1199466	1371063	1438476	
0.2188	0.8097		29556	32894	36796	23572	27195	23908	24742	25360	25018	21883		1347696	1527051	1214838	1492792	1302997	1202101	1106113	1143004	1202653	1165796	
0.1285	0.8375		32597	22993	21557	24793	22427	28212	23644	24033	31476	29336		1435773	1216221	1131681	1226698	1153939	1391871	1328625	1246797	1634051	1377402	
0.4716	0.7223		26824	42997	28439	37365	37649	29862	29218	26815	29196	27603		1213121	1622805	1263848	1265205	1633439	1448041	1287478	1203488	1268562	1286067	
0.3279	0.2911		26616	21838	16545	21237	28083	24218	28377	29033	16777	18563		1133294	1479411	1244637	1142426	1252674	1255178	1417825	1255357	1177662	1200437	
0.1579	0.4467		17926	18990	17080	20711	18655	24636	19256	27477	18778	19005		1456536	1425541	1222263	1191053	1135084	1385362	1240038	1384101	1260474	1305852	
0.736	0.5336		27213	37607	38661	38428	26996	32171	29616	25871	30135	27229		1376572	1657147	1420675	1402005	1203030	1347302	1239424	1390315	1320381	1368859	
0.4038	0.2382		30272	19440	21828	28053	22636	22284	22130	22505	22002	26041		1633215	1184980	1147806	1313291	1195533	1224252	1454919	1238420	1335641	1288153	
0.6596	0.7543		27489	46377	42005	37994	30524	27902	38422	35806	34065	36155		1242607	1475066	1426633	1286611	1160448	1149159	1379964	1444231	1337532	1617323	
0.7603	0.0615		23076	21263	22910	20748	22938	27658	30956	21081	29699	20829		1461634	1295486	1281377	1215460	1403457	1359265	1428254	1318403	1355363	1370307	
0.0978	0.8694		21714	24056	24051	24161	21670	32524	29616	34345	23276	21545		1305364	1246060	1295558	1324947	1285100	1542582	1421009	1520621	1244304	1596634	
0.9024	0.0901		25007	34402	33409	23898	32940	22352	28713	38877	29032	22246		1517539	1373372	1517332	1186214	1300495	1095151	1343505	1420478	1398013	1162049	
0.918	0.6464		29452	39974	32988	31609	32126	35793	36858	32707	42499	30126		1229947	1541888	1295199	1093245	1272834	1334884	1304020	1294748	1439094	1245244	
0.6192	0.4417		26917	26514	26738	35650	24774	29898	27726	36046	26730	46792		1375035	1318516	1255842	1369181	1235332	1293586	1379798	1516662	1330028	1366734	
0.266	0.3372		25562	22705	17804	20478	26005	21320	23947	20779	23174	17756		1621990	1286179	1178100	1238243	1260777	1279202	1273600	1286188	1189590	1076643	
0.809	0.25		26864	24076	35082	31930	33267	31524	29104	41015	24782	32225		1332332	1235916	1571155	1612777	1442939	1282473	1298974	1555736	1549095	1480663	
0.5695	0.1367		29837	21634	17556	24438	33143	21849	20348	20656	19710	17761		1264898	1403994	1114134	1339505	1280138	1312963	1146828	1285630	1094936	1067635	
0.5883	0.054		28850	20090	27747	34992	27812	18424	18921	17892	19190	15713		1303201	1240613	1369502	1538237	1711976	1186544	1161040	1317092	1224083	1153366	
0.318	0.2245		20939	15418	17595	23338	26399	16462	17632	15629	25376	20044		1231563	1248929	1061534	1226046	1346676	1267331	1048234	1103583	1200699	1169093	
0.807	0.0644		21602	31992	19510	18997	21582	22471	26711	27710	31242	26582		1411382	1594716	1109145	1117582	1246060	1207636	1292242	1275446	1624846	1456473	
0.1738	0.1404		23939	22939	25234	21416	17731	24645	17569	19791	20690	15895		1423734	1462291	1443933	1204850	1175865	1345519	1264180	1231383	1359562	1180588	
0.0613	0.7793		29993	29883	19581	19797	30040	27304	17104	22098	19711	17527		1644199	1609000	1202417	1259300	1500088	1466155	1131415	1275368	1168915	1041310	
0.9791	0.0903		23284	37333	33079	33651	27987	27435	33555	20339	27324	26297		1168597	1388783	1497726	1543464	1155980	1208623	1236069	1006124	1243801	1190832	
0.5949	0.1113		26072	19900	21133	17618	18165	17148	20467	20257	19974	28235		1226885	1226729	1169285	1058035	1083985	1232226	1290747	1285847	1200007	1297991	
0.7313	0.9381		62775	31968	48476	42946	35304	33569	38751	37718	30984	45899		1433740	1022568	1472944	1426299	1148793	1230654	1401263	1237886	1211564	1413809	
0.7689	0.8345		38723	50544	37295	35390	31551	33168	33259	41459	46901	36168		1439469	1416670	1507067	1248366	1003245	1151019	1343093	1367504	1709599	1264709	
0.34	0.1905		29590	20870	29161	29479	27472	27456	29249	24365	27708	18711		1439150	1273627	1656841	1725776	1554340	1447261	1663166	1340498	1506843	1186348	
0.9816	0.3701		78397	27976	40032	40043	25169	36786	33391	41398	40197	29174		1389565	1215505	1240681	1556497	1149973	1575999	1458665	1418460	1609254	1396446	
0.3297	0.3378		19505	20046	20470	20109	23048	40775	17565	30000	30445	22462		1303241	1283692	1407417	1240540	1423214	1605581	1273550	1382764	1693723	1277887	
0.3188	0.9937		39341	39625	28895	28901	35756	28461	39991	32479	32613	31195		1578545	1493936	1235655	1379240	1370444	1300250	1473083	1247857	1250621	1212563	
0.6256	0.7494		72151	39332	30139	28888	26405	32347	36985	38906	28608	31774		1532708	1528504	1148056	1036010	1095479	1168577	1146909	1204627	1141537	1190412	
0.7743	0.1566		37759	41758	22784	22799	24404	29763	19383	22326	26164	24494		1676319	1334982	1196151	1225426	1291126	1387786	1098473	1209432	1365446	1301466	
0.1272	0.1421		14920	17417	15587	24114	16071	14671	15306	15379	29118	24065		1214330	1432642	1326491	1586228	1111799	1171283	1182933	1132471	1561095	1361006	
0.844	0.8503		35890	46566	33487	45131	37273	36558	59857	48095	37811	34763		1494305	1498472	1170259	1315608	1281417	1343422	1408917	1416902	1331760	1216591	
0.6436	0.6754		39648	45648	28885	30126	32792	29811	31641	41078	36017	27652		1634595	1685434	1200580	1203369	1183422	1294793	1342730	1633417	1312124	1173700	
0.7729	0.5957		33874	34411	48665	37455	30397	31781	33304	27507	32664	44320		1481720	1551633	1259702	1362193	1063889	1171886	1213611	1189305	1206654	1550742	
0.3268	0.4809		32806	24832	26816	20752	23708	23976	18720	30487	23019	25434		1638587	1575054	1349117	1143478	1263533	1152642	1160195	1496125	1401868	1350167	
0.8109	0.2565		28018	33813	35368	35464	24521	37704	37640	27594	24151	33941		1254466	1501697	1518714	1391822	1219341	1562988	1616721	1519205	1276954	1585244	
0.7116	0.308		27811	37263	26890	27590	21895	26340	27002	30094	24186	21365		1545821	1483869	1309411	1404490	1280097	1232499	1477524	1455735	1207859	1195340	
0.1512	0.0966		18302	24597	24562	12336	27248	15978	18185	18207	23158	18468		1503543	1423794	1558110	1214926	1215148	1273581	1256207	1339308	1471585	1309616	
0.4786	0.171		19694	20665	25123	30383	22194	22906	22272	32108	31032	22518		1154434	1380783	1374881	1549734	1322986	1269251	1422625	1684081	1524673	1323586	
0.202	0.7775		27171	26991	21444	34835	37773	27907	36799	28659	21805	22938		1418512	1538424	1397705	1309816	1515604	1270394	1549979	1367090	1196309	1196081	
0.4215	0.7368		36144	33795	29408	29161	31254	30331	28674	30776	36690	34266		1521651	1362166	1267082	1143238	1238001	1105691	1224298	1249002	1572611	1329292	
0.149	0.2672		18356	30596	17015	21099	17528	23102	25215	16884	19388	22920		1216399	1704428	1241269	1280341	1247600	1285763	1317788	1272569	1238773	1361651	
0.6878	0.7132		30332	29431	40013	27183	40292	44126	32827	29499	32308	37848		1327972	1288504	1527501	1203089	1474722	1513654	1303083	1398627	1413911	1463296	
0.7317	0.348		32289	34494	24819	35846	31606	22996	27925	29348	29399	23325		1408626	1526871	1212840	1633246	1517366	1065096	1349507	1463161	1334395	1183264	
0.183	0.9224		34942	23971	38261	26182	29883	39424	37699	26952	22706	26714		1743514	1332902	1543065	1326043	1503863	1400860	1541520	1279505	1311585	1537182	
0.1452	0.9454		39145	34543	33851	27757	24831	32046	25969	20975	22518	23955		1535656	1426236	1423428	1251327	1363258	1364093	1328297	1254730	1074375	1186063	
0.5825	0.7177		28550	30092	27594	31123	28575	28415	35317	30157	44054	32526		1178053	1227712	1130405	1115918	1121928	1190635	1289211	1195917	1316653	1307222	
0.402	0.6199		23397	33589	24563	23726	25946	25323	33632	25170	25867	37871		1234532	1495566	1194414	1124591	1213889	1161040	1527530	1222390	1247322	1406499	
0.6706	0.3795		26676	26443	27904	27268	32956	24763	25833	45373	38618	27195		1383174	1213650	1233399	1226141	1588769	1332039	1196554	1642677	1651199	1550673	
0.9363	0.4495		31502	28406	41990	31822	34438	31569	29573	31628	39969	39993		1400690	1327162	1485861	1225916	1134443	1288429	1138428	1159993	1374469	1330277	
0.6578	0.1873		31541	29554	23946	24290	20991	24252	19363	21011	23143	27113		1510943	1652060	1282132	1199334	1212608	1268295	1139037	1237510	1144543	1502276	
0.1968	0.6037		20952	23281	26105	25774	32096	22152	32758	27080	32199	31031		1386890	1493534	1518183	1348765	1570571	1280048	1651809	1607028	1631128	1632611	
0.8318	0.9657		54874	46961	46745	44540	52078	40143	37249	39323	43396	34184		1480422	1545371	1484229	1787198	1679450	1374345	1298587	1272749	1160556	1176763	
0.7582	0.6205		39463	32502	31829	30092	47250	28383	29638	38743	36295	29187		1284903	1498638	1286007	1290297	1254640	1182296	1157722	1493835	1444287	1323285	
0.8799	0.874		39188	55144	35456	43573	51983	43171	37226	37784	34806	33671		1358913	1325385	1172669	1337177	1512739	1487609	1241417	1364404	1279306	1224484	
0.3396	0.9062		41119	34074	42795	29867	40336	38109	23908	27729	27578	38837		1397030	1445522	1556034	1413905	1606498	1689708	1414892	1583028	1370751	1508388	
0.1692	0.298		21011	17079	26175	19032	17608	24096	19023	14236	19411	26296		1525103	1159226	1411354	1198630	1145438	1337646	1183702	1122404	1180141	1496478	
0.2635	0.6181		20687	22044	28312	23355	31168	23371	21891	29441	19865	27106		1243597	1271334	1357120	1392073	1657684	1453767	1386426	1491036	1263217	1400549	
0.2816	0.0582		13738	26220	26631	24071	16574	17117	15802	30312	18016	18503		1322808	1480207	1391722	1367292	1250465	1345361	1509840	1477652	1324329	1581468	
0.0893	0.4827		17163	20796	33544	26200	20732	20394	18642	19267	25656	15888		1432016	1460020	1625971	1492562	1343717	1450800	1379546	1424930	1263293	1054923	
0.0873	0.2078		21797	30839	18509	20995	23295	21425	19175	15808	18485	18339		1473150	1460019	1289194	1402263	1267972	1503112	1438978	1280262	1263689	1301629	
0.182	0.6903		23207	23310	30998	26071	26299	33922	26576	31674	22292	21256		1291681	1274148	1404405	1263603	1129138	1421243	1274907	1466930	1110407	1122007	
0.252	0.2356		14634	14613	19429	19914	18067	25861	26365	21871	15026	15104		1144362	1098468	1213366	1386862	1217311	1194819	1639506	1354777	1015683	1094936	
0.7036	0.9588		35944	41202	54981	34472	44199	38704	33605	37118	40746	37035		1472345	1398646	1348063	1220734	1594464	1584458	1312929	1255678	1231822	1300035	
0.6295	0.3735		28646	25819	22790	24407	33340	32957	35453	25344	23981	26901		1225817	1351852	1336139	1323982	1361783	1419799	1284480	1304500	1262119	1315703	
0.7885	0.4673		28397	39313	36685	29195	35033	44124	45442	30760	29029	38019		1437243	1570434	1540372	1427820	1228316	1428883	1659425	1242506	1358494	1534320	
0.9354	0.1618		25586	26691	25806	22804	31833	26458	29356	33663	36831	35954		1299131	1283303	1241948	1203959	1369159	1252282	1344325	1546969	1508143	1626045	
0.4535	0.513		24927	22390	19636	22461	34002	23534	20093	33746	31999	32817		1253222	1081461	985048	1154221	1434173	1033603	926480	1255055	1239841	1583143	
0.3335	0.8098		24679	27716	24531	26802	33323	27300	37205	34966	27511	36563		1159085	1336723	1204624	1105970	1107882	1242281	1437098	1392951	1220260	1278850	
0.8081	0.9287		50644	49434	38656	43374	37258	39547	37029	37218	36683	36357		1584980	1704314	1378599	1376407	1228590	1272811	1247628	1221533	1124816	1196512	
0.8345	0.2848		34368	24998	34215	27116	23782	27081	24568	30091	28215	23687		1658758	1438143	1503542	1265032	1128962	1204316	1170417	1442213	1190765	1118822	
0.6179	0.9774		34958	34465	39643	34041	35483	32068	33148	37026	36375	30967		1258022	1336488	1360165	1317610	1291326	1363128	1257891	1210204	1132219	1295537	
0.9756	0.6567		45387	48976	34987	51414	35210	36336	35349	41691	38454	50615		1413151	1630478	1210715	1445572	1220654	1380778	1474366	1343907	1227231	1356324	
0.6311	0.2547		37261	30366	46626	19050	25275	25330	31371	20881	22650	31132		1418872	1388705	1161630	1134220	1329589	1292596	1233783	1089061	1147512	1388237	
0.6081	0.2178		30445	24675	21431	23262	30533	32670	22239	37730	31023	32379		1727282	1219324	1495135	1310522	1510600	1508640	1341528	1550589	1407223	1576649	
0.8628	0.6973		29625	35500	37438	33403	42137	37622	35242	37584	43742	37118		1329461	1287939	1246283	1359247	1462262	1309845	1395079	1436539	1562896	1346053	
0.5947	0.311		38281	26176	27001	32600	35719	32869	31793	22954	30182	22843		1619710	1284270	1424328	1572616	1374435	1578085	1443655	1273178	1374691	1185932	
0.1811	0.2839		18588	18414	15771	19728	15169	21929	18507	17658	25810	26039		1355100	1250660	967181	1246742	1164385	1103045	1141962	1250425	1320570	1469165	
0.8855	0.6338		33378	41494	39422	34651	46955	31473	34604	30017	37499	33494		1610450	1550820	1383148	1291907	1385966	1298429	1546919	1273173	1539507	1397043	
0.4984	0.8326		34316	31255	27237	31073	31570	28661	46577	33459	30630	37223		1315727	1304600	1013916	1266132	1162389	1106336	1351229	1266671	1155101	1299232	
0.586	0.9733		31922	31435	40146	34790	41234	33967	41622	41727	31766	33424		1234307	1152133	1256479	1220149	1388063	1203439	1469442	1340306	1126653	1261920	
0.5004	0.7932		35235	27969	32516	43524	37477	30944	40906	30723	28260	28816		1577889	1255221	1412653	1352282	1564795	1335782	1653072	1226869	1238372	1257456	
0.7431	0.0806		23397	23769	30153	23301	30694	26239	33204	23968	30471	22789		1509591	1381217	1346791	1342385	1376166	1342737	1431693	1265491	1454151	1547865	
0.8625	0.8144		63702	47038	47368	32350	35585	33887	39327	48550	37200	49949		1427530	1484969	1370306	1249198	1354221	1279231	1233960	1419091	1251041	1441778	
0.4646	0.5317		25024	23887	30583	29115	26549	25276	35035	23085	22812	28463		1351657	1438335	1354386	1486884	1290175	1372427	1573530	1106195	1244223	1275483	
0.5575	0.189		27285	20140	20526	23341	22455	19913	20089	30218	22472	25326		1316120	1350023	1186046	1208619	1237788	1361344	1409379	1555780	1344859	1286390	
0.1397	0.2637		22840	25246	24926	15941	13698	18045	24793	20583	20271	17979		1238493	1618931	1470727	1208023	1039896	1342712	1498513	1324411	1290220	1262377	
0.9916	0.1945		28240	26337	27826	27457	29275	38510	38165	29128	37459	36811		1394105	1504551	1332737	1233697	1640836	1541811	1707796	1257170	1246335	1480818	
0.1371	0.1268		25919	40559	24181	14393	21092	23377	20609	28747	17301	14968		1511986	1478595	1539036	1171149	1373324	1415316	1313508	1591658	1159095	1079426	
0.6158	0.2949		22706	22566	27157	35168	30168	40188	24559	22560	23768	23520		1204739	1266776	1241336	1282207	1656763	1157695	1179928	1219566	1198917	1164830	
0.1173	0.9847		25325	25194	26858	26650	24858	30827	30708	22736	33905	33486		1439129	1337029	1468095	1385062	1333879	1517453	1570986	1272031	1446203	1631174	
0.9418	0.2277		40810	29513	27731	26937	22837	26256	27473	37398	22619	25246		1308846	1364763	1135406	1348098	1030968	1261883	1221080	1536322	1042910	1235696	
0.6513	0.586		34116	33747	27754	38569	45083	39259	26403	37317	28199	26610		1435490	1382305	1498747	1681267	1761546	1490723	1189306	1458780	1591777	1504071	
0.4732	0.778		26654	29248	29667	26464	39293	26075	42138	36804	30016	38441		1193473	1420165	1279371	1283593	1491229	1213181	1494121	1543237	1425646	1499410	
0.8514	0.9519		49021	49960	50989	37241	48957	38962	37672	45445	34663	42179		1486358	1227126	1677856	1405171	1403007	1265321	1116155	1166278	1237076	1322742	
0.6943	0.5404		29188	28663	26533	26799	24264	30167	24126	37028	32561	27903		1459735	1453001	1366383	1198399	1116450	1297428	1370653	1528924	1433164	1303302	
0.6944	0.1849		25286	31776	30455	32568	34127	38701	22245	22578	36213	24845		1376434	1522117	1414346	1583454	1526549	1570658	1365604	1305654	1372125	1396547	
0.961	0.2747		28676	25353	37083	39511	27295	23367	28036	26442	35151	40576		1227307	1319760	1527201	1644895	1106006	1116488	1306427	1239888	1482552	1476963	
0.4135	0.9058		37364	37377	29019	31726	45816	37701	29430	35139	32445	27945		1715038	1503045	1314735	1220124	1477424	1478927	1412767	1409250	1392295	1311905	
0.1804	0.0759		19862	16775	19590	20581	14653	15065	17175	23587	15649	19107		1415703	1256075	1309217	1405501	1159597	1166119	1156841	1177764	1170624	1254221	
0.0561	0.2345		16635	23635	16188	14545	16881	14309	22824	18499	15854	16517		1305278	1308319	1204124	1220554	1428614	1085487	1289667	1252186	1156558	1172628	
0.0651	0.1943		22550	22848	18352	22781	12211	14386	12420	12173	15138	16325		1776255	1669853	1249680	1566082	1074627	1037693	1084564	1112920	1198021	1321511	
0.2996	0.7056		21371	48285	24916	20999	25323	24197	24044	31424	29117	34990		996571	1159050	1276588	1030673	1182910	1176124	1121470	1137198	1269749	1183818	
0.7175	0.4963		37457	26722	35634	26714	30896	25780	35213	28171	29104	26781		1411603	1279848	1499355	1106580	1332734	1209893	1608665	1459689	1245332	1314496	
0.0791	0.3015		24473	17145	23207	22797	22865	16115	24380	24807	16011	17703		1325289	1295233	1385607	1352859	1134878	1166395	1577236	1285682	1233241	1365741	
0.8631	0.9341		40985	38259	49448	41294	52297	45212	38433	52035	37703	44614		1260012	1525167	1547107	1436818	1598118	1470742	1329927	1336859	1490996	1605633	
0.4714	0.4367		25481	33556	39234	27387	24470	21750	22890	21725	26777	31955		1345480	1579279	1653705	1631610	1233058	1139154	1262880	1266740	1379317	1396661	
0.7948	0.1234		27526	19374	21921	31640	23754	30266	34593	21933	22643	24109		1364789	1176021	1247426	1340517	1131103	1288583	1467633	1180220	1180563	1303743	
0.5178	0.6561		29164	28011	35870	29095	28859	37335	34364	42933	38258	28849		1220941	1346826	1288190	1261344	1293383	1424338	1468393	1539970	1440184	1275922	
0.8945	0.2468		30171	26332	29349	23791	27389	26617	25098	38566	22342	25943		1396176	1209081	1412540	1162955	1573598	1195453	1194587	1281120	1096920	1302523	
0.3543	0.643		27997	33059	23625	25529	24133	27789	23170	37922	32790	32157		1506023	1328765	1195504	1227239	1150461	1309947	1212126	1250172	1523598	1564798	
0.3415	0.7562		31987	41000	44081	28842	35468	26279	30156	24965	32472	28209		1254848	1448963	1185476	1388270	1584810	1278782	1393357	1288350	1234475	1278896	
0.732	0.5886		51616	38022	35772	29117	33021	41108	29139	29312	41300	42959		1575621	1295997	1423957	1176185	1387980	1644609	1246336	1177600	1584709	1393435	
0.4148	0.8556		34841	31399	32052	26776	30067	31294	38346	31806	36403	37226		1288647	1285790	1150924	1121814	1142278	1286655	1308214	1199731	1504915	1477510	
0.9095	0.8569		33227	44641	40837	45714	38876	49329	42999	45445	44623	48497		1271489	1352114	1506825	1561989	1598216	1389407	1291579	1480950	1254563	1543461	
0.8759	0.7794		32670	47957	46215	45955	31745	34027	45404	38912	40598	33685		1314885	1472499	1519424	1601723	1134825	1198696	1640995	1357404	1362607	1211397	
0.3022	0.2247		32809	24842	27021	25708	24838	26978	27111	20097	17344	18442		1473953	1405063	1728958	1451669	1186896	1382552	1386780	1429368	1143108	1168655	
0.7943	0.9564		35756	40132	32578	47067	49266	34836	33938	46928	46231	36455		1455432	1297165	1362958	1574658	1594264	1041256	1094946	1566617	1352367	1372258	
0.8461	0.9736		35720	42487	35788	49549	39927	33857	48362	52175	38093	48907		1171913	1383383	1112029	1412138	1150666	1166087	1413881	1361857	1339063	1175846	
0.7553	0.5474		38968	33431	32518	30814	27692	41669	39305	38987	33857	28190		1581924	1302600	1263758	1240909	1440689	1306518	1425502	1591028	1403501	1259344	
0.7193	0.2487		23768	28240	28870	25692	26055	26999	20533	21796	32658	29272		1152335	1187769	1333078	1224583	1271712	1290331	1074535	1123772	1594685	1306651	
0.6939	0.3731		34071	30836	26764	24963	26927	21886	27997	31705	26281	24409		1680697	1247326	1335284	1422441	1314192	1258744	1262470	1250417	1260070	1305909	
0.4604	0.7055		37303	43846	31395	27315	23576	29190	26554	42010	28846	25107		1475493	1601871	1245592	1357606	1128899	1210844	1332422	1626764	1468193	1115896	
0.2838	0.9435		29213	34813	30648	29399	26376	25699	31773	27408	31167	32744		1241803	1402009	1237677	1294334	1297444	1253384	1396612	1192087	1381170	1360209	
0.0887	0.1684		12814	15043	20125	27162	15877	15116	15633	17714	18406	19501		1285238	1369358	1463562	1605722	1294891	1128131	1243821	1244821	1278961	1215632	
0.5219	0.9943		37319	29500	30279	42150	34467	35299	31909	39514	35278	32865		1580227	1146433	1096059	1446693	1130993	1460178	1226360	1420415	1239427	1250789	
0.7974	0.8491		34094	45276	42675	48456	42976	45515	53570	39656	44032	41762		1154402	1439999	1458383	1583738	1417137	1558018	1336021	1184600	1534236	1320742	
0.1868	0.9715		29567	24661	35298	26548	34019	35929	31521	25462	32721	34249		1407578	1267246	1418572	1266129	1558906	1309797	1253370	1186414	1253342	1677027	
0.9312	0.468		39192	28548	28769	29932	34069	40080	29676	28901	25655	40348		1770330	1270885	1193813	1222921	1454962	1818170	1352564	1243975	1200625	1611483	
0.999	0.7845		37585	38076	46624	53902	44968	52463	43652	39344	43264	48948		1252649	1485635	1439286	1579632	1584624	1456905	1175059	1323640	1322114	1444444	
0.4816	0.2578		33934	22640	25464	19826	30703	25355	20299	20230	18192	20536		1648430	1292870	1282624	1201546	1551035	1310112	1235844	1107997	1159606	1260590	
0.1299	0.1436		18028	18086	28298	23740	18122	17111	16839	15072	24319	24206		1430762	1308828	1608608	1407051	1429812	1243635	1596283	1218020	1505929	1362134	
0.3409	0.9193		38067	43053	27683	37967	32632	38981	47362	38416	29927	28179		1612274	1874673	1320440	1394417	1325713	1669132	1807349	1742549	1182668	1278687	
0.5254	0.6401		36620	26097	28615	31469	31066	34271	30144	33679	25864	37364		1359516	1191848	1292027	1310179	1370506	1501427	1391401	1536007	1305267	1371143	
0.8359	0.2439		33636	34840	26160	33104	27190	31751	29419	25615	34242	27281		1292908	1575240	1309943	1478753	1277256	1321624	1316251	1208276	1805708	1533621	
0.9894	0.3223		32707	45546	38226	38221	34626	29715	38480	38367	38015	28291		1449382	1492927	1458735	1465418	1285453	1334659	1489999	1393960	1605037	1212277	
0.55	0.3497		21984	32534	31780	23174	26674	36859	26959	32769	24214	20027		1386670	1458617	1553292	1449435	1467212	1616811	1534088	1493905	1335070	1103718	
0.3549	0.7653		36858	31879	25142	27071	29073	24451	32521	24907	26911	32234		1140414	1230515	1132666	1119116	1251687	1129070	1221575	1168337	1142445	1080226	
0.7042	0.1367		26055	22155	19982	24452	32580	20985	21688	34011	24044	23109		1399626	1312942	1528928	1290675	1189245	1124628	1131345	1280368	1347853	1262452	
0.1444	0.5279		19874	32428	29061	18331	21576	17287	25173	19594	23240	26170		1222268	1475197	1363688	1193788	1229402	1213931	1262555	1215551	1427244	1495163	
0.5641	0.363		35482	22438	33643	24121	26921	31970	24267	23507	22152	31719		1448049	1307745	1679365	1230786	1556549	1481540	1344126	1426739	1273383	1595156	
0.1775	0.8451		20107	25981	33552	22841	22860	30947	27959	33988	23361	35968		1234954	1272987	1503525	1181398	1174656	1221612	1268303	1527677	1266282	1377384	
0.0687	0.9245		20675	18119	29759	25368	29474	21037	22329	20352	25128	21791		1239219	1264161	1318419	1433957	1448765	1186298	1247222	1112485	1265895	1207152	
0.7254	0.4884		25719	35108	27382	25909	28946	29645	36473	35261	30223	30817		1173442	1415233	1250735	1157306	1272310	1344864	1658106	1404320	1352169	1350271	
0.4457	0.7039		26529	30534	36530	36166	31537	36389	27798	41396	28107	27645		1157062	1366855	1354457	1411183	1508702	1368903	1219411	1465253	1148782	1282010	
0.1283	0.3909		26320	27886	32614	20213	19939	32807	22155	23554	23861	18278		1408061	1826791	1477213	1392431	1346836	1449585	1618149	1318561	1418492	1222662	
0.0777	0.2969		14996	22082	24301	23846	22187	22141	16736	19783	23578	19567		1394736	1237074	1587522	1734721	1636182	1527253	1236005	1516091	1579956	1343565	
0.3813	0.077		21331	31737	22285	19073	25761	20000	22074	21318	21079	21448		1391715	1771280	1375177	1409183	1581238	1448779	1355160	1250451	1377349	1193127	
0.4286	0.3175		33727	20565	32800	25961	25808	20767	18117	32532	32225	20586		1381610	1301371	1526207	1455138	1350085	1285931	1202368	1768106	1697607	1340800	
0.4532	0.7266		37003	29950	27082	21189	25256	27004	31982	29281	38149	36027		1492226	1325519	1231110	987410	1086476	1035966	1364372	1275121	1497048	1332267	
0.4928	0.2174		30669	22755	23222	31661	29379	24759	19385	22022	27646	18521		1499106	1269565	1315868	1393487	1340650	1140425	1027924	1100651	1336016	1069558	
0.2255	0.4934		21428	31863	28563	20011	21300	20217	21854	27331	19228	21613		1425845	1548078	1676701	1334544	1338954	1105040	1351831	1498827	1210100	1188512	
0.6937	0.7257		35977	35121	34301	32343	44608	30431	51441	42321	34460	37941		1444987	1324295	1344189	1330180	1459495	1271689	1653562	1754792	1394965	1424560	
0.4329	0.651		29008	37377	22183	30202	31219	27693	28255	30804	30985	33180		1196736	1476617	1218817	1534483	1320714	1267575	1220449	1398744	1216517	1503405	
0.9989	0.1696		25794	25984	28351	31006	25817	25392	22128	31182	27365	40589		1226884	1244494	1347617	1308349	1175469	1126367	1148159	1357471	1278564	1581433	
0.9293	0.1779		28488	36788	29651	23673	31619	24846	22172	24479	23288	22482		1411418	1491860	1366464	1270865	1396496	1364247	1061022	1250593	1076623	1087518	
0.5965	0.8991		44566	49167	47329	36677	32581	30877	38028	28785	32567	38657		1635867	1571120	1489924	1322136	1265836	1255679	1220786	973743	1158310	1335541	
0.994	0.6379		31270	36756	35856	37063	44868	48448	32867	44010	43652	49211		1120711	1231394	1332683	1262432	1453562	1129005	1138816	1273200	1395187	1555154	
0.2768	0.1195		16887	13782	18701	20441	18293	25813	20381	17219	23186	25477		1250574	1145393	1159600	1121741	1340345	1408334	1265770	1148091	1320711	1541039	
0.2168	0.1222		16702	24878	20371	17876	17889	16639	18212	17153	24921	25433		1223755	1266894	1283343	1242043	1195789	1158915	1214433	1268666	1343831	1545039	
0.6259	0.52		35237	38805	27331	35085	26946	28113	25404	53046	41893	31759		1540328	1427032	1261481	1523743	1495298	1434026	1322419	1545157	1539016	1403679	
0.4097	0.052		27902	17552	20429	18442	18092	27630	17200	14870	17332	14597		1779742	1260367	1311892	1237024	1618508	1619962	1156808	1017133	1011503	1185152	
0.1158	0.8094		25514	36944	24377	30034	29375	24133	24168	26690	35926	22593		1471042	1589707	1301687	1523083	1416726	1487898	1394388	1413840	1517660	1431559	
0.4324	0.5742		26358	22330	24685	26734	22229	21315	35129	35069	25060	35544		1146483	1270837	1246063	1331599	1305147	1217472	1379371	1456448	1572722	1475261	
0.8125	0.8042		45986	48188	46326	40969	32623	51381	30576	36830	43928	30953		1540417	1445151	1661688	1134420	1031472	1151916	976792	1203768	1315698	1041519	
0.8889	0.2424		34548	23602	31956	26054	35307	24138	32068	22648	25217	37961		1495885	1197321	1514107	1279833	1493916	1190324	1214552	1370926	1273293	1794304	
0.2353	0.1562		23702	32345	20326	32188	21422	17182	14255	19789	18271	16155		1466395	1746303	1454546	1588383	1387105	1134062	1151671	1359916	1490191	1240256	
0.5462	0.8447		50582	29325	41213	34316	43100	38487	41377	30542	30598	27275		1452651	1222713	1354683	1371453	1411405	1382772	1572628	1431460	1294573	1142644	
0.1803	0.1156		16237	18233	24675	24841	17599	16266	15588	15539	22537	25010		1109326	1369297	1365555	1427664	1268734	1154093	1121496	1190792	1512522	1420480	
0.7695	0.4945		25776	33158	24468	30219	29010	27164	33495	38300	24239	28670		1035496	1140985	997349	1107297	1106555	1069864	1166257	1435711	1082491	1341431	
0.5363	0.261		22696	33834	28180	30868	28541	32432	22880	18237	25034	18271		1298568	1393983	1263476	1677272	1424841	1478294	1175431	1045131	1077372	1202465	
0.413	0.3398		19894	19716	19935	17487	19972	26854	31312	31690	20344	32421		1138952	1261117	1183152	1059749	1127987	1413501	1424400	1589222	1269993	1362224	
0.7593	0.0719		29952	26761	22808	17855	26178	17182	26208	19540	20657	31176		1308466	1495036	1476231	1192164	1476168	1165050	1430202	1249922	1299424	1477243	
0.5445	0.249		21533	29954	24836	24828	21192	27913	23020	22341	18518	21884		1126138	1422213	1359015	1368269	1227202	1372893	1322298	1241566	1310132	1241312	
0.434	0.1101		20108	28155	18403	28994	17741	29297	17957	18451	26602	24281		1344010	1365175	1360294	1166544	1043539	1574463	1065483	1149550	1316892	1575807	
0.3119	0.7246		33399	28724	31083	62408	31466	23552	31052	32993	33160	28394		1460906	1406175	1376272	1515091	1281077	1255202	1346275	1664793	1472276	1352476	
0.1534	0.9989		25579	23631	27249	22823	32814	31565	24520	22498	22218	25426		1323837	1474250	1285293	1348817	1552670	1329562	1330044	1258227	1382966	1240755	
0.3625	0.7943		25405	27122	26314	27218	25299	33001	24595	29974	27816	24980		1128017	1288751	1406702	1154439	1313488	1419083	1114802	1320223	1281101	1158133	
0.1562	0.1599		16601	15367	29052	17558	16663	22471	17658	17931	15853	18014		1242134	1503154	1616855	1336175	1165572	1266861	1179193	1230114	1121597	1277631	
0.8432	0.2405		35374	35117	27235	26054	24209	36562	26069	27331	34454	23121		1497459	1449752	1327817	1085390	1256083	1243015	1293340	1334409	1400547	1317193	
0.3349	0.2722		27978	18483	28130	16579	29691	26762	20347	31705	23406	26347		1336235	1187067	1575635	1254271	1513415	1642580	1297886	1378034	1500470	1474964	
0.1296	0.4952		29078	34907	27002	19313	18361	17762	17048	22268	24529	18514		1522415	1409096	1477271	1195766	1192823	1115414	1104126	1157698	1335313	1216950	
0.5155	0.0735		27300	18574	26936	26656	28483	29138	26889	12991	12889	13330		1475466	1239003	1577197	1374319	1420182	1435137	1616927	877745	852322	1249560	
0.5732	0.7653		41372	25635	32592	30455	33329	29000	32024	33392	35409	39097		1309367	1194735	1304555	1277690	1268819	1277542	1287816	1409848	1336330	1412370	
0.6556	0.815		42222	39479	49977	47744	41287	48068	32173	42955	36004	42137		1499648	1260442	1669052	1647271	1832998	1668772	1374927	1375064	1302358	1447275	
0.8631	0.7779		31541	34975	45490	45854	33226	34787	36354	36384	33979	37092		1089638	1296099	1415694	1598431	1343768	1298535	1512176	1322060	1348289	1518486	
0.489	0.1905		24729	19589	26527	29625	33368	30240	22263	19403	16845	21534		1412045	1299799	1393961	1388351	1340015	1313982	1251770	1236111	1028223	1003039	
0.4718	0.8467		33422	38963	37855	38407	39846	31928	29278	39950	35196	33828		1430318	1435545	1405723	1400584	1405162	1237751	1371679	1480735	1382504	1285629	
0.2948	0.0514		28845	24494	26015	27564	18787	15706	21562	20577	26171	17851		1548844	1433033	1275734	1397852	1443420	1291030	1343375	1398294	1592764	1225337	
0.9833	0.8858		37228	51288	37285	37796	46323	39783	54451	50296	42414	50737		1242774	1611550	1234116	1257135	1686934	1543343	1379276	1589631	1333475	1372151	
0.3223	0.2779		19656	21209	18986	18605	18238	26980	24028	16443	24796	24760		1524617	1452859	1274136	1241386	1320304	1345566	1412236	1074647	1189580	1203346	
0.9129	0.3871		30124	41043	37622	29942	39233	26331	33273	43032	24494	28798		1519443	1543857	1464263	1267941	1378876	1182323	1226301	1569661	1208191	1274704	
0.2432	0.9571		34600	34038	35588	35778	34373	32653	31414	26420	25026	26985		1427032	1459510	1521976	1567874	1641623	1531474	1219996	1190990	1061418	1228329	
0.0902	0.4234		17607	23164	20062	14833	18843	15291	15767	17564	19441	23028		1293275	1375761	1199496	1182976	1453922	1257959	1470942	1245962	1160747	1434266	
0.0837	0.1499		18337	16624	23619	23733	23841	15897	15776	22443	22108	14381		1322297	1380839	1498854	1599594	1661971	1273672	1158887	1341464	1315952	1216897	
0.1664	0.1791		26194	21603	16094	17063	23555	18549	27886	26097	26747	14366		1636470	1695519	1269138	1368224	1509178	1160797	1552708	1347953	1582368	1152185	
0.3425	0.9471		26136	40596	29571	29195	31514	30059	30836	39506	39828	38419		1082177	1420014	1194995	1220471	1192055	1236430	1532485	1716097	1504346	1382830	
0.4547	0.4826		26142	20242	25088	27345	23475	23105	34207	26890	28233	24366		1309992	1316555	1460037	1369590	1275282	1244402	1624979	1422984	1673954	1557512	
0.6098	0.3022		30167	27762	20836	23142	27410	32799	24616	26896	23888	29361		1432616	1168691	1319761	1300118	1300413	1565092	1233829	1409692	1342113	1401458	
0.2948	0.1133		17315	16918	22286	16787	22872	25238	24595	16544	18268	20557		1179307	1327168	1221011	1163912	1538673	1357698	1437778	1207130	1121977	1262331	
0.2514	0.5884		33920	20752	24280	21648	21062	33272	25396	32175	26051	29889		1531203	1266212	1434285	1101441	1079976	1321540	1121700	1305631	1458821	1439973	
0.718	0.8822		42987	43107	35278	39048	35717	34852	36129	32600	29640	36643		1364244	1613424	1296623	1291649	1347619	1400100	1292142	1251572	1114070	1237691	
0.6859	0.6132		30568	32691	32808	29483	33988	30072	27397	39967	35959	40094		1474327	1333485	1385593	1190454	1393529	1233515	1540381	1516491	1383076	1614370	
0.3839	0.4753		25785	21391	24543	29781	21099	25697	20863	35851	22419	22823		1533010	1210970	1157170	1300384	1195743	1198380	1083915	1363802	1404218	1149891	
0.0962	0.9722		26582	25484	22707	34890	33456	31815	24536	24172	23992	21831		1211067	1375173	1263386	1471939	1515417	1352143	1239035	1046353	1171553	1122493	
0.7236	0.5589		37900	27044	29281	38644	37518	29822	29760	27821	26848	33646		1571945	1141685	1173184	1558603	1591905	1387207	1320575	1168680	1136947	1306582	
0.0842	0.4749		25589	19181	21457	14672	18672	25200	17770	19396	18725	17497		1411132	1284827	1287159	1097854	1179802	1370472	1230439	1169739	1127090	1393440	
0.1624	0.2384		17283	22610	14600	28186	17530	17047	16568	25240	16687	19263		1421923	1430622	1073184	1532642	1523026	1331930	1039945	1127924	1127744	1282170	
0.7282	0.9857		42927	35817	39048	35665	34013	44837	46624	38806	44598	44834		1404557	1398460	1396458	1342969	1188139	1486533	1431298	1433131	1477906	1534608	
0.2445	0.6064		30171	28946	20840	22850	30170	18791	22303	22112	30277	20424		1443253	1495575	1203633	1326740	1444420	1150668	1313329	1045531	1346634	1143516	
0.5151	0.1672		21641	29909	19634	33571	36734	17354	30744	27352	20592	32681		1221981	1401782	1278523	1652469	1365378	1482401	1661267	1288970	1540165	1412201	
0.9119	0.5835		36800	34991	28027	37221	30167	40580	42609	31512	33721	31376		1501306	1241142	1134990	1415195	1121626	1275619	1413620	1189104	1328343	1320216	
0.666	0.3114		30837	34745	31461	23009	23899	24857	22587	34637	25414	41606		1250706	1574668	1335320	1239510	1208796	1079004	1127704	1495060	1205878	1612906	
0.7696	0.1531		36891	32130	23417	23533	34320	24996	29959	19857	33877	23067		1445122	1252467	1289664	1480215	1691690	1442142	1477471	1132094	1326436	1221752	
0.7661	0.0699		23374	20865	23198	22052	24699	23267	20053	26099	19637	30275		1394486	1266257	1315662	1319004	1228992	1391337	1390706	1403961	1276793	1362491	
0.9181	0.8229		49698	42019	44366	53830	55432	41084	47336	37792	46785	50065		1623238	1291067	1362185	1494909	1525180	1564601	1448638	1180391	1587014	1417359	
0.4686	0.2612		24533	23015	20615	29066	22231	29464	20062	28265	28419	24360		1520566	1209216	1258645	1477217	1216721	1354789	1186325	1383851	1375131	1245732	
0.737	0.6906		40389	32376	37598	35918	27671	27613	32132	29864	44565	29666		1590249	1270165	1400502	1338665	1000969	1088072	1465370	1304980	1257423	1146633	
0.3279	0.9273		41137	29796	26160	35116	47680	28258	29563	28744	38132	27212		1664299	1245333	1334126	1516867	1514715	1399773	1312703	1461177	1513220	1285424	
0.77	0.7982		31765	44989	45472	44510	32326	29166	38818	32963	35593	37412		1202025	1743508	1609774	1491120	1235963	1057010	1125889	1388146	1178989	1539837	
0.1402	0.8103		20894	21173	31089	23767	30733	21718	20783	19065	24718	21705		1346406	1325066	1426200	1315096	1360351	1241444	1048410	1077238	1223851	1287700	
0.5831	0.6707		36118	35940	27821	47125	30386	24879	30574	27130	40210	28042		1565927	1387980	1222304	1258447	1264252	1173571	1311605	1169983	1511425	1370874	
0.7241	0.6619		39875	40054	31760	34994	40156	39796	34069	31340	47119	38671		1503470	1523875	1293930	1469797	1517542	1535975	1387322	1304441	1475239	1358991	
0.3574	0.5526		23183	22442	35562	22151	25340	24888	21672	23520	31679	19279		1433936	1241767	1625489	1303992	1344476	1091539	1144346	1195887	1462824	978752	
0.6904	0.3772		23587	22170	30269	37381	36536	40849	27034	28664	21942	37142		1222828	1243744	1319157	1605935	1555901	1485958	1223869	1255352	1259930	1584690	
0.6503	0.6794		31998	40894	37987	38846	32944	32581	29615	36211	28438	25673		1369801	1634979	1520896	1324658	1165024	1194532	1242674	1383507	1168781	1032831	
0.8696	0.8047		39286	44614	36361	43995	40444	37336	41597	34625	33019	35450		1399305	1313023	1473625	1419783	1391756	1388234	1241793	1100031	1117105	1276979	
0.0838	0.7729		21619	32562	23036	31408	31223	20853	23478	31556	23450	31443		1303756	1524088	1433750	1418109	1437975	1209863	1208213	1615433	1437419	1583256	
0.7233	0.3131		33701	33956	35466	25929	23127	20751	23636	41929	29538	36585		1478506	1611221	1663013	1325482	1231319	1200860	1320151	1424744	1350087	1176272	
0.0991	0.1305		15362	19840	15347	15073	15251	14514	18988	18549	16935	19013		1273627	1247807	1268328	1162716	1184397	1193018	1248251	1335794	1287273	1470550	
0.5699	0.2022		26243	23643	23677	30530	30423	30064	24383	25563	17336	21589		1358085	1324351	1249092	1506014	1732433	1416240	1365501	1213556	1412804	1225642	
0.3759	0.7467		28344	37868	36190	26159	31841	27484	25054	37555	25090	24166		1069401	1467431	1611706	1561291	1564840	1265413	1352472	1274632	1193739	1196231	
0.1318	0.8003		26802	26325	22037	18198	24144	27004	30481	32250	32646	30431		1385137	1528545	1248037	1262655	1524777	1465569	1597285	1576302	1478352	1602509	
0.4263	0.3879		24290	23948	26871	33281	24385	24031	26829	34150	24131	21488		1489677	1497497	1404194	1280797	1552572	1272520	1399063	1548182	1389712	1296092	
0.6579	0.0743		31340	21595	19860	19731	20021	19460	17135	18390	20750	17334		1556442	1275055	1155249	1129271	1202218	1194901	1112413	1043311	1259824	1062451	
0.6683	0.8979		37312	38433	36862	36152	47180	32824	34341	44174	33626	38333		1279067	1352044	1281123	1323251	1320644	1140224	1185088	1402718	1147916	1203802	
0.1969	0.8634		24662	35053	23127	53652	25595	34616	27797	33731	24473	32152		1392660	1541946	1149297	1653134	1264659	1475715	1342787	1413151	1307007	1286052	
0.4033	0.754		26055	36573	36402	28314	36430	36602	33522	36739	33544	29680		1281177	1575293	1592812	1302187	1472092	1495496	1361764	1443358	1344419	1294674	
0.4159	0.4576		43719	33955	29850	31675	23637	38144	27968	33280	23500	43562		1577240	1681666	1777887	1465722	1391584	2123741	1804683	1332900	1290884	1216920	
0.0504	0.8305		20391	25086	19759	30135	31300	29643	23653	29117	28868	17052		1167713	1234396	1073208	1399934	1354797	1484687	1242206	1535358	1256426	1083886	
0.4565	0.3563		24598	26431	40367	26407	21706	20919	22890	23005	23797	26069		1206588	1499616	1688419	1265720	1378868	1352223	1295096	1233375	1413657	1583091	
0.2138	0.2692		19267	19233	27468	17391	22928	28387	23046	20692	26395	22749		1472420	1456633	1401686	1134484	1353862	1398705	1123299	1318473	1451329	1476749	
0.5522	0.3964		35707	25866	34633	36516	35462	25247	33354	25359	25970	23973		1493542	1290779	1334910	1356872	1438012	1319648	1535446	1295381	1208600	1156876	
0.3681	0.5946		22922	33928	38271	22170	22419	22920	23045	22333	23195	23283		1275956	1684133	1612883	1270980	1178455	1191275	1190927	1221781	1265591	1244931	
0.3949	0.5362		22432	28908	25304	33038	33894	27666	24456	22152	34008	31984		1172071	1394862	1103494	1258107	1424086	1260974	1216995	1262713	1473582	1421649	
0.4675	0.0781		22808	23167	23056	15708	22959	28441	18073	26943	25079	20046		1537018	1606509	1344853	1181874	1391519	1573047	1351979	1641589	1333498	1218923	
0.9436	0.7338		46940	46692	36157	33791	36764	34202	44814	45167	35332	41759		1474842	1467066	1224051	1130328	1187999	1114865	1343354	1430963	1260648	1304692	
0.0912	0.7151		19425	18800	31408	19604	28059	28898	29339	21898	19893	19924		1138244	1174987	1390096	1157400	1358632	1436241	1374279	1244206	1187492	1144698	
0.5219	0.2115		20362	23567	30031	32138	28335	24150	23280	20273	25099	25704		1226316	1404492	1520685	1274228	1459004	1242738	1280378	1236673	1311374	1432655	
0.1008	0.8317		31762	19214	31152	30534	30934	21532	30112	32280	30494	22731		1308221	1574244	1635800	1398479	1632870	1481852	1560992	1625929	1477672	1277209	
0.8429	0.9026		38889	39006	46950	37061	37313	38747	39812	51458	36429	45094		1450562	1302531	1596521	1245410	1259234	1349624	1393861	1428040	1253522	1366435	
0.5926	0.4982		25260	22752	25597	35539	44416	30953	36403	25653	36854	34884		1229443	1311934	1313053	1603656	1717187	1424359	1559481	1357889	1574969	1441836	
0.4396	0.0967		27661	28522	16495	23929	28838	27108	27596	19917	28173	17998		1463971	1445883	1094162	1435513	1484350	1337303	1682884	1518709	1249737	1091987	
0.2539	0.9493		36125	36279	35582	44066	26938	28035	30615	23393	26921	26347		1624066	1540152	1579848	1407205	1390294	1334478	1376821	1023823	1222842	1266602	
0.5224	0.5615		31169	29283	28140	25183	24434	27500	30401	24036	34352	30538		1361695	1279071	1234352	1126497	1268807	1374017	1192113	1299337	1530012	1335220	
0.5258	0.5268		18807	23789	25808	26680	26799	35801	26220	25865	35301	25434		904910	1235340	1334265	1244411	1471021	1361581	1378140	1170148	1461441	1157400	
0.1469	0.2725		14730	16221	19197	27488	19177	17731	23959	24236	25925	16424		1021602	1324198	1426441	1545083	1345104	1169722	1533899	1320995	1483483	1240501	
0.7966	0.18		29908	32717	24147	26182	25159	25633	22997	35562	26309	31429		1306897	1448819	1368160	1337983	1275829	1195519	1203712	1543001	1584487	1544606	
0.8733	0.706		35784	35736	33468	46658	36718	38409	46653	35769	35845	35563		1426924	1335470	1282276	1632234	1407390	1464063	1456209	1421896	1399228	1437874	
0.6605	0.5822		35993	37225	27364	41132	29004	27827	39988	24104	41720	39071		1493211	1744521	1403208	1597414	1224195	1270606	1536093	1237930	1537824	1292330	
0.4859	0.5926		36001	24930	24645	30657	27325	35529	28793	35134	26553	36373		1517677	1325357	1256475	1465591	1362040	1604249	1246050	1299618	1392564	1428669	
0.6978	0.4394		37348	25948	36073	29400	35383	32726	22333	39449	23122	25151		1586652	1216558	1391187	1310590	1572527	1435365	1209987	1277697	1079755	1371785	
0.4229	0.3706		23418	36939	27723	21309	28550	25067	32698	25331	32427	31043		1317328	1566831	1440706	1285498	1396090	1271878	1486568	1325103	1384336	1607144	
0.0839	0.2598		27200	15451	20073	20647	23501	19739	16897	16089	18842	18636		1538585	1344283	1302389	1209744	1607174	1203954	1172329	1196972	1302515	1346062	
0.4618	0.3265		21531	20041	21822	26553	18903	35510	24680	26911	22354	23003		1138936	1193793	1234795	1343326	1056778	1282454	1413554	1200720	1132417	1235255	
0.7567	0.6578		32708	30662	38027	39907	40152	33817	28974	39677	36840	29870		1369416	1339957	1150143	1489168	1303036	1210134	1180593	1596337	1430656	1200289	
0.2288	0.702		23781	33904	23971	31692	22539	33625	23388	33360	26883	34827		1131191	1323094	1324677	1352907	1139694	1477697	1214678	1560865	1415698	1165402	
0.7106	0.4247		23538	24697	29028	26722	25970	37760	35360	54936	26948	23773		1034635	1219497	1221383	1273113	1201300	1167177	1454762	1722442	1393516	1173925	
0.5494	0.1295		26780	20673	26358	25038	17530	20135	19887	21552	20385	16943		1223587	1226871	1276686	1183522	1096785	1134303	1076472	1219753	1273515	1229189	
0.0704	0.6473		18159	25889	19083	22763	27032	17253	21858	20883	28796	24437		1414110	1506769	1331300	1406187	1619713	1172165	1314623	1226984	1675960	1259028	
0.8675	0.4817		28576	38159	27173	38042	45825	38555	26879	30261	32878	45572		1558214	1615791	1155054	1491213	1542730	1447647	1129499	1190487	1396782	1340046	
0.9814	0.0993		28006	20366	22584	20807	22969	31721	25418	23472	35891	33734		1399686	1209788	1126390	1125928	1355075	1358087	1267938	1231141	1290972	1422562	
0.8507	0.2062		33623	21423	21448	25831	34136	33323	27738	27665	28461	35777		1346769	998334	1138368	1404173	1665706	1473348	1263265	1295967	1472214	1682381	
0.8988	0.5669		33709	36826	34037	31215	42359	40751	41019	31675	30356	45123		1137850	1484489	1245930	1306943	1460104	1474906	1639441	1239086	1379257	1504774	
0.6264	0.1735		30938	30845	20807	32535	27285	21007	24913	31248	31898	28715		1524159	1355639	1191493	1529302	1408363	1212030	1330987	1307892	1422129	1260575	
0.184	0.8755		27862	28174	33210	33347	32387	33136	43709	25375	23839	39844		1511658	1344118	1421875	1476314	1518376	1544557	1306692	1167958	1221156	1513785	
0.1139	0.427		28239	27933	25440	27945	27926	16368	29916	19782	21558	28012		1602848	1398507	1496397	1425507	1554454	1183319	1599832	1232813	1407492	1555600	
0.9454	0.3685		28575	29466	29334	44567	29595	27899	28437	35223	30362	26745		1190416	1229615	1242065	1232595	1185005	1132786	1179368	1185202	1285036	1230257	
0.641	0.8575		32646	27793	34135	43608	45903	43905	51796	33941	42793	39263		1154747	1143451	1253770	1538643	1291327	1398804	1453214	1219716	1559495	1356130	
0.6664	0.2175		22402	24920	25372	24672	21306	29293	23359	22418	23318	34981		1189268	1281233	1315989	1242300	1184541	1247302	1328805	1256218	1196771	1522052	
0.6447	0.2348		27490	25764	26804	21432	21050	42825	18933	31961	24830	34681		1448025	1299243	1213129	1218223	1248001	1413173	1194136	1220996	1266193	1366730	
0.1231	0.49		20420	17329	23292	27983	20460	27592	17923	20465	16995	18972		1336714	1283485	1303844	1425012	1518387	1409757	1215709	1462744	1151608	1205082	
0.623	0.9302		31687	32030	39677	34468	32260	42079	41667	42808	36786	47103		1269769	1229795	1454007	1148133	1135007	1402118	1525767	1529742	1408587	1421989	
0.2765	0.988		30470	25996	30845	28553	26381	37195	28036	31067	28892	36577		999969	1286271	1213259	1475254	1156337	1379642	1314672	1271749	1224265	1331714	
0.9115	0.4011		37057	33866	34208	34450	43174	36654	42403	31997	25706	37739		1499297	1418854	1493487	1404981	1434008	1435838	1476822	1360896	1107415	1589271	
0.7033	0.9754		36482	31175	35694	35721	31166	37539	33891	42936	58054	36154		1249075	1086674	1205682	1168091	1396832	1366563	1227163	1646477	2038869	1746368	
0.8363	0.7267		29622	33572	44501	33913	33203	29821	45621	45975	44153	34539		1294893	1276703	1501930	1235376	1402476	1217879	1460595	1457643	1660098	1158470	
0.8665	0.9919		37773	53638	48332	36863	42848	45538	35700	57708	50813	40242		1269442	1457755	1480546	1143830	1124098	1275596	1027651	1365157	1475513	1141477	
0.8065	0.5461		31540	28028	28911	30588	34091	41642	32930	31413	34670	34544		1312704	1149556	1243769	1376119	1703985	1392282	1318210	1453563	1498316	1333466	
0.4477	0.2735		21394	31368	22937	36862	28435	23124	23618	19927	17087	20119		1180824	1507554	1277093	1334636	1479447	1229642	1099217	1010505	942363	1231872	
0.2826	0.9383		28003	34632	26332	36246	42441	39980	26199	35058	23663	25448		1445585	1439801	1240663	1395763	1488584	1455186	1317260	1361613	1242646	1174262	
0.2222	0.959		25012	30008	27333	29921	25000	24523	22224	22036	28060	35970		1215832	1355571	1227083	1308624	1219664	1092854	1186291	1048871	1239741	1639861	
0.9078	0.0675		31938	26406	24407	24188	30108	20484	35548	29618	25128	29518		1567926	1532032	1323442	1246209	1276025	1138063	1588979	1402960	1321609	1435380	
0.7145	0.7157		35892	30135	32053	33024	29880	27425	30195	36115	41766	34829		1560364	1259531	1305435	1428607	1185062	1155246	1248866	1451891	1391698	1347164	
0.8801	0.2575		25705	32943	28640	27475	24563	41344	26871	21628	27710	29426		1345932	1351194	1189662	1297993	1439880	1397877	1278761	1348651	1378398	1337930	
0.984	0.8615		40056	39284	47769	48823	41605	37713	36788	50966	38094	41889		1265566	1247596	1343457	1571296	1488113	1239467	1478716	1333202	1197639	1192401	
0.9215	0.5654		45897	43449	44662	30003	34461	42887	43955	52275	36835	28484		1306949	1519985	1455527	1108759	1412786	1395717	1351579	1401681	1406662	1162418	
0.1598	0.6417		37303	36111	18280	23213	22828	20910	28449	19599	17756	21138		1628415	1520555	1036091	1157582	1301746	1147744	1187649	1016139	1015267	1194179	
0.8658	0.5848		40523	31933	42055	38392	30480	28159	34556	33301	38229	44309		1519046	1450502	1592417	1319722	1277860	1332519	1433732	1611868	1507677	1466925	
0.212	0.1816		25034	19869	17497	17195	14855	18050	13938	14020	19268	24716		1300778	1166255	1139395	1106798	1136641	1159603	1113955	998084	1228687	1440573	
0.4552	0.4055		19861	27023	35488	19962	28331	31869	21889	20603	26470	24958		986823	1266028	1481662	1087812	1252016	1376377	1090856	1084594	1437751	1348380	
0.3756	0.488		22415	32193	21999	24204	26639	33494	24261	22261	24478	25176		1277218	1663936	1393212	1391482	1182449	1409375	1217736	1247073	1269940	1351537	
0.567	0.8916		42198	30480	32784	31216	41568	40538	41455	40132	35217	29965		1513503	1208443	1230797	1194485	1296767	1643518	1316635	1254452	1490520	1347539	
0.3527	0.4383		23543	21373	32987	21040	30304	21840	22138	36542	36257	21091		1307265	1165421	1585649	1215919	1333833	1244922	1278876	1522949	1333619	1294480	
0.5014	0.6128		25490	28593	30615	37811	24029	27466	28291	25584	27278	24628		1267302	1361840	1524794	1425119	1259037	1212067	1334365	1163689	1203358	1348433	
0.1572	0.3108		17541	26718	20282	20438	22376	20621	27578	28139	19185	15690		1327798	1481553	1283935	1171082	1440076	1262591	1544784	1507050	1243692	1258480	
0.3597	0.6778		23883	32372	31105	25928	33538	26360	23604	29800	26825	27681		1252490	1304961	1494626	1233040	1479789	1290919	1210655	1376351	1328759	1451848	
0.6472	0.7719		30532	33164	35853	42490	38479	32017	30107	31797	31881	41902		1218372	1221468	1131046	1112960	1183697	1342589	1424520	1230470	1258171	1458638	
0.7835	0.9217		72382	48957	34801	34793	46059	41002	36582	38731	45632	35573		1445964	1531532	1365741	1567041	1632970	1373293	1227431	1216564	1568806	1225942	
0.4954	0.5834		25009	29829	32880	35625	34250	35088	32486	26881	25244	27143		1189380	1341030	1316510	1450779	1277556	1484207	1416882	1361339	1263304	1356687	
0.9847	0.5552		32447	44444	45291	39320	34360	32390	40055	32970	30319	32595		1352129	1447525	1518295	1401031	1387603	1306954	1348836	1317928	1239748	1354244	
0.0844	0.7442		38402	32514	32063	21553	30209	30197	20377	31360	22209	29954		1390994	1547639	1563408	1398343	1675604	1293160	1344448	1558905	1701550	1755099	
0.9682	0.8625		48964	49530	48772	38823	36982	52924	41353	47416	45424	53569		1625868	1651781	1590206	1267221	1123433	1394831	1326609	1430760	1528246	1675083	
0.2209	0.4042		28050	20411	22765	18005	20057	25103	50647	25450	24173	19230		1704219	1306385	1169524	1217125	1303974	1388704	1449789	1450209	1306056	1220320	
0.0573	0.1342		19292	16126	23708	16584	16247	18125	19670	12432	15039	15700		1397733	1402057	1478182	1183508	1031937	1109127	1467491	1145895	1128394	1101854	
0.465	0.0565		16435	20282	20640	20830	20228	21601	21679	18250	28045	31259		1184284	1499549	1262769	1276309	1355282	1254768	1336988	1090661	1645257	1511923	
0.6414	0.9394		35471	33346	42931	42729	33909	42879	34550	33940	33619	38356		1409370	1380741	1665816	1469321	1290091	1774532	1281747	1203108	1311512	1603843	
0.0886	0.9316		31278	31011	24002	22729	36144	21224	23787	31233	26450	31737		1541810	1459252	1221572	1312992	1471085	1178029	1380677	1353638	1249899	1437922	
0.8398	0.9898		81383	42241	38250	33508	48728	38009	35283	49000	40505	39494		1516694	1443088	1266608	1132223	1562856	1225274	1216727	1509400	1320635	1259785	
0.3691	0.8252		30363	23592	23810	35405	37023	26952	25017	23006	29448	36564		1458494	1220523	1174007	1648293	1727875	1606884	1169255	1259984	1333440	1583058	
0.4329	0.5835		24350	33209	27989	21683	33674	31624	27003	25517	21171	26006		1218969	1463353	1268388	1079629	1456014	1398144	1262686	1175466	1100746	1253055	
0.5249	0.4904		33154	26433	34886	21204	24293	25321	24810	26119	34565	26410		1309248	1442459	1444321	1151599	1178950	1277601	1209133	1225520	1449093	1227492	
0.9865	0.7365		38745	45184	36683	33738	39650	37864	32231	34815	37357	34041		1624008	1348064	1275421	1433122	1352533	1211155	1096639	1214685	1134164	1282830	
0.5101	0.5834		25995	29328	36022	36619	36123	25192	27675	28188	28149	25384		1384133	1398469	1569164	1409200	1449943	1191762	1181090	1460939	1280121	1383975	
0.288	0.9851		35776	25535	29049	28873	31325	25659	27794	35309	30630	40531		1714644	1265705	1422416	1253819	1320848	1197823	1367761	1466491	1442584	1384344	
0.4674	0.4711		25538	20361	43854	33558	29284	26429	23522	28806	20806	22854		1306321	1149506	1263116	1456375	1321377	1309078	1220789	1345941	1184001	1185714	
0.1709	0.883		32383	34273	25612	35911	28838	24371	31649	24863	33023	32407		1288234	1417048	1309156	1538897	1439597	1241072	1434144	1319792	1429858	1371717	
0.964	0.7469		37324	39115	36634	38917	41124	32970	73321	45053	34905	46858		1169682	1284274	1278992	1315516	1373328	1229756	1463619	1569376	1280518	1461002	
0.2009	0.225		23870	18877	26260	24427	20243	32994	22675	18177	18897	26226		1279177	1279280	1295409	1249654	1327594	1299835	1129011	1272087	1362006	1545770	
0.9096	0.2116		26045	32318	25143	40751	43057	36431	25386	25187	36427	25733		1323656	1194916	1256940	1477492	1528562	1645239	1246713	1271785	1600845	1344129	
0.4797	0.6649		23432	38478	38743	27760	26096	28168	23915	25937	27447	24508		1291741	1664690	1535746	1316502	1405184	1242242	1266143	1266368	1199891	1122590	
0.8358	0.3231		25149	28820	27111	25738	28617	23891	37550	28723	26212	27593		1510343	1349909	1174048	1439868	1240220	1307526	1659306	1324513	1192995	1286715	
0.149	0.0638		14714	14548	14727	18609	15514	15217	15012	22703	20630	16582		1164146	1264825	1218082	1300541	1464018	1211697	1157861	1531526	1384547	1387343	
0.4957	0.1044		30060	22128	19137	27839	23370	18028	20687	22912	20356	18489		1580566	1335386	1481669	1490676	1371310	1285871	1196764	1523944	1481064	1260757	
0.2093	0.6579		29343	26332	27781	21398	29241	30917	23317	31596	22618	23085		1488265	1334661	1407686	1277015	1417033	1594352	1287116	1384023	1395311	1214226	
0.5672	0.815		32310	27048	30449	25993	39858	31903	36637	32040	31792	30033		1289665	1102664	1147134	1007351	1318581	1165719	1201843	1167242	1243047	1178196	
0.1173	0.7279		34110	21597	23592	23608	24184	26233	31384	33370	17942	21684		1344256	1223464	1326351	1291058	1245082	1268422	1551364	1400496	1172074	1298645	
0.9351	0.1756		24434	26250	25972	24792	28133	28119	25249	35479	24327	31060		1319753	1322083	1200019	1190417	1278178	1191322	1201110	1404489	1306139	1335786	
0.5628	0.4128		30583	33021	29233	33614	20587	30554	33333	25724	37300	21411		1367858	1407976	1326737	1436725	1204090	1407741	1523668	1216351	1380616	1107938	
0.8688	0.9074		46288	40402	39634	48843	37512	35954	55866	34898	34822	37065		1432007	1271009	1332477	1567856	1261751	1178188	1228387	1263473	1384871	1173873	
0.6655	0.5007		44454	26834	40678	39662	32654	29602	27188	24064	24991	26708		1614174	1419845	1684212	1699142	1369729	1341950	1299835	1255560	1126039	1227103	
0.6406	0.4461		23181	30826	35924	37179	27005	21978	28248	25268	27478	25885		1154921	1452984	1655922	1627740	1297845	1307825	1337453	1182241	1349925	1206193	
0.4799	0.7383		28159	27814	45351	33169	38383	28578	31435	38586	34108	30053		1199032	1101468	1340181	1342193	1385388	1208187	1317980	1384980	1410225	1346074	
0.8621	0.3428		34444	30666	28410	32342	33329	25250	30462	28191	23450	30654		1529576	1406299	1379753	1216785	1323241	1404650	1264144	1261380	1079378	1201694	
0.1491	0.9828		32723	32306	32583	25583	26902	32524	24721	22309	20249	25016		1462652	1282045	1472576	1166079	1162284	1376385	1198282	1038390	918529	1399201	
0.278	0.1612		16245	19149	16697	18828	19913	21072	27945	17695	14576	19895		1167807	1161363	1110730	1194403	1255026	1341565	1471569	1497218	1335913	1384224	
0.9775	0.7055		38521	44756	46720	48440	29757	32149	33804	35857	32991	37262		1356712	1451871	1595586	1367404	1223328	1189732	1021755	1220013	1169244	1445061	
0.5079	0.6736		43344	29926	34391	25845	29870	30777	27080	28586	36535	31120		1317339	1612558	1514345	1262100	1573785	1427775	1190636	1555829	1426666	1450035	
0.6984	0.6424		29343	36795	30167	29447	48433	46410	25807	31771	40628	41403		1350167	1280234	1164734	1243199	1616687	1391025	1113431	1412544	1519880	1459120	
0.1597	0.6881		33202	33249	22810	27856	20947	30859	21442	22297	32162	20833		1353961	1258151	1329310	1291534	1186469	1415814	1076226	1127847	1333428	1152171	
0.7643	0.0529		19415	21704	18425	26271	26095	17926	31261	18928	23594	25160		1072980	1184703	1381575	1478454	1373530	1239945	1647188	1341713	1331641	1435256	
0.0726	0.363		16181	27811	23004	25334	16115	20808	16561	14365	18647	13895		1336923	1565908	1352626	1642832	1269440	1425856	1296965	1123085	1328602	1157404	
0.5649	0.4528		24838	28666	27310	24161	29637	25078	24000	30076	34260	34525		1424907	1629351	1341143	1154200	1342169	1220745	1349879	1302365	1575323	1388035	
0.4029	0.5346		37247	19278	25143	33778	22805	20884	34643	35906	24076	21099		1705002	1182623	1133826	1332766	1214270	993990	1655036	1491643	1239685	1188486	
0.3875	0.3506		23209	21801	31696	21293	20825	18312	30005	22992	20073	29392		1301239	1200159	1365214	1192913	1204074	1182318	1490230	1241801	1171453	1415802	
0.9492	0.1889		28650	24411	41205	26391	25996	25687	37395	35300	26539	25885		1291458	1209159	1222204	1449333	1451839	1280889	1455959	1415299	1316640	1381711	
0.2377	0.2842		19610	26554	26524	16954	23082	18109	17345	17044	17834	16382		1232446	1539037	1362970	1199417	1241891	1154807	1125947	1113924	1096280	1213217	
0.2508	0.9441		21903	24565	27108	34413	32585	32653	32042	34454	32314	26771		1367794	1259346	1313797	1460086	1389649	1663787	1609174	1679155	1555196	1732477	
0.6921	0.715		29758	42317	38597	39572	38875	30522	35306	30070	33981	42353		1146024	1503951	1573671	1406153	1291120	1269130	1347454	1042502	1674599	1567859	
0.4736	0.5867		27931	26074	27216	37251	27110	24359	24960	32655	33184	35347		1407411	1397334	1353538	1231892	1355609	1350449	1218815	1396767	1637612	1641004	
0.455	0.3049		20071	34704	19450	20300	20243	21631	23560	19941	19622	20360		1393855	1196453	1129336	1159257	1147582	1173911	1283060	1158910	1117837	1134724	
0.9645	0.6969		45270	49116	43258	39960	33528	37287	37810	35209	41576	36572		1428381	1626157	1425431	1471818	1392350	1298274	1323122	1322168	1345493	1270250	
0.5061	0.6917		28722	28125	23845	26472	34881	36081	27318	27311	28758	27818		1237259	1340695	1248988	1307451	1322589	1440912	1177807	1345050	1251261	1205735	
0.2694	0.3177		20370	15788	30512	21560	23856	27877	16756	19154	29122	20998		1077330	961513	1481702	1339071	1297837	1480534	1195892	1263376	1392768	1292471	
0.3123	0.5556		24182	31826	22419	33397	26181	30968	21169	22071	30873	32217		1257154	1587088	1263816	1490177	1366534	1389051	1147614	1151488	1289334	1495130	
0.8727	0.9113		47338	56142	45887	35601	37397	36869	38284	42197	56082	32890		1682842	1359956	1355432	1176102	1233344	1308675	1152120	1358910	1488974	1136193	
0.5954	0.5511		29175	24702	36923	28342	33170	37231	34898	32237	37702	38861		1242230	1070975	1537162	1235293	1315973	1595254	1439296	1417414	1579799	1436313	
0.1767	0.8165		19885	23806	31069	24169	26791	25017	54245	23928	24113	23070		1180143	1261520	1320892	1202082	1255964	1250322	1236954	1245270	1154285	1244813	
0.7741	0.69		32129	34202	30899	33234	36788	33861	33679	40817	32264	30500		1440893	1372017	1682881	1374736	1278447	1357121	1306176	1604330	1402339	1093163	
0.111	0.4429		18304	17567	26357	18438	21957	21204	44463	27216	15161	18248		1456142	1226513	1531439	1250923	1285832	1298209	1675607	1710681	1143714	1287423	
0.13	0.4205		20816	12897	26089	18074	20168	20365	28946	15813	20379	28217		1235364	1208653	1427873	1473816	1580565	1251983	1494573	1044736	1230179	1760968	
0.2664	0.4955		19610	30840	26849	17489	20571	27756	22527	23835	23340	20242		1263402	1402944	1280436	1217736	1218921	1367839	1352013	1292572	1270493	1310176	
0.2265	0.974		34871	40431	35402	30186	27025	39847	37328	26980	27065	26393		1456578	1621215	1615481	1466091	1356977	1562017	1391274	1345820	1317061	1231823	
0.2489	0.8718		26396	37560	25985	28540	31231	37116	36330	25943	39112	29552		1361365	1434575	1147066	1379713	1269180	1416151	1570642	1316385	1388141	1328587	
0.799	0.65		28073	37566	32943	43642	32229	29430	29500	39542	41751	29828		1648734	1407390	1254168	1774193	1322886	1082613	1108361	1581124	1494420	1223778	
0.1271	0.7435		27978	27485	24054	29129	19673	24232	31205	23078	18376	18739		1497176	1572650	1494327	1366709	1308000	1252844	1727823	1350289	1059883	1166788	
0.6993	0.5448		42198	28655	39485	32769	40086	27541	39328	35885	27685	39051		1298198	1344001	1637850	1378740	1463556	1280592	1604312	1500399	1471946	1565764	
0.4659	0.4433		24324	21103	25244	19494	22151	19991	21939	21835	33377	24663		1245102	1303522	1258004	1051658	1192284	1159594	1384794	1279747	1410543	1499886	
0.86	0.1177		28090	28947	22441	32107	22409	24195	21562	23148	25547	24903		1482132	1514405	1250445	1331187	1159493	1375005	1345743	1127963	1264568	1163971	
0.1246	0.5148		18609	19705	17333	22194	23243	22017	28219	19565	21979	22771		1157604	1239582	1090934	1288754	1305054	1393306	1327351	1273855	1247866	1393422	
0.7835	0.5458		30613	29953	38686	37848	30791	33331	39337	30891	33982	30631		1653604	1386754	1438971	1462948	1331775	1462188	1425836	1335999	1347282	1364307	
0.2831	0.4677		21182	29067	24516	29102	28858	18904	22513	29287	29408	24203		1591859	1496094	1292992	1647244	1529397	1116791	1234282	1498117	1553883	1308547	
0.3589	0.1481		19049	17757	18842	18553	26210	17937	19436	19773	19412	19383		1469621	1324687	1326525	1235877	1407221	1220616	1503448	1253220	1486597	1163025	
0.5749	0.678		30422	44524	38985	39933	28032	29956	27099	25372	23222	33068		1286797	1406207	1607207	1524538	1154178	1426567	1174438	1034745	1072382	1351075	
0.8	0.4215		27611	34366	36664	23592	26833	26601	37728	37103	34109	36824		1156887	1543214	1480259	1158102	1218484	1128701	1468829	1508685	1372983	1411562	
0.0963	0.4246		25613	27389	24843	16760	22653	19446	26958	26860	20487	20518		1477590	1594131	1534854	1266563	1284792	1316956	1597714	1474568	1335182	1282539	
0.1067	0.7847		20647	25174	20929	29491	30201	29910	26319	21291	21423	21217		1266556	1285386	1171602	1317954	1503620	1493851	1176415	1273417	1301368	1282213	
0.5843	0.2737		30913	25974	25706	19547	25459	21305	25318	30908	30990	19850		1666239	1267693	1202499	1058932	1239584	1206156	1209218	1532331	1439158	1374959	
0.7477	0.5477		32112	27280	37358	26740	30443	37541	36824	28601	45085	37722		1359168	1160421	1545413	1196987	1267824	1574726	1321652	1275920	1471841	1453799	
