30	31	
0.5559	0.6256		50293	30521	27063	30982	30901	35160	30024	27644	30102	36858		1533076	1530509	1369030	1388400	1339147	1745137	1258934	1423836	1387569	1395416	
0.4162	0.8535		27395	24663	36670	28376	28565	28884	23003	32450	24342	29948		1434165	1179019	1314522	1338167	1212980	1332560	1017751	1349641	1056406	1110653	
0.8733	0.5963		30439	28344	39365	27985	42115	30962	42046	30598	28655	32546		1290031	1308338	1466986	1229933	1517916	1381132	1431512	1283545	1117407	1366898	
0.268	0.2084		18792	23478	17723	24118	15820	16231	22310	18362	12834	14571		1410058	1410203	1372097	1722283	1405343	1334753	1378350	1281074	1222992	1227886	
0.6774	0.4864		56005	25176	23618	36696	35072	29033	35340	24493	28557	34108		1423223	1384706	1276589	1608933	1584681	1509267	1679538	1318437	1343222	1639462	
0.251	0.1308		13190	14149	16297	14482	18440	15008	24229	22853	14088	15127		1236324	1370966	1384147	1312603	1243600	1474567	1294589	1607957	1207898	1290396	
0.6856	0.8698		31788	41534	36606	42772	41927	30602	39099	42594	41141	30856		1463915	1693551	1449923	1538380	1588419	1203219	1436459	1551093	1572320	1125148	
0.9675	0.3698		24925	22912	29396	26628	26657	27251	32396	36317	28046	27167		1025715	981458	1197574	1006778	979827	1043558	1150074	1184003	1103440	1108094	
0.0967	0.5637		18270	15672	24839	15979	17544	20251	17926	16286	20014	24088		1375815	1116685	1104778	1258597	1326663	1257394	1305730	1217071	1300129	1526727	
0.6382	0.4382		28720	25893	24365	26389	26035	33877	31869	25042	24420	28934		1380227	1159570	1192722	1239160	1418953	1287729	1368384	1273277	1237622	1376987	
0.5672	0.7176		35904	31760	26496	34770	34059	41689	41445	32623	34503	34560		1538640	1500307	1391326	1532881	1382852	1331947	1508098	1267466	1461092	1551824	
0.1023	0.8179		18933	19630	24213	17562	15349	25256	15293	28858	18211	22144		1284716	1228466	1417724	1042891	1021999	1386707	1039339	1222140	1178890	1294796	
0.1844	0.9358		20966	29813	20303	29969	20125	27332	26067	33188	22041	25558		1537494	1527758	1238763	1403123	1249655	1481114	1396757	1408936	1257656	1328119	
0.2356	0.8871		28895	29380	28946	19306	21955	20497	21933	21706	27861	21869		1408861	1487661	1480161	1119281	1337789	1059622	1251768	1298760	1428745	1340800	
0.9159	0.7906		35186	45146	38217	42797	47956	35583	39048	35282	38596	39333		1172825	1489985	1295905	1501560	1499670	1001344	1329540	1212321	1282666	1234657	
0.9053	0.069		60331	22479	21985	24627	27177	16922	23912	28937	23636	19823		1572642	1252963	1341823	1278628	1529205	1175780	1380629	1378501	1452988	1280951	
0.1993	0.7059		26857	28109	18553	18740	19562	29411	20352	20125	21423	23647		1592699	1593513	1368556	1361463	1467895	1393794	1467570	1315438	1371535	1220347	
0.9818	0.115		29460	26033	21392	21679	24597	21369	23287	29413	30539	23261		1421068	1234699	1106506	1180439	1319991	1289896	1153749	1475841	1504802	1056795	
0.299	0.6968		22967	19587	20932	23811	23898	27233	22346	30187	22310	21834		1227905	1151843	1271591	1246264	1272912	1326977	1346595	1611657	1187727	1222618	
0.992	0.0822		29498	23362	31999	26542	23046	25067	23489	25012	22734	30615		1669306	1338126	1511154	1362384	1447302	1478103	1283597	1321479	1380570	1506619	
0.9331	0.7093		45809	35303	45109	35002	51205	38107	38375	35423	37008	33719		1699277	1343429	1521942	1218614	1373284	1301467	1289106	1298005	1170950	1086457	
0.7	0.4755		30143	44031	28166	29223	26823	26616	36362	28306	28356	31310		1444836	1475901	1347860	1235523	1179999	1244583	1386382	1195236	1278978	1315868	
0.4928	0.9544		29572	30689	37253	30926	29242	28941	28488	37452	29564	32169		1220212	1270590	1570535	1368453	1187638	1126195	1214969	1353876	1302525	1288396	
0.2013	0.5059		24283	26524	29022	16885	20263	17862	17319	17731	23680	17465		1368134	1447885	1529857	1340088	1365637	1329870	1204881	1303858	1387535	1255074	
0.2651	0.6117		29857	27033	23002	29711	26331	20515	22860	18290	33333	35302		1505077	1530069	1281361	1765903	1191330	1076401	1237987	1219514	1148132	1480835	
0.3972	0.3056		22364	17744	33666	24815	26832	28134	20875	33207	21089	20468		1686585	1405331	2166333	1505240	1389539	1687508	1766446	2340638	1629677	1285272	
0.5452	0.6928		31737	49204	32264	34350	32357	28050	25162	25798	26161	44897		1450212	1252859	1345372	1571843	1217880	1088387	1226983	1161410	1577809	2008843	
0.3623	0.3452		39398	25300	24162	64672	109863	53168	16877	17345	86959	42392		2000551	2029084	2135702	2040048	2276354	2348513	1152771	1168165	2276820	1849542	
0.5639	0.1463		25952	27144	24850	27384	22950	18975	24849	16858	16825	23369		1848059	1466263	1390254	1395563	1508589	1456696	1372512	1361564	1289677	1463456	
0.7882	0.2745		31276	24580	22767	25231	25039	27800	33836	25532	36241	27492		1574879	1213972	1086098	1360759	1481064	1323508	1650511	1436826	1430651	1507554	
0.7848	0.1646		20512	26558	25015	23194	18931	23448	26027	26356	26814	20686		1441681	1317618	1283872	1433321	1063249	1290423	1225633	1211446	1267058	1189687	
0.7789	0.0786		27176	27640	30283	19553	23267	28800	19283	30709	21647	18398		1622857	1615218	1279156	1279476	1460286	1456546	1426748	1663170	1269773	1381923	
0.6292	0.256		23436	30269	23291	30797	32238	30434	30582	24165	45929	22245		1578767	1676972	1349588	1423390	1625292	1689303	1645174	1426749	1507784	1247505	
0.8796	0.1064		111270	29096	25927	34085	25357	23547	21487	18361	31885	27001		2126776	1571849	1121177	1442886	1618960	1529470	1537678	1331730	1558591	1488088	
0.582	0.5966		29368	36284	63177	27375	28593	40704	78476	28238	24575	26561		1364980	1880741	2243332	2435938	1400833	2439309	1858646	1503621	1371533	1429283	
0.9745	0.2949		30612	43679	26102	45340	25880	28427	25205	40120	28036	79472		1743620	1649146	1235829	2019303	1636856	1647762	1458746	1587838	1482317	2618985	
0.9455	0.8176		45051	46311	38553	38545	33585	45360	69634	38129	38357	34661		1487118	1758868	1365081	1148673	1036024	1014002	1226603	1217447	1526497	1254923	
0.0608	0.3265		14245	12619	10824	15202	11864	13816	15267	16288	19478	20924		1259225	1250955	1322749	1249534	994822	1207348	1230820	1302980	1492268	1346983	
0.7879	0.9288		42348	42662	53675	44373	35054	35487	34852	31640	34631	43227		1665559	1312134	1402958	1453637	1268801	1296437	1199008	1040584	1243466	1486101	
0.7427	0.3387		31425	24499	52947	20714	43625	28931	39154	25874	24314	26400		1533154	1295736	2307714	1663044	1654471	1968997	1799027	1333044	1185015	1201365	
0.7673	0.6571		29786	38741	29334	32590	40151	35191	30611	30510	28190	42988		1571675	1366771	1385897	1365022	1519594	1308217	1245408	1328861	1130120	1537414	
0.092	0.1515		13159	12455	11920	14618	18298	16681	19752	11030	11087	10059		1315760	1310102	1374947	1449745	1734703	2064621	1715767	1568059	1220204	1521052	
0.8752	0.1262		24208	28876	23552	22251	17706	22561	30684	30249	21561	21005		1255886	1387913	1475574	1398833	1056714	1327334	1466874	1756056	1206776	1173320	
0.4524	0.5031		23137	22563	22317	23898	33696	29565	26477	22494	27936	21862		1278452	1859380	1519029	1282716	1743850	1572298	1509134	1481111	1532169	1191240	
0.5967	0.6977		29516	31305	75082	43480	36114	31696	27391	27746	29544	25543		1409874	1498271	1638383	1588360	1691869	1330306	1162483	1176831	1293354	1336490	
0.2097	0.6117		86316	30240	28279	20269	28980	20749	30518	17747	19915	19770		1750369	1498981	1706904	1203153	1393955	1357301	1815376	1156139	1328231	1503659	
0.9333	0.5968		29377	31989	39559	54746	34590	42103	36553	29355	33514	40110		1148770	1385537	1478412	1463417	1492844	1581014	1553024	1161323	1249524	1455840	
0.5091	0.2231		41881	23552	15822	22056	28931	17574	19169	28430	20249	20511		1283779	1449906	992675	1306428	1454035	1146816	1246033	1434843	1152779	1232355	
0.868	0.1977		22224	25054	22786	25014	42340	32190	31951	25136	29133	25479		1161307	1309739	1226703	1268772	1345976	1512051	1373917	1257346	1434359	1404070	
0.2289	0.7733		30794	20148	30050	29499	31000	32149	20200	19795	21227	21855		1498679	1396253	1450634	1445497	1578165	1415504	1111896	1140282	1192537	1180494	
0.5999	0.5412		24083	27037	36035	31320	34292	32047	23851	23071	42430	34309		1437264	1334808	1613285	1524782	1867609	1583174	1305368	1160028	1450212	1543913	
0.7729	0.1279		27467	22373	27747	20334	21143	27034	19680	18465	22848	20440		1452547	1357099	1382510	1103215	1269971	1454629	1262880	1072495	1195845	1261340	
0.5473	0.5667		33121	39696	23119	27411	33641	43573	28011	35325	34468	26732		1413592	1300732	1008951	1200381	1243001	1482056	1199707	1407131	1586859	1468147	
0.7152	0.5717		29278	28858	29638	27295	28704	34483	27463	29702	39919	28837		1201561	1267777	1395905	1175070	1183978	1322302	1087722	1266921	1540789	1357267	
0.988	0.3593		42313	43087	35867	27725	26797	35470	29935	37366	45356	31007		1941457	1843329	1354319	1313872	1356027	1305936	1372281	1585393	1507966	1437163	
0.0541	0.712		23959	26005	24513	24031	23960	26698	14985	20646	17133	15254		1902707	1769825	1743560	1499805	1409666	1787642	1341168	1495753	1380896	1281329	
0.5168	0.8702		30046	44863	42951	29839	32099	36782	27524	25944	38029	32794		1392236	1612085	1812518	1374434	1343890	1461267	1106774	1081330	1428416	1502389	
0.5133	0.1247		21020	23796	19757	18775	16926	16941	17644	24168	22521	24034		1264654	1248023	1221778	1178705	1134518	1250568	1310551	1463750	1368242	1420037	
0.8334	0.0562		40444	21281	20446	16989	17237	21630	19565	28460	19737	16540		1498994	1386055	1262878	1237915	1182351	1526714	1325489	1587978	1333034	1038447	
0.1782	0.3666		20239	13686	80818	18050	24860	33928	22746	22773	12631	26418		1407128	1366709	1847360	1305916	1640835	2436793	1448858	1504609	1163975	1453678	
0.5223	0.6119		23961	24742	27925	25616	44559	27854	43251	25883	26412	27332		1355502	1385146	1347970	1331391	1405815	1404985	1638295	1345503	1284792	1341661	
0.1557	0.2228		22220	15757	17444	14158	14020	17740	21916	22236	12048	20706		1875285	1317360	1513921	1390835	1207137	1330383	1425691	1654460	1217084	1449658	
0.1831	0.0864		42917	12388	12282	19362	14883	14844	14158	21279	16791	20988		1764517	1366349	1210089	1308044	1361461	1294216	1363803	1657443	1438697	1568051	
0.4948	0.6788		50367	30119	35825	51461	27116	29015	24764	25378	25742	25737		1437179	1415086	1559099	1496462	1282939	1520677	1418437	1277369	1300765	1181202	
0.3429	0.2714		20102	14839	32869	53784	24403	20468	63876	24034	22399	23409		1349055	1130820	1534233	1631676	1631628	1367632	1750356	1538228	1591402	1462109	
0.8769	0.0754		28327	24432	26944	19702	29615	28669	18221	20498	21967	20305		1481528	1259573	1266360	1270963	1502862	1687123	1238965	1217829	1371763	1356628	
0.2216	0.6338		20909	21650	21469	26704	24760	25099	20268	22444	32028	18429		1407667	1468197	1390274	1446400	1388368	1315698	1237047	1332216	1520772	1056592	
0.1643	0.7298		29604	19510	16625	20538	27535	20471	28227	23442	25899	20859		1540881	1171933	1024152	1110056	1452129	1293283	1172271	1141937	1363535	1220105	
0.4341	0.174		16958	25964	27437	25785	23576	21996	17060	19209	18088	23602		1244495	1758526	1429489	1670385	1354092	1367149	1081894	1213765	1353774	1453163	
0.0706	0.8399		28721	20902	21861	14746	17295	24818	25582	18398	16802	24119		1590055	1253219	1282342	1069375	1151733	1374622	1515014	1329041	1243336	1550674	
0.3828	0.2508		19229	19897	15573	16967	21013	20845	26381	27475	19298	17877		1315835	1246099	1089114	1129442	1300572	1319944	1421401	1460500	1178914	1157031	
0.5358	0.3046		29434	20338	30389	30667	20342	29264	27636	21451	28245	22985		1625675	1263572	1499208	1485516	1302041	1430200	1572544	1361414	1604183	1550470	
0.6219	0.5752		27982	27410	25593	26626	30391	25917	35389	26770	26405	35027		1291894	1199899	1172057	1251715	1250953	1111794	1359925	1246329	1207821	1405972	
0.6514	0.9047		33347	34677	36199	32607	30321	30979	38278	37407	34732	28528		1256078	1430639	1262835	1421266	1301252	1168627	1100542	1293761	1215687	1182996	
0.1561	0.8413		30098	22009	24012	18608	17745	27684	20725	20788	23151	21396		1639372	1421518	1299813	1268878	1223528	1321683	1282407	1253093	1220391	1243631	
0.0876	0.7476		16704	24630	15162	22215	16533	15492	15047	18062	24691	23984		1350715	1304508	1080608	1215665	1206428	1062961	999413	1284132	1483956	1424789	
0.5196	0.6471		25853	29568	33112	30864	24827	34068	28052	27179	24035	35621		1405113	1345192	1437500	1295795	1359795	1353178	1260108	1211684	1223526	1552880	
0.681	0.8723		33331	33757	29130	39111	40676	33811	44258	32553	41127	33475		1394827	1177038	992943	1301523	1561709	1460852	1425347	1236892	1407205	1113239	
0.699	0.1927		20415	27014	20914	19590	28288	20102	22467	22282	21737	20216		1168468	1406356	1152980	1209863	1482872	1209481	1188932	1166130	1330428	1161180	
0.0813	0.134		11636	9234	13699	17890	17603	16613	16012	12576	11284	11235		1252110	1272142	1381187	1429521	1369873	1115801	1426125	1140910	1047008	1039944	
0.8678	0.5119		29853	30229	26030	30856	38394	30501	39940	29237	30826	37039		1319388	1150725	1321192	1204772	1398548	1354924	1544722	1421493	1337200	1393934	
0.3821	0.8123		31532	28871	38665	28723	24719	23014	28682	36132	22704	37516		1427790	1501222	1527919	1339709	1351798	1274850	1417766	1596618	1076711	1233711	
0.7609	0.723		35192	41153	33280	41632	32757	34369	30430	44956	32472	39874		1509127	1533542	1376434	1518983	1424819	1273194	1182779	1424437	1412167	1423262	
0.4521	0.1679		16039	24354	17350	14833	24604	19879	16482	21776	18372	16343		1190247	1522036	1249053	1063759	1358348	1313274	1257826	1317802	1297048	1257313	
0.6631	0.5298		26080	32170	34567	29085	29974	27377	28941	31514	36106	36334		1648033	1539314	1497229	1394277	1401668	1287369	1273050	1378596	1424528	1721590	
0.8589	0.398		23741	28547	32822	39705	35937	24283	38107	41432	34747	29405		1030667	1327177	1267895	1449105	1567294	1075837	1475547	1417809	1347079	1250461	
0.1116	0.0945		13734	17193	19310	11637	17360	19365	19196	17225	18945	13535		1262045	1353892	1611584	1273582	1335458	1523831	1507174	1497332	1416498	1177583	
0.075	0.1797		14574	16504	11579	13911	17195	13952	19062	19057	18922	18837		1233034	1385694	1183358	1179656	1390037	1354865	1537072	1602818	1517422	1353046	
0.3569	0.0591		12489	14173	21466	15736	29217	22607	22847	16705	16583	15402		1146053	1223342	1461487	1148579	1507992	1559421	1515691	1289329	1329847	1219759	
0.586	0.1806		29806	23462	21659	21318	20354	21712	28725	28881	20241	18406		1572717	1394299	1309472	1175132	1159593	1288908	1425261	1435961	1306385	1179859	
0.4066	0.2571		21523	16084	16524	15021	17930	22057	15842	24572	17654	24976		1315267	1149784	1026988	1057158	1331294	1480271	1100597	1364929	1276862	1268127	
0.9397	0.8694		38199	40293	54551	41622	36923	37397	37850	47127	39340	38093		1381500	1248956	1573265	1401017	1098052	1133086	1202855	1446158	1273643	1359458	
0.6532	0.4747		28966	24774	39501	26060	25900	25142	26015	27072	25738	40326		1386571	1332522	1303850	1250622	1370604	1206998	1329049	1539803	1321118	1404492	
0.8016	0.6296		35411	30593	30950	40019	34862	32645	40859	29265	28439	27207		1399053	1296482	1440058	1577475	1345623	1230419	1575342	1309106	1158757	1073393	
0.5403	0.8414		30375	37281	46894	35403	27294	29056	27596	35954	42456	25930		1443358	1637915	1714944	1459701	1131171	1252139	1156008	1311610	1176130	1088922	
0.5374	0.9316		40129	31130	38504	38750	39307	28720	43087	29381	29500	30668		1708739	1361277	1339561	1578458	1518914	1262603	1545062	1255987	1248937	1151427	
0.472	0.8736		27760	34883	27276	30810	34099	27825	24288	34520	26794	27738		1160381	1435568	1354648	1261308	1663780	1245387	1081991	1659704	1321284	1295170	
0.7418	0.3991		34549	25701	24488	25006	27070	25503	24390	27471	26756	22361		1503882	1253627	1285377	1239321	1297118	1269799	1146168	1239033	1259548	983930	
0.3931	0.5145		22175	23018	23367	41543	23286	20020	30068	33794	27944	20081		1486168	1265016	1325081	1687645	1292338	1258438	1405846	1658067	1650161	1172730	
0.1126	0.8133		20904	19504	30503	19805	30381	30420	17280	18205	17459	19829		1215101	1230891	1566929	1253440	1569211	1482045	1187157	1280082	1282094	1366889	
0.5666	0.4953		26946	23440	31237	28039	22951	32614	24192	23578	22896	29483		1533592	1331405	1551136	1360893	1149836	1453590	1325784	1169553	1291468	1189721	
0.8277	0.1258		20350	23861	28429	18211	28110	22059	27585	21343	28282	21157		1169095	1357552	1475702	1060064	1453065	1212045	1424013	1245488	1496964	1152645	
0.9681	0.8742		34905	41512	41873	35083	43665	39700	38319	43978	37511	39618		1212064	1355675	1226827	1047372	1119769	1274670	1238534	1396211	1212433	1267751	
0.1824	0.6823		16616	40727	20700	22566	18830	18899	31528	16392	23452	19979		1000451	1445105	1124001	1316450	1107899	1087149	1457518	847535	1130291	1173371	
0.3998	0.2047		18573	16749	26564	16768	22529	17885	21631	17307	23260	31439		1314002	1323420	1558654	1271608	1368021	1132628	1287415	1196976	1447221	1614064	
0.7433	0.0996		20655	19015	18868	20061	18221	18561	21555	19087	19646	22311		1245803	1070641	1259903	1242958	1161000	1219072	1578463	1224162	1169477	1248785	
0.748	0.8967		33092	33914	35617	35147	48328	41949	37141	35428	44673	57950		1226479	1285204	1359491	1251155	1161808	1374709	1273755	1286232	1324128	1220455	
0.1038	0.1845		20598	20685	12699	19179	19417	12508	17338	11983	14772	21524		1483563	1670613	1288460	1465817	1454875	1221136	1185268	1190975	1272733	1438874	
0.5439	0.688		25073	49578	29636	25319	25423	36979	33436	31864	27395	33446		1026698	1181451	1268124	1166119	1214740	1485945	1486078	1294120	1223051	1451269	
0.9275	0.5854		34281	41614	34174	36032	30892	33524	33683	28876	43399	36653		1248135	1341839	1167923	1270660	1130361	1318357	1391577	1199466	1371063	1438476	
0.4443	0.7995		65974	37902	26906	36324	26241	26395	26658	27234	28408	27428		1347696	1527051	1214838	1492792	1302997	1202101	1106113	1143004	1202653	1165796	
0.3923	0.2368		25221	17245	17175	17836	17486	22670	18709	19486	26438	19665		1435773	1216221	1131681	1226698	1153939	1391871	1328625	1246797	1634051	1377402	
0.6678	0.6872		29849	42429	29643	29793	39786	35329	31309	29706	31793	29987		1213121	1622805	1263848	1265205	1633439	1448041	1287478	1203488	1268562	1286067	
0.6461	0.2519		21517	32133	20164	21962	24060	28163	33019	20606	20049	20275		1133294	1479411	1244637	1142426	1252674	1255178	1417825	1255357	1177662	1200437	
0.3651	0.5647		28812	20100	19831	19804	20326	28563	20959	24065	21668	23006		1456536	1425541	1222263	1191053	1135084	1385362	1240038	1384101	1260474	1305852	
0.9804	0.0797		21874	29158	27159	29142	21381	24595	23258	28369	24341	21294		1376572	1657147	1420675	1402005	1203030	1347302	1239424	1390315	1320381	1368859	
0.5141	0.1195		25297	16620	15897	26038	18992	18576	26150	18598	18663	20383		1633215	1184980	1147806	1313291	1195533	1224252	1454919	1238420	1335641	1288153	
0.8212	0.1038		61532	37278	20285	20369	18147	17927	26071	22319	20499	26894		1242607	1475066	1426633	1286611	1160448	1149159	1379964	1444231	1337532	1617323	
0.1655	0.6185		19869	21621	22549	17362	25288	19445	25909	26790	24311	19190		1461634	1295486	1281377	1215460	1403457	1359265	1428254	1318403	1355363	1370307	
0.9418	0.7266		36325	35701	36400	36122	34613	44322	42188	44779	33882	44241		1305364	1246060	1295558	1324947	1285100	1542582	1421009	1520621	1244304	1596634	
0.7157	0.1102		25940	26161	27334	20787	18531	17705	23550	27016	22575	18881		1517539	1373372	1517332	1186214	1300495	1095151	1343505	1420478	1398013	1162049	
0.1185	0.1633		10787	14626	13617	12701	12890	13018	10575	12471	21278	10578		1229947	1541888	1295199	1093245	1272834	1334884	1304020	1294748	1439094	1245244	
0.9693	0.0912		21649	19913	24869	34915	21693	26748	23865	24709	23234	33004		1375035	1318516	1255842	1369181	1235332	1293586	1379798	1516662	1330028	1366734	
0.6996	0.5774		37929	27297	26384	26669	32347	32429	27114	40856	26364	27393		1621990	1286179	1178100	1238243	1260777	1279202	1273600	1286188	1189590	1076643	
0.5812	0.582		51225	26817	36083	32880	32839	35017	28477	40776	34590	32046		1332332	1235916	1571155	1612777	1442939	1282473	1298974	1555736	1549095	1480663	
0.8084	0.7842		40976	36080	30420	32671	32437	35626	31580	43652	32702	30949		1264898	1403994	1114134	1339505	1280138	1312963	1146828	1285630	1094936	1067635	
0.391	0.0674		20567	15229	20563	18767	21500	14197	20764	22248	14022	24892		1303201	1240613	1369502	1538237	1711976	1186544	1161040	1317092	1224083	1153366	
0.579	0.5726		27924	24443	22827	25700	32080	25864	24005	22424	30632	28894		1231563	1248929	1061534	1226046	1346676	1267331	1048234	1103583	1200699	1169093	
0.459	0.5513		23206	31870	20739	20863	24922	23516	21688	22485	24527	29365		1411382	1594716	1109145	1117582	1246060	1207636	1292242	1275446	1624846	1456473	
0.7295	0.5694		35544	34147	37344	28301	28745	35245	27179	27227	31033	32271		1423734	1462291	1443933	1204850	1175865	1345519	1264180	1231383	1359562	1180588	
0.6738	0.5036		43797	34303	26221	25846	32409	25261	24522	27217	22995	22705		1644199	1609000	1202417	1259300	1500088	1466155	1131415	1275368	1168915	1041310	
0.965	0.3581		32755	43266	35224	35831	34567	28378	30081	25889	34304	32880		1168597	1388783	1497726	1543464	1155980	1208623	1236069	1006124	1243801	1190832	
0.3551	0.6018		21903	21600	26080	19625	22690	22646	19633	21585	21620	25725		1226885	1226729	1169285	1058035	1083985	1232226	1290747	1285847	1200007	1297991	
0.6772	0.397		25314	20713	32562	25825	23089	23109	30908	30484	22645	24101		1433740	1022568	1472944	1426299	1148793	1230654	1401263	1237886	1211564	1413809	
0.9793	0.5171		30961	38275	30767	33199	28633	30162	30585	31784	40416	33406		1439469	1416670	1507067	1248366	1003245	1151019	1343093	1367504	1709599	1264709	
0.2172	0.7115		26293	21560	30196	28420	28858	27000	26916	19482	27120	18124		1439150	1273627	1656841	1725776	1554340	1447261	1663166	1340498	1506843	1186348	
0.4908	0.8207		26218	24139	25495	35383	27098	36269	30844	35591	36455	30566		1389565	1215505	1240681	1556497	1149973	1575999	1458665	1418460	1609254	1396446	
0.3356	0.7391		22743	22665	25376	25997	24597	35500	21919	22368	33254	25165		1303241	1283692	1407417	1240540	1423214	1605581	1273550	1382764	1693723	1277887	
0.8248	0.6991		42229	43050	36804	32808	33257	38487	40750	32680	34581	35649		1578545	1493936	1235655	1379240	1370444	1300250	1473083	1247857	1250621	1212563	
0.1397	0.0737		17799	18173	16783	11365	9522	10952	12269	12670	11275	12669		1532708	1528504	1148056	1036010	1095479	1168577	1146909	1204627	1141537	1190412	
0.9227	0.3471		38988	25617	23863	23844	29754	30826	23409	27991	28883	34152		1676319	1334982	1196151	1225426	1291126	1387786	1098473	1209432	1365446	1301466	
0.136	0.1675		12309	21957	15369	19488	12494	12239	13567	12639	24851	13136		1214330	1432642	1326491	1586228	1111799	1171283	1182933	1132471	1561095	1361006	
0.8304	0.8895		46544	43648	36844	43033	36619	33407	44165	43390	34645	35609		1494305	1498472	1170259	1315608	1281417	1343422	1408917	1416902	1331760	1216591	
0.3885	0.7138		30612	31376	23198	25112	23863	22766	31341	32957	23659	23855		1634595	1685434	1200580	1203369	1183422	1294793	1342730	1633417	1312124	1173700	
0.3397	0.1872		25235	22150	21998	25279	21314	19058	18466	29059	19287	25091		1481720	1551633	1259702	1362193	1063889	1171886	1213611	1189305	1206654	1550742	
0.4414	0.7066		33859	46553	28451	23787	26313	22969	23227	27132	25039	26586		1638587	1575054	1349117	1143478	1263533	1152642	1160195	1496125	1401868	1350167	
0.8504	0.4951		29892	38740	74661	35785	27928	37825	38446	38698	31871	35958		1254466	1501697	1518714	1391822	1219341	1562988	1616721	1519205	1276954	1585244	
0.6507	0.5244		40787	34786	27812	28683	26790	24977	37714	34229	24896	26182		1545821	1483869	1309411	1404490	1280097	1232499	1477524	1455735	1207859	1195340	
0.9383	0.9225		67435	46885	46744	37712	37095	36839	40332	38284	47518	40144		1503543	1423794	1558110	1214926	1215148	1273581	1256207	1339308	1471585	1309616	
0.7844	0.629		28434	31311	32717	40892	32137	32533	40400	44137	38889	32749		1154434	1380783	1374881	1549734	1322986	1269251	1422625	1684081	1524673	1323586	
0.6592	0.4489		26342	47017	23806	26299	34807	26055	33630	26610	28604	24317		1418512	1538424	1397705	1309816	1515604	1270394	1549979	1367090	1196309	1196081	
0.8577	0.6239		39806	39130	34167	30782	44493	32996	34193	40146	41211	42372		1521651	1362166	1267082	1143238	1238001	1105691	1224298	1249002	1572611	1329292	
0.3034	0.5191		18483	31514	20441	25330	18925	20819	19635	20382	18802	28699		1216399	1704428	1241269	1280341	1247600	1285763	1317788	1272569	1238773	1361651	
0.244	0.5791		19254	18155	26341	20053	26063	29484	19252	28152	18259	24464		1327972	1288504	1527501	1203089	1474722	1513654	1303083	1398627	1413911	1463296	
0.3191	0.4081		18284	25555	18304	27592	23854	15498	19228	27866	27135	17608		1408626	1526871	1212840	1633246	1517366	1065096	1349507	1463161	1334395	1183264	
0.6056	0.9873		40970	32026	41876	31951	41037	31771	41495	32409	40871	34305		1743514	1332902	1543065	1326043	1503863	1400860	1541520	1279505	1311585	1537182	
0.7128	0.2669		36654	30002	31241	27613	23934	23130	24667	29567	21325	22189		1535656	1426236	1423428	1251327	1363258	1364093	1328297	1254730	1074375	1186063	
0.2908	0.541		19260	19282	18682	22710	19170	19128	20138	21055	22597	22619		1178053	1227712	1130405	1115918	1121928	1190635	1289211	1195917	1316653	1307222	
0.6085	0.2894		22445	26507	21147	20268	22002	26783	28587	20436	22119	28368		1234532	1495566	1194414	1124591	1213889	1161040	1527530	1222390	1247322	1406499	
0.5945	0.5393		26232	23968	29653	24879	36060	26601	24575	35412	33789	27616		1383174	1213650	1233399	1226141	1588769	1332039	1196554	1642677	1651199	1550673	
0.36	0.878		32270	24493	47718	26872	25651	41330	36581	24147	32746	24653		1400690	1327162	1485861	1225916	1134443	1288429	1138428	1159993	1374469	1330277	
0.2568	0.8962		28958	28190	22662	21727	22399	23271	19375	32333	21498	30672		1510943	1652060	1282132	1199334	1212608	1268295	1139037	1237510	1144543	1502276	
0.5613	0.8924		29782	30914	33594	32767	32782	33535	39996	46128	39855	39390		1386890	1493534	1518183	1348765	1570571	1280048	1651809	1607028	1631128	1632611	
0.8149	0.3332		33818	32389	35625	44022	41924	25606	24504	24580	24814	22235		1480422	1545371	1484229	1787198	1679450	1374345	1298587	1272749	1160556	1176763	
0.4112	0.5067		19677	30395	24744	23504	20928	23835	21211	32528	27729	21166		1284903	1498638	1286007	1290297	1254640	1182296	1157722	1493835	1444287	1323285	
0.0857	0.1017		13139	12498	12544	15634	22094	19544	11065	10878	13210	11765		1358913	1325385	1172669	1337177	1512739	1487609	1241417	1364404	1279306	1224484	
0.9152	0.9238		40269	42134	47932	40013	53248	56532	43528	57521	47980	42166		1397030	1445522	1556034	1413905	1606498	1689708	1414892	1583028	1370751	1508388	
0.9666	0.3469		30245	26327	34869	28864	25884	32849	30943	39892	28817	33257		1525103	1159226	1411354	1198630	1145438	1337646	1183702	1122404	1180141	1496478	
0.9958	0.4604		28362	31216	35711	34373	38518	46936	29908	34874	33587	40231		1243597	1271334	1357120	1392073	1657684	1453767	1386426	1491036	1263217	1400549	
0.9574	0.2445		94106	35254	28972	25763	25815	32805	27511	24848	26466	35650		1322808	1480207	1391722	1367292	1250465	1345361	1509840	1477652	1324329	1581468	
0.9318	0.7129		37763	38461	50229	37316	39038	47330	36530	50988	42106	41201		1432016	1460020	1625971	1492562	1343717	1450800	1379546	1424930	1263293	1054923	
0.6446	0.6312		30711	38654	45402	34122	28691	28771	32480	29776	30871	40562		1473150	1460019	1289194	1402263	1267972	1503112	1438978	1280262	1263689	1301629	
0.4479	0.6982		26429	23488	37864	32613	24064	31971	27371	31630	23793	24604		1291681	1274148	1404405	1263603	1129138	1421243	1274907	1466930	1110407	1122007	
0.6637	0.5138		23631	23880	25459	28828	27135	25482	34136	28871	24103	23783		1144362	1098468	1213366	1386862	1217311	1194819	1639506	1354777	1015683	1094936	
0.6723	0.1869		21925	27163	29476	21305	27794	27691	17859	25574	27037	20697		1472345	1398646	1348063	1220734	1594464	1584458	1312929	1255678	1231822	1300035	
0.1944	0.855		20516	21691	20480	21679	26342	27699	22110	21645	21586	19826		1225817	1351852	1336139	1323982	1361783	1419799	1284480	1304500	1262119	1315703	
0.1214	0.0858		19752	17747	17806	11004	12679	15952	18327	14104	13005	17997		1437243	1570434	1540372	1427820	1228316	1428883	1659425	1242506	1358494	1534320	
0.7201	0.0815		19040	23841	18669	25378	21110	20415	19574	39486	27769	27442		1299131	1283303	1241948	1203959	1369159	1252282	1344325	1546969	1508143	1626045	
0.7944	0.1027		19380	18568	18964	19162	26890	18417	21794	21296	24327	26845		1253222	1081461	985048	1154221	1434173	1033603	926480	1255055	1239841	1583143	
0.4884	0.1746		24921	23631	17849	17999	17778	27406	26887	22445	21393	19485		1159085	1336723	1204624	1105970	1107882	1242281	1437098	1392951	1220260	1278850	
0.2287	0.4583		25869	26431	21047	27474	19204	19385	22448	18135	15166	17387		1584980	1704314	1378599	1376407	1228590	1272811	1247628	1221533	1124816	1196512	
0.7474	0.848		69765	38647	40388	31438	32801	34078	32917	41207	30544	33548		1658758	1438143	1503542	1265032	1128962	1204316	1170417	1442213	1190765	1118822	
0.4297	0.5028		19702	31434	26530	22621	21933	28742	22748	22406	22587	18473		1258022	1336488	1360165	1317610	1291326	1363128	1257891	1210204	1132219	1295537	
0.4099	0.9742		36214	38229	26768	37246	26516	36557	36155	27780	31855	29206		1413151	1630478	1210715	1445572	1220654	1380778	1474366	1343907	1227231	1356324	
0.0841	0.8063		26706	28822	22263	14734	26901	16673	16466	15864	19216	24520		1418872	1388705	1161630	1134220	1329589	1292596	1233783	1089061	1147512	1388237	
0.6541	0.3747		30258	22971	31041	25839	36303	35803	23298	30691	23919	32251		1727282	1219324	1495135	1310522	1510600	1508640	1341528	1550589	1407223	1576649	
0.2038	0.0628		20226	13833	12243	12688	17491	15144	12220	16138	19509	15738		1329461	1287939	1246283	1359247	1462262	1309845	1395079	1436539	1562896	1346053	
0.381	0.8597		52981	26405	29817	32380	27916	32995	38641	24856	37494	24737		1619710	1284270	1424328	1572616	1374435	1578085	1443655	1273178	1374691	1185932	
0.1414	0.3832		20970	14653	12731	14562	12820	13163	14567	19078	18817	14299		1355100	1250660	967181	1246742	1164385	1103045	1141962	1250425	1320570	1469165	
0.1712	0.4123		16888	22965	21284	17742	24621	21592	26730	14281	24999	15978		1610450	1550820	1383148	1291907	1385966	1298429	1546919	1273173	1539507	1397043	
0.465	0.0937		25197	18168	14153	16965	15525	15798	22881	17356	14936	21146		1315727	1304600	1013916	1266132	1162389	1106336	1351229	1266671	1155101	1299232	
0.2098	0.8839		27026	19969	32881	23472	28095	20437	31049	20296	20894	20841		1234307	1152133	1256479	1220149	1388063	1203439	1469442	1340306	1126653	1261920	
0.0718	0.4777		26892	12437	22199	17777	28412	16057	22809	16419	14975	20549		1577889	1255221	1412653	1352282	1564795	1335782	1653072	1226869	1238372	1257456	
0.6261	0.0832		17861	19658	22335	18758	21262	26147	18408	17328	24629	19853		1509591	1381217	1346791	1342385	1376166	1342737	1431693	1265491	1454151	1547865	
0.9809	0.5248		33466	63607	40774	38653	40925	30845	29734	40994	30838	41124		1427530	1484969	1370306	1249198	1354221	1279231	1233960	1419091	1251041	1441778	
0.528	0.4303		24071	31213	24078	31099	24194	23985	31431	21688	23754	22217		1351657	1438335	1354386	1486884	1290175	1372427	1573530	1106195	1244223	1275483	
0.2158	0.1643		16928	13919	15501	18359	15379	13423	17017	19806	16286	17386		1316120	1350023	1186046	1208619	1237788	1361344	1409379	1555780	1344859	1286390	
0.1796	0.7249		19899	27238	25681	22037	16654	27372	26024	22546	23406	19710		1238493	1618931	1470727	1208023	1039896	1342712	1498513	1324411	1290220	1262377	
0.7532	0.5792		29994	40396	30484	29618	39989	40477	40504	30000	29855	39889		1394105	1504551	1332737	1233697	1640836	1541811	1707796	1257170	1246335	1480818	
0.7207	0.1148		28126	28530	26989	18932	21733	26377	26192	31387	18956	18899		1511986	1478595	1539036	1171149	1373324	1415316	1313508	1591658	1159095	1079426	
0.7167	0.5959		27489	28611	34260	29198	36023	25273	28457	28394	27902	28347		1204739	1266776	1241336	1282207	1656763	1157695	1179928	1219566	1198917	1164830	
0.5173	0.8342		28993	28394	27702	33856	30187	34919	36716	35786	40610	36677		1439129	1337029	1468095	1385062	1333879	1517453	1570986	1272031	1446203	1631174	
0.0631	0.4169		12287	19454	13624	13317	12013	15848	15700	21715	11588	15822		1308846	1364763	1135406	1348098	1030968	1261883	1221080	1536322	1042910	1235696	
0.5858	0.5958		26189	26532	35066	35514	40356	35015	27415	31821	33396	34218		1435490	1382305	1498747	1681267	1761546	1490723	1189306	1458780	1591777	1504071	
0.2512	0.3375		15945	23590	15782	15032	22841	15712	21522	24728	18750	21676		1193473	1420165	1279371	1283593	1491229	1213181	1494121	1543237	1425646	1499410	
0.7026	0.2249		33070	22016	31051	20578	23638	23826	21469	21077	24386	21056		1486358	1227126	1677856	1405171	1403007	1265321	1116155	1166278	1237076	1322742	
0.3503	0.6785		30790	31560	22141	22293	20938	26363	23406	34781	31217	23910		1459735	1453001	1366383	1198399	1116450	1297428	1370653	1528924	1433164	1303302	
0.6478	0.7021		30466	30371	28922	38002	35382	30714	27362	27595	35278	35620		1376434	1522117	1414346	1583454	1526549	1570658	1365604	1305654	1372125	1396547	
0.9519	0.563		33442	30676	39983	40645	32933	30358	31497	32497	38058	49354		1227307	1319760	1527201	1644895	1106006	1116488	1306427	1239888	1482552	1476963	
0.9986	0.2526		29012	28771	26022	24822	32970	33220	33081	30758	35054	22782		1715038	1503045	1314735	1220124	1477424	1478927	1412767	1409250	1392295	1311905	
0.3508	0.6398		29361	21281	28963	25970	20631	21553	22661	21491	21923	26904		1415703	1256075	1309217	1405501	1159597	1166119	1156841	1177764	1170624	1254221	
0.3073	0.0982		21484	19108	16341	13332	21103	12953	20805	17143	13862	18870		1305278	1308319	1204124	1220554	1428614	1085487	1289667	1252186	1156558	1172628	
0.4935	0.6465		32326	32110	26504	33156	22589	23391	24011	25283	26355	24265		1776255	1669853	1249680	1566082	1074627	1037693	1084564	1112920	1198021	1321511	
0.4016	0.2154		16720	18051	24826	14994	14999	17127	16308	17872	20810	18825		996571	1159050	1276588	1030673	1182910	1176124	1121470	1137198	1269749	1183818	
0.6179	0.4694		26200	23908	34214	22637	25310	23404	31302	31275	25723	23724		1411603	1279848	1499355	1106580	1332734	1209893	1608665	1459689	1245332	1314496	
0.7796	0.2941		31086	23378	29546	22141	23581	25443	30940	30951	23763	32158		1325289	1295233	1385607	1352859	1134878	1166395	1577236	1285682	1233241	1365741	
0.4266	0.5292		23831	30668	30560	29413	30684	26196	22097	25184	34422	31848		1260012	1525167	1547107	1436818	1598118	1470742	1329927	1336859	1490996	1605633	
0.486	0.279		29024	34267	26237	31509	20017	18675	27765	20399	24283	25649		1345480	1579279	1653705	1631610	1233058	1139154	1262880	1266740	1379317	1396661	
0.6626	0.3333		37915	20502	25343	30895	21805	27691	30130	21981	28366	28108		1364789	1176021	1247426	1340517	1131103	1288583	1467633	1180220	1180563	1303743	
0.3132	0.6378		22278	22618	20981	23583	22964	25373	21409	30386	30705	23002		1220941	1346826	1288190	1261344	1293383	1424338	1468393	1539970	1440184	1275922	
0.4007	0.8837		29467	25266	33896	26263	35148	34940	25191	30846	27275	34806		1396176	1209081	1412540	1162955	1573598	1195453	1194587	1281120	1096920	1302523	
0.5953	0.415		30735	23971	26887	24263	23794	24517	22233	30416	30515	30431		1506023	1328765	1195504	1227239	1150461	1309947	1212126	1250172	1523598	1564798	
0.2379	0.5951		20907	26130	18488	31556	29132	20265	22676	19106	18918	21531		1254848	1448963	1185476	1388270	1584810	1278782	1393357	1288350	1234475	1278896	
0.0678	0.9726		34154	18528	20027	20363	27235	26355	18467	19110	26489	27670		1575621	1295997	1423957	1176185	1387980	1644609	1246336	1177600	1584709	1393435	
0.0757	0.8182		19770	19960	18440	16259	16363	20269	23860	16795	24516	24019		1288647	1285790	1150924	1121814	1142278	1286655	1308214	1199731	1504915	1477510	
0.5232	0.1599		19245	18194	25280	26765	25455	18425	17991	27597	21509	25575		1271489	1352114	1506825	1561989	1598216	1389407	1291579	1480950	1254563	1543461	
0.9256	0.8611		43592	47190	44732	48734	35147	36751	45568	40284	39488	36443		1314885	1472499	1519424	1601723	1134825	1198696	1640995	1357404	1362607	1211397	
0.3417	0.4632		20450	26255	26736	26522	22866	20627	24872	20542	19263	18934		1473953	1405063	1728958	1451669	1186896	1382552	1386780	1429368	1143108	1168655	
0.1495	0.4324		23847	18512	23378	21745	21936	14700	14450	22067	21915	15873		1455432	1297165	1362958	1574658	1594264	1041256	1094946	1566617	1352367	1372258	
0.2886	0.1887		15297	18898	15028	22436	13014	16694	20736	15398	14657	13490		1171913	1383383	1112029	1412138	1150666	1166087	1413881	1361857	1339063	1175846	
0.7181	0.4284		32996	25478	31655	32566	25717	25158	33280	34209	29415	23399		1581924	1302600	1263758	1240909	1440689	1306518	1425502	1591028	1403501	1259344	
0.0815	0.1328		11403	12610	14048	12547	12430	11254	11535	10279	25103	10955		1152335	1187769	1333078	1224583	1271712	1290331	1074535	1123772	1594685	1306651	
0.4914	0.5082		47638	23929	22317	29630	23592	19760	23912	24838	22565	22064		1680697	1247326	1335284	1422441	1314192	1258744	1262470	1250417	1260070	1305909	
0.3997	0.896		24830	34913	25384	28769	22701	23624	31299	36106	38266	23318		1475493	1601871	1245592	1357606	1128899	1210844	1332422	1626764	1468193	1115896	
0.0599	0.1591		15592	12203	13801	11288	15750	11427	14797	11717	13537	13507		1241803	1402009	1237677	1294334	1297444	1253384	1396612	1192087	1381170	1360209	
0.321	0.2591		18255	27206	23574	25696	17266	15983	17992	19359	19299	15851		1285238	1369358	1463562	1605722	1294891	1128131	1243821	1244821	1278961	1215632	
0.3867	0.8867		38141	24194	31338	26147	22987	30857	38876	31436	31934	27666		1580227	1146433	1096059	1446693	1130993	1460178	1226360	1420415	1239427	1250789	
0.5777	0.5174		24915	29618	27825	34201	27936	31828	25895	23575	37279	25995		1154402	1439999	1458383	1583738	1417137	1558018	1336021	1184600	1534236	1320742	
0.3187	0.5196		20308	21042	32631	21157	26769	21340	20491	20802	20134	41317		1407578	1267246	1418572	1266129	1558906	1309797	1253370	1186414	1253342	1677027	
0.9815	0.464		55945	28686	29468	29472	33370	43027	28822	28813	27305	37879		1770330	1270885	1193813	1222921	1454962	1818170	1352564	1243975	1200625	1611483	
0.4744	0.8121		22944	33481	34935	33098	37770	27588	25687	28063	30175	26690		1252649	1485635	1439286	1579632	1584624	1456905	1175059	1323640	1322114	1444444	
0.3511	0.4114		27776	24637	21318	19701	27596	21299	19275	18923	16731	19361		1648430	1292870	1282624	1201546	1551035	1310112	1235844	1107997	1159606	1260590	
0.7853	0.6807		41602	29753	48021	40470	32997	31147	44472	30471	39282	31035		1430762	1308828	1608608	1407051	1429812	1243635	1596283	1218020	1505929	1362134	
0.6023	0.848		38936	44657	30092	36514	32148	45086	38887	39338	29275	30330		1612274	1874673	1320440	1394417	1325713	1669132	1807349	1742549	1182668	1278687	
0.2695	0.7327		26910	41863	29002	21702	23967	29837	33677	27125	19071	27898		1359516	1191848	1292027	1310179	1370506	1501427	1391401	1536007	1305267	1371143	
0.3636	0.6324		27357	29287	24184	29486	22385	26963	23942	22590	30747	30935		1292908	1575240	1309943	1478753	1277256	1321624	1316251	1208276	1805708	1533621	
0.5313	0.3569		25481	29356	29168	29120	21914	22728	35467	29042	28904	22712		1449382	1492927	1458735	1465418	1285453	1334659	1489999	1393960	1605037	1212277	
0.8552	0.5242		28479	35266	34949	36403	36315	44005	43588	37430	30687	33602		1386670	1458617	1553292	1449435	1467212	1616811	1534088	1493905	1335070	1103718	
0.7725	0.8407		32902	32072	32444	33952	34717	33045	36618	34529	34794	34499		1140414	1230515	1132666	1119116	1251687	1129070	1221575	1168337	1142445	1080226	
0.4389	0.6904		24977	24157	34762	28324	23065	23274	23188	23982	31435	24578		1399626	1312942	1528928	1290675	1189245	1124628	1131345	1280368	1347853	1262452	
0.188	0.1388		14122	24338	20573	21439	18663	12332	17208	12846	20674	18132		1222268	1475197	1363688	1193788	1229402	1213931	1262555	1215551	1427244	1495163	
0.6425	0.6508		27193	26834	34926	28340	35165	35471	31441	35595	27667	36068		1448049	1307745	1679365	1230786	1556549	1481540	1344126	1426739	1273383	1595156	
0.5587	0.9334		35778	31575	36836	34465	29749	30898	29075	36875	29072	41922		1234954	1272987	1503525	1181398	1174656	1221612	1268303	1527677	1266282	1377384	
0.9664	0.3518		28180	25770	26280	28952	35631	26173	28382	27712	26352	24750		1239219	1264161	1318419	1433957	1448765	1186298	1247222	1112485	1265895	1207152	
0.1252	0.9245		18298	27350	19133	16697	23054	21361	27766	27454	20717	27818		1173442	1415233	1250735	1157306	1272310	1344864	1658106	1404320	1352169	1350271	
0.3582	0.5216		20756	20912	23779	28033	28983	28584	21683	28646	19604	25623		1157062	1366855	1354457	1411183	1508702	1368903	1219411	1465253	1148782	1282010	
0.8979	0.954		48176	63837	60752	48098	45225	44328	45923	43584	42892	40675		1408061	1826791	1477213	1392431	1346836	1449585	1618149	1318561	1418492	1222662	
0.2308	0.3407		19124	17936	23685	23853	22000	21951	18313	26631	20604	18001		1394736	1237074	1587522	1734721	1636182	1527253	1236005	1516091	1579956	1343565	
0.8438	0.5674		34392	51658	37083	34421	39055	32689	34950	32095	30896	32088		1391715	1771280	1375177	1409183	1581238	1448779	1355160	1250451	1377349	1193127	
0.75	0.4557		26338	37035	34846	30600	30837	29068	25473	35272	35049	26172		1381610	1301371	1526207	1455138	1350085	1285931	1202368	1768106	1697607	1340800	
0.7765	0.538		33073	54436	26512	24161	26651	27440	30091	34740	38936	30390		1492226	1325519	1231110	987410	1086476	1035966	1364372	1275121	1497048	1332267	
0.8628	0.7529		42361	34357	42610	55273	44353	35873	31804	39235	38383	38321		1499106	1269565	1315868	1393487	1340650	1140425	1027924	1100651	1336016	1069558	
0.3571	0.2745		18657	27916	24497	17339	18578	16447	19054	24229	16783	17016		1425845	1548078	1676701	1334544	1338954	1105040	1351831	1498827	1210100	1188512	
0.658	0.1265		18093	18389	19451	18573	20054	26905	27090	27435	20577	23409		1444987	1324295	1344189	1330180	1459495	1271689	1653562	1754792	1394965	1424560	
0.579	0.4399		25992	28670	22771	40161	23138	32683	31066	37346	25379	34404		1196736	1476617	1218817	1534483	1320714	1267575	1220449	1398744	1216517	1503405	
0.5947	0.4151		24292	21705	23711	24785	22359	22651	23518	29768	23816	35330		1226884	1244494	1347617	1308349	1175469	1126367	1148159	1357471	1278564	1581433	
0.8892	0.4132		30818	35437	39223	26239	29558	27629	28842	26192	27451	24919		1411418	1491860	1366464	1270865	1396496	1364247	1061022	1250593	1076623	1087518	
0.3846	0.507		29432	30354	30941	20660	24704	22440	20614	18121	20696	23843		1635867	1571120	1489924	1322136	1265836	1255679	1220786	973743	1158310	1335541	
0.1749	0.335		13896	18509	38861	14354	23657	15214	16392	19327	19681	22463		1120711	1231394	1332683	1262432	1453562	1129005	1138816	1273200	1395187	1555154	
0.414	0.8914		32813	24454	26854	26093	35125	33222	25998	26210	29273	33431		1250574	1145393	1159600	1121741	1340345	1408334	1265770	1148091	1320711	1541039	
0.1125	0.9641		17468	22648	21690	18693	19924	18846	19775	25923	18472	24637		1223755	1266894	1283343	1242043	1195789	1158915	1214433	1268666	1343831	1545039	
0.6441	0.3782		30237	30644	27443	28654	33667	32702	22137	37382	37048	27698		1540328	1427032	1261481	1523743	1495298	1434026	1322419	1545157	1539016	1403679	
0.0994	0.4703		22895	14684	18737	18162	23097	22959	14882	15321	13535	12550		1779742	1260367	1311892	1237024	1618508	1619962	1156808	1017133	1011503	1185152	
0.1495	0.2321		15889	27913	12503	24948	20739	17365	22771	15191	21942	12858		1471042	1589707	1301687	1523083	1416726	1487898	1394388	1413840	1517660	1431559	
0.9497	0.2859		24723	24165	27637	26443	22500	25514	27961	23220	35742	36671		1146483	1270837	1246063	1331599	1305147	1217472	1379371	1456448	1572722	1475261	
0.109	0.0701		19015	19058	22640	11941	9588	16968	9735	12489	17583	9201		1540417	1445151	1661688	1134420	1031472	1151916	976792	1203768	1315698	1041519	
0.9653	0.5442		41106	30632	39629	35505	39036	32500	31110	33383	30216	47064		1495885	1197321	1514107	1279833	1493916	1190324	1214552	1370926	1273293	1794304	
0.6756	0.3162		27895	37056	25870	25176	28089	21768	22657	24965	23901	23392		1466395	1746303	1454546	1588383	1387105	1134062	1151671	1359916	1490191	1240256	
0.6414	0.2132		21072	21537	20249	27420	20252	27542	29406	20383	20657	19058		1452651	1222713	1354683	1371453	1411405	1382772	1572628	1431460	1294573	1142644	
0.6087	0.4877		24112	27190	31411	32516	25322	24664	24171	24004	32626	31920		1109326	1369297	1365555	1427664	1268734	1154093	1121496	1190792	1512522	1420480	
0.8678	0.5323		27891	30680	26532	28258	29087	31058	30952	38578	29254	29146		1035496	1140985	997349	1107297	1106555	1069864	1166257	1435711	1082491	1341431	
0.5895	0.4704		32860	28610	28678	37980	29569	33946	23206	21814	21732	23966		1298568	1393983	1263476	1677272	1424841	1478294	1175431	1045131	1077372	1202465	
0.3934	0.6598		23603	26633	22666	21239	22454	35660	32315	32386	26263	32429		1138952	1261117	1183152	1059749	1127987	1413501	1424400	1589222	1269993	1362224	
0.606	0.5257		27296	29210	34089	24470	31022	22498	33751	24232	24290	32563		1308466	1495036	1476231	1192164	1476168	1165050	1430202	1249922	1299424	1477243	
0.6924	0.8704		32826	38298	38050	36803	31118	37992	31538	32190	32119	31762		1126138	1422213	1359015	1368269	1227202	1372893	1322298	1241566	1310132	1241312	
0.3805	0.5086		29913	19877	29714	21971	18819	36228	18834	22660	20555	35035		1344010	1365175	1360294	1166544	1043539	1574463	1065483	1149550	1316892	1575807	
0.3802	0.9086		31198	28946	30871	33891	31152	24672	33076	37149	33121	32970		1460906	1406175	1376272	1515091	1281077	1255202	1346275	1664793	1472276	1352476	
0.4457	0.465		21953	28311	21420	20343	28503	26788	20737	22113	20636	23937		1323837	1474250	1285293	1348817	1552670	1329562	1330044	1258227	1382966	1240755	
0.562	0.1887		21069	21317	26334	18989	19543	21889	16411	30208	19990	18340		1128017	1288751	1406702	1154439	1313488	1419083	1114802	1320223	1281101	1158133	
0.7079	0.4941		26047	47413	36897	29354	26231	32859	27880	28519	25899	27012		1242134	1503154	1616855	1336175	1165572	1266861	1179193	1230114	1121597	1277631	
0.2967	0.601		20562	27944	21325	19068	20056	20535	25708	20050	30648	19812		1497459	1449752	1327817	1085390	1256083	1243015	1293340	1334409	1400547	1317193	
0.8724	0.7535		34639	34303	43690	35244	44031	43887	35591	40349	42294	44284		1336235	1187067	1575635	1254271	1513415	1642580	1297886	1378034	1500470	1474964	
0.325	0.1151		20745	19033	21986	16279	15748	13707	13667	16516	18066	15928		1522415	1409096	1477271	1195766	1192823	1115414	1104126	1157698	1335313	1216950	
0.4397	0.2292		25039	17006	25268	21006	26739	21535	24793	13606	13228	14843		1475466	1239003	1577197	1374319	1420182	1435137	1616927	877745	852322	1249560	
0.9774	0.409		29359	28056	28933	31896	30923	31362	30193	30455	33190	34056		1309367	1194735	1304555	1277690	1268819	1277542	1287816	1409848	1336330	1412370	
0.6532	0.5575		30697	30744	45991	31220	39693	39783	26491	33376	33965	34903		1499648	1260442	1669052	1647271	1832998	1668772	1374927	1375064	1302358	1447275	
0.9662	0.8682		35112	37229	45144	48510	35462	43510	61105	39551	45525	52189		1089638	1296099	1415694	1598431	1343768	1298535	1512176	1322060	1348289	1518486	
0.1782	0.3038		21116	16556	20541	16118	19137	19074	17042	13983	14440	12902		1412045	1299799	1393961	1388351	1340015	1313982	1251770	1236111	1028223	1003039	
0.5987	0.8489		32791	44245	37375	35000	39559	32220	28076	36917	37045	29690		1430318	1435545	1405723	1400584	1405162	1237751	1371679	1480735	1382504	1285629	
0.177	0.467		26199	20576	16564	26769	26242	23526	25019	18300	25324	16291		1548844	1433033	1275734	1397852	1443420	1291030	1343375	1398294	1592764	1225337	
0.36	0.1113		13419	28261	17189	15157	21584	21860	19741	21695	14566	21781		1242774	1611550	1234116	1257135	1686934	1543343	1379276	1589631	1333475	1372151	
0.5893	0.5844		23266	31438	27104	27470	25058	29960	36274	23419	23791	33010		1524617	1452859	1274136	1241386	1320304	1345566	1412236	1074647	1189580	1203346	
0.334	0.1377		27972	25343	21733	15771	16860	15100	19092	23278	13381	17319		1519443	1543857	1464263	1267941	1378876	1182323	1226301	1569661	1208191	1274704	
0.5571	0.2109		19481	26698	26486	26978	26651	28442	19788	19279	16864	31534		1427032	1459510	1521976	1567874	1641623	1531474	1219996	1190990	1061418	1228329	
0.2551	0.2977		15862	18062	15531	23109	18395	15323	27038	17541	16322	20594		1293275	1375761	1199496	1182976	1453922	1257959	1470942	1245962	1160747	1434266	
0.4205	0.5377		23422	26304	29688	29933	30642	23252	22786	27585	23199	24701		1322297	1380839	1498854	1599594	1661971	1273672	1158887	1341464	1315952	1216897	
0.648	0.553		33758	34229	27647	31030	32267	25062	36747	27997	36449	29214		1636470	1695519	1269138	1368224	1509178	1160797	1552708	1347953	1582368	1152185	
0.4406	0.4755		19843	23037	22901	22147	21663	21551	32972	30635	30960	29960		1082177	1420014	1194995	1220471	1192055	1236430	1532485	1716097	1504346	1382830	
0.5223	0.8563		28511	28356	39716	38970	30272	29200	38804	31835	40709	38466		1309992	1316555	1460037	1369590	1275282	1244402	1624979	1422984	1673954	1557512	
0.2923	0.8776		27993	24442	25581	23560	24377	31401	24515	26210	24838	25025		1432616	1168691	1319761	1300118	1300413	1565092	1233829	1409692	1342113	1401458	
0.495	0.9437		27703	28382	29764	29793	37371	36944	34725	25899	33630	28951		1179307	1327168	1221011	1163912	1538673	1357698	1437778	1207130	1121977	1262331	
0.0869	0.8724		26161	19414	25831	17989	17413	28820	19103	24516	21987	24583		1531203	1266212	1434285	1101441	1079976	1321540	1121700	1305631	1458821	1439973	
0.4797	0.2358		25569	26610	19973	21821	19646	25645	18167	24175	21782	16425		1364244	1613424	1296623	1291649	1347619	1400100	1292142	1251572	1114070	1237691	
0.6904	0.294		29537	20856	25593	21729	34833	23393	32712	29856	28385	29737		1474327	1333485	1385593	1190454	1393529	1233515	1540381	1516491	1383076	1614370	
0.3562	0.9268		35132	24964	26814	26359	26218	27575	23783	36711	25645	24747		1533010	1210970	1157170	1300384	1195743	1198380	1083915	1363802	1404218	1149891	
0.5408	0.3726		20587	22637	21190	30275	31227	29680	20541	18756	20689	19952		1211067	1375173	1263386	1471939	1515417	1352143	1239035	1046353	1171553	1122493	
0.2656	0.6088		26699	21368	19423	32454	28181	27032	21614	18920	19194	21564		1571945	1141685	1173184	1558603	1591905	1387207	1320575	1168680	1136947	1306582	
0.2735	0.1603		14079	16453	24660	12942	16582	22190	14559	12750	14404	14512		1411132	1284827	1287159	1097854	1179802	1370472	1230439	1169739	1127090	1393440	
0.254	0.1858		22215	23404	16705	23916	24791	18025	12928	15713	15028	16865		1421923	1430622	1073184	1532642	1523026	1331930	1039945	1127924	1127744	1282170	
0.5919	0.8086		34790	32035	30508	29022	28123	41167	36849	32309	37425	36642		1404557	1398460	1396458	1342969	1188139	1486533	1431298	1433131	1477906	1534608	
0.9995	0.5937		41413	48582	33088	39524	41607	31070	41551	32825	43477	37699		1443253	1495575	1203633	1326740	1444420	1150668	1313329	1045531	1346634	1143516	
0.1327	0.226		15746	17521	11051	22103	15838	11234	21172	14259	21170	14950		1221981	1401782	1278523	1652469	1365378	1482401	1661267	1288970	1540165	1412201	
0.1374	0.7849		19948	19666	22261	20257	15828	16492	17823	18271	21013	18972		1501306	1241142	1134990	1415195	1121626	1275619	1413620	1189104	1328343	1320216	
0.6087	0.7172		29850	39540	40978	35789	31736	27267	26805	37647	28178	36841		1250706	1574668	1335320	1239510	1208796	1079004	1127704	1495060	1205878	1612906	
0.844	0.7635		44193	32721	33790	52006	43851	42694	44066	30595	33475	46020		1445122	1252467	1289664	1480215	1691690	1442142	1477471	1132094	1326436	1221752	
0.631	0.2813		25801	20982	23818	21144	18961	30204	19971	26222	20943	28528		1394486	1266257	1315662	1319004	1228992	1391337	1390706	1403961	1276793	1362491	
0.8535	0.3752		34640	27807	29879	34553	28707	36280	34462	26751	50024	38176		1623238	1291067	1362185	1494909	1525180	1564601	1448638	1180391	1587014	1417359	
0.3893	0.9323		33555	24591	25816	33017	26659	37399	25246	41972	32767	25362		1520566	1209216	1258645	1477217	1216721	1354789	1186325	1383851	1375131	1245732	
0.4262	0.9425		34695	44528	31959	30513	23886	26802	30053	26100	25607	23886		1590249	1270165	1400502	1338665	1000969	1088072	1465370	1304980	1257423	1146633	
0.9499	0.0872		71792	22657	20458	28481	36563	23295	23101	30734	30209	24594		1664299	1245333	1334126	1516867	1514715	1399773	1312703	1461177	1513220	1285424	
0.9122	0.7474		44445	43458	43982	44085	41704	30803	34334	42945	34842	38772		1202025	1743508	1609774	1491120	1235963	1057010	1125889	1388146	1178989	1539837	
0.4701	0.0813		19374	15903	22934	15942	23108	20394	13552	14060	17507	14780		1346406	1325066	1426200	1315096	1360351	1241444	1048410	1077238	1223851	1287700	
0.6696	0.1945		27592	25350	19259	20332	22393	17613	21036	18026	29634	19844		1565927	1387980	1222304	1258447	1264252	1173571	1311605	1169983	1511425	1370874	
0.3722	0.898		50879	33548	24192	34356	32343	30707	28398	24307	31982	23950		1503470	1523875	1293930	1469797	1517542	1535975	1387322	1304441	1475239	1358991	
0.221	0.3907		23430	17342	30785	18707	23014	16992	16373	16446	23434	13509		1433936	1241767	1625489	1303992	1344476	1091539	1144346	1195887	1462824	978752	
0.0736	0.8053		16479	17883	20823	25147	25332	26898	17930	18912	16166	25412		1222828	1243744	1319157	1605935	1555901	1485958	1223869	1255352	1259930	1584690	
0.1066	0.4024		22222	22509	19025	20834	14348	15417	22546	18931	14423	13151		1369801	1634979	1520896	1324658	1165024	1194532	1242674	1383507	1168781	1032831	
0.4434	0.7949		32877	26826	32831	24460	25173	32054	27300	24479	22412	26655		1399305	1313023	1473625	1419783	1391756	1388234	1241793	1100031	1117105	1276979	
0.4746	0.6596		25635	34896	34145	33781	35249	24963	23046	33699	27631	36012		1303756	1524088	1433750	1418109	1437975	1209863	1208213	1615433	1437419	1583256	
0.6232	0.5946		26041	34052	34079	31732	25474	27683	24617	29398	28388	25756		1478506	1611221	1663013	1325482	1231319	1200860	1320151	1424744	1350087	1176272	
0.5993	0.2354		29581	21984	26397	20470	30295	19796	23617	23307	27974	27211		1273627	1247807	1268328	1162716	1184397	1193018	1248251	1335794	1287273	1470550	
0.3783	0.6393		22722	25043	24089	31921	29909	30760	22378	22561	28812	23332		1358085	1324351	1249092	1506014	1732433	1416240	1365501	1213556	1412804	1225642	
0.693	0.4653		21962	39915	41010	34547	35465	35302	28097	27764	25074	24832		1069401	1467431	1611706	1561291	1564840	1265413	1352472	1274632	1193739	1196231	
0.3483	0.8074		23389	30299	33551	20674	32434	33056	36305	32511	33050	32202		1385137	1528545	1248037	1262655	1524777	1465569	1597285	1576302	1478352	1602509	
0.1528	0.7306		19406	25097	22751	19574	26523	21968	22969	18935	19923	18211		1489677	1497497	1404194	1280797	1552572	1272520	1399063	1548182	1389712	1296092	
0.6661	0.0585		26540	17946	17345	16720	20216	17229	15580	17451	17966	15427		1556442	1275055	1155249	1129271	1202218	1194901	1112413	1043311	1259824	1062451	
0.4669	0.8444		25888	32523	27949	27530	28509	34187	27135	35721	26550	32606		1279067	1352044	1281123	1323251	1320644	1140224	1185088	1402718	1147916	1203802	
0.1181	0.0702		13595	18203	10421	17281	9071	11714	12306	18297	11128	17154		1392660	1541946	1149297	1653134	1264659	1475715	1342787	1413151	1307007	1286052	
0.7201	0.5457		27064	36326	35939	26918	36900	36544	30417	29065	29188	28382		1281177	1575293	1592812	1302187	1472092	1495496	1361764	1443358	1344419	1294674	
0.9319	0.7559		39943	45068	41239	36865	41624	58629	59203	38616	34702	40583		1577240	1681666	1777887	1465722	1391584	2123741	1804683	1332900	1290884	1216920	
0.7596	0.7938		33793	31737	37904	41282	34559	41374	33404	41211	34657	29723		1167713	1234396	1073208	1399934	1354797	1484687	1242206	1535358	1256426	1083886	
0.7762	0.9025		36570	38817	59935	36001	40480	34012	45791	35127	42256	42053		1206588	1499616	1688419	1265720	1378868	1352223	1295096	1233375	1413657	1583091	
0.3188	0.4947		22916	19232	22016	18887	23727	29992	20827	21807	23369	23937		1472420	1456633	1401686	1134484	1353862	1398705	1123299	1318473	1451329	1476749	
0.0842	0.0802		19481	12013	13840	19039	19125	17271	17518	13315	10823	11294		1493542	1290779	1334910	1356872	1438012	1319648	1535446	1295381	1208600	1156876	
0.8606	0.94		35588	44822	49414	35606	36247	35469	35945	36385	43840	36122		1275956	1684133	1612883	1270980	1178455	1191275	1190927	1221781	1265591	1244931	
0.263	0.9068		21296	25527	20933	21992	24620	22596	23782	21581	29724	29531		1172071	1394862	1103494	1258107	1424086	1260974	1216995	1262713	1473582	1421649	
0.2289	0.4082		16516	28553	18569	16565	21124	25399	16734	25767	16917	17059		1537018	1606509	1344853	1181874	1391519	1573047	1351979	1641589	1333498	1218923	
0.4944	0.1551		32185	25235	17663	16418	17824	16278	23966	23959	26532	19653		1474842	1467066	1224051	1130328	1187999	1114865	1343354	1430963	1260648	1304692	
0.127	0.2336		12901	11598	21611	12761	16052	19928	18829	19328	12697	13492		1138244	1174987	1390096	1157400	1358632	1436241	1374279	1244206	1187492	1144698	
0.9279	0.2322		25450	31778	37612	23393	35678	25134	25356	25018	29030	36227		1226316	1404492	1520685	1274228	1459004	1242738	1280378	1236673	1311374	1432655	
0.6496	0.3521		29956	31129	29885	30089	29823	23782	29928	32458	31287	23355		1308221	1574244	1635800	1398479	1632870	1481852	1560992	1625929	1477672	1277209	
0.5536	0.5029		26144	25240	36726	22224	23105	25411	32600	24082	24741	31139		1450562	1302531	1596521	1245410	1259234	1349624	1393861	1428040	1253522	1366435	
0.8199	0.3305		27085	30528	26072	37181	39961	35252	35044	25316	35082	34343		1229443	1311934	1313053	1603656	1717187	1424359	1559481	1357889	1574969	1441836	
0.7205	0.4234		33771	33604	25068	33675	34181	27396	33569	29269	26092	26632		1463971	1445883	1094162	1435513	1484350	1337303	1682884	1518709	1249737	1091987	
0.8552	0.074		26223	27696	27935	27982	30738	19817	23704	17612	22362	19598		1624066	1540152	1579848	1407205	1390294	1334478	1376821	1023823	1222842	1266602	
0.5114	0.5955		34785	30486	23662	23658	28909	25336	28631	32059	31243	27448		1361695	1279071	1234352	1126497	1268807	1374017	1192113	1299337	1530012	1335220	
0.483	0.3806		16189	20032	20156	21516	26626	29562	30748	18211	29577	25818		904910	1235340	1334265	1244411	1471021	1361581	1378140	1170148	1461441	1157400	
0.9483	0.8361		35026	110266	38935	46893	39191	35895	45985	40370	44942	39451		1021602	1324198	1426441	1545083	1345104	1169722	1533899	1320995	1483483	1240501	
0.4031	0.4134		20603	27184	22099	20278	21188	20421	19052	21856	32500	27039		1306897	1448819	1368160	1337983	1275829	1195519	1203712	1543001	1584487	1544606	
0.5955	0.4853		31963	24586	21486	36348	36401	30722	32555	29034	29688	26247		1426924	1335470	1282276	1632234	1407390	1464063	1456209	1421896	1399228	1437874	
0.0848	0.4839		28656	24769	16479	23131	16499	15136	24511	21072	21369	15991		1493211	1744521	1403208	1597414	1224195	1270606	1536093	1237930	1537824	1292330	
0.85	0.3716		34576	27916	26125	34682	32537	33277	25679	30261	42266	34740		1517677	1325357	1256475	1465591	1362040	1604249	1246050	1299618	1392564	1428669	
0.9861	0.9818		50820	58625	46928	40146	49824	47078	40090	44658	37528	41728		1586652	1216558	1391187	1310590	1572527	1435365	1209987	1277697	1079755	1371785	
0.1144	0.4777		20710	26635	20416	15406	19779	16069	21627	17909	21657	21691		1317328	1566831	1440706	1285498	1396090	1271878	1486568	1325103	1384336	1607144	
0.6712	0.2845		29852	20745	25095	25414	37997	22157	22299	21577	24497	23995		1538585	1344283	1302389	1209744	1607174	1203954	1172329	1196972	1302515	1346062	
0.2751	0.0997		16055	14744	14445	18806	11883	14293	21779	15029	21079	13469		1138936	1193793	1234795	1343326	1056778	1282454	1413554	1200720	1132417	1235255	
0.9201	0.8375		38426	53431	35384	45143	42067	37871	36861	43806	41853	36125		1369416	1339957	1150143	1489168	1303036	1210134	1180593	1596337	1430656	1200289	
0.6507	0.6133		36069	27085	29421	34920	25792	40401	26875	35597	34716	26443		1131191	1323094	1324677	1352907	1139694	1477697	1214678	1560865	1415698	1165402	
0.6465	0.8329		31332	38602	38909	29091	32485	29965	37777	42214	30151	31569		1034635	1219497	1221383	1273113	1201300	1167177	1454762	1722442	1393516	1173925	
0.3262	0.4762		18713	18450	18201	22698	23519	19051	17310	19315	20048	18290		1223587	1226871	1276686	1183522	1096785	1134303	1076472	1219753	1273515	1229189	
0.8634	0.4347		30187	33647	34486	29597	34940	26169	27913	27162	36816	27043		1414110	1506769	1331300	1406187	1619713	1172165	1314623	1226984	1675960	1259028	
0.1722	0.3311		36247	22245	15001	21753	22425	22239	13905	17152	22374	22069		1558214	1615791	1155054	1491213	1542730	1447647	1129499	1190487	1396782	1340046	
0.101	0.523		18133	16455	14490	14353	12638	16385	16354	15471	15272	21978		1399686	1209788	1126390	1125928	1355075	1358087	1267938	1231141	1290972	1422562	
0.3339	0.3825		42539	16417	18699	25426	26187	26153	18864	18636	29118	28822		1346769	998334	1138368	1404173	1665706	1473348	1263265	1295967	1472214	1682381	
0.4563	0.8969		25722	33124	29133	29290	30225	38277	26189	26487	26531	27217		1137850	1484489	1245930	1306943	1460104	1474906	1639441	1239086	1379257	1504774	
0.9945	0.8914		46932	56936	38212	46588	37605	39478	43673	39368	45159	40094		1524159	1355639	1191493	1529302	1408363	1212030	1330987	1307892	1422129	1260575	
0.8649	0.6928		40927	35665	39968	40059	40371	40675	29600	34768	31913	39219		1511658	1344118	1421875	1476314	1518376	1544557	1306692	1167958	1221156	1513785	
0.2115	0.382		25227	17194	27169	29368	24948	18345	17493	18290	16172	25182		1602848	1398507	1496397	1425507	1554454	1183319	1599832	1232813	1407492	1555600	
0.3067	0.5004		18952	18974	20373	18987	29549	20337	18850	18964	20913	20625		1190416	1229615	1242065	1232595	1185005	1132786	1179368	1185202	1285036	1230257	
0.5626	0.4355		22369	19141	21131	31509	25288	31720	31256	21947	32910	34062		1154747	1143451	1253770	1538643	1291327	1398804	1453214	1219716	1559495	1356130	
0.3422	0.2427		16450	19333	16705	22307	16901	15816	15841	17350	18647	21508		1189268	1281233	1315989	1242300	1184541	1247302	1328805	1256218	1196771	1522052	
0.4947	0.437		30533	21175	30959	22023	20795	30569	26339	20769	23159	25074		1448025	1299243	1213129	1218223	1248001	1413173	1194136	1220996	1266193	1366730	
0.1645	0.9658		22846	20488	24988	21072	29362	27836	22448	23185	21234	25218		1336714	1283485	1303844	1425012	1518387	1409757	1215709	1462744	1151608	1205082	
0.7593	0.0583		17808	17830	25872	18661	18532	25734	25791	30399	24672	28310		1269769	1229795	1454007	1148133	1135007	1402118	1525767	1529742	1408587	1421989	
0.8204	0.0903		17601	33901	21372	29756	20302	22272	21650	22161	22018	28906		999969	1286271	1213259	1475254	1156337	1379642	1314672	1271749	1224265	1331714	
0.2571	0.7408		25892	22541	25073	24797	22821	25503	28943	24480	19569	27752		1499297	1418854	1493487	1404981	1434008	1435838	1476822	1360896	1107415	1589271	
0.8392	0.8118		32950	31892	34116	32998	32475	36447	33732	41305	71455	43467		1249075	1086674	1205682	1168091	1396832	1366563	1227163	1646477	2038869	1746368	
0.4996	0.797		81285	28717	34189	25985	33590	23622	35686	32271	36703	26394		1294893	1276703	1501930	1235376	1402476	1217879	1460595	1457643	1660098	1158470	
0.2707	0.198		14986	25323	21918	14531	14170	20252	14184	24508	22216	15020		1269442	1457755	1480546	1143830	1124098	1275596	1027651	1365157	1475513	1141477	
0.4847	0.2438		17424	19794	18507	17765	27134	19410	22950	20044	20108	21816		1312704	1149556	1243769	1376119	1703985	1392282	1318210	1453563	1498316	1333466	
0.7992	0.3509		32714	34740	29331	32392	31905	28295	22699	23962	22117	31678		1180824	1507554	1277093	1334636	1479447	1229642	1099217	1010505	942363	1231872	
0.271	0.3951		24532	23531	16201	16994	28866	26102	17765	21218	26583	17128		1445585	1439801	1240663	1395763	1488584	1455186	1317260	1361613	1242646	1174262	
0.2936	0.5402		19004	24635	21168	24270	19342	17536	22544	19011	21938	21227		1215832	1355571	1227083	1308624	1219664	1092854	1186291	1048871	1239741	1639861	
0.8612	0.6507		37257	47586	37978	31697	32317	32568	46286	31695	32798	36322		1567926	1532032	1323442	1246209	1276025	1138063	1588979	1402960	1321609	1435380	
0.7194	0.7855		41364	28261	30645	32694	32946	28013	32138	40570	38893	38246		1560364	1259531	1305435	1428607	1185062	1155246	1248866	1451891	1391698	1347164	
0.7956	0.7228		34960	34207	33380	36781	33679	34230	34650	30243	33603	35468		1345932	1351194	1189662	1297993	1439880	1397877	1278761	1348651	1378398	1337930	
0.6028	0.7875		29850	29993	28286	35898	34707	28025	35714	28542	29750	28086		1265566	1247596	1343457	1571296	1488113	1239467	1478716	1333202	1197639	1192401	
0.6579	0.6725		31686	38134	39259	26405	31018	33165	31780	31548	28479	26045		1306949	1519985	1455527	1108759	1412786	1395717	1351579	1401681	1406662	1162418	
0.8712	0.83		42084	40671	31592	34525	35875	34477	34024	33582	32337	35211		1628415	1520555	1036091	1157582	1301746	1147744	1187649	1016139	1015267	1194179	
0.2906	0.8707		29774	22869	33339	25133	24636	20524	23373	52283	23034	28223		1519046	1450502	1592417	1319722	1277860	1332519	1433732	1611868	1507677	1466925	
0.8516	0.9539		36968	37585	37379	38377	36820	40518	33678	35275	35040	44151		1300778	1166255	1139395	1106798	1136641	1159603	1113955	998084	1228687	1440573	
0.6577	0.6677		26530	58351	41225	28383	34793	36673	27829	27087	64193	36584		986823	1266028	1481662	1087812	1252016	1376377	1090856	1084594	1437751	1348380	
0.4858	0.0545		16010	25058	15600	15702	13828	22705	17918	18173	17889	18158		1277218	1663936	1393212	1391482	1182449	1409375	1217736	1247073	1269940	1351537	
0.9752	0.4999		35094	31112	31807	30746	30697	38158	34177	30585	38933	30950		1513503	1208443	1230797	1194485	1296767	1643518	1316635	1254452	1490520	1347539	
0.2469	0.7232		19949	19791	27724	20083	25144	20223	21174	30303	24498	19573		1307265	1165421	1585649	1215919	1333833	1244922	1278876	1522949	1333619	1294480	
0.4919	0.1843		26813	19056	24195	24544	17806	19240	23164	22737	20351	19979		1267302	1361840	1524794	1425119	1259037	1212067	1334365	1163689	1203358	1348433	
0.6444	0.2464		28044	32580	22405	20352	28816	22763	29693	30398	20616	23422		1327798	1481553	1283935	1171082	1440076	1262591	1544784	1507050	1243692	1258480	
0.4512	0.7649		25141	32625	32250	32090	33130	26159	25035	25115	27221	24829		1252490	1304961	1494626	1233040	1479789	1290919	1210655	1376351	1328759	1451848	
0.424	0.4126		20118	31232	18077	22059	22543	24634	35130	20089	21526	27244		1218372	1221468	1131046	1112960	1183697	1342589	1424520	1230470	1258171	1458638	
0.9686	0.7548		42894	46767	53856	43634	43933	38655	36357	34462	43865	35516		1445964	1531532	1365741	1567041	1632970	1373293	1227431	1216564	1568806	1225942	
0.2271	0.7543		20596	33057	21081	28159	21286	31960	32775	20282	20436	28153		1189380	1341030	1316510	1450779	1277556	1484207	1416882	1361339	1263304	1356687	
0.9474	0.921		40667	42115	49356	41463	42939	43179	43236	50671	41077	40828		1352129	1447525	1518295	1401031	1387603	1306954	1348836	1317928	1239748	1354244	
0.5285	0.1199		19296	26257	24607	16997	24426	17077	22630	24567	18630	31781		1390994	1547639	1563408	1398343	1675604	1293160	1344448	1558905	1701550	1755099	
0.6892	0.403		48662	27343	30121	30226	22689	27943	25646	32005	27494	34440		1625868	1651781	1590206	1267221	1123433	1394831	1326609	1430760	1528246	1675083	
0.854	0.4922		35654	29500	27840	27569	28796	29179	29387	34110	32472	28083		1704219	1306385	1169524	1217125	1303974	1388704	1449789	1450209	1306056	1220320	
0.305	0.5959		24966	35259	32328	23225	20002	21856	43575	20298	20208	22207		1397733	1402057	1478182	1183508	1031937	1109127	1467491	1145895	1128394	1101854	
0.3648	0.0988		13510	17707	16066	17223	25541	17193	17889	14374	23340	23668		1184284	1499549	1262769	1276309	1355282	1254768	1336988	1090661	1645257	1511923	
0.9989	0.8428		41259	38268	46181	46848	37068	47369	47332	37429	39426	48339		1409370	1380741	1665816	1469321	1290091	1774532	1281747	1203108	1311512	1603843	
0.5032	0.5605		30790	36100	28221	23999	35731	22521	24695	30623	22875	32198		1541810	1459252	1221572	1312992	1471085	1178029	1380677	1353638	1249899	1437922	
0.4821	0.3068		21060	27697	19360	23059	28201	19908	27029	28597	20448	21438		1516694	1443088	1266608	1132223	1562856	1225274	1216727	1509400	1320635	1259785	
0.8272	0.52		36727	27647	26479	37527	37797	38811	26904	27620	27980	36806		1458494	1220523	1174007	1648293	1727875	1606884	1169255	1259984	1333440	1583058	
0.1211	0.2098		14152	19345	13935	12125	19331	17545	14178	12546	18269	12975		1218969	1463353	1268388	1079629	1456014	1398144	1262686	1175466	1100746	1253055	
0.2368	0.5406		21572	27280	27621	19518	18177	18751	17937	23926	27882	20546		1309248	1442459	1444321	1151599	1178950	1277601	1209133	1225520	1449093	1227492	
0.4545	0.1757		36443	20182	16894	22390	18458	16762	16403	21422	18430	17602		1624008	1348064	1275421	1433122	1352533	1211155	1096639	1214685	1134164	1282830	
0.8909	0.8278		36177	38127	45031	39453	48501	34623	32477	53848	35550	36066		1384133	1398469	1569164	1409200	1449943	1191762	1181090	1460939	1280121	1383975	
0.573	0.846		36945	28179	33237	30150	32834	27753	29787	36522	36492	29462		1714644	1265705	1422416	1253819	1320848	1197823	1367761	1466491	1442584	1384344	
0.5626	0.7449		34166	26157	30214	38710	41810	28485	29227	28504	26847	28286		1306321	1149506	1263116	1456375	1321377	1309078	1220789	1345941	1184001	1185714	
0.1968	0.2627		17494	23554	16839	25018	19917	24645	19806	14884	22467	21539		1288234	1417048	1309156	1538897	1439597	1241072	1434144	1319792	1429858	1371717	
0.0861	0.2006		11975	13713	13915	14584	16795	24436	18920	18818	12476	12882		1169682	1284274	1278992	1315516	1373328	1229756	1463619	1569376	1280518	1461002	
0.2156	0.5996		20371	19278	20572	18261	19846	18251	17102	21667	21267	26675		1279177	1279280	1295409	1249654	1327594	1299835	1129011	1272087	1362006	1545770	
0.4741	0.5569		37892	25275	22576	33199	32476	34722	23175	24919	30635	23532		1323656	1194916	1256940	1477492	1528562	1645239	1246713	1271785	1600845	1344129	
0.2764	0.738		21311	29609	33420	21231	34181	27956	19289	21418	26716	22138		1291741	1664690	1535746	1316502	1405184	1242242	1266143	1266368	1199891	1122590	
0.9661	0.5071		94750	34519	30423	30022	32400	32747	40118	30793	30754	44996		1510343	1349909	1174048	1439868	1240220	1307526	1659306	1324513	1192995	1286715	
0.5918	0.5088		40530	25660	26664	24554	34298	30110	24595	31785	25100	28971		1164146	1264825	1218082	1300541	1464018	1211697	1157861	1531526	1384547	1387343	
0.1647	0.7118		27198	27493	20550	25740	18020	29993	17643	24467	28896	16528		1580566	1335386	1481669	1490676	1371310	1285871	1196764	1523944	1481064	1260757	
0.5492	0.6786		33354	51342	34159	36444	32054	34491	35262	31581	36827	28450		1488265	1334661	1407686	1277015	1417033	1594352	1287116	1384023	1395311	1214226	
0.4038	0.4833		21814	18144	18306	18291	21257	24672	19431	20081	21762	20300		1289665	1102664	1147134	1007351	1318581	1165719	1201843	1167242	1243047	1178196	
0.4113	0.1955		24382	17221	19929	16897	17405	17543	26610	25962	17127	19499		1344256	1223464	1326351	1291058	1245082	1268422	1551364	1400496	1172074	1298645	
0.8222	0.3801		61822	25888	25471	30213	30244	24817	29661	28975	31416	28448		1319753	1322083	1200019	1190417	1278178	1191322	1201110	1404489	1306139	1335786	
0.3397	0.5651		20474	29095	26930	20771	21572	22828	32535	23193	29618	20748		1367858	1407976	1326737	1436725	1204090	1407741	1523668	1216351	1380616	1107938	
0.3254	0.0761		18095	14059	16360	22715	14403	14695	12255	16121	12855	12211		1432007	1271009	1332477	1567856	1261751	1178188	1228387	1263473	1384871	1173873	
0.6928	0.4718		40422	29255	35553	36928	39754	26357	26680	24200	26517	29372		1614174	1419845	1684212	1699142	1369729	1341950	1299835	1255560	1126039	1227103	
0.956	0.1096		19925	30020	29989	30189	22730	21101	24198	21531	25880	19586		1154921	1452984	1655922	1627740	1297845	1307825	1337453	1182241	1349925	1206193	
0.5404	0.6364		26444	26281	36432	30664	40416	27281	26649	36002	38855	28181		1199032	1101468	1340181	1342193	1385388	1208187	1317980	1384980	1410225	1346074	
0.2732	0.8345		27553	23525	27158	21974	27222	25099	27562	23282	20887	21279		1529576	1406299	1379753	1216785	1323241	1404650	1264144	1261380	1079378	1201694	
0.765	0.3306		23870	32989	34310	25000	24726	31659	22377	22614	22488	22565		1462652	1282045	1472576	1166079	1162284	1376385	1198282	1038390	918529	1399201	
0.5495	0.4632		56699	22207	21400	22652	24782	23050	32169	22467	25927	27127		1167807	1161363	1110730	1194403	1255026	1341565	1471569	1497218	1335913	1384224	
0.7133	0.9041		33224	39098	42630	32580	48296	30884	36191	32977	33201	40262		1356712	1451871	1595586	1367404	1223328	1189732	1021755	1220013	1169244	1445061	
0.9273	0.9262		47667	46053	46093	45851	53703	46374	38862	47997	45511	42623		1317339	1612558	1514345	1262100	1573785	1427775	1190636	1555829	1426666	1450035	
0.0878	0.0623		11358	11545	13058	11649	18581	9518	11034	18682	19089	19210		1350167	1280234	1164734	1243199	1616687	1391025	1113431	1412544	1519880	1459120	
0.845	0.9181		68129	34505	56868	39425	39351	51521	37618	40186	47185	45954		1353961	1258151	1329310	1291534	1186469	1415814	1076226	1127847	1333428	1152171	
0.2959	0.6054		19671	19711	18585	25960	28855	21200	29320	30117	21119	27856		1072980	1184703	1381575	1478454	1373530	1239945	1647188	1341713	1331641	1435256	
0.6235	0.6696		29364	37621	27705	37963	29170	32564	34095	27507	31600	27189		1336923	1565908	1352626	1642832	1269440	1425856	1296965	1123085	1328602	1157404	
0.7617	0.4649		36828	37018	27310	27885	30492	26818	26804	28844	35194	27544		1424907	1629351	1341143	1154200	1342169	1220745	1349879	1302365	1575323	1388035	
0.3489	0.87		31343	20773	24176	27162	28888	22083	35312	25785	26502	28076		1705002	1182623	1133826	1332766	1214270	993990	1655036	1491643	1239685	1188486	
0.2037	0.3991		18867	16229	17881	18780	18022	15791	31735	17644	22991	23476		1301239	1200159	1365214	1192913	1204074	1182318	1490230	1241801	1171453	1415802	
0.8257	0.8369		34171	33678	34192	40885	34295	58281	43165	41118	33982	39194		1291458	1209159	1222204	1449333	1451839	1280889	1455959	1415299	1316640	1381711	
0.9955	0.3126		27769	34174	27845	33695	27598	25514	25536	25701	26507	24761		1232446	1539037	1362970	1199417	1241891	1154807	1125947	1113924	1096280	1213217	
0.8644	0.4358		32794	28030	28948	35308	34112	34738	35183	36691	35178	35250		1367794	1259346	1313797	1460086	1389649	1663787	1609174	1679155	1555196	1732477	
0.2416	0.8398		21256	28291	29167	26816	25421	28740	25522	20020	35827	31254		1146024	1503951	1573671	1406153	1291120	1269130	1347454	1042502	1674599	1567859	
0.8128	0.4368		29123	27223	26151	27268	29887	25960	28616	26745	35880	25728		1407411	1397334	1353538	1231892	1355609	1350449	1218815	1396767	1637612	1641004	
0.7045	0.3982		25177	23138	23233	23015	23642	23317	28845	23878	22845	23041		1393855	1196453	1129336	1159257	1147582	1173911	1283060	1158910	1117837	1134724	
0.8213	0.9909		41554	72717	38315	45562	35812	36240	37852	36480	36332	38586		1428381	1626157	1425431	1471818	1392350	1298274	1323122	1322168	1345493	1270250	
0.1532	0.0817		14114	14835	12954	11793	11437	18519	11754	13541	11645	13312		1237259	1340695	1248988	1307451	1322589	1440912	1177807	1345050	1251261	1205735	
0.4353	0.4312		22358	18329	29058	22832	25714	31058	22349	19901	22641	20074		1077330	961513	1481702	1339071	1297837	1480534	1195892	1263376	1392768	1292471	
0.7825	0.312		21205	31165	24608	29943	28822	30412	23285	24004	30050	30966		1257154	1587088	1263816	1490177	1366534	1389051	1147614	1151488	1289334	1495130	
0.1705	0.8851		27238	19582	25525	19495	23312	21415	19353	23983	25668	17592		1682842	1359956	1355432	1176102	1233344	1308675	1152120	1358910	1488974	1136193	
0.763	0.3266		29110	21699	38188	26524	24442	34248	33942	36006	34676	23126		1242230	1070975	1537162	1235293	1315973	1595254	1439296	1417414	1579799	1436313	
0.5452	0.1854		16284	27959	25115	18479	19185	19768	22238	21475	18355	18330		1180143	1261520	1320892	1202082	1255964	1250322	1236954	1245270	1154285	1244813	
0.419	0.1394		29100	20195	24625	16039	15961	21452	17882	24479	18788	15351		1440893	1372017	1682881	1374736	1278447	1357121	1306176	1604330	1402339	1093163	
0.8055	0.804		39121	32451	40721	32794	34355	36320	59662	41389	36614	33610		1456142	1226513	1531439	1250923	1285832	1298209	1675607	1710681	1143714	1287423	
0.3666	0.6385		23796	25748	33091	32928	29112	24596	39277	21031	25567	34561		1235364	1208653	1427873	1473816	1580565	1251983	1494573	1044736	1230179	1760968	
0.8031	0.1272		20024	27760	23991	27756	19884	21272	22529	18086	20772	27452		1263402	1402944	1280436	1217736	1218921	1367839	1352013	1292572	1270493	1310176	
0.8031	0.266		33768	33809	31908	24795	27115	34167	28908	24544	24887	24089		1456578	1621215	1615481	1466091	1356977	1562017	1391274	1345820	1317061	1231823	
0.6494	0.1184		17616	25967	18831	28823	24433	32103	27825	21865	21016	23645		1361365	1434575	1147066	1379713	1269180	1416151	1570642	1316385	1388141	1328587	
0.3607	0.6363		33769	33660	22974	33556	29895	20808	20011	41462	30918	22836		1648734	1407390	1254168	1774193	1322886	1082613	1108361	1581124	1494420	1223778	
0.4436	0.2841		22816	32544	22314	21583	18486	22700	27862	21714	16841	18460		1497176	1572650	1494327	1366709	1308000	1252844	1727823	1350289	1059883	1166788	
0.4683	0.9243		27554	34425	36715	28322	27928	27134	36708	34042	28121	40494		1298198	1344001	1637850	1378740	1463556	1280592	1604312	1500399	1471946	1565764	
0.9791	0.6981		36740	40758	35582	33604	33321	45636	33633	39864	38804	51727		1245102	1303522	1258004	1051658	1192284	1159594	1384794	1279747	1410543	1499886	
0.5849	0.8802		33151	41235	31848	33686	30737	29786	35219	26672	40275	30852		1482132	1514405	1250445	1331187	1159493	1375005	1345743	1127963	1264568	1163971	
0.9863	0.7125		36864	37769	32628	40798	38526	38773	34128	50689	35652	41719		1157604	1239582	1090934	1288754	1305054	1393306	1327351	1273855	1247866	1393422	
0.9045	0.091		37193	27912	26893	28220	24401	28152	32358	22340	21279	27314		1653604	1386754	1438971	1462948	1331775	1462188	1425836	1335999	1347282	1364307	
0.6987	0.3229		30855	30084	28204	31206	30219	19583	25005	30186	30626	24285		1591859	1496094	1292992	1647244	1529397	1116791	1234282	1498117	1553883	1308547	
0.3676	0.7485		22849	21835	30572	21969	30275	21772	29966	26404	31738	21754		1469621	1324687	1326525	1235877	1407221	1220616	1503448	1253220	1486597	1163025	
0.5325	0.9168		30406	29998	38234	39354	28393	30496	30098	27834	25510	35451		1286797	1406207	1607207	1524538	1154178	1426567	1174438	1034745	1072382	1351075	
0.4163	0.1814		18651	18141	24042	18030	16026	16202	24513	28994	23991	24395		1156887	1543214	1480259	1158102	1218484	1128701	1468829	1508685	1372983	1411562	
0.5767	0.5561		33821	34082	31420	25508	25693	29060	33040	33314	26696	25198		1477590	1594131	1534854	1266563	1284792	1316956	1597714	1474568	1335182	1282539	
0.6661	0.4762		37179	23415	22604	32862	32871	33317	24452	24621	25337	25166		1266556	1285386	1171602	1317954	1503620	1493851	1176415	1273417	1301368	1282213	
0.4003	0.1726		24541	17905	19330	14814	17493	20542	18097	24226	27406	25037		1666239	1267693	1202499	1058932	1239584	1206156	1209218	1532331	1439158	1374959	
0.4303	0.6134		30239	30095	32635	22167	24236	30117	30357	22880	30065	30645		1359168	1160421	1545413	1196987	1267824	1574726	1321652	1275920	1471841	1453799	
