8	9	
0.2519	0.4703		38495	45399	34435	37476	35704	39650	21839	40363	31020	33651		1533076	1530509	1369030	1388400	1339147	1745137	1258934	1423836	1387569	1395416	
0.1142	0.8724		37715	30233	28137	33871	24498	33144	27562	34209	26107	23545		1434165	1179019	1314522	1338167	1212980	1332560	1017751	1349641	1056406	1110653	
0.9416	0.5882		45211	58679	47479	46482	57730	45769	50026	38954	42867	48962		1290031	1308338	1466986	1229933	1517916	1381132	1431512	1283545	1117407	1366898	
0.2849	0.7969		33718	37457	30989	43902	35146	29653	28126	33334	34907	27569		1410058	1410203	1372097	1722283	1405343	1334753	1378350	1281074	1222992	1227886	
0.5074	0.4463		29820	31821	31697	33827	38653	45390	44829	28874	38183	36858		1423223	1384706	1276589	1608933	1584681	1509267	1679538	1318437	1343222	1639462	
0.3875	0.8134		33085	33728	44976	45189	33273	59405	51021	44513	32541	38081		1236324	1370966	1384147	1312603	1243600	1474567	1294589	1607957	1207898	1290396	
0.402	0.1222		30814	24557	25273	31961	39809	23339	27617	32720	35553	24971		1463915	1693551	1449923	1538380	1588419	1203219	1436459	1551093	1572320	1125148	
0.8168	0.7827		35330	67794	40500	37075	37829	36779	41073	42618	37423	39762		1025715	981458	1197574	1006778	979827	1043558	1150074	1184003	1103440	1108094	
0.3867	0.8678		39216	32015	30113	33988	34931	36595	32194	42330	37095	35467		1375815	1116685	1104778	1258597	1326663	1257394	1305730	1217071	1300129	1526727	
0.414	0.1912		43902	31711	31228	32975	39319	30442	27979	32503	25334	31726		1380227	1159570	1192722	1239160	1418953	1287729	1368384	1273277	1237622	1376987	
0.5936	0.386		32852	47684	43805	35884	51936	34475	43512	33881	31557	43215		1538640	1500307	1391326	1532881	1382852	1331947	1508098	1267466	1461092	1551824	
0.5795	0.3538		41285	35436	35384	26134	28090	42859	31691	45818	37175	41036		1284716	1228466	1417724	1042891	1021999	1386707	1039339	1222140	1178890	1294796	
0.5915	0.191		30430	29004	28144	35484	29387	33533	32376	33495	30804	23521		1537494	1527758	1238763	1403123	1249655	1481114	1396757	1408936	1257656	1328119	
0.8113	0.8018		43274	54406	55333	40130	49228	39581	44838	46808	48519	40213		1408861	1487661	1480161	1119281	1337789	1059622	1251768	1298760	1428745	1340800	
0.0658	0.1573		20094	35853	23935	28945	20056	18207	31102	25069	23317	22502		1172825	1489985	1295905	1501560	1499670	1001344	1329540	1212321	1282666	1234657	
0.0518	0.6436		33284	26095	33978	22981	33245	21182	38972	30085	29832	35191		1572642	1252963	1341823	1278628	1529205	1175780	1380629	1378501	1452988	1280951	
0.4495	0.4437		44778	42485	27726	29471	39370	28123	32141	29939	40479	42835		1592699	1593513	1368556	1361463	1467895	1393794	1467570	1315438	1371535	1220347	
0.6516	0.1501		32810	29007	29424	28192	43178	36842	30547	32572	40454	23364		1421068	1234699	1106506	1180439	1319991	1289896	1153749	1475841	1504802	1056795	
0.9198	0.4486		32301	37756	32456	38719	34845	35288	51035	58376	35181	43116		1227905	1151843	1271591	1246264	1272912	1326977	1346595	1611657	1187727	1222618	
0.2468	0.9235		32992	29063	40942	33525	49152	46002	35691	32053	38887	45090		1669306	1338126	1511154	1362384	1447302	1478103	1283597	1321479	1380570	1506619	
0.6273	0.9913		57536	41686	64187	40718	40878	55936	42126	42678	37452	36700		1699277	1343429	1521942	1218614	1373284	1301467	1289106	1298005	1170950	1086457	
0.7322	0.8324		50509	40365	53845	47029	39562	43079	45419	40892	45846	48254		1444836	1475901	1347860	1235523	1179999	1244583	1386382	1195236	1278978	1315868	
0.7587	0.8596		41814	43804	45618	61333	42234	38581	36949	36410	53471	44227		1220212	1270590	1570535	1368453	1187638	1126195	1214969	1353876	1302525	1288396	
0.1074	0.6809		30986	26110	36813	24021	31584	27574	24967	34201	25531	24156		1368134	1447885	1529857	1340088	1365637	1329870	1204881	1303858	1387535	1255074	
0.178	0.2091		22001	35460	22409	28215	21578	18106	24414	17640	21368	26749		1505077	1530069	1281361	1765903	1191330	1076401	1237987	1219514	1148132	1480835	
0.7854	0.6868		126403	84054	92511	57949	44479	42506	50092	35060	61749	39293		1686585	1405331	2166333	1505240	1389539	1687508	1766446	2340638	1629677	1285272	
0.8852	0.7547		64273	40630	52131	110453	43436	30708	44853	42343	51702	54552		1450212	1252859	1345372	1571843	1217880	1088387	1226983	1161410	1577809	2008843	
0.2356	0.6564		27241	25492	45534	41238	46590	43888	27084	28511	41367	75554		2000551	2029084	2135702	2040048	2276354	2348513	1152771	1168165	2276820	1849542	
0.5636	0.8529		51008	46797	36601	40595	47645	50322	39284	35639	34752	34850		1848059	1466263	1390254	1395563	1508589	1456696	1372512	1361564	1289677	1463456	
0.315	0.1741		26959	26073	21228	27589	28968	21562	32656	31128	27512	34873		1574879	1213972	1086098	1360759	1481064	1323508	1650511	1436826	1430651	1507554	
0.1987	0.8288		36536	27537	40044	46851	29971	35489	42236	34801	38267	34631		1441681	1317618	1283872	1433321	1063249	1290423	1225633	1211446	1267058	1189687	
0.4051	0.6458		42653	69921	36290	32598	43814	43555	43063	39736	31086	33031		1622857	1615218	1279156	1279476	1460286	1456546	1426748	1663170	1269773	1381923	
0.5623	0.7157		66394	49601	37339	41736	43035	58307	41576	48816	37330	53130		1578767	1676972	1349588	1423390	1625292	1689303	1645174	1426749	1507784	1247505	
0.5954	0.0852		38859	39622	26355	27825	24725	30704	43451	29610	27061	33725		2126776	1571849	1121177	1442886	1618960	1529470	1537678	1331730	1558591	1488088	
0.2119	0.3137		27550	25380	29214	36672	30962	32618	91535	33695	22464	28219		1364980	1880741	2243332	2435938	1400833	2439309	1858646	1503621	1371533	1429283	
0.9504	0.7694		133413	75985	44423	73619	60813	42264	48806	49308	53397	102310		1743620	1649146	1235829	2019303	1636856	1647762	1458746	1587838	1482317	2618985	
0.226	0.2254		21086	28065	21789	29693	20186	21706	19878	31214	22599	24930		1487118	1758868	1365081	1148673	1036024	1014002	1226603	1217447	1526497	1254923	
0.0531	0.5273		22196	21640	33782	23802	20461	22492	26681	19171	22649	31772		1259225	1250955	1322749	1249534	994822	1207348	1230820	1302980	1492268	1346983	
0.3542	0.5698		41749	33653	36029	34170	27755	31749	28776	27644	29110	31755		1665559	1312134	1402958	1453637	1268801	1296437	1199008	1040584	1243466	1486101	
0.0643	0.6218		35292	29663	26501	37393	35924	48619	48917	27917	24155	26111		1533154	1295736	2307714	1663044	1654471	1968997	1799027	1333044	1185015	1201365	
0.1877	0.7504		23363	29071	25958	32946	41175	29945	26526	27967	25269	30379		1571675	1366771	1385897	1365022	1519594	1308217	1245408	1328861	1130120	1537414	
0.9816	0.7121		63924	40642	38596	48880	64523	71383	81454	64106	41218	42423		1315760	1310102	1374947	1449745	1734703	2064621	1715767	1568059	1220204	1521052	
0.6098	0.4532		34941	27139	38087	47432	29566	48303	33269	47012	27221	30920		1255886	1387913	1475574	1398833	1056714	1327334	1466874	1756056	1206776	1173320	
0.5756	0.9113		39288	65537	37281	42984	40515	49263	58571	44402	47782	39753		1278452	1859380	1519029	1282716	1743850	1572298	1509134	1481111	1532169	1191240	
0.3074	0.628		36384	35872	32588	32002	41831	29225	28299	28422	35328	30006		1409874	1498271	1638383	1588360	1691869	1330306	1162483	1176831	1293354	1336490	
0.7797	0.5504		68542	45164	51184	35063	37867	42938	41273	35931	39431	43674		1750369	1498981	1706904	1203153	1393955	1357301	1815376	1156139	1328231	1503659	
0.6482	0.7672		31675	43173	44323	44852	41182	49965	43575	36076	38872	50211		1148770	1385537	1478412	1463417	1492844	1581014	1553024	1161323	1249524	1455840	
0.1543	0.2144		20714	31749	20507	23875	34787	21739	23441	33728	31918	24155		1283779	1449906	992675	1306428	1454035	1146816	1246033	1434843	1152779	1232355	
0.1282	0.9099		26597	51522	31105	26408	27466	47328	26771	27096	35851	34012		1161307	1309739	1226703	1268772	1345976	1512051	1373917	1257346	1434359	1404070	
0.0665	0.246		36088	23560	36032	29649	26993	21616	19736	23580	21352	23094		1498679	1396253	1450634	1445497	1578165	1415504	1111896	1140282	1192537	1180494	
0.0915	0.8871		41861	28027	35296	38641	40322	27885	27608	32720	32823	36017		1437264	1334808	1613285	1524782	1867609	1583174	1305368	1160028	1450212	1543913	
0.3193	0.0573		27436	50688	29063	22745	26975	30479	27784	20720	24061	22640		1452547	1357099	1382510	1103215	1269971	1454629	1262880	1072495	1195845	1261340	
0.4034	0.7652		42715	30287	29658	31688	31707	43028	32348	32192	33175	58886		1413592	1300732	1008951	1200381	1243001	1482056	1199707	1407131	1586859	1468147	
0.3101	0.3889		27543	27560	25963	28496	22680	33311	29365	31214	40704	35015		1201561	1267777	1395905	1175070	1183978	1322302	1087722	1266921	1540789	1357267	
0.8567	0.2285		43305	47138	34724	39106	61834	45146	33455	35892	48622	39526		1941457	1843329	1354319	1313872	1356027	1305936	1372281	1585393	1507966	1437163	
0.2866	0.5325		41905	47422	86733	25934	48681	52696	30973	33508	28096	25378		1902707	1769825	1743560	1499805	1409666	1787642	1341168	1495753	1380896	1281329	
0.4826	0.3657		35575	21114	31967	38328	34103	32219	28507	24657	31291	41697		1392236	1612085	1812518	1374434	1343890	1461267	1106774	1081330	1428416	1502389	
0.2991	0.9312		34622	55729	37207	31232	36294	47039	33369	48967	43447	45435		1264654	1248023	1221778	1178705	1134518	1250568	1310551	1463750	1368242	1420037	
0.3963	0.2214		23904	32773	22694	22128	32791	28807	29652	40070	41564	26597		1498994	1386055	1262878	1237915	1182351	1526714	1325489	1587978	1333034	1038447	
0.6481	0.1323		29878	41538	35548	28930	28083	79671	31317	38147	24674	30964		1407128	1366709	1847360	1305916	1640835	2436793	1448858	1504609	1163975	1453678	
0.5438	0.2739		34202	48974	39937	29243	28609	32998	30459	36534	38799	32541		1355502	1385146	1347970	1331391	1405815	1404985	1638295	1345503	1284792	1341661	
0.529	0.7725		48717	40999	51356	49979	33005	35651	48267	42063	32464	36966		1875285	1317360	1513921	1390835	1207137	1330383	1425691	1654460	1217084	1449658	
0.4094	0.2746		56398	26044	32380	31352	29015	29554	40383	34024	40734	42364		1764517	1366349	1210089	1308044	1361461	1294216	1363803	1657443	1438697	1568051	
0.7802	0.1153		37125	33685	38802	28827	28248	52619	28811	32153	40959	29759		1437179	1415086	1559099	1496462	1282939	1520677	1418437	1277369	1300765	1181202	
0.1741	0.6066		30506	23772	32234	32146	37680	32118	40370	33081	32677	29089		1349055	1130820	1534233	1631676	1631628	1367632	1750356	1538228	1591402	1462109	
0.1885	0.961		31015	31380	29179	39718	44168	30690	33210	37473	32325	39506		1481528	1259573	1266360	1270963	1502862	1687123	1238965	1217829	1371763	1356628	
0.4455	0.8137		40380	49494	43272	51327	48927	42612	35660	30511	47170	33020		1407667	1468197	1390274	1446400	1388368	1315698	1237047	1332216	1520772	1056592	
0.1999	0.6475		41775	27422	26860	29356	37888	25557	27919	26786	24321	30046		1540881	1171933	1024152	1110056	1452129	1293283	1172271	1141937	1363535	1220105	
0.3299	0.6075		28707	44645	38147	33912	32546	36447	28467	25375	39590	30172		1244495	1758526	1429489	1670385	1354092	1367149	1081894	1213765	1353774	1453163	
0.7189	0.1505		58561	28903	34620	24406	31807	42512	32143	40404	25293	41982		1590055	1253219	1282342	1069375	1151733	1374622	1515014	1329041	1243336	1550674	
0.5946	0.4692		37964	34446	26817	29811	34657	34535	41006	41976	27443	30755		1315835	1246099	1089114	1129442	1300572	1319944	1421401	1460500	1178914	1157031	
0.4347	0.8537		44485	40530	41551	36439	31601	46890	46952	43551	40725	38494		1625675	1263572	1499208	1485516	1302041	1430200	1572544	1361414	1604183	1550470	
0.4447	0.8819		36703	37053	31547	43534	46350	30479	31377	43838	36864	39626		1291894	1199899	1172057	1251715	1250953	1111794	1359925	1246329	1207821	1405972	
0.2937	0.1313		29590	24183	27563	27766	30248	23868	26205	25290	26413	34518		1256078	1430639	1262835	1421266	1301252	1168627	1100542	1293761	1215687	1182996	
0.9245	0.0688		46853	31305	45126	28950	30635	29143	44676	37225	31197	30593		1639372	1421518	1299813	1268878	1223528	1321683	1282407	1253093	1220391	1243631	
0.6182	0.6467		49835	35298	29995	32979	43654	31498	30940	38237	54470	42244		1350715	1304508	1080608	1215665	1206428	1062961	999413	1284132	1483956	1424789	
0.6753	0.3042		32730	51879	43197	36448	29062	32653	31174	34793	28537	38295		1405113	1345192	1437500	1295795	1359795	1353178	1260108	1211684	1223526	1552880	
0.9422	0.2933		36515	43664	29593	40942	33115	41788	36082	35471	34768	29840		1394827	1177038	992943	1301523	1561709	1460852	1425347	1236892	1407205	1113239	
0.7073	0.5518		32388	35924	45445	32927	46984	38637	35804	32775	39656	32868		1168468	1406356	1152980	1209863	1482872	1209481	1188932	1166130	1330428	1161180	
0.4935	0.485		33640	55284	42392	37748	36914	35917	39960	27937	28832	31273		1252110	1272142	1381187	1429521	1369873	1115801	1426125	1140910	1047008	1039944	
0.4837	0.8995		37126	45316	34804	38857	39636	34207	41970	46031	55175	43552		1319388	1150725	1321192	1204772	1398548	1354924	1544722	1421493	1337200	1393934	
0.195	0.2752		21029	29581	28741	31723	32835	26700	33691	36547	20775	32300		1427790	1501222	1527919	1339709	1351798	1274850	1417766	1596618	1076711	1233711	
0.862	0.0701		30260	36451	31476	36994	36231	30237	29063	36329	37062	36010		1509127	1533542	1376434	1518983	1424819	1273194	1182779	1424437	1412167	1423262	
0.6773	0.3291		30967	53574	33983	26754	42671	38399	31350	49012	50365	29457		1190247	1522036	1249053	1063759	1358348	1313274	1257826	1317802	1297048	1257313	
0.6738	0.6038		44443	46977	39212	41671	41151	37980	30972	38167	39034	50067		1648033	1539314	1497229	1394277	1401668	1287369	1273050	1378596	1424528	1721590	
0.1688	0.1464		18070	55378	24867	23162	35683	18242	20847	25093	33001	33220		1030667	1327177	1267895	1449105	1567294	1075837	1475547	1417809	1347079	1250461	
0.1553	0.8715		32398	36862	42896	34853	30490	38668	33617	44162	32993	30319		1262045	1353892	1611584	1273582	1335458	1523831	1507174	1497332	1416498	1177583	
0.9562	0.0734		33501	33907	30551	34688	29566	32632	41120	44827	42950	40547		1233034	1385694	1183358	1179656	1390037	1354865	1537072	1602818	1517422	1353046	
0.6807	0.0723		26360	40134	50376	29591	33805	43426	38455	30448	30009	26625		1146053	1223342	1461487	1148579	1507992	1559421	1515691	1289329	1329847	1219759	
0.3268	0.628		45146	54160	39323	30170	35212	30476	34578	43915	31929	26013		1572717	1394299	1309472	1175132	1159593	1288908	1425261	1435961	1306385	1179859	
0.9322	0.6127		40285	52879	36602	36499	43194	55701	41899	37770	42467	43676		1315267	1149784	1026988	1057158	1331294	1480271	1100597	1364929	1276862	1268127	
0.9716	0.4896		39373	44932	41269	48898	36770	35916	38838	52278	43472	43375		1381500	1248956	1573265	1401017	1098052	1133086	1202855	1446158	1273643	1359458	
0.9595	0.245		28801	34297	48504	31376	38953	28012	54387	46648	37986	34793		1386571	1332522	1303850	1250622	1370604	1206998	1329049	1539803	1321118	1404492	
0.3189	0.2274		31898	32579	26928	33561	27553	21207	30851	28888	24663	25898		1399053	1296482	1440058	1577475	1345623	1230419	1575342	1309106	1158757	1073393	
0.2865	0.8227		36792	44360	54621	43271	29833	37966	33460	28881	32547	89293		1443358	1637915	1714944	1459701	1131171	1252139	1156008	1311610	1176130	1088922	
0.7387	0.7434		51236	47845	42816	54134	47333	49456	49421	36454	61950	37383		1708739	1361277	1339561	1578458	1518914	1262603	1545062	1255987	1248937	1151427	
0.3218	0.1781		23698	35706	34354	31949	36529	31867	19239	29630	26787	28132		1160381	1435568	1354648	1261308	1663780	1245387	1081991	1659704	1321284	1295170	
0.84	0.5823		54329	39527	45000	48458	43359	42874	37482	41158	42441	33417		1503882	1253627	1285377	1239321	1297118	1269799	1146168	1239033	1259548	983930	
0.4731	0.4346		31531	28506	32018	65617	31380	28426	38443	36778	41558	26810		1486168	1265016	1325081	1687645	1292338	1258438	1405846	1658067	1650161	1172730	
0.3889	0.4614		26152	31644	37716	29666	30732	35590	29712	30470	48929	29720		1215101	1230891	1566929	1253440	1569211	1482045	1187157	1280082	1282094	1366889	
0.9697	0.4175		44669	42788	42284	37754	32261	35947	44216	35009	39046	34611		1533592	1331405	1551136	1360893	1149836	1453590	1325784	1169553	1291468	1189721	
0.3819	0.1594		28115	31298	33367	24500	28396	27188	30432	30551	27910	23272		1169095	1357552	1475702	1060064	1453065	1212045	1424013	1245488	1496964	1152645	
0.0973	0.938		23109	32598	28942	22728	29040	30980	27827	33805	22362	27977		1212064	1355675	1226827	1047372	1119769	1274670	1238534	1396211	1212433	1267751	
0.0751	0.2111		17091	21018	18601	26915	19906	20650	20301	14011	12896	22394		1000451	1445105	1124001	1316450	1107899	1087149	1457518	847535	1130291	1173371	
0.2891	0.375		27495	29883	24675	26888	34008	24242	30210	29621	32472	34713		1314002	1323420	1558654	1271608	1368021	1132628	1287415	1196976	1447221	1614064	
0.8615	0.4044		33965	33077	46667	41957	33410	46630	46677	35931	47095	32917		1245803	1070641	1259903	1242958	1161000	1219072	1578463	1224162	1169477	1248785	
0.2045	0.8754		32783	34120	36751	28784	22622	33064	29963	29081	35801	39197		1226479	1285204	1359491	1251155	1161808	1374709	1273755	1286232	1324128	1220455	
0.8016	0.9051		60456	69727	48514	56938	64561	64838	55731	40197	49895	41259		1483563	1670613	1288460	1465817	1454875	1221136	1185268	1190975	1272733	1438874	
0.0905	0.1304		24219	19337	21769	19201	25918	32196	28270	23210	30665	31518		1026698	1181451	1268124	1166119	1214740	1485945	1486078	1294120	1223051	1451269	
0.2136	0.1541		28586	24373	34042	23041	21492	27360	34103	18971	23276	31239		1248135	1341839	1167923	1270660	1130361	1318357	1391577	1199466	1371063	1438476	
0.629	0.5856		38847	38341	32739	36791	46920	37224	33357	33664	40153	32650		1347696	1527051	1214838	1492792	1302997	1202101	1106113	1143004	1202653	1165796	
0.5259	0.9231		38389	36988	33160	38870	35143	49352	37554	44426	51952	40507		1435773	1216221	1131681	1226698	1153939	1391871	1328625	1246797	1634051	1377402	
0.3997	0.5639		32655	39715	39624	28779	43157	28399	32113	33547	43613	40818		1213121	1622805	1263848	1265205	1633439	1448041	1287478	1203488	1268562	1286067	
0.2992	0.7416		24709	44049	32672	32317	40306	30560	41264	28900	29787	28569		1133294	1479411	1244637	1142426	1252674	1255178	1417825	1255357	1177662	1200437	
0.7559	0.8993		42583	38512	35766	41566	37649	50225	46824	54763	41121	42844		1456536	1425541	1222263	1191053	1135084	1385362	1240038	1384101	1260474	1305852	
0.799	0.9154		46803	57149	46036	58018	44720	50572	47653	38208	62843	49616		1376572	1657147	1420675	1402005	1203030	1347302	1239424	1390315	1320381	1368859	
0.3519	0.0752		38533	23564	26965	33858	30774	25899	27734	28364	30280	35025		1633215	1184980	1147806	1313291	1195533	1224252	1454919	1238420	1335641	1288153	
0.4176	0.3422		23018	28356	41387	27018	26943	22948	29398	37657	34544	30845		1242607	1475066	1426633	1286611	1160448	1149159	1379964	1444231	1337532	1617323	
0.9335	0.5397		42733	39649	56602	36326	48467	51405	59950	41371	55365	58234		1461634	1295486	1281377	1215460	1403457	1359265	1428254	1318403	1355363	1370307	
0.9213	0.2918		28574	35445	36081	39955	34734	46282	48665	38086	35706	46262		1305364	1246060	1295558	1324947	1285100	1542582	1421009	1520621	1244304	1596634	
0.5806	0.7112		41354	59998	35229	40049	48591	37039	41680	44941	43885	33707		1517539	1373372	1517332	1186214	1300495	1095151	1343505	1420478	1398013	1162049	
0.1509	0.9564		27721	41204	27945	28109	32453	31956	32200	33545	39781	29015		1229947	1541888	1295199	1093245	1272834	1334884	1304020	1294748	1439094	1245244	
0.9221	0.4619		42839	43899	42227	46339	42980	51317	48520	64148	42735	44202		1375035	1318516	1255842	1369181	1235332	1293586	1379798	1516662	1330028	1366734	
0.4555	0.1168		32071	30290	23823	23471	29507	23808	23818	30043	31218	24098		1621990	1286179	1178100	1238243	1260777	1279202	1273600	1286188	1189590	1076643	
0.4442	0.3203		30791	31969	30069	32899	40850	28079	32929	46214	35201	36987		1332332	1235916	1571155	1612777	1442939	1282473	1298974	1555736	1549095	1480663	
0.6543	0.2543		29792	29875	31080	31102	42066	34514	28700	32179	27777	24716		1264898	1403994	1114134	1339505	1280138	1312963	1146828	1285630	1094936	1067635	
0.9449	0.111		35046	35261	53297	62983	44935	30829	31423	37403	29674	26501		1303201	1240613	1369502	1538237	1711976	1186544	1161040	1317092	1224083	1153366	
0.7806	0.0953		38399	29897	24703	31690	40920	27917	35359	39093	28651	28504		1231563	1248929	1061534	1226046	1346676	1267331	1048234	1103583	1200699	1169093	
0.0614	0.7682		68549	35510	22503	22495	24247	23934	30551	32512	39865	26635		1411382	1594716	1109145	1117582	1246060	1207636	1292242	1275446	1624846	1456473	
0.0902	0.5603		34207	33360	26796	23751	25321	28275	25785	26255	29090	26397		1423734	1462291	1443933	1204850	1175865	1345519	1264180	1231383	1359562	1180588	
0.2019	0.1582		29043	38109	21871	21246	36566	31617	18486	24160	22030	19753		1644199	1609000	1202417	1259300	1500088	1466155	1131415	1275368	1168915	1041310	
0.4484	0.1075		31179	28608	30671	37052	25778	36041	31849	23033	22901	24184		1168597	1388783	1497726	1543464	1155980	1208623	1236069	1006124	1243801	1190832	
0.4989	0.2568		27087	25654	22045	32514	22057	37381	27471	25691	23407	33871		1226885	1226729	1169285	1058035	1083985	1232226	1290747	1285847	1200007	1297991	
0.8142	0.0677		27680	25423	44165	40360	38993	23862	39227	43159	26930	43218		1433740	1022568	1472944	1426299	1148793	1230654	1401263	1237886	1211564	1413809	
0.2469	0.3489		30679	33287	32457	26713	21228	20712	28574	29099	37244	24713		1439469	1416670	1507067	1248366	1003245	1151019	1343093	1367504	1709599	1264709	
0.0504	0.4336		31919	24874	34847	35046	24347	29044	33893	33177	33413	24462		1439150	1273627	1656841	1725776	1554340	1447261	1663166	1340498	1506843	1186348	
0.0505	0.5652		27873	18749	19367	32580	19350	32413	25602	20670	37633	25868		1389565	1215505	1240681	1556497	1149973	1575999	1458665	1418460	1609254	1396446	
0.0878	0.2945		22259	21039	22890	25832	28428	32007	26124	29005	35035	24578		1303241	1283692	1407417	1240540	1423214	1605581	1273550	1382764	1693723	1277887	
0.7239	0.4121		34235	33219	31267	33994	33588	34056	41589	38955	35804	37935		1578545	1493936	1235655	1379240	1370444	1300250	1473083	1247857	1250621	1212563	
0.9864	0.1646		51589	45462	35185	32594	27432	34598	30550	31528	30822	49837		1532708	1528504	1148056	1036010	1095479	1168577	1146909	1204627	1141537	1190412	
0.7316	0.9688		45297	60796	40270	39930	42590	46938	49230	54228	45002	39531		1676319	1334982	1196151	1225426	1291126	1387786	1098473	1209432	1365446	1301466	
0.4776	0.5296		27871	49136	28269	42577	31437	28847	34373	29487	38292	44509		1214330	1432642	1326491	1586228	1111799	1171283	1182933	1132471	1561095	1361006	
0.8395	0.0845		45264	43051	24568	28449	25711	31286	33363	28603	33607	27813		1494305	1498472	1170259	1315608	1281417	1343422	1408917	1416902	1331760	1216591	
0.5254	0.2755		33089	40675	22872	29806	29260	26629	29667	43550	38476	23673		1634595	1685434	1200580	1203369	1183422	1294793	1342730	1633417	1312124	1173700	
0.5085	0.5305		33449	47815	27486	39097	29549	42920	34346	28861	33282	45517		1481720	1551633	1259702	1362193	1063889	1171886	1213611	1189305	1206654	1550742	
0.6496	0.6538		53106	49917	40943	34011	34676	35739	30388	46849	38773	43752		1638587	1575054	1349117	1143478	1263533	1152642	1160195	1496125	1401868	1350167	
0.0513	0.908		23247	32617	35805	26135	33790	59728	41421	22887	35645	38243		1254466	1501697	1518714	1391822	1219341	1562988	1616721	1519205	1276954	1585244	
0.5357	0.4621		38673	45355	32310	36459	36917	38608	36081	36943	29116	30356		1545821	1483869	1309411	1404490	1280097	1232499	1477524	1455735	1207859	1195340	
0.4481	0.6119		36575	31061	33315	29251	26977	32613	38297	36687	43471	31198		1503543	1423794	1558110	1214926	1215148	1273581	1256207	1339308	1471585	1309616	
0.3842	0.6029		32173	43162	32407	45418	30337	32796	32934	37401	30919	32621		1154434	1380783	1374881	1549734	1322986	1269251	1422625	1684081	1524673	1323586	
0.3709	0.5255		36883	40712	39098	31250	42750	33865	41151	34884	26127	25154		1418512	1538424	1397705	1309816	1515604	1270394	1549979	1367090	1196309	1196081	
0.4622	0.4714		41169	38679	35898	30157	32450	29312	37205	29177	41657	29321		1521651	1362166	1267082	1143238	1238001	1105691	1224298	1249002	1572611	1329292	
0.7316	0.4489		34899	53806	35583	38115	33125	38315	40812	36489	39755	35269		1216399	1704428	1241269	1280341	1247600	1285763	1317788	1272569	1238773	1361651	
0.9891	0.5196		49537	36212	51582	35574	68297	39838	48248	43647	44611	51661		1327972	1288504	1527501	1203089	1474722	1513654	1303083	1398627	1413911	1463296	
0.8909	0.1292		33759	43890	33561	44191	49379	38175	40155	51216	49509	44053		1408626	1526871	1212840	1633246	1517366	1065096	1349507	1463161	1334395	1183264	
0.2533	0.2845		37890	26884	35742	34056	25058	26811	40116	25395	20658	25088		1743514	1332902	1543065	1326043	1503863	1400860	1541520	1279505	1311585	1537182	
0.2205	0.6132		33664	32728	32568	28329	25418	33648	41499	27055	24071	23310		1535656	1426236	1423428	1251327	1363258	1364093	1328297	1254730	1074375	1186063	
0.6807	0.1298		26982	31319	26718	30792	26928	26622	29755	35392	44177	36850		1178053	1227712	1130405	1115918	1121928	1190635	1289211	1195917	1316653	1307222	
0.4775	0.8755		32310	48003	36478	43292	33269	32713	47611	42348	39566	31117		1234532	1495566	1194414	1124591	1213889	1161040	1527530	1222390	1247322	1406499	
0.4428	0.9235		35180	35743	33809	40701	36740	37797	39194	54924	50254	37582		1383174	1213650	1233399	1226141	1588769	1332039	1196554	1642677	1651199	1550673	
0.2711	0.273		25862	20744	24770	28926	20386	23310	22895	31778	22018	36834		1400690	1327162	1485861	1225916	1134443	1288429	1138428	1159993	1374469	1330277	
0.3106	0.6176		29700	46491	41305	47352	37559	46774	24518	30513	28163	35319		1510943	1652060	1282132	1199334	1212608	1268295	1139037	1237510	1144543	1502276	
0.199	0.8353		32851	37814	37291	27740	42902	28365	43406	35798	42888	42066		1386890	1493534	1518183	1348765	1570571	1280048	1651809	1607028	1631128	1632611	
0.9334	0.1183		52950	45788	48416	42837	52555	37371	30573	37983	31956	41031		1480422	1545371	1484229	1787198	1679450	1374345	1298587	1272749	1160556	1176763	
0.9076	0.6963		47336	42091	42843	47178	44796	38629	38225	47242	55520	39323		1284903	1498638	1286007	1290297	1254640	1182296	1157722	1493835	1444287	1323285	
0.4269	0.9967		45456	45935	34680	36905	54561	42490	38318	38539	36370	30753		1358913	1325385	1172669	1337177	1512739	1487609	1241417	1364404	1279306	1224484	
0.3739	0.0934		29228	21058	29785	26678	36331	37969	23864	38066	37625	27975		1397030	1445522	1556034	1413905	1606498	1689708	1414892	1583028	1370751	1508388	
0.7993	0.6707		38262	36795	60688	42372	36384	47403	47719	31732	40897	51052		1525103	1159226	1411354	1198630	1145438	1337646	1183702	1122404	1180141	1496478	
0.7244	0.4848		39903	31583	31919	33446	48753	29594	32148	84094	31907	35207		1243597	1271334	1357120	1392073	1657684	1453767	1386426	1491036	1263217	1400549	
0.278	0.7426		24726	47138	47956	39557	28387	29369	35422	48500	34247	35232		1322808	1480207	1391722	1367292	1250465	1345361	1509840	1477652	1324329	1581468	
0.7197	0.5178		31124	54079	54377	38398	35812	35419	38193	42369	47255	31524		1432016	1460020	1625971	1492562	1343717	1450800	1379546	1424930	1263293	1054923	
0.5716	0.7214		31604	49294	30062	39819	33249	33542	39351	33339	34125	29510		1473150	1460019	1289194	1402263	1267972	1503112	1438978	1280262	1263689	1301629	
0.5716	0.5088		32099	43082	38200	32086	30472	44069	39517	44634	31470	29367		1291681	1274148	1404405	1263603	1129138	1421243	1274907	1466930	1110407	1122007	
0.3152	0.2378		23847	20777	28620	22670	28864	23590	40839	26274	22005	20080		1144362	1098468	1213366	1386862	1217311	1194819	1639506	1354777	1015683	1094936	
0.3333	0.1733		26547	28097	29888	25035	36255	26693	23590	29041	29810	24170		1472345	1398646	1348063	1220734	1594464	1584458	1312929	1255678	1231822	1300035	
0.8002	0.2757		30265	32917	33017	39318	47536	37623	38155	37799	33512	41543		1225817	1351852	1336139	1323982	1361783	1419799	1284480	1304500	1262119	1315703	
0.2151	0.4342		26431	32988	36154	29341	27632	25721	29264	27039	33986	39503		1437243	1570434	1540372	1427820	1228316	1428883	1659425	1242506	1358494	1534320	
0.8205	0.6982		46938	51299	50834	35501	38272	39730	38923	46210	43511	56052		1299131	1283303	1241948	1203959	1369159	1252282	1344325	1546969	1508143	1626045	
0.8248	0.3256		38217	29697	27496	31870	31610	33530	28426	33946	36816	46581		1253222	1081461	985048	1154221	1434173	1033603	926480	1255055	1239841	1583143	
0.1192	0.8549		27253	33123	43868	26884	28801	26796	42833	28976	28572	43124		1159085	1336723	1204624	1105970	1107882	1242281	1437098	1392951	1220260	1278850	
0.7151	0.6198		55916	49698	42294	43372	31120	37498	39248	36090	35423	44474		1584980	1704314	1378599	1376407	1228590	1272811	1247628	1221533	1124816	1196512	
0.1837	0.4062		35885	28819	35833	26198	23015	34477	23305	28614	36666	22047		1658758	1438143	1503542	1265032	1128962	1204316	1170417	1442213	1190765	1118822	
0.0939	0.3462		33324	20368	32424	29057	24306	20870	24316	20573	18864	22759		1258022	1336488	1360165	1317610	1291326	1363128	1257891	1210204	1132219	1295537	
0.7088	0.5856		46794	49957	36018	56079	37275	37626	50495	42108	37961	41907		1413151	1630478	1210715	1445572	1220654	1380778	1474366	1343907	1227231	1356324	
0.6876	0.414		47948	47140	31391	28483	34800	38078	42366	30177	37939	37475		1418872	1388705	1161630	1134220	1329589	1292596	1233783	1089061	1147512	1388237	
0.429	0.0534		35464	25769	32715	22423	22760	36148	25537	43093	38529	43272		1727282	1219324	1495135	1310522	1510600	1508640	1341528	1550589	1407223	1576649	
0.2352	0.3669		28502	30176	22568	32474	35850	29461	28836	30768	39170	30065		1329461	1287939	1246283	1359247	1462262	1309845	1395079	1436539	1562896	1346053	
0.4725	0.1555		31004	28832	27839	32664	48135	40233	37885	25627	37144	24681		1619710	1284270	1424328	1572616	1374435	1578085	1443655	1273178	1374691	1185932	
0.4303	0.0752		23718	24585	22597	33148	30581	20692	22943	24079	23498	36522		1355100	1250660	967181	1246742	1164385	1103045	1141962	1250425	1320570	1469165	
0.3881	0.9968		42243	48959	46279	33475	34703	35072	37794	35287	37844	42666		1610450	1550820	1383148	1291907	1385966	1298429	1546919	1273173	1539507	1397043	
0.4723	0.982		41865	39120	34668	48285	36609	48053	44652	39878	46971	50617		1315727	1304600	1013916	1266132	1162389	1106336	1351229	1266671	1155101	1299232	
0.3438	0.9548		33959	36084	32819	35594	35385	35798	38978	45721	34201	42347		1234307	1152133	1256479	1220149	1388063	1203439	1469442	1340306	1126653	1261920	
0.8189	0.3594		38355	31593	44757	33874	49872	39422	48478	37061	37433	30078		1577889	1255221	1412653	1352282	1564795	1335782	1653072	1226869	1238372	1257456	
0.7952	0.2646		38941	37514	37701	42194	38500	34806	35035	37604	59992	34341		1509591	1381217	1346791	1342385	1376166	1342737	1431693	1265491	1454151	1547865	
0.963	0.2617		45382	48233	48316	36381	28017	39645	47022	62684	37059	36711		1427530	1484969	1370306	1249198	1354221	1279231	1233960	1419091	1251041	1441778	
0.8683	0.1246		30324	31025	37141	28833	33519	34481	40647	30501	43186	36850		1351657	1438335	1354386	1486884	1290175	1372427	1573530	1106195	1244223	1275483	
0.1519	0.5804		34887	37265	24840	28342	27388	29047	36805	37441	30052	35883		1316120	1350023	1186046	1208619	1237788	1361344	1409379	1555780	1344859	1286390	
0.3415	0.4597		28873	41497	39195	25891	23711	32433	36164	34219	34111	34718		1238493	1618931	1470727	1208023	1039896	1342712	1498513	1324411	1290220	1262377	
0.6912	0.6749		38374	53649	36051	36003	51398	54286	44141	35862	42824	48771		1394105	1504551	1332737	1233697	1640836	1541811	1707796	1257170	1246335	1480818	
0.1615	0.0502		34470	34651	33807	18664	32465	29360	22438	34030	22563	19692		1511986	1478595	1539036	1171149	1373324	1415316	1313508	1591658	1159095	1079426	
0.2332	0.574		28921	26739	26119	26041	35103	25288	29664	26497	30109	27039		1204739	1266776	1241336	1282207	1656763	1157695	1179928	1219566	1198917	1164830	
0.9591	0.9212		50099	48177	57858	49666	45620	57511	74041	46603	44418	66679		1439129	1337029	1468095	1385062	1333879	1517453	1570986	1272031	1446203	1631174	
0.5641	0.107		29449	30109	37083	38502	27911	26055	29535	41347	28260	25686		1308846	1364763	1135406	1348098	1030968	1261883	1221080	1536322	1042910	1235696	
0.4302	0.4343		40878	39935	30867	33351	42511	30939	27456	41308	32206	27018		1435490	1382305	1498747	1681267	1761546	1490723	1189306	1458780	1591777	1504071	
0.2401	0.4467		20399	34291	37144	25247	28453	23389	35894	34787	38457	25996		1193473	1420165	1279371	1283593	1491229	1213181	1494121	1543237	1425646	1499410	
0.089	0.7541		38701	25494	30194	26569	31122	20236	27911	34479	20611	35313		1486358	1227126	1677856	1405171	1403007	1265321	1116155	1166278	1237076	1322742	
0.9854	0.3432		38850	46455	45629	37917	35587	38826	30858	41835	40601	34003		1459735	1453001	1366383	1198399	1116450	1297428	1370653	1528924	1433164	1303302	
0.3252	0.5851		37846	35910	33035	40501	42519	47298	28244	28802	26827	45060		1376434	1522117	1414346	1583454	1526549	1570658	1365604	1305654	1372125	1396547	
0.1097	0.799		28522	31625	29622	39027	22459	24729	29294	27338	36627	28668		1227307	1319760	1527201	1644895	1106006	1116488	1306427	1239888	1482552	1476963	
0.8926	0.5207		52068	49589	49250	38629	42348	50199	39084	48389	41061	46991		1715038	1503045	1314735	1220124	1477424	1478927	1412767	1409250	1392295	1311905	
0.6945	0.1388		36138	29133	42544	38570	29107	27532	30020	32457	31113	36827		1415703	1256075	1309217	1405501	1159597	1166119	1156841	1177764	1170624	1254221	
0.2023	0.5183		34236	37626	27487	24067	26865	23379	33794	30236	26266	26343		1305278	1308319	1204124	1220554	1428614	1085487	1289667	1252186	1156558	1172628	
0.2908	0.7657		49751	41511	29301	34673	24821	27762	25335	28734	29039	31568		1776255	1669853	1249680	1566082	1074627	1037693	1084564	1112920	1198021	1321511	
0.1234	0.5969		24178	20129	45786	22513	33949	32852	31795	35070	30868	27075		996571	1159050	1276588	1030673	1182910	1176124	1121470	1137198	1269749	1183818	
0.2879	0.5764		38991	40670	39112	26746	34187	28966	39548	31703	30756	39734		1411603	1279848	1499355	1106580	1332734	1209893	1608665	1459689	1245332	1314496	
0.5717	0.6219		45679	33993	37187	41369	33471	33287	42125	34808	36831	34583		1325289	1295233	1385607	1352859	1134878	1166395	1577236	1285682	1233241	1365741	
0.7171	0.7651		39782	38248	38483	52323	52460	50613	41783	37915	39341	52616		1260012	1525167	1547107	1436818	1598118	1470742	1329927	1336859	1490996	1605633	
0.8647	0.4346		39580	61181	45883	44060	37068	33343	36105	40979	41070	40292		1345480	1579279	1653705	1631610	1233058	1139154	1262880	1266740	1379317	1396661	
0.8496	0.5648		44378	35283	51819	51444	36628	49850	38842	38533	47533	39144		1364789	1176021	1247426	1340517	1131103	1288583	1467633	1180220	1180563	1303743	
0.6046	0.6329		40903	35504	38295	40737	33944	44473	49245	40743	60505	41096		1220941	1346826	1288190	1261344	1293383	1424338	1468393	1539970	1440184	1275922	
0.6783	0.0598		25825	27380	29302	25882	30016	28276	27422	27954	24563	26038		1396176	1209081	1412540	1162955	1573598	1195453	1194587	1281120	1096920	1302523	
0.7126	0.5441		39083	49066	34115	38442	40483	39206	32588	35064	38373	47323		1506023	1328765	1195504	1227239	1150461	1309947	1212126	1250172	1523598	1564798	
0.452	0.4504		26185	42299	26676	39080	40491	29934	36480	28010	38231	30453		1254848	1448963	1185476	1388270	1584810	1278782	1393357	1288350	1234475	1278896	
0.0767	0.742		32255	27212	43876	29184	26181	31693	24285	23896	38664	30963		1575621	1295997	1423957	1176185	1387980	1644609	1246336	1177600	1584709	1393435	
0.7943	0.5645		34975	43518	42090	49784	34526	40783	49862	43630	49124	49127		1288647	1285790	1150924	1121814	1142278	1286655	1308214	1199731	1504915	1477510	
0.9032	0.6865		40351	54635	45650	50833	52107	54880	45513	54216	39212	58410		1271489	1352114	1506825	1561989	1598216	1389407	1291579	1480950	1254563	1543461	
0.7707	0.9035		40894	48610	50416	73126	39309	62558	56203	44307	48787	42669		1314885	1472499	1519424	1601723	1134825	1198696	1640995	1357404	1362607	1211397	
0.4469	0.7971		48498	39714	47126	39283	39042	45977	46717	43602	30614	34075		1473953	1405063	1728958	1451669	1186896	1382552	1386780	1429368	1143108	1168655	
0.3754	0.891		35317	39065	29551	46940	46679	32784	28768	49500	38534	44375		1455432	1297165	1362958	1574658	1594264	1041256	1094946	1566617	1352367	1372258	
0.952	0.3264		33143	40977	33617	44441	36616	32756	49896	44350	54710	36214		1171913	1383383	1112029	1412138	1150666	1166087	1413881	1361857	1339063	1175846	
0.2329	0.6731		40065	30356	26509	25541	29732	29264	24974	28609	33639	26480		1581924	1302600	1263758	1240909	1440689	1306518	1425502	1591028	1403501	1259344	
0.3923	0.1974		29503	22328	30906	27241	26512	25122	21437	23411	38201	37817		1152335	1187769	1333078	1224583	1271712	1290331	1074535	1123772	1594685	1306651	
0.2841	0.4382		38109	33099	30295	24770	27506	24156	27323	30663	27237	25976		1680697	1247326	1335284	1422441	1314192	1258744	1262470	1250417	1260070	1305909	
0.6658	0.4713		31525	44993	47483	40400	27066	47887	30684	46421	40395	27424		1475493	1601871	1245592	1357606	1128899	1210844	1332422	1626764	1468193	1115896	
0.7374	0.6477		41317	47022	46510	39987	52790	50472	44418	35750	46071	44954		1241803	1402009	1237677	1294334	1297444	1253384	1396612	1192087	1381170	1360209	
0.7112	0.4907		35359	31198	34509	48215	40539	31565	32048	35849	36028	35386		1285238	1369358	1463562	1605722	1294891	1128131	1243821	1244821	1278961	1215632	
0.9818	0.5668		56745	34134	39575	56865	41889	43436	39436	43752	41611	38878		1580227	1146433	1096059	1446693	1130993	1460178	1226360	1420415	1239427	1250789	
0.5442	0.7826		29445	37798	46246	49080	42823	46282	35336	34517	49576	51085		1154402	1439999	1458383	1583738	1417137	1558018	1336021	1184600	1534236	1320742	
0.9886	0.5165		54115	49537	52752	44309	60781	34132	50011	36659	51004	51958		1407578	1267246	1418572	1266129	1558906	1309797	1253370	1186414	1253342	1677027	
0.9583	0.8921		59480	62491	43597	52598	52861	59056	47935	46554	41129	59882		1770330	1270885	1193813	1222921	1454962	1818170	1352564	1243975	1200625	1611483	
0.4613	0.4871		31735	34222	41689	41134	40716	33569	27023	41716	30254	42124		1252649	1485635	1439286	1579632	1584624	1456905	1175059	1323640	1322114	1444444	
0.7541	0.9074		57405	41286	45356	40030	58058	39700	48344	53914	36584	38839		1648430	1292870	1282624	1201546	1551035	1310112	1235844	1107997	1159606	1260590	
0.1526	0.9532		32225	46948	43940	41420	35361	42351	37773	30659	32655	41598		1430762	1308828	1608608	1407051	1429812	1243635	1596283	1218020	1505929	1362134	
0.7747	0.4306		33719	64485	37015	41104	47049	49039	48266	49776	28536	33377		1612274	1874673	1320440	1394417	1325713	1669132	1807349	1742549	1182668	1278687	
0.1293	0.2893		25056	26999	21825	28718	26718	26078	25297	35904	23372	31467		1359516	1191848	1292027	1310179	1370506	1501427	1391401	1536007	1305267	1371143	
0.1591	0.3531		26603	34547	23588	31792	25653	22249	31287	28132	34808	32866		1292908	1575240	1309943	1478753	1277256	1321624	1316251	1208276	1805708	1533621	
0.7233	0.5095		42675	39259	49383	34653	35203	40575	39843	38169	47852	32923		1449382	1492927	1458735	1465418	1285453	1334659	1489999	1393960	1605037	1212277	
0.8241	0.1438		33038	41163	43225	40450	38159	37308	39882	43705	40582	26953		1386670	1458617	1553292	1449435	1467212	1616811	1534088	1493905	1335070	1103718	
0.2657	0.4572		31093	41966	30930	25661	30737	26494	31758	24152	27667	23802		1140414	1230515	1132666	1119116	1251687	1129070	1221575	1168337	1142445	1080226	
0.2366	0.6984		30686	29414	29651	28766	27074	25066	39074	32491	33566	33770		1399626	1312942	1528928	1290675	1189245	1124628	1131345	1280368	1347853	1262452	
0.7368	0.2704		30127	47973	37107	29112	40662	28807	31866	34132	40081	41760		1222268	1475197	1363688	1193788	1229402	1213931	1262555	1215551	1427244	1495163	
0.2067	0.8821		32375	30771	41157	30795	36568	31731	39039	28016	40531	42389		1448049	1307745	1679365	1230786	1556549	1481540	1344126	1426739	1273383	1595156	
0.6226	0.9596		33486	55832	53044	40391	52000	54484	48862	51425	36561	51370		1234954	1272987	1503525	1181398	1174656	1221612	1268303	1527677	1266282	1377384	
0.1852	0.8558		31982	26610	28657	33260	39538	27173	29684	30630	39758	28324		1239219	1264161	1318419	1433957	1448765	1186298	1247222	1112485	1265895	1207152	
0.9684	0.268		33634	44826	35436	64651	32478	37654	41725	47955	41351	48311		1173442	1415233	1250735	1157306	1272310	1344864	1658106	1404320	1352169	1350271	
0.3691	0.5063		27258	31443	24524	36334	36091	30218	29462	35835	28530	28574		1157062	1366855	1354457	1411183	1508702	1368903	1219411	1465253	1148782	1282010	
0.9564	0.1828		43297	99155	51560	42883	38310	35967	46229	47449	49252	42030		1408061	1826791	1477213	1392431	1346836	1449585	1618149	1318561	1418492	1222662	
0.6065	0.4629		33097	30538	29729	44779	42043	43169	30919	37113	47445	32347		1394736	1237074	1587522	1734721	1636182	1527253	1236005	1516091	1579956	1343565	
0.7195	0.2506		42823	40155	31976	36055	42482	32483	38877	34903	45862	36633		1391715	1771280	1375177	1409183	1581238	1448779	1355160	1250451	1377349	1193127	
0.2132	0.0833		21375	27473	37055	30059	24242	30449	18071	34902	28569	25109		1381610	1301371	1526207	1455138	1350085	1285931	1202368	1768106	1697607	1340800	
0.6989	0.3263		36576	33496	31052	23275	26846	28112	38071	35749	33377	42485		1492226	1325519	1231110	987410	1086476	1035966	1364372	1275121	1497048	1332267	
0.6837	0.1617		42668	35619	31808	41267	31176	31121	27267	24797	30123	24127		1499106	1269565	1315868	1393487	1340650	1140425	1027924	1100651	1336016	1069558	
0.7255	0.6082		37209	59784	51260	35310	40049	33566	37943	41634	32401	33651		1425845	1548078	1676701	1334544	1338954	1105040	1351831	1498827	1210100	1188512	
0.3303	0.7071		32502	44036	48087	34740	32761	29452	40189	35865	33580	31257		1444987	1324295	1344189	1330180	1459495	1271689	1653562	1754792	1394965	1424560	
0.2052	0.4217		29875	37853	39105	35044	30878	29453	27372	35130	27332	34348		1196736	1476617	1218817	1534483	1320714	1267575	1220449	1398744	1216517	1503405	
0.6784	0.6287		33358	34149	38080	34927	34289	31348	31131	42004	36522	53353		1226884	1244494	1347617	1308349	1175469	1126367	1148159	1357471	1278564	1581433	
0.9063	0.979		46871	60119	52976	45283	56565	64169	56304	46040	46462	45791		1411418	1491860	1366464	1270865	1396496	1364247	1061022	1250593	1076623	1087518	
0.1469	0.5388		28341	47850	38415	37412	24743	31339	29013	21036	28902	37951		1635867	1571120	1489924	1322136	1265836	1255679	1220786	973743	1158310	1335541	
0.3476	0.0926		29444	22919	25915	29957	28733	23182	22315	25610	33076	40875		1120711	1231394	1332683	1262432	1453562	1129005	1138816	1273200	1395187	1555154	
0.0646	0.5747		27217	29723	23701	23925	24935	39848	39679	28739	28148	34755		1250574	1145393	1159600	1121741	1340345	1408334	1265770	1148091	1320711	1541039	
0.7006	0.1116		30407	41221	37605	27294	29662	27265	25321	30087	42477	42942		1223755	1266894	1283343	1242043	1195789	1158915	1214433	1268666	1343831	1545039	
0.5315	0.8123		47253	47272	48463	46013	35704	35567	29210	34859	36103	43123		1540328	1427032	1261481	1523743	1495298	1434026	1322419	1545157	1539016	1403679	
0.1392	0.3249		30097	22286	25670	22486	28356	35274	29760	19015	20022	18633		1779742	1260367	1311892	1237024	1618508	1619962	1156808	1017133	1011503	1185152	
0.0732	0.1575		23126	22685	21963	21039	24445	30461	30681	29625	36938	21156		1471042	1589707	1301687	1523083	1416726	1487898	1394388	1413840	1517660	1431559	
0.5877	0.3148		29432	40585	31819	33067	30172	24762	31320	45460	32095	43379		1146483	1270837	1246063	1331599	1305147	1217472	1379371	1456448	1572722	1475261	
0.9774	0.1233		56197	41470	47849	30129	30947	29740	28647	33701	42017	28140		1540417	1445151	1661688	1134420	1031472	1151916	976792	1203768	1315698	1041519	
0.1648	0.376		27754	22889	28910	24537	34615	25169	25293	19622	21123	32962		1495885	1197321	1514107	1279833	1493916	1190324	1214552	1370926	1273293	1794304	
0.8862	0.6755		47781	56732	49055	59788	49145	39165	37832	46070	41123	44385		1466395	1746303	1454546	1588383	1387105	1134062	1151671	1359916	1490191	1240256	
0.226	0.8401		37137	30795	36803	31542	44433	30716	44871	53183	31722	41175		1452651	1222713	1354683	1371453	1411405	1382772	1572628	1431460	1294573	1142644	
0.4027	0.9555		32876	53745	44403	42880	36822	33470	32667	33449	49895	55525		1109326	1369297	1365555	1427664	1268734	1154093	1121496	1190792	1512522	1420480	
0.2812	0.2187		26627	38431	19304	22911	24912	22090	28462	35026	23217	32746		1035496	1140985	997349	1107297	1106555	1069864	1166257	1435711	1082491	1341431	
0.585	0.8246		34900	32988	38596	55598	55127	40020	37921	30401	31861	32403		1298568	1393983	1263476	1677272	1424841	1478294	1175431	1045131	1077372	1202465	
0.8056	0.3454		33475	32379	31467	35474	35017	39303	36898	50341	31259	32192		1138952	1261117	1183152	1059749	1127987	1413501	1424400	1589222	1269993	1362224	
0.5522	0.6849		44107	37563	37546	28733	43918	38128	30385	30581	37753	35282		1308466	1495036	1476231	1192164	1476168	1165050	1430202	1249922	1299424	1477243	
0.84	0.1621		38054	52822	37734	32392	31209	32114	46519	34505	38665	29538		1126138	1422213	1359015	1368269	1227202	1372893	1322298	1241566	1310132	1241312	
0.9031	0.6136		34915	46391	37812	37391	37780	51730	37693	33835	55484	47321		1344010	1365175	1360294	1166544	1043539	1574463	1065483	1149550	1316892	1575807	
0.2218	0.7753		40597	33457	28031	40578	29625	33059	37156	41197	32644	35669		1460906	1406175	1376272	1515091	1281077	1255202	1346275	1664793	1472276	1352476	
0.4908	0.8077		36876	33415	41257	32349	48662	34469	37895	31206	29309	37799		1323837	1474250	1285293	1348817	1552670	1329562	1330044	1258227	1382966	1240755	
0.4875	0.8469		34622	34893	38955	35767	36788	43952	42467	39619	36880	32554		1128017	1288751	1406702	1154439	1313488	1419083	1114802	1320223	1281101	1158133	
0.9506	0.7499		39989	37608	60966	43455	47206	40781	48781	50728	39210	43017		1242134	1503154	1616855	1336175	1165572	1266861	1179193	1230114	1121597	1277631	
0.7005	0.0785		40260	41171	29697	26113	25939	35392	37196	34008	37577	29392		1497459	1449752	1327817	1085390	1256083	1243015	1293340	1334409	1400547	1317193	
0.8733	0.2407		30962	30702	38307	31810	38812	43310	34793	33521	35121	33620		1336235	1187067	1575635	1254271	1513415	1642580	1297886	1378034	1500470	1474964	
0.8922	0.3937		59712	38392	53209	44832	38995	41316	40724	34766	48610	38784		1522415	1409096	1477271	1195766	1192823	1115414	1104126	1157698	1335313	1216950	
0.4536	0.2838		40258	24694	38190	43420	29735	35489	42550	18579	18067	18932		1475466	1239003	1577197	1374319	1420182	1435137	1616927	877745	852322	1249560	
0.3405	0.3224		32424	21391	29041	50307	36109	27088	26443	33284	27942	42313		1309367	1194735	1304555	1277690	1268819	1277542	1287816	1409848	1336330	1412370	
0.4659	0.9222		51798	34829	56165	50823	54447	45449	34456	41777	57293	39660		1499648	1260442	1669052	1647271	1832998	1668772	1374927	1375064	1302358	1447275	
0.6336	0.984		38770	57304	47278	54351	46230	45669	54505	41678	62214	48260		1089638	1296099	1415694	1598431	1343768	1298535	1512176	1322060	1348289	1518486	
0.8038	0.2733		39696	34006	39751	46514	46780	37448	31424	30819	27925	26765		1412045	1299799	1393961	1388351	1340015	1313982	1251770	1236111	1028223	1003039	
0.1487	0.2074		23738	33195	18334	33570	20147	21262	27545	28491	31818	24800		1430318	1435545	1405723	1400584	1405162	1237751	1371679	1480735	1382504	1285629	
0.6219	0.5198		36751	37449	37676	38688	35426	54303	34489	44169	35688	40630		1548844	1433033	1275734	1397852	1443420	1291030	1343375	1398294	1592764	1225337	
0.1049	0.3792		21850	35739	18571	18641	32563	27619	27041	33939	29330	22909		1242774	1611550	1234116	1257135	1686934	1543343	1379276	1589631	1333475	1372151	
0.3441	0.5739		27838	34129	28758	28970	27621	36142	37822	29421	29872	27322		1524617	1452859	1274136	1241386	1320304	1345566	1412236	1074647	1189580	1203346	
0.1988	0.2524		26426	34776	23295	25859	27658	20316	22517	28984	29247	32873		1519443	1543857	1464263	1267941	1378876	1182323	1226301	1569661	1208191	1274704	
0.5726	0.6077		33296	45749	45475	37158	45958	45129	37822	35569	32287	32190		1427032	1459510	1521976	1567874	1641623	1531474	1219996	1190990	1061418	1228329	
0.3301	0.2721		25437	28478	28483	22039	25399	22234	24451	24776	22063	25640		1293275	1375761	1199496	1182976	1453922	1257959	1470942	1245962	1160747	1434266	
0.8481	0.2078		38248	37347	41289	37214	46191	34893	27484	31221	42457	33017		1322297	1380839	1498854	1599594	1661971	1273672	1158887	1341464	1315952	1216897	
0.9249	0.6085		51759	48030	40241	40006	52359	40735	56786	45799	54955	35426		1636470	1695519	1269138	1368224	1509178	1160797	1552708	1347953	1582368	1152185	
0.1932	0.4514		20816	34624	24758	33086	35262	29767	35165	31180	32058	35980		1082177	1420014	1194995	1220471	1192055	1236430	1532485	1716097	1504346	1382830	
0.3962	0.082		25664	29466	30329	27693	24497	23433	37467	35039	39578	24210		1309992	1316555	1460037	1369590	1275282	1244402	1624979	1422984	1673954	1557512	
0.7762	0.6096		44170	33784	41109	32527	52973	52640	39302	43251	39113	40111		1432616	1168691	1319761	1300118	1300413	1565092	1233829	1409692	1342113	1401458	
0.7593	0.1587		28329	29164	25824	24391	32114	32403	31711	31547	24346	32770		1179307	1327168	1221011	1163912	1538673	1357698	1437778	1207130	1121977	1262331	
0.0574	0.0597		26870	18851	19298	20169	16211	25680	22800	30580	24392	30725		1531203	1266212	1434285	1101441	1079976	1321540	1121700	1305631	1458821	1439973	
0.4025	0.2404		31334	33804	30724	32175	39101	27954	31236	25242	17875	30275		1364244	1613424	1296623	1291649	1347619	1400100	1292142	1251572	1114070	1237691	
0.2572	0.1534		24566	21856	27756	20013	40698	27891	23816	30667	31377	34745		1474327	1333485	1385593	1190454	1393529	1233515	1540381	1516491	1383076	1614370	
0.5699	0.3043		27050	30155	22495	35330	29805	33299	25046	32703	31694	25169		1533010	1210970	1157170	1300384	1195743	1198380	1083915	1363802	1404218	1149891	
0.2343	0.9549		34705	34797	32555	34876	31275	36943	32914	29792	29985	29021		1211067	1375173	1263386	1471939	1515417	1352143	1239035	1046353	1171553	1122493	
0.2375	0.9398		42476	39556	32285	43086	42797	33208	32176	34158	32863	30295		1571945	1141685	1173184	1558603	1591905	1387207	1320575	1168680	1136947	1306582	
0.4724	0.6348		42916	31605	35284	26382	29783	35010	35105	34777	42654	32710		1411132	1284827	1287159	1097854	1179802	1370472	1230439	1169739	1127090	1393440	
0.2807	0.0616		23108	31413	15062	25487	30059	21372	22017	18307	18587	28496		1421923	1430622	1073184	1532642	1523026	1331930	1039945	1127924	1127744	1282170	
0.5902	0.5358		42506	29904	37920	33783	32876	43281	44727	37620	34629	45381		1404557	1398460	1396458	1342969	1188139	1486533	1431298	1433131	1477906	1534608	
0.757	0.681		43032	39779	37626	43834	51202	33865	37438	35267	52432	35683		1443253	1495575	1203633	1326740	1444420	1150668	1313329	1045531	1346634	1143516	
0.7533	0.6323		38255	37511	34783	56692	48139	34233	50877	39112	39340	56486		1221981	1401782	1278523	1652469	1365378	1482401	1661267	1288970	1540165	1412201	
0.2143	0.8634		35833	24646	25050	34687	29003	31814	32025	28963	31933	47747		1501306	1241142	1134990	1415195	1121626	1275619	1413620	1189104	1328343	1320216	
0.5283	0.5353		36918	39262	40063	30479	33742	28835	29786	44177	29877	33321		1250706	1574668	1335320	1239510	1208796	1079004	1127704	1495060	1205878	1612906	
0.6761	0.4536		47764	41908	37457	30528	49132	39938	37812	33234	57464	31701		1445122	1252467	1289664	1480215	1691690	1442142	1477471	1132094	1326436	1221752	
0.8822	0.6538		45559	42259	43881	40187	43203	40598	39327	41999	36085	38336		1394486	1266257	1315662	1319004	1228992	1391337	1390706	1403961	1276793	1362491	
0.3031	0.5799		36154	30439	31533	42412	37748	34846	35330	26686	39275	33542		1623238	1291067	1362185	1494909	1525180	1564601	1448638	1180391	1587014	1417359	
0.2881	0.5685		28343	29182	26774	29144	28636	30713	27933	27365	26998	28789		1520566	1209216	1258645	1477217	1216721	1354789	1186325	1383851	1375131	1245732	
0.5004	0.2678		38900	32928	38940	32176	24319	23925	29660	37274	32573	28102		1590249	1270165	1400502	1338665	1000969	1088072	1465370	1304980	1257423	1146633	
0.7717	0.4447		48681	72872	32033	44893	34336	33972	36299	38162	52405	34103		1664299	1245333	1334126	1516867	1514715	1399773	1312703	1461177	1513220	1285424	
0.7013	0.4837		30173	55823	46998	48981	32393	31535	43650	32421	31243	48230		1202025	1743508	1609774	1491120	1235963	1057010	1125889	1388146	1178989	1539837	
0.136	0.4202		23575	23514	37173	25834	23546	34619	22351	19755	25006	29091		1346406	1325066	1426200	1315096	1360351	1241444	1048410	1077238	1223851	1287700	
0.8091	0.7621		42384	50448	37592	39801	55876	34588	41832	36440	53128	50798		1565927	1387980	1222304	1258447	1264252	1173571	1311605	1169983	1511425	1370874	
0.1163	0.6174		36597	33682	38746	31001	30981	33889	29518	28368	36614	37732		1503470	1523875	1293930	1469797	1517542	1535975	1387322	1304441	1475239	1358991	
0.4636	0.7087		33804	41254	39340	48062	38128	35095	31852	32363	44272	26726		1433936	1241767	1625489	1303992	1344476	1091539	1144346	1195887	1462824	978752	
0.9095	0.0815		32491	30415	44017	42009	37149	48748	33326	29851	26233	48065		1222828	1243744	1319157	1605935	1555901	1485958	1223869	1255352	1259930	1584690	
0.3934	0.3597		26501	41043	39881	33233	31286	29817	25865	44807	22381	23342		1369801	1634979	1520896	1324658	1165024	1194532	1242674	1383507	1168781	1032831	
0.9938	0.5071		47591	39167	65193	44425	51528	41875	40061	33220	39594	51382		1399305	1313023	1473625	1419783	1391756	1388234	1241793	1100031	1117105	1276979	
0.9767	0.1988		31393	30714	44728	36870	46793	32199	38271	43438	41357	32652		1303756	1524088	1433750	1418109	1437975	1209863	1208213	1615433	1437419	1583256	
0.3031	0.2583		37847	40695	36099	31850	23577	20091	23286	29009	33869	20138		1478506	1611221	1663013	1325482	1231319	1200860	1320151	1424744	1350087	1176272	
0.2695	0.7848		28284	30810	47362	29722	30491	27333	34635	30683	31530	34469		1273627	1247807	1268328	1162716	1184397	1193018	1248251	1335794	1287273	1470550	
0.977	0.7725		49926	48019	44223	57618	61759	56095	46546	58585	37658	42352		1358085	1324351	1249092	1506014	1732433	1416240	1365501	1213556	1412804	1225642	
0.1458	0.1663		17465	33698	34408	31815	34027	21390	30571	32777	21286	20854		1069401	1467431	1611706	1561291	1564840	1265413	1352472	1274632	1193739	1196231	
0.589	0.2121		34812	36326	26264	41519	35950	26467	30678	35738	50395	42036		1385137	1528545	1248037	1262655	1524777	1465569	1597285	1576302	1478352	1602509	
0.5444	0.7796		36805	35562	40373	38259	38740	42351	48689	55927	38557	37334		1489677	1497497	1404194	1280797	1552572	1272520	1399063	1548182	1389712	1296092	
0.7521	0.245		33172	39466	29514	29725	32225	28520	25507	29695	29695	25476		1556442	1275055	1155249	1129271	1202218	1194901	1112413	1043311	1259824	1062451	
0.4336	0.1558		24588	32129	27064	27166	39877	24035	29849	27942	26142	27819		1279067	1352044	1281123	1323251	1320644	1140224	1185088	1402718	1147916	1203802	
0.3473	0.2622		28288	35588	23906	39017	27405	39570	31049	25654	28161	26262		1392660	1541946	1149297	1653134	1264659	1475715	1342787	1413151	1307007	1286052	
0.5929	0.2035		26698	30203	41028	31140	28833	43635	39781	41953	33856	30981		1281177	1575293	1592812	1302187	1472092	1495496	1361764	1443358	1344419	1294674	
0.9781	0.0846		36750	37167	54313	51622	33624	47618	52990	37498	30838	24180		1577240	1681666	1777887	1465722	1391584	2123741	1804683	1332900	1290884	1216920	
0.0622	0.8895		35106	30487	29094	35375	31283	31829	29632	39068	40256	21453		1167713	1234396	1073208	1399934	1354797	1484687	1242206	1535358	1256426	1083886	
0.7504	0.2766		29587	38225	50176	35587	38509	34544	37607	38055	44636	43212		1206588	1499616	1688419	1265720	1378868	1352223	1295096	1233375	1413657	1583091	
0.709	0.8723		45597	48893	44582	35592	47154	72140	37905	44951	47744	46639		1472420	1456633	1401686	1134484	1353862	1398705	1123299	1318473	1451329	1476749	
0.675	0.746		54690	40059	45059	40747	52234	38944	47850	44304	38654	37161		1493542	1290779	1334910	1356872	1438012	1319648	1535446	1295381	1208600	1156876	
0.7625	0.982		44372	46440	44498	49705	41607	54835	40776	41138	42188	46627		1275956	1684133	1612883	1270980	1178455	1191275	1190927	1221781	1265591	1244931	
0.5632	0.168		25518	30054	25841	29783	40681	28265	29145	22770	39244	42249		1172071	1394862	1103494	1258107	1424086	1260974	1216995	1262713	1473582	1421649	
0.7837	0.4455		50064	42344	41364	28354	33181	38368	37062	49127	38786	33216		1537018	1606509	1344853	1181874	1391519	1573047	1351979	1641589	1333498	1218923	
0.2687	0.5539		40725	27054	28569	25948	28961	26775	39782	40033	26508	27914		1474842	1467066	1224051	1130328	1187999	1114865	1343354	1430963	1260648	1304692	
0.0832	0.6106		27587	42390	32464	22778	34764	25833	34474	25677	23026	22242		1138244	1174987	1390096	1157400	1358632	1436241	1374279	1244206	1187492	1144698	
0.8831	0.4406		54026	45682	50649	39873	54691	38115	39994	34624	39894	42373		1226316	1404492	1520685	1274228	1459004	1242738	1280378	1236673	1311374	1432655	
0.838	0.6131		37911	37222	109491	35938	42219	37080	51473	51638	51091	40534		1308221	1574244	1635800	1398479	1632870	1481852	1560992	1625929	1477672	1277209	
0.1676	0.9638		42339	28795	32388	25320	39729	28461	30671	44001	29613	32345		1450562	1302531	1596521	1245410	1259234	1349624	1393861	1428040	1253522	1366435	
0.9901	0.2437		32068	28884	34676	47691	45786	40786	58047	40697	49520	50739		1229443	1311934	1313053	1603656	1717187	1424359	1559481	1357889	1574969	1441836	
0.8124	0.9184		60250	57832	40682	50304	57419	59560	58917	46980	61075	43887		1463971	1445883	1094162	1435513	1484350	1337303	1682884	1518709	1249737	1091987	
0.5019	0.9655		50699	51109	45490	36892	36499	38492	46624	31704	32700	38008		1624066	1540152	1579848	1407205	1390294	1334478	1376821	1023823	1222842	1266602	
0.3541	0.0855		27454	24717	23232	36197	25030	34234	33191	22524	35938	23839		1361695	1279071	1234352	1126497	1268807	1374017	1192113	1299337	1530012	1335220	
0.0909	0.9577		24621	24443	30292	27857	34695	34224	32909	33939	40232	33272		904910	1235340	1334265	1244411	1471021	1361581	1378140	1170148	1461441	1157400	
0.2807	0.8813		25745	28790	32676	35897	31904	33369	46588	36463	43449	33447		1021602	1324198	1426441	1545083	1345104	1169722	1533899	1320995	1483483	1240501	
0.6781	0.6874		37284	53433	42530	37420	37994	37651	37871	48992	43607	41378		1306897	1448819	1368160	1337983	1275829	1195519	1203712	1543001	1584487	1544606	
0.6707	0.9757		46810	43301	35604	48685	47750	54161	36215	42162	40681	47141		1426924	1335470	1282276	1632234	1407390	1464063	1456209	1421896	1399228	1437874	
0.8319	0.8203		45373	44397	41119	56999	39280	39868	45083	35722	65728	42111		1493211	1744521	1403208	1597414	1224195	1270606	1536093	1237930	1537824	1292330	
0.1213	0.5813		27320	24328	33598	31454	27831	30175	25447	23010	23207	36806		1517677	1325357	1256475	1465591	1362040	1604249	1246050	1299618	1392564	1428669	
0.6164	0.3105		44151	28053	44203	41766	39758	33006	43179	26886	27442	29631		1586652	1216558	1391187	1310590	1572527	1435365	1209987	1277697	1079755	1371785	
0.4172	0.1891		29418	43912	27126	37028	30487	27214	29932	27289	40332	37902		1317328	1566831	1440706	1285498	1396090	1271878	1486568	1325103	1384336	1607144	
0.9375	0.2294		45342	38955	32504	38598	41543	43376	28357	45398	41414	41295		1538585	1344283	1302389	1209744	1607174	1203954	1172329	1196972	1302515	1346062	
0.9894	0.2889		29601	29508	46014	43957	33049	39253	42955	46153	41904	33330		1138936	1193793	1234795	1343326	1056778	1282454	1413554	1200720	1132417	1235255	
0.1803	0.1348		24244	29076	22475	33192	25334	25690	22610	32937	32884	26981		1369416	1339957	1150143	1489168	1303036	1210134	1180593	1596337	1430656	1200289	
0.8236	0.381		35475	48855	44195	35390	32571	50921	32775	45744	39103	36642		1131191	1323094	1324677	1352907	1139694	1477697	1214678	1560865	1415698	1165402	
0.8023	0.0965		28068	37365	23740	29614	28590	32520	39522	49758	41757	28367		1034635	1219497	1221383	1273113	1201300	1167177	1454762	1722442	1393516	1173925	
0.9057	0.0589		31973	28674	31742	31539	32953	28747	28565	38733	37221	44101		1223587	1226871	1276686	1183522	1096785	1134303	1076472	1219753	1273515	1229189	
0.2823	0.7635		31452	45262	34535	38757	41747	23772	40161	32642	43377	32794		1414110	1506769	1331300	1406187	1619713	1172165	1314623	1226984	1675960	1259028	
0.0626	0.566		34541	31845	23478	35384	35487	27212	24267	20655	28195	43337		1558214	1615791	1155054	1491213	1542730	1447647	1129499	1190487	1396782	1340046	
0.6976	0.6662		44251	34690	34178	34186	37613	50764	40426	38787	56466	50801		1399686	1209788	1126390	1125928	1355075	1358087	1267938	1231141	1290972	1422562	
0.9288	0.9908		47614	40233	41179	47520	59066	51029	50654	47769	54115	67274		1346769	998334	1138368	1404173	1665706	1473348	1263265	1295967	1472214	1682381	
0.1952	0.8135		24978	26657	29584	39006	41488	41638	42498	29495	34831	47077		1137850	1484489	1245930	1306943	1460104	1474906	1639441	1239086	1379257	1504774	
0.5647	0.8349		33420	55505	35111	52187	48439	38090	41387	42106	50384	35883		1524159	1355639	1191493	1529302	1408363	1212030	1330987	1307892	1422129	1260575	
0.4978	0.8913		37794	40487	35944	50047	54823	29643	36175	29922	48245	35855		1511658	1344118	1421875	1476314	1518376	1544557	1306692	1167958	1221156	1513785	
0.2338	0.8878		42031	39477	40849	39525	43380	25891	42309	34172	29576	47343		1602848	1398507	1496397	1425507	1554454	1183319	1599832	1232813	1407492	1555600	
0.0914	0.7285		35778	26698	21209	31664	26733	23795	25305	26731	27195	25532		1190416	1229615	1242065	1232595	1185005	1132786	1179368	1185202	1285036	1230257	
0.2421	0.665		27523	22825	31955	41073	41673	43484	29784	30952	46907	31213		1154747	1143451	1253770	1538643	1291327	1398804	1453214	1219716	1559495	1356130	
0.7603	0.1451		37781	31870	32385	34435	34499	33953	34249	34437	26340	43853		1189268	1281233	1315989	1242300	1184541	1247302	1328805	1256218	1196771	1522052	
0.8476	0.9287		50046	46664	53441	56326	53854	41585	38123	55182	45989	49929		1448025	1299243	1213129	1218223	1248001	1413173	1194136	1220996	1266193	1366730	
0.6143	0.9273		41992	40906	36937	55045	42862	52783	37785	45513	37726	42391		1336714	1283485	1303844	1425012	1518387	1409757	1215709	1462744	1151608	1205082	
0.2169	0.9054		28927	34426	35846	30428	31080	42277	41656	38547	39253	33214		1269769	1229795	1454007	1148133	1135007	1402118	1525767	1529742	1408587	1421989	
0.1695	0.2783		21034	20443	41482	22326	31879	24506	25916	29421	22602	23516		999969	1286271	1213259	1475254	1156337	1379642	1314672	1271749	1224265	1331714	
0.2867	0.5668		32627	32420	35813	30095	46114	29879	45797	31731	24217	39494		1499297	1418854	1493487	1404981	1434008	1435838	1476822	1360896	1107415	1589271	
0.6905	0.1471		42265	23689	27372	37920	30386	34274	28954	50052	38946	33045		1249075	1086674	1205682	1168091	1396832	1366563	1227163	1646477	2038869	1746368	
0.6259	0.2665		25867	28910	33981	31773	45598	25564	34749	45579	43563	24945		1294893	1276703	1501930	1235376	1402476	1217879	1460595	1457643	1660098	1158470	
0.1937	0.7751		54363	30808	40776	29817	26846	37342	25852	32982	27089	28145		1269442	1457755	1480546	1143830	1124098	1275596	1027651	1365157	1475513	1141477	
0.5684	0.6802		27921	28218	35863	35919	43659	31619	35600	38158	40447	39642		1312704	1149556	1243769	1376119	1703985	1392282	1318210	1453563	1498316	1333466	
0.084	0.0854		20805	32710	26358	15682	28338	25961	26812	16606	16607	16499		1180824	1507554	1277093	1334636	1479447	1229642	1099217	1010505	942363	1231872	
0.6436	0.9029		41710	47864	36871	37952	62197	61302	52746	50789	33649	42088		1445585	1439801	1240663	1395763	1488584	1455186	1317260	1361613	1242646	1174262	
0.1841	0.998		44060	32479	32747	45265	28964	32771	26521	26992	28018	43442		1215832	1355571	1227083	1308624	1219664	1092854	1186291	1048871	1239741	1639861	
0.7435	0.7283		48215	46310	35746	35410	37111	33977	58454	44714	43303	44758		1567926	1532032	1323442	1246209	1276025	1138063	1588979	1402960	1321609	1435380	
0.1547	0.8592		34365	32609	34814	34472	27461	24347	27666	34455	27050	31931		1560364	1259531	1305435	1428607	1185062	1155246	1248866	1451891	1391698	1347164	
0.5607	0.1135		33775	21382	25826	28935	27584	27559	28725	26522	31660	32132		1345932	1351194	1189662	1297993	1439880	1397877	1278761	1348651	1378398	1337930	
0.5643	0.1577		31380	28284	37093	36440	42073	25035	39202	36946	26295	25973		1265566	1247596	1343457	1571296	1488113	1239467	1478716	1333202	1197639	1192401	
0.4685	0.5097		27188	28035	45280	27633	35498	43135	29368	36025	36454	24687		1306949	1519985	1455527	1108759	1412786	1395717	1351579	1401681	1406662	1162418	
0.2149	0.3947		44388	43744	21337	29818	26336	23154	27208	23928	20214	28381		1628415	1520555	1036091	1157582	1301746	1147744	1187649	1016139	1015267	1194179	
0.9656	0.3215		46894	47169	37868	35220	30459	38560	59180	45334	51923	49748		1519046	1450502	1592417	1319722	1277860	1332519	1433732	1611868	1507677	1466925	
0.427	0.2254		43984	27662	25065	25358	25596	24940	24353	20835	25143	35661		1300778	1166255	1139395	1106798	1136641	1159603	1113955	998084	1228687	1440573	
0.6111	0.1258		26494	42894	44241	35425	35131	44457	23887	26322	30210	41222		986823	1266028	1481662	1087812	1252016	1376377	1090856	1084594	1437751	1348380	
0.9331	0.8961		46853	58365	45545	47546	46447	52958	48171	47653	50014	54185		1277218	1663936	1393212	1391482	1182449	1409375	1217736	1247073	1269940	1351537	
0.3646	0.3572		32945	25848	27416	26941	29296	39149	32390	25140	33393	23315		1513503	1208443	1230797	1194485	1296767	1643518	1316635	1254452	1490520	1347539	
0.7258	0.9811		55611	39188	47317	42638	42802	41810	40235	53360	45021	52486		1307265	1165421	1585649	1215919	1333833	1244922	1278876	1522949	1333619	1294480	
0.2605	0.0545		22960	17509	32896	27208	23635	22701	19393	24821	31779	21896		1267302	1361840	1524794	1425119	1259037	1212067	1334365	1163689	1203358	1348433	
0.9091	0.4199		48569	35331	39287	32178	51211	32634	44696	38941	40055	35534		1327798	1481553	1283935	1171082	1440076	1262591	1544784	1507050	1243692	1258480	
0.4655	0.7276		34799	45271	43947	38967	42261	33842	29841	38077	46520	34000		1252490	1304961	1494626	1233040	1479789	1290919	1210655	1376351	1328759	1451848	
0.1243	0.7719		26350	30247	33848	21236	26335	27384	25402	26927	27528	40177		1218372	1221468	1131046	1112960	1183697	1342589	1424520	1230470	1258171	1458638	
0.0813	0.2444		26056	26327	20145	21933	33372	29659	23436	20288	32104	19395		1445964	1531532	1365741	1567041	1632970	1373293	1227431	1216564	1568806	1225942	
0.518	0.5217		28510	38813	43508	39423	33081	38066	39622	32645	33606	36771		1189380	1341030	1316510	1450779	1277556	1484207	1416882	1361339	1263304	1356687	
0.485	0.529		42295	29157	30923	41282	32179	30021	27144	29131	33340	28332		1352129	1447525	1518295	1401031	1387603	1306954	1348836	1317928	1239748	1354244	
0.1255	0.2877		36695	35189	33855	30794	33937	20067	18497	34741	19441	36527		1390994	1547639	1563408	1398343	1675604	1293160	1344448	1558905	1701550	1755099	
0.3418	0.8109		42443	50550	41862	46237	29171	34770	37942	41367	39020	50395		1625868	1651781	1590206	1267221	1123433	1394831	1326609	1430760	1528246	1675083	
0.5186	0.2195		39453	31811	26383	26976	34754	37709	29590	32850	42004	32140		1704219	1306385	1169524	1217125	1303974	1388704	1449789	1450209	1306056	1220320	
0.488	0.1687		26416	29597	39733	29269	26423	29779	34578	27544	25806	28191		1397733	1402057	1478182	1183508	1031937	1109127	1467491	1145895	1128394	1101854	
0.4575	0.6628		36781	35545	29950	42148	38405	33390	50050	28047	51087	38753		1184284	1499549	1262769	1276309	1355282	1254768	1336988	1090661	1645257	1511923	
0.6602	0.3233		33481	61541	43647	36033	47173	37837	32746	29894	31901	31974		1409370	1380741	1665816	1469321	1290091	1774532	1281747	1203108	1311512	1603843	
0.545	0.5485		45589	43593	30779	36679	50247	29484	32665	31713	36087	42213		1541810	1459252	1221572	1312992	1471085	1178029	1380677	1353638	1249899	1437922	
0.747	0.0918		29712	41112	28921	30995	45616	27224	25691	34719	34903	27235		1516694	1443088	1266608	1132223	1562856	1225274	1216727	1509400	1320635	1259785	
0.8715	0.977		47160	38251	40197	59220	62212	58533	46751	51766	53380	69328		1458494	1220523	1174007	1648293	1727875	1606884	1169255	1259984	1333440	1583058	
0.5528	0.5306		28835	31945	35059	26214	34323	39932	32719	32502	25899	36669		1218969	1463353	1268388	1079629	1456014	1398144	1262686	1175466	1100746	1253055	
0.9451	0.8172		56194	63543	50690	37953	49395	41030	45243	58518	60845	48278		1309248	1442459	1444321	1151599	1178950	1277601	1209133	1225520	1449093	1227492	
0.1492	0.5143		21198	34615	32052	20545	31281	26472	24334	24652	25582	27488		1624008	1348064	1275421	1433122	1352533	1211155	1096639	1214685	1134164	1282830	
0.2544	0.547		32045	39439	28562	42988	30393	26608	26142	25803	28707	34619		1384133	1398469	1569164	1409200	1449943	1191762	1181090	1460939	1280121	1383975	
0.7724	0.457		48654	32131	38425	36233	35566	31852	36092	40919	44389	36155		1714644	1265705	1422416	1253819	1320848	1197823	1367761	1466491	1442584	1384344	
0.5234	0.9208		34138	32859	41504	51253	35919	39155	49128	44391	33054	34411		1306321	1149506	1263116	1456375	1321377	1309078	1220789	1345941	1184001	1185714	
0.1368	0.2659		31252	23123	30505	21602	28931	29430	30872	29269	34264	29275		1288234	1417048	1309156	1538897	1439597	1241072	1434144	1319792	1429858	1371717	
0.6758	0.0584		25524	48288	27404	28642	37356	23852	31465	40190	31455	39972		1169682	1284274	1278992	1315516	1373328	1229756	1463619	1569376	1280518	1461002	
0.5333	0.6835		37435	42278	47354	49914	38570	31028	36126	33071	40489	46632		1279177	1279280	1295409	1249654	1327594	1299835	1129011	1272087	1362006	1545770	
0.7489	0.8883		40939	42888	41820	38487	43787	53526	39357	42923	57238	42534		1323656	1194916	1256940	1477492	1528562	1645239	1246713	1271785	1600845	1344129	
0.2828	0.5485		26001	35616	29311	22085	27463	26270	22630	25770	29643	19533		1291741	1664690	1535746	1316502	1405184	1242242	1266143	1266368	1199891	1122590	
0.839	0.3609		49531	63770	42785	36225	40355	33336	41527	37624	47962	42054		1510343	1349909	1174048	1439868	1240220	1307526	1659306	1324513	1192995	1286715	
0.1904	0.256		22252	45809	22348	35521	23421	22002	22293	34767	23070	20743		1164146	1264825	1218082	1300541	1464018	1211697	1157861	1531526	1384547	1387343	
0.8322	0.902		58058	46895	58605	57049	52390	42201	43078	49205	56197	41417		1580566	1335386	1481669	1490676	1371310	1285871	1196764	1523944	1481064	1260757	
0.3287	0.6452		40453	34121	31037	34669	31494	32395	31201	34810	34747	39075		1488265	1334661	1407686	1277015	1417033	1594352	1287116	1384023	1395311	1214226	
0.8055	0.5016		36665	30061	33933	31956	36375	38881	33013	37498	33960	40727		1289665	1102664	1147134	1007351	1318581	1165719	1201843	1167242	1243047	1178196	
0.4866	0.1981		22726	27867	32560	27433	28744	26324	40158	29695	21373	24523		1344256	1223464	1326351	1291058	1245082	1268422	1551364	1400496	1172074	1298645	
0.9057	0.0912		29013	37113	35060	68969	34662	34895	32370	44507	45587	43565		1319753	1322083	1200019	1190417	1278178	1191322	1201110	1404489	1306139	1335786	
0.791	0.2812		43621	53977	34622	46739	26586	30683	46938	32609	31945	27335		1367858	1407976	1326737	1436725	1204090	1407741	1523668	1216351	1380616	1107938	
0.567	0.6609		44294	40185	33001	41520	47759	28537	34533	29213	35432	31269		1432007	1271009	1332477	1567856	1261751	1178188	1228387	1263473	1384871	1173873	
0.8198	0.6256		49812	48630	55107	53942	48988	48598	48464	40516	38554	37836		1614174	1419845	1684212	1699142	1369729	1341950	1299835	1255560	1126039	1227103	
0.6713	0.1882		24045	24398	41856	49549	28510	24143	29954	23672	28887	33896		1154921	1452984	1655922	1627740	1297845	1307825	1337453	1182241	1349925	1206193	
0.2151	0.2292		22079	21543	20024	27998	35000	23074	19198	26290	28198	34734		1199032	1101468	1340181	1342193	1385388	1208187	1317980	1384980	1410225	1346074	
0.7058	0.1223		43968	39650	29761	32066	37779	30326	35112	27749	23625	26712		1529576	1406299	1379753	1216785	1323241	1404650	1264144	1261380	1079378	1201694	
0.3993	0.5913		42257	35255	42238	29665	31518	31632	31788	27878	24787	29052		1462652	1282045	1472576	1166079	1162284	1376385	1198282	1038390	918529	1399201	
0.2451	0.8978		28854	34820	37853	37811	32874	34575	48104	39861	32964	48244		1167807	1161363	1110730	1194403	1255026	1341565	1471569	1497218	1335913	1384224	
0.4735	0.0801		23343	31049	32693	25376	17811	23194	21520	25361	27871	33654		1356712	1451871	1595586	1367404	1223328	1189732	1021755	1220013	1169244	1445061	
0.9345	0.0592		24955	31766	38030	31047	33813	43753	45192	37829	45192	41866		1317339	1612558	1514345	1262100	1573785	1427775	1190636	1555829	1426666	1450035	
0.7827	0.2442		43811	33187	31328	38948	36262	34227	30312	33772	40182	42873		1350167	1280234	1164734	1243199	1616687	1391025	1113431	1412544	1519880	1459120	
0.338	0.2565		30938	30218	23067	38727	27290	36666	23857	25917	36907	26358		1353961	1258151	1329310	1291534	1186469	1415814	1076226	1127847	1333428	1152171	
0.8219	0.8039		35993	38610	36926	50707	57832	43309	48628	49334	59082	48054		1072980	1184703	1381575	1478454	1373530	1239945	1647188	1341713	1331641	1435256	
0.6494	0.8863		37118	54250	40798	54690	43261	45720	38777	34678	44503	36101		1336923	1565908	1352626	1642832	1269440	1425856	1296965	1123085	1328602	1157404	
0.2097	0.2539		25195	32641	31853	22438	30621	19740	24525	32036	36540	34954		1424907	1629351	1341143	1154200	1342169	1220745	1349879	1302365	1575323	1388035	
0.1958	0.3475		40865	18628	25447	40295	27789	19819	37817	25461	33259	20442		1705002	1182623	1133826	1332766	1214270	993990	1655036	1491643	1239685	1188486	
0.814	0.6452		39721	36977	44689	38175	36396	33123	44489	43335	36527	51722		1301239	1200159	1365214	1192913	1204074	1182318	1490230	1241801	1171453	1415802	
0.465	0.4394		30051	28889	39010	29102	29173	27768	41430	42408	34606	29362		1291458	1209159	1222204	1449333	1451839	1280889	1455959	1415299	1316640	1381711	
0.3888	0.2915		25965	41658	38098	26960	28956	28232	28222	24730	25897	24314		1232446	1539037	1362970	1199417	1241891	1154807	1125947	1113924	1096280	1213217	
0.4755	0.6205		26163	32880	32860	41629	34594	43856	43758	44550	34924	42662		1367794	1259346	1313797	1460086	1389649	1663787	1609174	1679155	1555196	1732477	
0.6253	0.9363		38337	74694	46833	43583	49163	37024	44381	37075	40244	63634		1146024	1503951	1573671	1406153	1291120	1269130	1347454	1042502	1674599	1567859	
0.998	0.4511		39774	35845	41101	47801	53795	43673	40059	32854	50506	37832		1407411	1397334	1353538	1231892	1355609	1350449	1218815	1396767	1637612	1641004	
0.8261	0.7792		53004	39466	37156	38365	39367	49806	44788	49132	38320	39937		1393855	1196453	1129336	1159257	1147582	1173911	1283060	1158910	1117837	1134724	
0.41	0.7941		35734	42861	58923	32172	42058	39566	32102	33683	53957	46628		1428381	1626157	1425431	1471818	1392350	1298274	1323122	1322168	1345493	1270250	
0.4198	0.4264		36362	44624	27825	28967	31605	40793	26580	37801	34408	31664		1237259	1340695	1248988	1307451	1322589	1440912	1177807	1345050	1251261	1205735	
0.2317	0.4406		21901	20922	39769	24300	31438	33526	25610	29296	38791	29026		1077330	961513	1481702	1339071	1297837	1480534	1195892	1263376	1392768	1292471	
0.8702	0.9412		46438	46414	44876	71761	48372	60642	42519	39999	60454	58635		1257154	1587088	1263816	1490177	1366534	1389051	1147614	1151488	1289334	1495130	
0.1864	0.7937		29569	40531	25210	27674	27630	31216	28102	33258	36805	29535		1682842	1359956	1355432	1176102	1233344	1308675	1152120	1358910	1488974	1136193	
0.7595	0.7687		38799	33717	49330	41166	53067	55287	56726	41386	56710	55857		1242230	1070975	1537162	1235293	1315973	1595254	1439296	1417414	1579799	1436313	
0.2286	0.1297		21571	22922	18326	21500	23972	27291	19908	22998	22027	22170		1180143	1261520	1320892	1202082	1255964	1250322	1236954	1245270	1154285	1244813	
0.7156	0.828		38962	45356	45073	43969	35823	45487	41727	50851	52735	36070		1440893	1372017	1682881	1374736	1278447	1357121	1306176	1604330	1402339	1093163	
0.5821	0.28		33645	50534	41072	33831	27039	32484	25233	41447	29972	26564		1456142	1226513	1531439	1250923	1285832	1298209	1675607	1710681	1143714	1287423	
0.4286	0.9622		36441	28126	46891	41551	42198	36040	43602	32020	38891	40727		1235364	1208653	1427873	1473816	1580565	1251983	1494573	1044736	1230179	1760968	
0.2654	0.0982		32305	34362	25800	18028	22212	33944	33028	22772	28280	21058		1263402	1402944	1280436	1217736	1218921	1367839	1352013	1292572	1270493	1310176	
0.2813	0.9282		38452	38177	44330	41156	36179	33418	28787	37762	35313	31041		1456578	1621215	1615481	1466091	1356977	1562017	1391274	1345820	1317061	1231823	
0.2598	0.0668		21688	24261	21937	27411	19262	22330	25612	20803	28525	26690		1361365	1434575	1147066	1379713	1269180	1416151	1570642	1316385	1388141	1328587	
0.6622	0.1149		20262	32122	31071	42484	26657	26665	24525	35873	38827	24793		1648734	1407390	1254168	1774193	1322886	1082613	1108361	1581124	1494420	1223778	
0.8134	0.9798		68027	49308	70443	45287	43529	45611	59720	49966	40711	37504		1497176	1572650	1494327	1366709	1308000	1252844	1727823	1350289	1059883	1166788	
0.9298	0.3842		31124	48416	51153	38812	48890	37487	58891	43893	44044	59950		1298198	1344001	1637850	1378740	1463556	1280592	1604312	1500399	1471946	1565764	
0.6155	0.4531		30547	22386	33335	28121	41794	25858	35686	27926	29275	39501		1245102	1303522	1258004	1051658	1192284	1159594	1384794	1279747	1410543	1499886	
0.2084	0.7062		41677	39955	26715	25872	35691	28663	41445	26628	25837	45194		1482132	1514405	1250445	1331187	1159493	1375005	1345743	1127963	1264568	1163971	
0.2112	0.5416		39338	41820	31990	34029	31937	24408	37320	30869	36777	27989		1157604	1239582	1090934	1288754	1305054	1393306	1327351	1273855	1247866	1393422	
0.7246	0.3005		47263	33104	45352	32327	32034	37712	37702	35046	36358	33598		1653604	1386754	1438971	1462948	1331775	1462188	1425836	1335999	1347282	1364307	
0.6061	0.6911		35560	51177	29942	46565	47221	32286	32267	37168	42925	39399		1591859	1496094	1292992	1647244	1529397	1116791	1234282	1498117	1553883	1308547	
0.5349	0.4811		36067	34125	32606	46350	47129	41449	34270	29711	31615	27444		1469621	1324687	1326525	1235877	1407221	1220616	1503448	1253220	1486597	1163025	
0.8249	0.8541		41358	54236	59111	56693	48515	43875	58675	36043	35054	40244		1286797	1406207	1607207	1524538	1154178	1426567	1174438	1034745	1072382	1351075	
0.5755	0.9678		44342	41609	47370	31840	38441	39326	35636	52449	47065	47151		1156887	1543214	1480259	1158102	1218484	1128701	1468829	1508685	1372983	1411562	
0.8664	0.2087		34177	48217	36831	30619	35520	34257	38396	38500	38020	36209		1477590	1594131	1534854	1266563	1284792	1316956	1597714	1474568	1335182	1282539	
0.737	0.2299		28874	34703	33309	35594	42818	45984	25318	28533	27655	28570		1266556	1285386	1171602	1317954	1503620	1493851	1176415	1273417	1301368	1282213	
0.7618	0.7967		53689	40293	42389	34533	42593	39970	41189	38981	40148	45799		1666239	1267693	1202499	1058932	1239584	1206156	1209218	1532331	1439158	1374959	
0.301	0.2235		24214	23086	37910	19206	24336	35768	29209	31185	36081	35922		1359168	1160421	1545413	1196987	1267824	1574726	1321652	1275920	1471841	1453799	
