22	23	
0.3928	0.6726		34454	32586	25722	30073	30022	35813	32259	34364	28663	36648		1533076	1530509	1369030	1388400	1339147	1745137	1258934	1423836	1387569	1395416	
0.2572	0.2689		20542	17035	17832	21590	21696	21789	14685	28597	17006	14791		1434165	1179019	1314522	1338167	1212980	1332560	1017751	1349641	1056406	1110653	
0.624	0.0792		25015	20070	29264	19808	32542	19973	29642	16995	18186	21947		1290031	1308338	1466986	1229933	1517916	1381132	1431512	1283545	1117407	1366898	
0.7761	0.2986		32990	50003	24143	34708	24443	24044	28976	26272	20619	25990		1410058	1410203	1372097	1722283	1405343	1334753	1378350	1281074	1222992	1227886	
0.1667	0.6112		23095	20527	18336	31808	30027	22613	31689	23501	21206	30298		1423223	1384706	1276589	1608933	1584681	1509267	1679538	1318437	1343222	1639462	
0.6746	0.211		20038	32999	30288	28083	22727	26063	23463	34228	22503	22021		1236324	1370966	1384147	1312603	1243600	1474567	1294589	1607957	1207898	1290396	
0.3025	0.5767		24092	34581	28372	32354	36900	20882	29569	29204	32744	19290		1463915	1693551	1449923	1538380	1588419	1203219	1436459	1551093	1572320	1125148	
0.5505	0.1067		18284	13955	22461	17981	15837	18513	19247	20501	20722	19579		1025715	981458	1197574	1006778	979827	1043558	1150074	1184003	1103440	1108094	
0.5784	0.2511		32194	20337	21951	21181	32404	23462	37473	21237	23945	34465		1375815	1116685	1104778	1258597	1326663	1257394	1305730	1217071	1300129	1526727	
0.7471	0.5161		27517	29745	29584	29790	37591	32694	37373	27271	26567	31821		1380227	1159570	1192722	1239160	1418953	1287729	1368384	1273277	1237622	1376987	
0.7372	0.7079		39957	40631	40615	40486	47113	43192	48060	30877	41018	40921		1538640	1500307	1391326	1532881	1382852	1331947	1508098	1267466	1461092	1551824	
0.9912	0.471		31867	35096	40371	29365	25947	40341	26063	32995	30267	39197		1284716	1228466	1417724	1042891	1021999	1386707	1039339	1222140	1178890	1294796	
0.933	0.5649		34309	43382	33139	37619	30729	40504	33743	45806	31390	32531		1537494	1527758	1238763	1403123	1249655	1481114	1396757	1408936	1257656	1328119	
0.5782	0.4597		21606	34597	33726	23520	27227	21132	33649	27355	31510	22891		1408861	1487661	1480161	1119281	1337789	1059622	1251768	1298760	1428745	1340800	
0.5247	0.951		30816	42975	34472	39045	33401	27608	34802	32633	34445	35291		1172825	1489985	1295905	1501560	1499670	1001344	1329540	1212321	1282666	1234657	
0.3641	0.6259		25982	26616	24110	29114	31290	20252	27842	25804	27515	28017		1572642	1252963	1341823	1278628	1529205	1175780	1380629	1378501	1452988	1280951	
0.145	0.5222		31261	29063	18261	21315	19012	20248	20288	19721	21287	17396		1592699	1593513	1368556	1361463	1467895	1393794	1467570	1315438	1371535	1220347	
0.7332	0.4189		40805	30080	25202	26843	30299	25676	26319	37025	34653	24015		1421068	1234699	1106506	1180439	1319991	1289896	1153749	1475841	1504802	1056795	
0.5536	0.1741		21307	18447	20762	23290	34267	23248	21420	31700	30613	20655		1227905	1151843	1271591	1246264	1272912	1326977	1346595	1611657	1187727	1222618	
0.1473	0.3325		31152	17435	26767	20039	17909	29464	19074	14521	17893	27997		1669306	1338126	1511154	1362384	1447302	1478103	1283597	1321479	1380570	1506619	
0.3687	0.8		40437	30170	38144	27040	39277	29939	29375	28544	27559	24665		1699277	1343429	1521942	1218614	1373284	1301467	1289106	1298005	1170950	1086457	
0.2766	0.1989		20262	27918	28235	17935	18418	18582	28405	20267	20254	23181		1444836	1475901	1347860	1235523	1179999	1244583	1386382	1195236	1278978	1315868	
0.2052	0.9935		27638	30395	35217	29085	22847	26166	22796	36848	28542	26762		1220212	1270590	1570535	1368453	1187638	1126195	1214969	1353876	1302525	1288396	
0.6298	0.5993		28335	32116	39722	28006	29798	45971	26715	27639	47911	32759		1368134	1447885	1529857	1340088	1365637	1329870	1204881	1303858	1387535	1255074	
0.4043	0.9545		32956	42711	33320	37031	28954	26347	33011	43894	33240	41218		1505077	1530069	1281361	1765903	1191330	1076401	1237987	1219514	1148132	1480835	
0.7876	0.7021		35388	31248	83249	44884	37600	35791	121494	104302	45654	33633		1686585	1405331	2166333	1505240	1389539	1687508	1766446	2340638	1629677	1285272	
0.8456	0.4806		32393	29218	30996	38432	28079	25645	27611	28767	28949	78917		1450212	1252859	1345372	1571843	1217880	1088387	1226983	1161410	1577809	2008843	
0.9632	0.3778		53733	102949	55578	63845	40595	145064	29338	26761	120004	50239		2000551	2029084	2135702	2040048	2276354	2348513	1152771	1168165	2276820	1849542	
0.8636	0.5382		80963	30088	45269	27209	37057	40258	30120	28448	28516	40474		1848059	1466263	1390254	1395563	1508589	1456696	1372512	1361564	1289677	1463456	
0.1778	0.3823		27732	20086	17276	20983	23596	15826	22590	21407	21189	23493		1574879	1213972	1086098	1360759	1481064	1323508	1650511	1436826	1430651	1507554	
0.5719	0.9915		49181	31339	33399	36670	30324	33342	50700	47146	38386	33075		1441681	1317618	1283872	1433321	1063249	1290423	1225633	1211446	1267058	1189687	
0.312	0.0905		27161	30419	23935	18173	21375	25645	16406	25727	21117	17969		1622857	1615218	1279156	1279476	1460286	1456546	1426748	1663170	1269773	1381923	
0.5546	0.6149		67918	38498	29589	41340	46167	39144	37719	27346	29644	30455		1578767	1676972	1349588	1423390	1625292	1689303	1645174	1426749	1507784	1247505	
0.9733	0.4097		69218	39265	27831	35207	44679	31939	30387	26677	41880	34955		2126776	1571849	1121177	1442886	1618960	1529470	1537678	1331730	1558591	1488088	
0.5973	0.3291		25074	32298	23334	36697	29347	61459	22484	22438	21171	31649		1364980	1880741	2243332	2435938	1400833	2439309	1858646	1503621	1371533	1429283	
0.8962	0.2504		41852	28922	23568	25132	40588	22361	24418	74387	41218	50340		1743620	1649146	1235829	2019303	1636856	1647762	1458746	1587838	1482317	2618985	
0.3089	0.0561		15867	26411	17982	18085	22901	14424	13920	18398	24553	16388		1487118	1758868	1365081	1148673	1036024	1014002	1226603	1217447	1526497	1254923	
0.7605	0.887		37088	33821	37354	34208	32140	33552	36584	30836	44304	46647		1259225	1250955	1322749	1249534	994822	1207348	1230820	1302980	1492268	1346983	
0.8042	0.1687		32783	22771	29339	27669	24534	25993	29077	22365	37347	34297		1665559	1312134	1402958	1453637	1268801	1296437	1199008	1040584	1243466	1486101	
0.2264	0.8348		32748	38355	41565	20356	32184	63312	31923	26028	23497	27214		1533154	1295736	2307714	1663044	1654471	1968997	1799027	1333044	1185015	1201365	
0.3464	0.1942		25435	24975	20315	20620	29261	19413	17393	22230	16234	29181		1571675	1366771	1385897	1365022	1519594	1308217	1245408	1328861	1130120	1537414	
0.8561	0.6278		34905	32780	37949	36389	43348	44498	55589	31748	30802	31339		1315760	1310102	1374947	1449745	1734703	2064621	1715767	1568059	1220204	1521052	
0.6552	0.8298		36106	39352	35621	37731	30816	35816	46714	44986	30408	32884		1255886	1387913	1475574	1398833	1056714	1327334	1466874	1756056	1206776	1173320	
0.0587	0.1639		16664	21298	15764	16428	23958	25745	16805	20726	21023	19364		1278452	1859380	1519029	1282716	1743850	1572298	1509134	1481111	1532169	1191240	
0.2294	0.2485		53367	24028	16852	31047	27559	23883	16714	20325	17038	16416		1409874	1498271	1638383	1588360	1691869	1330306	1162483	1176831	1293354	1336490	
0.8406	0.4973		44322	38600	44332	28642	41176	28593	40983	26106	29156	35090		1750369	1498981	1706904	1203153	1393955	1357301	1815376	1156139	1328231	1503659	
0.5443	0.6826		24431	28022	35431	25720	47089	36992	32789	23866	28508	36897		1148770	1385537	1478412	1463417	1492844	1581014	1553024	1161323	1249524	1455840	
0.7075	0.8039		33692	43415	37451	37663	41655	30603	32632	42312	35969	33752		1283779	1449906	992675	1306428	1454035	1146816	1246033	1434843	1152779	1232355	
0.7134	0.255		22737	22798	30224	25282	23152	34435	34818	23757	23846	32588		1161307	1309739	1226703	1268772	1345976	1512051	1373917	1257346	1434359	1404070	
0.2842	0.8686		35902	53982	36210	27434	36307	36732	25650	37182	30893	29443		1498679	1396253	1450634	1445497	1578165	1415504	1111896	1140282	1192537	1180494	
0.824	0.5682		30769	35124	39190	39306	42096	37930	32523	27105	117248	32999		1437264	1334808	1613285	1524782	1867609	1583174	1305368	1160028	1450212	1543913	
0.7273	0.7782		45861	33558	42072	31456	33382	32560	31690	29597	33596	31888		1452547	1357099	1382510	1103215	1269971	1454629	1262880	1072495	1195845	1261340	
0.5363	0.9081		42260	29003	28883	34164	36391	34944	34934	32153	32387	46103		1413592	1300732	1008951	1200381	1243001	1482056	1199707	1407131	1586859	1468147	
0.4546	0.6562		26060	26703	26808	26853	24865	36906	26274	37186	37128	26255		1201561	1267777	1395905	1175070	1183978	1322302	1087722	1266921	1540789	1357267	
0.5934	0.6742		43262	41739	32918	31224	30607	31228	31744	37409	36152	30393		1941457	1843329	1354319	1313872	1356027	1305936	1372281	1585393	1507966	1437163	
0.1362	0.3018		27561	27044	27214	26362	27453	30974	15728	23367	46211	23552		1902707	1769825	1743560	1499805	1409666	1787642	1341168	1495753	1380896	1281329	
0.5914	0.8081		38684	48639	43044	32535	32783	31378	29355	27412	40684	40667		1392236	1612085	1812518	1374434	1343890	1461267	1106774	1081330	1428416	1502389	
0.5792	0.2502		28527	21224	27127	29136	21792	28976	22915	31947	26014	35203		1264654	1248023	1221778	1178705	1134518	1250568	1310551	1463750	1368242	1420037	
0.9765	0.9175		76204	44818	45273	35875	36271	43393	47233	51151	44855	35224		1498994	1386055	1262878	1237915	1182351	1526714	1325489	1587978	1333034	1038447	
0.3315	0.741		20963	24263	33274	30226	38263	60344	33936	27386	23219	37527		1407128	1366709	1847360	1305916	1640835	2436793	1448858	1504609	1163975	1453678	
0.2061	0.7827		20691	25375	25907	23658	23344	25768	26359	26013	24713	28092		1355502	1385146	1347970	1331391	1405815	1404985	1638295	1345503	1284792	1341661	
0.2732	0.2914		30794	20334	23494	18092	18648	24853	28406	28932	18372	18890		1875285	1317360	1513921	1390835	1207137	1330383	1425691	1654460	1217084	1449658	
0.2565	0.4004		33649	18845	21850	24993	22157	21740	29244	29996	18860	30817		1764517	1366349	1210089	1308044	1361461	1294216	1363803	1657443	1438697	1568051	
0.3136	0.2424		17998	24119	23774	24291	17842	28295	19037	18333	20015	17814		1437179	1415086	1559099	1496462	1282939	1520677	1418437	1277369	1300765	1181202	
0.84	0.2956		29739	47524	34326	30102	35958	29418	35568	35648	33278	50224		1349055	1130820	1534233	1631676	1631628	1367632	1750356	1538228	1591402	1462109	
0.1082	0.3036		28787	21776	22860	16296	26980	26572	15709	17613	19397	24088		1481528	1259573	1266360	1270963	1502862	1687123	1238965	1217829	1371763	1356628	
0.0788	0.4014		22841	23404	25295	24275	22543	23089	17480	16839	28851	14747		1407667	1468197	1390274	1446400	1388368	1315698	1237047	1332216	1520772	1056592	
0.6938	0.1167		32316	21691	23737	21468	32951	32665	22561	22218	28174	27471		1540881	1171933	1024152	1110056	1452129	1293283	1172271	1141937	1363535	1220105	
0.1918	0.353		17813	27409	30629	28574	26239	23456	19167	16220	18153	25480		1244495	1758526	1429489	1670385	1354092	1367149	1081894	1213765	1353774	1453163	
0.6601	0.742		43056	35808	35194	26955	30524	34950	40312	30531	29517	45255		1590055	1253219	1282342	1069375	1151733	1374622	1515014	1329041	1243336	1550674	
0.6315	0.6804		31834	29535	25938	28903	26227	30356	47280	41894	29083	30194		1315835	1246099	1089114	1129442	1300572	1319944	1421401	1460500	1178914	1157031	
0.5935	0.4096		34905	23233	32006	34810	24690	33623	34999	25869	36502	27314		1625675	1263572	1499208	1485516	1302041	1430200	1572544	1361414	1604183	1550470	
0.2307	0.1902		18609	20171	16241	25962	22072	17833	31075	17583	19018	27445		1291894	1199899	1172057	1251715	1250953	1111794	1359925	1246329	1207821	1405972	
0.933	0.1335		26794	26883	33236	25418	30943	23672	21860	33006	29492	21201		1256078	1430639	1262835	1421266	1301252	1168627	1100542	1293761	1215687	1182996	
0.6247	0.6654		59372	42202	34592	47419	25243	38640	33106	31609	30029	27462		1639372	1421518	1299813	1268878	1223528	1321683	1282407	1253093	1220391	1243631	
0.526	0.2922		21653	30848	19451	20703	21731	19313	19185	21882	31483	25340		1350715	1304508	1080608	1215665	1206428	1062961	999413	1284132	1483956	1424789	
0.4715	0.3606		22662	27377	30714	33836	23884	31448	24764	21617	20991	33049		1405113	1345192	1437500	1295795	1359795	1353178	1260108	1211684	1223526	1552880	
0.8612	0.1931		27814	24782	21746	26142	26528	26450	37395	25034	35970	21753		1394827	1177038	992943	1301523	1561709	1460852	1425347	1236892	1407205	1113239	
0.9927	0.9471		38132	88114	38551	38636	50696	39752	41510	38177	50145	45452		1168468	1406356	1152980	1209863	1482872	1209481	1188932	1166130	1330428	1161180	
0.0941	0.3979		17429	13728	22494	25649	22491	22404	24466	19161	16730	16471		1252110	1272142	1381187	1429521	1369873	1115801	1426125	1140910	1047008	1039944	
0.7021	0.1408		26049	21428	21118	21272	33700	23385	32533	20608	28003	32988		1319388	1150725	1321192	1204772	1398548	1354924	1544722	1421493	1337200	1393934	
0.495	0.1992		24245	28782	35526	25218	21659	18601	25291	33771	24784	35573		1427790	1501222	1527919	1339709	1351798	1274850	1417766	1596618	1076711	1233711	
0.4913	0.9559		39909	34964	33004	45029	31187	34951	34206	29269	35719	39864		1509127	1533542	1376434	1518983	1424819	1273194	1182779	1424437	1412167	1423262	
0.2432	0.2646		16469	26090	28307	14741	26574	24614	18683	17543	19099	17026		1190247	1522036	1249053	1063759	1358348	1313274	1257826	1317802	1297048	1257313	
0.9767	0.7106		37304	42571	45910	37737	39080	37670	33375	40561	51544	55127		1648033	1539314	1497229	1394277	1401668	1287369	1273050	1378596	1424528	1721590	
0.7273	0.5315		26848	30769	32486	38031	38659	24005	37323	36518	39299	27228		1030667	1327177	1267895	1449105	1567294	1075837	1475547	1417809	1347079	1250461	
0.872	0.7904		35470	45426	46297	35081	40619	38967	45491	46283	46140	34632		1262045	1353892	1611584	1273582	1335458	1523831	1507174	1497332	1416498	1177583	
0.5735	0.2368		23678	29564	21084	23515	28493	22526	30307	32512	30146	30104		1233034	1385694	1183358	1179656	1390037	1354865	1537072	1602818	1517422	1353046	
0.2449	0.1109		15108	16450	24964	20635	28640	29210	26572	16271	18393	17711		1146053	1223342	1461487	1148579	1507992	1559421	1515691	1289329	1329847	1219759	
0.7258	0.3161		36097	29556	27530	38438	24010	27266	35174	34187	26017	24229		1572717	1394299	1309472	1175132	1159593	1288908	1425261	1435961	1306385	1179859	
0.5554	0.1277		20432	16770	17144	17370	20116	28210	17453	24217	19878	19906		1315267	1149784	1026988	1057158	1331294	1480271	1100597	1364929	1276862	1268127	
0.3341	0.4212		18885	23515	31415	32607	19128	19752	30591	31355	20359	34360		1381500	1248956	1573265	1401017	1098052	1133086	1202855	1446158	1273643	1359458	
0.742	0.2331		34280	22972	22692	24378	24442	23874	26327	35940	29870	34643		1386571	1332522	1303850	1250622	1370604	1206998	1329049	1539803	1321118	1404492	
0.7165	0.5941		33595	41680	35585	39648	33939	27927	37188	31032	25238	24708		1399053	1296482	1440058	1577475	1345623	1230419	1575342	1309106	1158757	1073393	
0.4915	0.5357		23867	34836	44696	37195	23139	26295	24518	20899	26476	20740		1443358	1637915	1714944	1459701	1131171	1252139	1156008	1311610	1176130	1088922	
0.3026	0.928		36815	35076	28592	36905	34295	26334	43163	26411	30071	39562		1708739	1361277	1339561	1578458	1518914	1262603	1545062	1255987	1248937	1151427	
0.4096	0.4846		23381	30322	30130	31689	31042	21344	19207	31452	21689	23258		1160381	1435568	1354648	1261308	1663780	1245387	1081991	1659704	1321284	1295170	
0.5599	0.4631		37932	24469	24432	20952	27133	24935	23040	26127	26775	21061		1503882	1253627	1285377	1239321	1297118	1269799	1146168	1239033	1259548	983930	
0.7065	0.3849		35104	44650	31887	36098	27309	34160	33730	31446	35350	23877		1486168	1265016	1325081	1687645	1292338	1258438	1405846	1658067	1650161	1172730	
0.4492	0.4371		21130	24509	24924	24037	37995	41263	22625	30409	24474	22270		1215101	1230891	1566929	1253440	1569211	1482045	1187157	1280082	1282094	1366889	
0.8863	0.9071		43290	39223	53810	39605	35962	49466	38169	37021	36109	36407		1533592	1331405	1551136	1360893	1149836	1453590	1325784	1169553	1291468	1189721	
0.5429	0.48		24419	28440	33164	20198	40000	25203	39125	23621	39578	20681		1169095	1357552	1475702	1060064	1453065	1212045	1424013	1245488	1496964	1152645	
0.5943	0.264		18527	28347	23743	17913	23688	24623	22338	26702	22281	29390		1212064	1355675	1226827	1047372	1119769	1274670	1238534	1396211	1212433	1267751	
0.301	0.1075		14221	22283	14241	18820	16360	16360	18674	11920	22542	19501		1000451	1445105	1124001	1316450	1107899	1087149	1457518	847535	1130291	1173371	
0.6161	0.3747		25287	25701	33296	23407	31726	23188	25598	23547	33119	39810		1314002	1323420	1558654	1271608	1368021	1132628	1287415	1196976	1447221	1614064	
0.754	0.3256		24323	23490	25690	26485	23645	24082	32633	30427	25004	27744		1245803	1070641	1259903	1242958	1161000	1219072	1578463	1224162	1169477	1248785	
0.2209	0.1647		17083	20498	22848	18467	11756	18906	19559	20315	23098	15019		1226479	1285204	1359491	1251155	1161808	1374709	1273755	1286232	1324128	1220455	
0.4475	0.6925		36787	37012	28786	36883	35592	25639	38311	25158	27883	27639		1483563	1670613	1288460	1465817	1454875	1221136	1185268	1190975	1272733	1438874	
0.596	0.4442		23709	24195	28253	26056	31422	34511	34034	31481	26184	34273		1026698	1181451	1268124	1166119	1214740	1485945	1486078	1294120	1223051	1451269	
0.2775	0.2981		21463	16946	27695	25541	18095	21083	22858	15921	21686	23875		1248135	1341839	1167923	1270660	1130361	1318357	1391577	1199466	1371063	1438476	
0.3266	0.2923		20567	27680	19818	22154	17684	18942	18822	18875	20846	61709		1347696	1527051	1214838	1492792	1302997	1202101	1106113	1143004	1202653	1165796	
0.1916	0.4539		28477	19746	18755	19057	19145	24853	20055	18963	29723	22183		1435773	1216221	1131681	1226698	1153939	1391871	1328625	1246797	1634051	1377402	
0.5402	0.4411		24148	34971	23963	25098	35335	31722	26731	21611	25849	24658		1213121	1622805	1263848	1265205	1633439	1448041	1287478	1203488	1268562	1286067	
0.4865	0.5575		23937	33547	21075	25138	25776	30872	34021	34002	23696	24116		1133294	1479411	1244637	1142426	1252674	1255178	1417825	1255357	1177662	1200437	
0.9054	0.6094		33501	30691	29192	32925	30525	38393	31057	34333	33958	38071		1456536	1425541	1222263	1191053	1135084	1385362	1240038	1384101	1260474	1305852	
0.6031	0.1475		19386	40368	27358	30291	21045	24756	22478	19258	23190	18065		1376572	1657147	1420675	1402005	1203030	1347302	1239424	1390315	1320381	1368859	
0.2546	0.4015		29425	19671	17594	33769	19694	21911	23946	21715	30565	20220		1633215	1184980	1147806	1313291	1195533	1224252	1454919	1238420	1335641	1288153	
0.2049	0.9772		22792	25477	33442	25075	24344	24599	35168	27266	27749	32223		1242607	1475066	1426633	1286611	1160448	1149159	1379964	1444231	1337532	1617323	
0.6567	0.7951		34053	47539	33080	32521	36947	33276	40962	31998	40790	31279		1461634	1295486	1281377	1215460	1403457	1359265	1428254	1318403	1355363	1370307	
0.8018	0.2423		26978	25897	26548	26222	23537	36445	31802	39474	23331	37650		1305364	1246060	1295558	1324947	1285100	1542582	1421009	1520621	1244304	1596634	
0.8924	0.3316		40803	37661	45806	26808	36665	26637	32239	41864	31754	26396		1517539	1373372	1517332	1186214	1300495	1095151	1343505	1420478	1398013	1162049	
0.9644	0.6592		30078	45279	33922	31172	34503	39173	35144	33194	43542	37027		1229947	1541888	1295199	1093245	1272834	1334884	1304020	1294748	1439094	1245244	
0.7368	0.2287		28972	24813	25109	35572	24159	32852	25309	35154	24162	30496		1375035	1318516	1255842	1369181	1235332	1293586	1379798	1516662	1330028	1366734	
0.6782	0.1714		29300	21609	21976	24356	28985	27750	22566	23015	21521	21898		1621990	1286179	1178100	1238243	1260777	1279202	1273600	1286188	1189590	1076643	
0.2377	0.7191		25246	31652	33101	37406	31745	26792	26421	38117	23250	31299		1332332	1235916	1571155	1612777	1442939	1282473	1298974	1555736	1549095	1480663	
0.1623	0.8478		31936	32349	21069	27524	23629	24785	22890	35695	24156	20923		1264898	1403994	1114134	1339505	1280138	1312963	1146828	1285630	1094936	1067635	
0.8849	0.9506		38369	38236	49103	42636	48512	37849	36641	36274	48965	34126		1303201	1240613	1369502	1538237	1711976	1186544	1161040	1317092	1224083	1153366	
0.6159	0.0976		22492	26849	17007	22769	28105	27106	19120	17112	25007	22706		1231563	1248929	1061534	1226046	1346676	1267331	1048234	1103583	1200699	1169093	
0.5082	0.9994		31239	41770	28447	27939	31352	32356	37350	30337	33358	35922		1411382	1594716	1109145	1117582	1246060	1207636	1292242	1275446	1624846	1456473	
0.1582	0.6349		30413	27848	31047	23274	21911	29094	19840	24236	24275	19482		1423734	1462291	1443933	1204850	1175865	1345519	1264180	1231383	1359562	1180588	
0.9949	0.4319		41165	41260	39400	29990	42625	38344	27079	33002	26880	26531		1644199	1609000	1202417	1259300	1500088	1466155	1131415	1275368	1168915	1041310	
0.2501	0.9714		24909	36087	34693	35415	36429	30371	29569	22879	29087	27893		1168597	1388783	1497726	1543464	1155980	1208623	1236069	1006124	1243801	1190832	
0.6051	0.8969		38072	32919	30719	34820	28999	31361	28779	31222	29658	36933		1226885	1226729	1169285	1058035	1083985	1232226	1290747	1285847	1200007	1297991	
0.9507	0.7326		37198	31570	54446	43368	36582	34644	46068	34248	33809	45712		1433740	1022568	1472944	1426299	1148793	1230654	1401263	1237886	1211564	1413809	
0.5863	0.1017		25376	27851	20153	22013	16684	19404	20275	21195	30882	22656		1439469	1416670	1507067	1248366	1003245	1151019	1343093	1367504	1709599	1264709	
0.9981	0.2531		37848	28818	39981	37536	35420	35731	40263	27424	36912	22959		1439150	1273627	1656841	1725776	1554340	1447261	1663166	1340498	1506843	1186348	
0.502	0.7168		27774	26688	27066	37930	24208	39537	32238	38028	39185	28503		1389565	1215505	1240681	1556497	1149973	1575999	1458665	1418460	1609254	1396446	
0.6433	0.6699		29751	29680	32878	30225	32935	46007	29061	33574	44721	33285		1303241	1283692	1407417	1240540	1423214	1605581	1273550	1382764	1693723	1277887	
0.7581	0.3066		36530	36841	27577	25575	25162	25929	36034	29445	29420	27021		1578545	1493936	1235655	1379240	1370444	1300250	1473083	1247857	1250621	1212563	
0.3295	0.4383		30046	29977	34003	19875	18255	18311	26082	36313	20152	22287		1532708	1528504	1148056	1036010	1095479	1168577	1146909	1204627	1141537	1190412	
0.5535	0.4997		38745	33095	24023	23314	37372	28474	23361	24770	26175	25613		1676319	1334982	1196151	1225426	1291126	1387786	1098473	1209432	1365446	1301466	
0.6714	0.2197		24610	24324	27748	34428	21187	21620	24096	22756	37635	33812		1214330	1432642	1326491	1586228	1111799	1171283	1182933	1132471	1561095	1361006	
0.9109	0.2448		25054	34582	33049	35002	26393	21649	34640	36388	28543	24266		1494305	1498472	1170259	1315608	1281417	1343422	1408917	1416902	1331760	1216591	
0.9304	0.2382		42728	35330	27272	25380	29875	29516	40103	35751	26186	40603		1634595	1685434	1200580	1203369	1183422	1294793	1342730	1633417	1312124	1173700	
0.2089	0.2021		22588	26259	29238	24160	16318	18034	19475	19925	17826	27478		1481720	1551633	1259702	1362193	1063889	1171886	1213611	1189305	1206654	1550742	
0.9896	0.1848		37373	39348	30395	24701	30087	24479	22390	43533	26047	35088		1638587	1575054	1349117	1143478	1263533	1152642	1160195	1496125	1401868	1350167	
0.1138	0.1414		20836	25561	25977	25438	16022	25969	29641	26050	15747	23803		1254466	1501697	1518714	1391822	1219341	1562988	1616721	1519205	1276954	1585244	
0.8791	0.9124		39295	46918	40363	38227	54727	40550	50496	42873	44517	33327		1545821	1483869	1309411	1404490	1280097	1232499	1477524	1455735	1207859	1195340	
0.5854	0.3451		25609	33795	33563	21505	21773	21966	23782	23926	34263	26136		1503543	1423794	1558110	1214926	1215148	1273581	1256207	1339308	1471585	1309616	
0.9134	0.8717		39220	40895	41849	48955	39547	39809	58714	48140	48407	41505		1154434	1380783	1374881	1549734	1322986	1269251	1422625	1684081	1524673	1323586	
0.1163	0.271		18846	21096	15236	18765	26847	18575	27586	21490	15481	15535		1418512	1538424	1397705	1309816	1515604	1270394	1549979	1367090	1196309	1196081	
0.3886	0.3959		31937	43910	23264	22604	24186	23074	24133	23591	30700	34705		1521651	1362166	1267082	1143238	1238001	1105691	1224298	1249002	1572611	1329292	
0.9374	0.1696		26298	53088	26842	24426	26838	32430	35002	26021	24070	37080		1216399	1704428	1241269	1280341	1247600	1285763	1317788	1272569	1238773	1361651	
0.4986	0.474		24270	22412	33978	21100	32551	33012	26458	34057	25243	32270		1327972	1288504	1527501	1203089	1474722	1513654	1303083	1398627	1413911	1463296	
0.4043	0.6565		25281	45062	25410	33724	31122	22607	26611	28820	28689	24706		1408626	1526871	1212840	1633246	1517366	1065096	1349507	1463161	1334395	1183264	
0.898	0.5006		40370	30185	40224	30986	35390	33498	41110	31512	31771	31872		1743514	1332902	1543065	1326043	1503863	1400860	1541520	1279505	1311585	1537182	
0.177	0.3136		28288	28643	28300	19864	19555	25006	19435	15700	16346	18002		1535656	1426236	1423428	1251327	1363258	1364093	1328297	1254730	1074375	1186063	
0.6847	0.5312		24737	40576	26251	28814	26788	28311	27459	29120	33089	31440		1178053	1227712	1130405	1115918	1121928	1190635	1289211	1195917	1316653	1307222	
0.5726	0.6648		28925	32366	30277	26844	29970	27591	35418	27765	31191	37378		1234532	1495566	1194414	1124591	1213889	1161040	1527530	1222390	1247322	1406499	
0.6951	0.6327		28855	35974	31288	28515	32680	36729	30362	41750	40414	31988		1383174	1213650	1233399	1226141	1588769	1332039	1196554	1642677	1651199	1550673	
0.1781	0.5715		20978	20374	31033	31169	20812	19763	20885	22535	29953	20649		1400690	1327162	1485861	1225916	1134443	1288429	1138428	1159993	1374469	1330277	
0.7277	0.6228		38087	36434	29553	27771	28015	31505	25588	30904	29705	42304		1510943	1652060	1282132	1199334	1212608	1268295	1139037	1237510	1144543	1502276	
0.8123	0.9278		40159	39332	42391	43123	48501	43563	50189	55270	49769	51277		1386890	1493534	1518183	1348765	1570571	1280048	1651809	1607028	1631128	1632611	
0.6867	0.5163		48632	36101	35935	53531	45337	27185	42659	40846	26640	23905		1480422	1545371	1484229	1787198	1679450	1374345	1298587	1272749	1160556	1176763	
0.5109	0.6964		35968	35893	29848	29126	26928	26548	26391	43531	37221	28690		1284903	1498638	1286007	1290297	1254640	1182296	1157722	1493835	1444287	1323285	
0.7404	0.7307		33572	33488	30919	35109	46116	52412	30537	30328	33163	41527		1358913	1325385	1172669	1337177	1512739	1487609	1241417	1364404	1279306	1224484	
0.2839	0.466		18377	18973	34608	23594	30612	32053	29805	20024	20547	21427		1397030	1445522	1556034	1413905	1606498	1689708	1414892	1583028	1370751	1508388	
0.5598	0.5453		28433	26921	36007	27185	25172	35382	39073	22125	26662	35336		1525103	1159226	1411354	1198630	1145438	1337646	1183702	1122404	1180141	1496478	
0.2602	0.6165		18415	23639	28161	23762	35269	19015	22539	28018	19161	25891		1243597	1271334	1357120	1392073	1657684	1453767	1386426	1491036	1263217	1400549	
0.4725	0.3172		18885	32452	34816	29013	21735	26471	21634	34095	23061	30739		1322808	1480207	1391722	1367292	1250465	1345361	1509840	1477652	1324329	1581468	
0.6935	0.5259		29209	31818	45885	30942	29880	30712	28764	34949	37234	25651		1432016	1460020	1625971	1492562	1343717	1450800	1379546	1424930	1263293	1054923	
0.317	0.9009		27178	38686	31039	32722	30309	34265	31314	34922	27969	31702		1473150	1460019	1289194	1402263	1267972	1503112	1438978	1280262	1263689	1301629	
0.8395	0.4142		29661	28497	37004	29485	27046	37430	32475	37673	27656	26850		1291681	1274148	1404405	1263603	1129138	1421243	1274907	1466930	1110407	1122007	
0.9336	0.6412		31197	30911	35167	35070	35966	34742	46684	39403	31479	31920		1144362	1098468	1213366	1386862	1217311	1194819	1639506	1354777	1015683	1094936	
0.8715	0.8064		36474	38889	45070	34306	44693	45400	34319	37842	39940	33834		1472345	1398646	1348063	1220734	1594464	1584458	1312929	1255678	1231822	1300035	
0.6236	0.4817		25777	27952	23830	25470	34469	34451	36013	29124	26571	29548		1225817	1351852	1336139	1323982	1361783	1419799	1284480	1304500	1262119	1315703	
0.114	0.6701		21177	28114	28891	23839	22666	26615	29020	21351	21522	29204		1437243	1570434	1540372	1427820	1228316	1428883	1659425	1242506	1358494	1534320	
0.4896	0.7343		38265	27898	28436	23956	28450	29280	31392	32485	43690	38251		1299131	1283303	1241948	1203959	1369159	1252282	1344325	1546969	1508143	1626045	
0.0912	0.7914		25132	19896	17759	22908	31292	21546	17886	27645	27769	30922		1253222	1081461	985048	1154221	1434173	1033603	926480	1255055	1239841	1583143	
0.3775	0.5867		22276	22787	20546	23769	24091	23684	34749	33944	23799	33902		1159085	1336723	1204624	1105970	1107882	1242281	1437098	1392951	1220260	1278850	
0.6028	0.3743		35030	34101	25573	27372	24764	26215	29115	31770	20055	24270		1584980	1704314	1378599	1376407	1228590	1272811	1247628	1221533	1124816	1196512	
0.6674	0.419		34695	33349	34864	25195	24348	27019	24695	35423	22379	27104		1658758	1438143	1503542	1265032	1128962	1204316	1170417	1442213	1190765	1118822	
0.2943	0.8425		28224	24037	33447	27154	26072	24660	27075	33682	26040	24041		1258022	1336488	1360165	1317610	1291326	1363128	1257891	1210204	1132219	1295537	
0.3037	0.3249		34494	29489	19207	29320	18973	21846	29860	29387	19877	21491		1413151	1630478	1210715	1445572	1220654	1380778	1474366	1343907	1227231	1356324	
0.3576	0.7708		36636	33907	25418	22401	27858	28419	26045	25205	25368	35049		1418872	1388705	1161630	1134220	1329589	1292596	1233783	1089061	1147512	1388237	
0.5666	0.1696		29987	20909	30053	22580	27799	29837	21592	32774	30229	30524		1727282	1219324	1495135	1310522	1510600	1508640	1341528	1550589	1407223	1576649	
0.0886	0.9882		18846	24967	25351	24027	28926	29330	27624	26340	34100	26160		1329461	1287939	1246283	1359247	1462262	1309845	1395079	1436539	1562896	1346053	
0.9832	0.9887		55846	44232	45459	63033	44015	49148	58000	38960	52434	40192		1619710	1284270	1424328	1572616	1374435	1578085	1443655	1273178	1374691	1185932	
0.7264	0.9367		54123	32409	31395	37403	33174	39224	33831	43541	42803	44519		1355100	1250660	967181	1246742	1164385	1103045	1141962	1250425	1320570	1469165	
0.3398	0.4034		22431	29432	25273	22599	22022	23678	24003	17837	29091	20319		1610450	1550820	1383148	1291907	1385966	1298429	1546919	1273173	1539507	1397043	
0.2887	0.8462		30955	29449	22642	25516	24439	23395	35456	29465	26160	31800		1315727	1304600	1013916	1266132	1162389	1106336	1351229	1266671	1155101	1299232	
0.0939	0.495		16962	17556	26135	19940	26175	30682	27424	28039	17930	21100		1234307	1152133	1256479	1220149	1388063	1203439	1469442	1340306	1126653	1261920	
0.1075	0.545		34367	20845	20979	23666	27901	21293	28905	20362	19513	19561		1577889	1255221	1412653	1352282	1564795	1335782	1653072	1226869	1238372	1257456	
0.4578	0.4271		23819	25157	24768	25046	27780	26778	23221	24624	32150	24990		1509591	1381217	1346791	1342385	1376166	1342737	1431693	1265491	1454151	1547865	
0.1111	0.6248		26620	29350	30032	17287	21636	18785	19542	29993	22673	30126		1427530	1484969	1370306	1249198	1354221	1279231	1233960	1419091	1251041	1441778	
0.1191	0.8908		24319	22653	24656	30053	26780	24704	34332	21677	35063	22635		1351657	1438335	1354386	1486884	1290175	1372427	1573530	1106195	1244223	1275483	
0.4314	0.0527		18924	17443	17654	17233	19453	20901	17911	29283	16982	22173		1316120	1350023	1186046	1208619	1237788	1361344	1409379	1555780	1344859	1286390	
0.6672	0.557		29383	38774	36672	32285	23883	26082	36661	31217	31045	31494		1238493	1618931	1470727	1208023	1039896	1342712	1498513	1324411	1290220	1262377	
0.8395	0.2884		25472	26120	42001	25625	37468	37133	37420	32119	25242	34297		1394105	1504551	1332737	1233697	1640836	1541811	1707796	1257170	1246335	1480818	
0.3308	0.5859		34274	33714	32215	21520	31488	30949	32507	36901	24428	21999		1511986	1478595	1539036	1171149	1373324	1415316	1313508	1591658	1159095	1079426	
0.7312	0.246		22086	32803	23986	35541	33171	24408	22594	24243	30541	23493		1204739	1266776	1241336	1282207	1656763	1157695	1179928	1219566	1198917	1164830	
0.3727	0.8066		28310	28773	30073	31541	28027	34591	35276	24465	38880	38347		1439129	1337029	1468095	1385062	1333879	1517453	1570986	1272031	1446203	1631174	
0.8914	0.4516		30325	51463	27918	36517	26700	33214	34782	40147	25598	28335		1308846	1364763	1135406	1348098	1030968	1261883	1221080	1536322	1042910	1235696	
0.2083	0.6449		26962	22177	23300	32997	32061	33036	21539	32663	30554	31571		1435490	1382305	1498747	1681267	1761546	1490723	1189306	1458780	1591777	1504071	
0.2006	0.8995		24338	34749	24007	22883	36163	22983	33662	24730	26483	37229		1193473	1420165	1279371	1283593	1491229	1213181	1494121	1543237	1425646	1499410	
0.5254	0.1621		30580	36001	31151	19701	30795	22748	21824	25431	23807	23578		1486358	1227126	1677856	1405171	1403007	1265321	1116155	1166278	1237076	1322742	
0.1432	0.7664		23297	26511	20768	21237	18774	24608	18887	30089	26724	22300		1459735	1453001	1366383	1198399	1116450	1297428	1370653	1528924	1433164	1303302	
0.4262	0.2197		22909	22566	27260	30053	32408	35546	25352	19630	29337	28821		1376434	1522117	1414346	1583454	1526549	1570658	1365604	1305654	1372125	1396547	
0.0748	0.4486		18042	15941	25009	25065	17417	16185	19229	18176	23428	29208		1227307	1319760	1527201	1644895	1106006	1116488	1306427	1239888	1482552	1476963	
0.386	0.6667		33721	31738	25285	29529	33595	34036	26274	31227	35518	23610		1715038	1503045	1314735	1220124	1477424	1478927	1412767	1409250	1392295	1311905	
0.5949	0.754		28977	29603	40715	33194	31127	29368	30694	28868	29434	34495		1415703	1256075	1309217	1405501	1159597	1166119	1156841	1177764	1170624	1254221	
0.619	0.4636		34752	34611	26486	24515	27238	22926	32448	32166	25651	24647		1305278	1308319	1204124	1220554	1428614	1085487	1289667	1252186	1156558	1172628	
0.9453	0.1729		34696	34022	28874	39280	22079	25110	21464	23353	26381	40811		1776255	1669853	1249680	1566082	1074627	1037693	1084564	1112920	1198021	1321511	
0.7707	0.4758		25912	35441	41740	23679	27312	27267	24953	33029	31933	34687		996571	1159050	1276588	1030673	1182910	1176124	1121470	1137198	1269749	1183818	
0.111	0.485		37466	18162	26781	17163	22208	17091	26879	25552	18132	17768		1411603	1279848	1499355	1106580	1332734	1209893	1608665	1459689	1245332	1314496	
0.0633	0.5513		25470	17921	23970	22080	18820	22586	26600	25705	17875	21837		1325289	1295233	1385607	1352859	1134878	1166395	1577236	1285682	1233241	1365741	
0.727	0.7688		33803	51052	43055	42117	44405	37382	32272	36875	32576	45503		1260012	1525167	1547107	1436818	1598118	1470742	1329927	1336859	1490996	1605633	
0.0565	0.7213		29551	28904	27735	27436	20576	18801	19632	18491	22622	27256		1345480	1579279	1653705	1631610	1233058	1139154	1262880	1266740	1379317	1396661	
0.9541	0.9308		43048	35446	40898	49803	38492	45334	50748	40381	46043	50879		1364789	1176021	1247426	1340517	1131103	1288583	1467633	1180220	1180563	1303743	
0.6532	0.2316		25613	23842	24432	24858	24821	33358	34477	33235	33471	24827		1220941	1346826	1288190	1261344	1293383	1424338	1468393	1539970	1440184	1275922	
0.6672	0.1028		34045	20204	27669	20352	31674	21614	23773	28485	18527	29283		1396176	1209081	1412540	1162955	1573598	1195453	1194587	1281120	1096920	1302523	
0.7307	0.4029		32807	35522	39016	27246	26369	30244	24649	35257	36872	36329		1506023	1328765	1195504	1227239	1150461	1309947	1212126	1250172	1523598	1564798	
0.3212	0.4471		28762	29651	19793	31933	30743	20787	28508	20601	20797	22033		1254848	1448963	1185476	1388270	1584810	1278782	1393357	1288350	1234475	1278896	
0.8875	0.9484		51363	43426	47366	39620	44474	51711	39321	39546	51955	52203		1575621	1295997	1423957	1176185	1387980	1644609	1246336	1177600	1584709	1393435	
0.598	0.3496		26301	26494	36434	22405	24644	27276	32186	27076	32619	32145		1288647	1285790	1150924	1121814	1142278	1286655	1308214	1199731	1504915	1477510	
0.1246	0.7285		22005	21668	30125	27544	30714	30455	20433	27654	25403	30121		1271489	1352114	1506825	1561989	1598216	1389407	1291579	1480950	1254563	1543461	
0.6256	0.4712		22673	36493	37038	36599	21643	25685	35773	27312	30268	22672		1314885	1472499	1519424	1601723	1134825	1198696	1640995	1357404	1362607	1211397	
0.4197	0.7949		36477	36485	37781	34795	28648	36427	36178	28226	26208	26663		1473953	1405063	1728958	1451669	1186896	1382552	1386780	1429368	1143108	1168655	
0.4511	0.1423		21189	22638	19048	27887	21591	17869	17212	28499	28429	18897		1455432	1297165	1362958	1574658	1594264	1041256	1094946	1566617	1352367	1372258	
0.8432	0.7124		31416	36950	31908	47636	29781	49511	43406	46443	37924	30751		1171913	1383383	1112029	1412138	1150666	1166087	1413881	1361857	1339063	1175846	
0.7556	0.3092		36831	29501	26357	26336	23967	24306	35265	34812	29555	25592		1581924	1302600	1263758	1240909	1440689	1306518	1425502	1591028	1403501	1259344	
0.3928	0.6786		25062	31380	30623	25434	28746	25869	23574	25317	31173	29041		1152335	1187769	1333078	1224583	1271712	1290331	1074535	1123772	1594685	1306651	
0.8584	0.7667		44049	37071	42693	53464	37528	31042	37833	41254	33312	33571		1680697	1247326	1335284	1422441	1314192	1258744	1262470	1250417	1260070	1305909	
0.4798	0.4772		22320	35323	41652	26061	21060	21300	39163	34761	23576	20178		1475493	1601871	1245592	1357606	1128899	1210844	1332422	1626764	1468193	1115896	
0.9283	0.5326		31650	34808	35589	36575	46662	32538	36786	31906	34653	37684		1241803	1402009	1237677	1294334	1297444	1253384	1396612	1192087	1381170	1360209	
0.803	0.4715		27627	50985	32300	39908	30457	28238	28210	30714	47103	33636		1285238	1369358	1463562	1605722	1294891	1128131	1243821	1244821	1278961	1215632	
0.4296	0.6335		30849	22456	22368	35662	25641	24709	26798	32495	24601	26781		1580227	1146433	1096059	1446693	1130993	1460178	1226360	1420415	1239427	1250789	
0.7956	0.6559		32663	35578	39502	44010	35064	60193	44310	31447	45068	33731		1154402	1439999	1458383	1583738	1417137	1558018	1336021	1184600	1534236	1320742	
0.4706	0.0921		20961	18809	29939	20179	27536	20363	25117	27515	19660	27782		1407578	1267246	1418572	1266129	1558906	1309797	1253370	1186414	1253342	1677027	
0.2871	0.6274		31210	21504	20937	22030	25706	31047	21532	21402	19630	31328		1770330	1270885	1193813	1222921	1454962	1818170	1352564	1243975	1200625	1611483	
0.8333	0.2266		21110	24561	33861	34706	33144	24687	22420	24756	28812	24017		1252649	1485635	1439286	1579632	1584624	1456905	1175059	1323640	1322114	1444444	
0.7216	0.0594		32561	24183	26903	20550	30750	23216	20201	20140	17677	20727		1648430	1292870	1282624	1201546	1551035	1310112	1235844	1107997	1159606	1260590	
0.2979	0.9245		44391	23923	36559	38543	33415	26194	35652	26020	42845	37090		1430762	1308828	1608608	1407051	1429812	1243635	1596283	1218020	1505929	1362134	
0.8029	0.5854		41189	31669	29565	41330	31341	41754	41719	41032	28479	33375		1612274	1874673	1320440	1394417	1325713	1669132	1807349	1742549	1182668	1278687	
0.3687	0.2729		44293	19405	20441	22096	23303	27306	22099	27051	18330	29037		1359516	1191848	1292027	1310179	1370506	1501427	1391401	1536007	1305267	1371143	
0.35	0.6951		24767	35137	27155	32567	24449	30025	27751	24852	34751	39930		1292908	1575240	1309943	1478753	1277256	1321624	1316251	1208276	1805708	1533621	
0.7682	0.6004		35692	40306	40380	39467	32239	35665	40678	40468	40022	28720		1449382	1492927	1458735	1465418	1285453	1334659	1489999	1393960	1605037	1212277	
0.8016	0.2834		26827	34408	34287	25442	28623	39904	29813	34355	23658	32614		1386670	1458617	1553292	1449435	1467212	1616811	1534088	1493905	1335070	1103718	
0.5981	0.148		20624	27103	20540	20692	30687	26645	25059	19451	22282	20493		1140414	1230515	1132666	1119116	1251687	1129070	1221575	1168337	1142445	1080226	
0.2706	0.9791		26739	25458	38082	28312	37636	24938	25343	37736	35090	27255		1399626	1312942	1528928	1290675	1189245	1124628	1131345	1280368	1347853	1262452	
0.2835	0.4147		20629	31536	28487	27956	25312	17596	24532	19253	31597	27028		1222268	1475197	1363688	1193788	1229402	1213931	1262555	1215551	1427244	1495163	
0.8948	0.8043		62108	35001	44582	34431	46396	44856	41355	48802	34378	45735		1448049	1307745	1679365	1230786	1556549	1481540	1344126	1426739	1273383	1595156	
0.9733	0.2841		23248	30382	36208	25035	26190	29728	27270	36309	27796	34994		1234954	1272987	1503525	1181398	1174656	1221612	1268303	1527677	1266282	1377384	
0.2164	0.7043		23722	19086	21546	24364	31199	21776	24250	22753	26421	19892		1239219	1264161	1318419	1433957	1448765	1186298	1247222	1112485	1265895	1207152	
0.1581	0.8928		23219	29633	23897	21082	33906	26765	34623	29711	26938	33202		1173442	1415233	1250735	1157306	1272310	1344864	1658106	1404320	1352169	1350271	
0.9665	0.683		35458	68721	38789	45935	45649	47017	37630	46012	36620	37829		1157062	1366855	1354457	1411183	1508702	1368903	1219411	1465253	1148782	1282010	
0.2142	0.3122		28076	33206	34578	22743	20063	33162	31486	20907	23345	18835		1408061	1826791	1477213	1392431	1346836	1449585	1618149	1318561	1418492	1222662	
0.6901	0.5617		27686	30454	38043	38604	44682	37375	32119	33199	49813	29507		1394736	1237074	1587522	1734721	1636182	1527253	1236005	1516091	1579956	1343565	
0.5702	0.1955		24806	39421	26377	23505	29430	24069	25275	22894	21123	23669		1391715	1771280	1375177	1409183	1581238	1448779	1355160	1250451	1377349	1193127	
0.0849	0.5868		25123	18994	28367	23621	25415	19364	18540	29049	29398	18976		1381610	1301371	1526207	1455138	1350085	1285931	1202368	1768106	1697607	1340800	
0.4703	0.4794		25249	24882	33252	17247	21201	23770	34904	26162	34991	31580		1492226	1325519	1231110	987410	1086476	1035966	1364372	1275121	1497048	1332267	
0.5753	0.4547		33529	28056	35270	36818	35011	24129	23210	23955	33426	27507		1499106	1269565	1315868	1393487	1340650	1140425	1027924	1100651	1336016	1069558	
0.8376	0.9074		37902	49838	45969	36979	38914	35409	39134	45259	36470	36153		1425845	1548078	1676701	1334544	1338954	1105040	1351831	1498827	1210100	1188512	
0.8938	0.7939		38400	39517	36509	36100	37382	34929	47088	46826	58578	43286		1444987	1324295	1344189	1330180	1459495	1271689	1653562	1754792	1394965	1424560	
0.8964	0.5695		36042	65932	29600	36878	36283	33158	33496	42699	33051	39029		1196736	1476617	1218817	1534483	1320714	1267575	1220449	1398744	1216517	1503405	
0.8237	0.4497		28426	27417	30791	30552	28131	30122	24794	42868	29323	42802		1226884	1244494	1347617	1308349	1175469	1126367	1148159	1357471	1278564	1581433	
0.3632	0.6806		31400	35787	26297	23349	28365	25285	22279	23976	23189	21998		1411418	1491860	1366464	1270865	1396496	1364247	1061022	1250593	1076623	1087518	
0.3889	0.0786		28401	28676	34783	28487	19235	19738	19755	15422	17695	20727		1635867	1571120	1489924	1322136	1265836	1255679	1220786	973743	1158310	1335541	
0.7431	0.9572		34091	40546	36252	47844	56710	35396	36383	39670	44938	49813		1120711	1231394	1332683	1262432	1453562	1129005	1138816	1273200	1395187	1555154	
0.0772	0.2854		20833	13505	17654	15715	17378	25590	15634	17311	19621	23484		1250574	1145393	1159600	1121741	1340345	1408334	1265770	1148091	1320711	1541039	
0.6812	0.2428		23481	27112	26675	23186	24654	22726	24225	22743	25685	33471		1223755	1266894	1283343	1242043	1195789	1158915	1214433	1268666	1343831	1545039	
0.0549	0.6361		26531	28912	19788	25094	21154	21254	16000	32897	32868	23623		1540328	1427032	1261481	1523743	1495298	1434026	1322419	1545157	1539016	1403679	
0.9284	0.1583		36448	36401	31454	27528	35040	35836	24090	21191	23495	21133		1779742	1260367	1311892	1237024	1618508	1619962	1156808	1017133	1011503	1185152	
0.904	0.9588		40754	55973	37727	53352	47726	47348	40229	39359	54715	45016		1471042	1589707	1301687	1523083	1416726	1487898	1394388	1413840	1517660	1431559	
0.9329	0.8098		37422	37042	41071	36483	33715	36293	51681	43732	37829	48744		1146483	1270837	1246063	1331599	1305147	1217472	1379371	1456448	1572722	1475261	
0.5568	0.2503		39300	36760	34322	22283	18082	28803	19519	22293	30179	17805		1540417	1445151	1661688	1134420	1031472	1151916	976792	1203768	1315698	1041519	
0.3212	0.1964		27434	18322	26980	18428	27224	18756	19046	20501	18033	33807		1495885	1197321	1514107	1279833	1493916	1190324	1214552	1370926	1273293	1794304	
0.2581	0.205		22977	33705	21864	30063	22771	17498	18519	20136	19181	17172		1466395	1746303	1454546	1588383	1387105	1134062	1151671	1359916	1490191	1240256	
0.7694	0.1873		34365	23507	30674	25311	34717	32215	35147	23285	24497	20435		1452651	1222713	1354683	1371453	1411405	1382772	1572628	1431460	1294573	1142644	
0.8575	0.9656		36245	37945	47991	47499	39447	38647	36116	37349	53754	49208		1109326	1369297	1365555	1427664	1268734	1154093	1121496	1190792	1512522	1420480	
0.3389	0.3603		19769	20430	17062	19543	20004	20092	25147	28952	17817	20013		1035496	1140985	997349	1107297	1106555	1069864	1166257	1435711	1082491	1341431	
0.2648	0.8028		36365	29577	30590	33128	31886	33988	27487	21364	21873	30928		1298568	1393983	1263476	1677272	1424841	1478294	1175431	1045131	1077372	1202465	
0.976	0.7091		35589	43490	33397	37955	35102	40296	47161	40654	34599	47534		1138952	1261117	1183152	1059749	1127987	1413501	1424400	1589222	1269993	1362224	
0.8673	0.8286		37474	37343	47214	31626	41655	31538	47248	35168	34684	46231		1308466	1495036	1476231	1192164	1476168	1165050	1430202	1249922	1299424	1477243	
0.7551	0.6886		31053	41580	31318	37517	31613	44072	31552	31303	29652	30236		1126138	1422213	1359015	1368269	1227202	1372893	1322298	1241566	1310132	1241312	
0.8692	0.1237		34957	32640	20575	26324	20136	34167	20624	22183	31121	30440		1344010	1365175	1360294	1166544	1043539	1574463	1065483	1149550	1316892	1575807	
0.4326	0.37		30574	45052	27974	30466	28981	21260	27305	30608	30526	30661		1460906	1406175	1376272	1515091	1281077	1255202	1346275	1664793	1472276	1352476	
0.312	0.4116		22294	21958	20565	25252	29091	27682	21183	20833	21335	23313		1323837	1474250	1285293	1348817	1552670	1329562	1330044	1258227	1382966	1240755	
0.4948	0.3709		21829	21932	21603	23629	21433	29307	23196	26888	23401	21934		1128017	1288751	1406702	1154439	1313488	1419083	1114802	1320223	1281101	1158133	
0.8672	0.2676		26028	30236	38267	26717	25721	32381	26364	26701	25456	27130		1242134	1503154	1616855	1336175	1165572	1266861	1179193	1230114	1121597	1277631	
0.628	0.733		50062	40371	30833	27867	28578	29074	31912	37747	44277	28952		1497459	1449752	1327817	1085390	1256083	1243015	1293340	1334409	1400547	1317193	
0.1914	0.9439		26088	24748	36440	23620	34478	34333	26807	32095	34694	29694		1336235	1187067	1575635	1254271	1513415	1642580	1297886	1378034	1500470	1474964	
0.4979	0.2717		29539	36635	30136	22470	22258	20444	19719	24816	27330	31840		1522415	1409096	1477271	1195766	1192823	1115414	1104126	1157698	1335313	1216950	
0.154	0.9575		32937	23578	32392	25564	32817	30294	33221	18456	18146	20042		1475466	1239003	1577197	1374319	1420182	1435137	1616927	877745	852322	1249560	
0.7428	0.5878		29086	28034	32550	31109	31536	35108	36026	28973	35207	37880		1309367	1194735	1304555	1277690	1268819	1277542	1287816	1409848	1336330	1412370	
0.0616	0.3333		19016	20879	29797	26563	22718	28561	14215	23133	21330	23673		1499648	1260442	1669052	1647271	1832998	1668772	1374927	1375064	1302358	1447275	
0.1055	0.8154		19150	21390	31705	32207	18903	22596	23950	24311	26353	37560		1089638	1296099	1415694	1598431	1343768	1298535	1512176	1322060	1348289	1518486	
0.7536	0.6405		30680	42066	36084	30890	40715	34970	32734	29875	26613	28730		1412045	1299799	1393961	1388351	1340015	1313982	1251770	1236111	1028223	1003039	
0.9436	0.3845		32999	38974	37922	38816	37990	42158	26435	38233	49163	26632		1430318	1435545	1405723	1400584	1405162	1237751	1371679	1480735	1382504	1285629	
0.2726	0.08		29977	25438	27227	26503	26574	16207	20364	22151	30281	17675		1548844	1433033	1275734	1397852	1443420	1291030	1343375	1398294	1592764	1225337	
0.7532	0.6316		28371	43163	32363	29444	39776	46739	36310	39034	28628	41031		1242774	1611550	1234116	1257135	1686934	1543343	1379276	1589631	1333475	1372151	
0.8223	0.8796		36805	36720	34984	36513	34877	40556	48407	32005	38556	34546		1524617	1452859	1274136	1241386	1320304	1345566	1412236	1074647	1189580	1203346	
0.6212	0.0628		21385	29521	30487	16989	27607	18914	27375	26996	16860	20043		1519443	1543857	1464263	1267941	1378876	1182323	1226301	1569661	1208191	1274704	
0.5718	0.0625		27257	27524	28465	27617	27843	26181	19754	20011	17171	16340		1427032	1459510	1521976	1567874	1641623	1531474	1219996	1190990	1061418	1228329	
0.8345	0.5898		29622	42678	31007	39256	36330	31306	28441	31262	31244	37255		1293275	1375761	1199496	1182976	1453922	1257959	1470942	1245962	1160747	1434266	
0.4741	0.342		23096	23937	31193	32363	30906	27658	21692	28405	22660	23151		1322297	1380839	1498854	1599594	1661971	1273672	1158887	1341464	1315952	1216897	
0.6577	0.7317		39693	45143	31559	37337	48337	28329	43001	32707	43054	37460		1636470	1695519	1269138	1368224	1509178	1160797	1552708	1347953	1582368	1152185	
0.6262	0.7457		27814	42227	34305	31064	30597	32389	43918	43028	40315	41119		1082177	1420014	1194995	1220471	1192055	1236430	1532485	1716097	1504346	1382830	
0.1213	0.39		16704	15704	18881	20685	17258	17576	27687	20039	18230	27455		1309992	1316555	1460037	1369590	1275282	1244402	1624979	1422984	1673954	1557512	
0.1122	0.148		21231	17824	15667	16639	18842	23437	15615	18026	18960	16222		1432616	1168691	1319761	1300118	1300413	1565092	1233829	1409692	1342113	1401458	
0.7139	0.277		25210	23256	30750	22570	33821	24519	31430	22411	28842	32122		1179307	1327168	1221011	1163912	1538673	1357698	1437778	1207130	1121977	1262331	
0.8006	0.9762		48669	38478	36627	36761	35538	40156	35770	48367	41522	48030		1531203	1266212	1434285	1101441	1079976	1321540	1121700	1305631	1458821	1439973	
0.7629	0.4068		36933	42988	27729	30518	28873	44480	27356	29506	22837	26931		1364244	1613424	1296623	1291649	1347619	1400100	1292142	1251572	1114070	1237691	
0.4881	0.9906		37669	30048	34573	30221	34328	33988	35151	40008	37029	39556		1474327	1333485	1385593	1190454	1393529	1233515	1540381	1516491	1383076	1614370	
0.1723	0.3874		26445	19585	18579	22318	22646	26745	17520	28507	18419	18000		1533010	1210970	1157170	1300384	1195743	1198380	1083915	1363802	1404218	1149891	
0.8309	0.5701		31913	50932	30800	40978	45322	41260	32878	34558	29385	28753		1211067	1375173	1263386	1471939	1515417	1352143	1239035	1046353	1171553	1122493	
0.1423	0.0644		22644	23129	14219	25858	25406	20233	16138	14013	14041	18709		1571945	1141685	1173184	1558603	1591905	1387207	1320575	1168680	1136947	1306582	
0.3265	0.2303		21447	21667	16884	15119	19715	27361	18637	19911	18366	20468		1411132	1284827	1287159	1097854	1179802	1370472	1230439	1169739	1127090	1393440	
0.5505	0.0781		19544	29083	29917	29525	19811	18853	16091	22472	18743	21354		1421923	1430622	1073184	1532642	1523026	1331930	1039945	1127924	1127744	1282170	
0.5251	0.3774		26365	24196	23860	23567	22115	34300	32607	28808	34161	32388		1404557	1398460	1396458	1342969	1188139	1486533	1431298	1433131	1477906	1534608	
0.2011	0.8556		33080	32990	22721	28756	33074	20804	22834	24394	33250	23869		1443253	1495575	1203633	1326740	1444420	1150668	1313329	1045531	1346634	1143516	
0.6528	0.8796		33605	43032	32678	49373	37017	29332	44082	33520	35035	37424		1221981	1401782	1278523	1652469	1365378	1482401	1661267	1288970	1540165	1412201	
0.5377	0.6742		29516	24166	24543	32793	25317	37307	38194	28350	30404	33396		1501306	1241142	1134990	1415195	1121626	1275619	1413620	1189104	1328343	1320216	
0.1269	0.3318		19266	24146	23502	18388	16778	17005	15995	30688	17937	27983		1250706	1574668	1335320	1239510	1208796	1079004	1127704	1495060	1205878	1612906	
0.6829	0.811		43944	31545	32584	33144	43708	45374	37886	31929	31586	31373		1445122	1252467	1289664	1480215	1691690	1442142	1477471	1132094	1326436	1221752	
0.3387	0.9356		24279	26607	29638	34851	24225	39126	28001	32536	25923	36293		1394486	1266257	1315662	1319004	1228992	1391337	1390706	1403961	1276793	1362491	
0.4136	0.2775		29324	23743	24177	32496	33225	21937	28309	23316	28495	31002		1623238	1291067	1362185	1494909	1525180	1564601	1448638	1180391	1587014	1417359	
0.7562	0.9837		39406	50165	33877	44529	36906	45056	33651	46630	45051	41558		1520566	1209216	1258645	1477217	1216721	1354789	1186325	1383851	1375131	1245732	
0.5117	0.9733		40266	34424	37256	40316	27312	28123	32927	29965	31697	26901		1590249	1270165	1400502	1338665	1000969	1088072	1465370	1304980	1257423	1146633	
0.4973	0.5801		39023	27013	23797	34546	43029	27730	24260	43774	32407	24483		1664299	1245333	1334126	1516867	1514715	1399773	1312703	1461177	1513220	1285424	
0.5585	0.8421		27123	42272	41270	41558	30174	26611	34833	31409	32803	34719		1202025	1743508	1609774	1491120	1235963	1057010	1125889	1388146	1178989	1539837	
0.2245	0.8307		27760	23851	31605	25514	32657	26102	22539	19993	24402	27910		1346406	1325066	1426200	1315096	1360351	1241444	1048410	1077238	1223851	1287700	
0.5327	0.0982		28107	21327	16488	21120	23136	16227	19841	16618	30114	19096		1565927	1387980	1222304	1258447	1264252	1173571	1311605	1169983	1511425	1370874	
0.343	0.9935		37150	37334	37479	31239	36958	37014	28459	30431	38052	27728		1503470	1523875	1293930	1469797	1517542	1535975	1387322	1304441	1475239	1358991	
0.6599	0.5137		37016	41286	42334	27307	28487	28973	25606	28063	35879	22450		1433936	1241767	1625489	1303992	1344476	1091539	1144346	1195887	1462824	978752	
0.6249	0.8647		29981	37920	36326	42979	44051	52949	34876	36941	29433	44349		1222828	1243744	1319157	1605935	1555901	1485958	1223869	1255352	1259930	1584690	
0.0575	0.9834		23432	27868	28695	31269	22261	21413	34869	27531	20938	18521		1369801	1634979	1520896	1324658	1165024	1194532	1242674	1383507	1168781	1032831	
0.1845	0.0998		18738	18741	24779	15500	22895	21095	16706	14774	15335	16766		1399305	1313023	1473625	1419783	1391756	1388234	1241793	1100031	1117105	1276979	
0.1104	0.647		19832	27110	30716	24003	30591	20033	20048	30104	22491	27941		1303756	1524088	1433750	1418109	1437975	1209863	1208213	1615433	1437419	1583256	
0.6498	0.9882		35728	42896	43729	32301	32989	29847	33694	42896	36257	32386		1478506	1611221	1663013	1325482	1231319	1200860	1320151	1424744	1350087	1176272	
0.1335	0.4486		18149	20751	15901	17928	18597	20706	21325	27516	19160	26763		1273627	1247807	1268328	1162716	1184397	1193018	1248251	1335794	1287273	1470550	
0.5009	0.7651		27779	29872	30189	37058	37387	36769	29239	26544	23701	29431		1358085	1324351	1249092	1506014	1732433	1416240	1365501	1213556	1412804	1225642	
0.5125	0.8276		29653	49134	41639	41774	39969	39979	28420	32142	29552	42642		1069401	1467431	1611706	1561291	1564840	1265413	1352472	1274632	1193739	1196231	
0.9134	0.5822		38588	34586	32545	27767	51490	41226	59711	42567	47586	44031		1385137	1528545	1248037	1262655	1524777	1465569	1597285	1576302	1478352	1602509	
0.5697	0.5016		37312	26904	30365	25628	40614	26920	29905	35629	26477	24416		1489677	1497497	1404194	1280797	1552572	1272520	1399063	1548182	1389712	1296092	
0.4238	0.8535		38860	38498	28985	32520	27899	27837	29920	26393	27792	24860		1556442	1275055	1155249	1129271	1202218	1194901	1112413	1043311	1259824	1062451	
0.2269	0.2675		17489	22826	18871	19203	24542	17339	18209	29497	18115	17652		1279067	1352044	1281123	1323251	1320644	1140224	1185088	1402718	1147916	1203802	
0.7308	0.9711		42959	42357	33782	47749	36337	44086	36796	43978	35675	44223		1392660	1541946	1149297	1653134	1264659	1475715	1342787	1413151	1307007	1286052	
0.8584	0.3361		26492	37387	45030	29424	37524	38763	27757	38967	31553	33226		1281177	1575293	1592812	1302187	1472092	1495496	1361764	1443358	1344419	1294674	
0.4864	0.7569		30650	37666	37754	38992	29667	69178	34575	34506	25409	33540		1577240	1681666	1777887	1465722	1391584	2123741	1804683	1332900	1290884	1216920	
0.1795	0.6966		28058	21311	22142	32611	24351	32475	22832	32685	29530	19285		1167713	1234396	1073208	1399934	1354797	1484687	1242206	1535358	1256426	1083886	
0.7387	0.8122		34629	38532	52829	34752	32895	32163	33693	33200	32729	42416		1206588	1499616	1688419	1265720	1378868	1352223	1295096	1233375	1413657	1583091	
0.9566	0.5095		31263	30951	35111	30216	37537	41629	37308	40294	36037	36369		1472420	1456633	1401686	1134484	1353862	1398705	1123299	1318473	1451329	1476749	
0.305	0.248		28763	20395	30461	29110	29206	30015	27479	20648	20603	19041		1493542	1290779	1334910	1356872	1438012	1319648	1535446	1295381	1208600	1156876	
0.6523	0.4157		24191	35273	39668	24468	24791	24558	24953	26926	26856	24430		1275956	1684133	1612883	1270980	1178455	1191275	1190927	1221781	1265591	1244931	
0.937	0.3826		27439	33584	24592	27459	39815	28989	29762	27330	40919	38559		1172071	1394862	1103494	1258107	1424086	1260974	1216995	1262713	1473582	1421649	
0.8708	0.9002		36194	67512	42864	55695	42515	49247	37058	43338	37164	41243		1537018	1606509	1344853	1181874	1391519	1573047	1351979	1641589	1333498	1218923	
0.0971	0.9551		32567	32966	28776	21270	23354	22147	31208	32711	34126	28724		1474842	1467066	1224051	1130328	1187999	1114865	1343354	1430963	1260648	1304692	
0.2717	0.641		23712	20058	33039	21826	26333	31763	31032	23830	21297	21439		1138244	1174987	1390096	1157400	1358632	1436241	1374279	1244206	1187492	1144698	
0.3502	0.0906		18381	49748	25441	18846	24082	19089	19119	25248	23927	21800		1226316	1404492	1520685	1274228	1459004	1242738	1280378	1236673	1311374	1432655	
0.7219	0.2958		33704	22645	33431	33620	35601	30236	34872	33176	33073	25120		1308221	1574244	1635800	1398479	1632870	1481852	1560992	1625929	1477672	1277209	
0.1857	0.7656		33195	25385	27961	25710	20951	26207	25340	33565	23646	30762		1450562	1302531	1596521	1245410	1259234	1349624	1393861	1428040	1253522	1366435	
0.6323	0.6179		28478	25352	30108	48981	46177	33571	40170	28098	39647	38327		1229443	1311934	1313053	1603656	1717187	1424359	1559481	1357889	1574969	1441836	
0.7986	0.9415		55206	47591	38264	47784	49093	40541	48805	39600	51365	39706		1463971	1445883	1094162	1435513	1484350	1337303	1682884	1518709	1249737	1091987	
0.7244	0.4333		36272	36631	37755	36613	36174	28201	33003	23047	32267	26317		1624066	1540152	1579848	1407205	1390294	1334478	1376821	1023823	1222842	1266602	
0.3119	0.9577		43238	28353	31250	26777	27396	27922	27955	26033	41951	30805		1361695	1279071	1234352	1126497	1268807	1374017	1192113	1299337	1530012	1335220	
0.1205	0.2044		11705	15804	15719	22118	18402	22845	25039	17973	20740	16013		904910	1235340	1334265	1244411	1471021	1361581	1378140	1170148	1461441	1157400	
0.9877	0.1231		20848	23215	25455	35658	26804	24242	34062	28504	34052	24222		1021602	1324198	1426441	1545083	1345104	1169722	1533899	1320995	1483483	1240501	
0.743	0.1457		23451	31404	29821	24878	23546	21396	23664	29612	23654	31845		1306897	1448819	1368160	1337983	1275829	1195519	1203712	1543001	1584487	1544606	
0.8258	0.8869		36158	36839	32076	48221	53627	55911	48317	38573	42491	38214		1426924	1335470	1282276	1632234	1407390	1464063	1456209	1421896	1399228	1437874	
0.9962	0.3568		29156	39625	33149	39914	30907	29974	41282	27682	42435	30529		1493211	1744521	1403208	1597414	1224195	1270606	1536093	1237930	1537824	1292330	
0.3733	0.6814		36068	36226	24741	27179	33195	34860	24960	27128	36462	35681		1517677	1325357	1256475	1465591	1362040	1604249	1246050	1299618	1392564	1428669	
0.4009	0.8331		38053	26649	36473	27357	36785	35116	26437	39151	23668	27587		1586652	1216558	1391187	1310590	1572527	1435365	1209987	1277697	1079755	1371785	
0.2556	0.3868		26866	33151	25628	20346	25541	18167	28280	23855	28603	27947		1317328	1566831	1440706	1285498	1396090	1271878	1486568	1325103	1384336	1607144	
0.1919	0.1507		19147	16190	18498	20424	31276	19518	18179	17229	19359	18696		1538585	1344283	1302389	1209744	1607174	1203954	1172329	1196972	1302515	1346062	
0.4037	0.4695		24398	52444	21525	28039	19207	30555	35720	27466	21332	34920		1138936	1193793	1234795	1343326	1056778	1282454	1413554	1200720	1132417	1235255	
0.2835	0.3689		22064	30850	23143	27670	28288	20745	18589	27822	25444	18794		1369416	1339957	1150143	1489168	1303036	1210134	1180593	1596337	1430656	1200289	
0.784	0.2841		25098	24436	29712	33689	22266	28884	24181	36141	27911	23367		1131191	1323094	1324677	1352907	1139694	1477697	1214678	1560865	1415698	1165402	
0.1854	0.1011		13456	18539	24981	22414	17528	15659	24725	25029	18744	14580		1034635	1219497	1221383	1273113	1201300	1167177	1454762	1722442	1393516	1173925	
0.8968	0.8032		34245	35638	34506	33382	41264	35217	32374	36263	38365	34898		1223587	1226871	1276686	1183522	1096785	1134303	1076472	1219753	1273515	1229189	
0.3508	0.9892		26864	35734	29332	30844	38426	25777	30997	30640	38900	27919		1414110	1506769	1331300	1406187	1619713	1172165	1314623	1226984	1675960	1259028	
0.3965	0.4201		30783	30614	29206	31459	30866	32025	20672	22037	28942	30403		1558214	1615791	1155054	1491213	1542730	1447647	1129499	1190487	1396782	1340046	
0.7908	0.3779		29955	23232	24396	32846	23773	27918	28858	26142	32833	37554		1399686	1209788	1126390	1125928	1355075	1358087	1267938	1231141	1290972	1422562	
0.1055	0.5898		21461	16694	16565	20300	27778	29207	19724	22875	19098	29908		1346769	998334	1138368	1404173	1665706	1473348	1263265	1295967	1472214	1682381	
0.2346	0.4506		16769	33599	21499	19470	30817	29883	30833	18970	19915	21864		1137850	1484489	1245930	1306943	1460104	1474906	1639441	1239086	1379257	1504774	
0.2847	0.0578		24659	24512	15766	24382	19921	16119	17690	24477	24513	23591		1524159	1355639	1191493	1529302	1408363	1212030	1330987	1307892	1422129	1260575	
0.6162	0.5475		35859	30152	36131	35617	35740	36189	28225	24852	25585	35931		1511658	1344118	1421875	1476314	1518376	1544557	1306692	1167958	1221156	1513785	
0.5706	0.1196		30910	26430	30769	30371	30575	19935	30926	22309	19974	32204		1602848	1398507	1496397	1425507	1554454	1183319	1599832	1232813	1407492	1555600	
0.1047	0.7619		20480	20791	22454	20557	22283	21173	21483	26209	23001	20200		1190416	1229615	1242065	1232595	1185005	1132786	1179368	1185202	1285036	1230257	
0.6781	0.3215		24463	19691	23019	35370	34682	34408	35266	28543	34737	27690		1154747	1143451	1253770	1538643	1291327	1398804	1453214	1219716	1559495	1356130	
0.7207	0.7404		30860	34543	34173	33643	29510	29939	31289	33103	32016	31416		1189268	1281233	1315989	1242300	1184541	1247302	1328805	1256218	1196771	1522052	
0.2964	0.9297		31465	26531	26052	39170	25459	36738	22464	27164	29703	31234		1448025	1299243	1213129	1218223	1248001	1413173	1194136	1220996	1266193	1366730	
0.5766	0.6822		30093	28002	33668	28960	39227	38041	29487	35001	27494	29520		1336714	1283485	1303844	1425012	1518387	1409757	1215709	1462744	1151608	1205082	
0.5025	0.8324		27701	28003	29047	42125	28579	39159	40269	38724	32964	38370		1269769	1229795	1454007	1148133	1135007	1402118	1525767	1529742	1408587	1421989	
0.5339	0.5997		22664	54103	28402	36505	25955	36878	28593	28195	34321	36526		999969	1286271	1213259	1475254	1156337	1379642	1314672	1271749	1224265	1331714	
0.8283	0.643		42140	44532	36910	33703	39485	38782	46090	35790	29558	42525		1499297	1418854	1493487	1404981	1434008	1435838	1476822	1360896	1107415	1589271	
0.6893	0.2187		24250	19410	23118	22671	19656	25532	21303	31059	50748	35904		1249075	1086674	1205682	1168091	1396832	1366563	1227163	1646477	2038869	1746368	
0.794	0.2088		21966	23977	34802	32864	23815	21485	35836	35268	35008	23148		1294893	1276703	1501930	1235376	1402476	1217879	1460595	1457643	1660098	1158470	
0.5754	0.4326		23732	38189	33401	24415	27038	31671	22699	33544	34811	25564		1269442	1457755	1480546	1143830	1124098	1275596	1027651	1365157	1475513	1141477	
0.8562	0.7374		32931	31742	31870	34464	39515	35770	35836	35017	37736	40213		1312704	1149556	1243769	1376119	1703985	1392282	1318210	1453563	1498316	1333466	
0.5502	0.3534		26198	33366	26218	22686	33059	24825	20290	22040	19165	20060		1180824	1507554	1277093	1334636	1479447	1229642	1099217	1010505	942363	1231872	
0.8747	0.1973		28593	26099	23810	24707	34088	35425	32515	29527	20686	23762		1445585	1439801	1240663	1395763	1488584	1455186	1317260	1361613	1242646	1174262	
0.794	0.3034		24536	31555	28229	30525	24958	22325	21864	24564	32423	37745		1215832	1355571	1227083	1308624	1219664	1092854	1186291	1048871	1239741	1639861	
0.3562	0.1754		26153	22796	20537	17873	19024	18998	27620	18125	18939	23959		1567926	1532032	1323442	1246209	1276025	1138063	1588979	1402960	1321609	1435380	
0.3468	0.2929		27640	16071	29258	22109	19661	17291	19361	31832	28287	25989		1560364	1259531	1305435	1428607	1185062	1155246	1248866	1451891	1391698	1347164	
0.441	0.8032		27147	44907	36337	32306	28378	30623	30027	25322	33540	32727		1345932	1351194	1189662	1297993	1439880	1397877	1278761	1348651	1378398	1337930	
0.8178	0.6216		32429	31899	39779	41145	37036	29682	41590	41195	30940	30304		1265566	1247596	1343457	1571296	1488113	1239467	1478716	1333202	1197639	1192401	
0.1674	0.0909		17662	25786	25725	13865	18111	24226	24318	22338	20984	13328		1306949	1519985	1455527	1108759	1412786	1395717	1351579	1401681	1406662	1162418	
0.7839	0.3553		43620	44245	22439	31644	27763	24475	25051	24337	22525	25411		1628415	1520555	1036091	1157582	1301746	1147744	1187649	1016139	1015267	1194179	
0.1885	0.3923		25175	18497	27573	20788	20497	15372	21552	20323	30166	29300		1519046	1450502	1592417	1319722	1277860	1332519	1433732	1611868	1507677	1466925	
0.5769	0.4903		29807	27857	26122	25299	29888	24157	25787	21813	25574	30633		1300778	1166255	1139395	1106798	1136641	1159603	1113955	998084	1228687	1440573	
0.4686	0.3931		21640	23565	33108	20603	26507	31785	21303	20941	26239	32619		986823	1266028	1481662	1087812	1252016	1376377	1090856	1084594	1437751	1348380	
0.3862	0.4341		22159	32060	22291	38172	21432	28704	24193	23213	24984	23716		1277218	1663936	1393212	1391482	1182449	1409375	1217736	1247073	1269940	1351537	
0.6453	0.8162		37245	30250	33585	31304	35871	43348	35604	32843	37024	32286		1513503	1208443	1230797	1194485	1296767	1643518	1316635	1254452	1490520	1347539	
0.0598	0.2145		15501	14472	23233	14401	21729	14716	18934	24732	20689	14370		1307265	1165421	1585649	1215919	1333833	1244922	1278876	1522949	1333619	1294480	
0.7405	0.2081		39823	24644	27823	24732	26337	24084	26350	23433	27878	30485		1267302	1361840	1524794	1425119	1259037	1212067	1334365	1163689	1203358	1348433	
0.3086	0.3527		19716	21435	22166	20590	24837	22452	29898	30563	32924	18837		1327798	1481553	1283935	1171082	1440076	1262591	1544784	1507050	1243692	1258480	
0.3784	0.5681		22936	26747	29436	23916	33955	25068	21331	27146	23298	24427		1252490	1304961	1494626	1233040	1479789	1290919	1210655	1376351	1328759	1451848	
0.1705	0.1801		23516	19079	14451	19186	20213	24726	17252	16613	18083	25518		1218372	1221468	1131046	1112960	1183697	1342589	1424520	1230470	1258171	1458638	
0.9883	0.4147		34944	41329	29760	40842	39370	33758	31581	28726	40366	28990		1445964	1531532	1365741	1567041	1632970	1373293	1227431	1216564	1568806	1225942	
0.7672	0.6874		32495	36354	43778	43061	36453	41958	38131	32712	37066	38333		1189380	1341030	1316510	1450779	1277556	1484207	1416882	1361339	1263304	1356687	
0.9805	0.8817		53385	44482	52928	46642	42053	41437	45398	42390	41397	42506		1352129	1447525	1518295	1401031	1387603	1306954	1348836	1317928	1239748	1354244	
0.834	0.9961		43975	53423	46063	39229	49227	39308	48126	50275	40582	46832		1390994	1547639	1563408	1398343	1675604	1293160	1344448	1558905	1701550	1755099	
0.925	0.3196		45732	47816	33544	24841	25162	39450	28052	33353	44111	40031		1625868	1651781	1590206	1267221	1123433	1394831	1326609	1430760	1528246	1675083	
0.9187	0.7143		43752	36026	34358	34278	35927	39358	36972	41553	38549	30318		1704219	1306385	1169524	1217125	1303974	1388704	1449789	1450209	1306056	1220320	
0.3073	0.5617		27175	47586	32243	23967	27710	21293	30706	18714	22286	22229		1397733	1402057	1478182	1183508	1031937	1109127	1467491	1145895	1128394	1101854	
0.1353	0.5511		17764	21808	19388	21432	30073	21777	23259	17713	30217	31383		1184284	1499549	1262769	1276309	1355282	1254768	1336988	1090661	1645257	1511923	
0.9235	0.4484		33928	30932	38727	39231	27984	44169	30705	28298	31983	43095		1409370	1380741	1665816	1469321	1290091	1774532	1281747	1203108	1311512	1603843	
0.2324	0.527		35792	28912	22264	21438	36640	19071	22783	29765	23724	38625		1541810	1459252	1221572	1312992	1471085	1178029	1380677	1353638	1249899	1437922	
0.4938	0.4685		22809	30648	25605	26676	33770	25892	36044	35595	23049	25324		1516694	1443088	1266608	1132223	1562856	1225274	1216727	1509400	1320635	1259785	
0.6267	0.9539		35535	29154	30657	50529	44185	44181	32184	29310	32585	42315		1458494	1220523	1174007	1648293	1727875	1606884	1169255	1259984	1333440	1583058	
0.0884	0.0736		13709	24918	17808	11325	22823	19967	22100	13583	11489	14015		1218969	1463353	1268388	1079629	1456014	1398144	1262686	1175466	1100746	1253055	
0.442	0.9673		39547	41308	40365	26249	30582	29180	33193	30075	39467	31516		1309248	1442459	1444321	1151599	1178950	1277601	1209133	1225520	1449093	1227492	
0.6821	0.4004		36571	28157	24999	23683	25711	24090	24411	25205	24861	24187		1624008	1348064	1275421	1433122	1352533	1211155	1096639	1214685	1134164	1282830	
0.2542	0.0804		29193	19476	27037	24600	26559	16573	19147	19036	17743	16022		1384133	1398469	1569164	1409200	1449943	1191762	1181090	1460939	1280121	1383975	
0.0735	0.7991		28750	21035	22612	22050	24251	21629	21450	29138	28976	19590		1714644	1265705	1422416	1253819	1320848	1197823	1367761	1466491	1442584	1384344	
0.1405	0.9641		25579	20629	22187	34462	30794	24303	24090	29574	22155	23793		1306321	1149506	1263116	1456375	1321377	1309078	1220789	1345941	1184001	1185714	
0.6102	0.4788		46402	37426	27382	36315	31170	30591	31622	27427	34494	34964		1288234	1417048	1309156	1538897	1439597	1241072	1434144	1319792	1429858	1371717	
0.8082	0.443		26479	29373	29662	30370	33864	25416	37313	39490	27546	38650		1169682	1284274	1278992	1315516	1373328	1229756	1463619	1569376	1280518	1461002	
0.3156	0.4311		20580	20472	22065	20398	22732	20386	23145	22566	22429	29415		1279177	1279280	1295409	1249654	1327594	1299835	1129011	1272087	1362006	1545770	
0.8144	0.5174		27758	31421	29371	40117	40189	40758	28311	29624	38949	44038		1323656	1194916	1256940	1477492	1528562	1645239	1246713	1271785	1600845	1344129	
0.8985	0.7629		34513	46071	48916	48737	34980	37782	31448	34612	33117	47920		1291741	1664690	1535746	1316502	1405184	1242242	1266143	1266368	1199891	1122590	
0.844	0.4037		26585	26443	28783	26582	33827	32937	39215	31195	28812	28042		1510343	1349909	1174048	1439868	1240220	1307526	1659306	1324513	1192995	1286715	
0.6973	0.859		34165	33190	32030	32646	32590	38563	33168	42775	34405	38047		1164146	1264825	1218082	1300541	1464018	1211697	1157861	1531526	1384547	1387343	
0.5706	0.9792		42695	46793	33630	41761	38519	31971	31789	37504	33625	31719		1580566	1335386	1481669	1490676	1371310	1285871	1196764	1523944	1481064	1260757	
0.6959	0.298		33072	28483	33078	23128	31486	24166	23461	34906	25024	23709		1488265	1334661	1407686	1277015	1417033	1594352	1287116	1384023	1395311	1214226	
0.2226	0.8731		25997	20822	24100	21569	35584	23464	24141	24391	25962	25503		1289665	1102664	1147134	1007351	1318581	1165719	1201843	1167242	1243047	1178196	
0.3737	0.2821		28313	20427	21249	22753	22452	19544	30277	30660	18041	21713		1344256	1223464	1326351	1291058	1245082	1268422	1551364	1400496	1172074	1298645	
0.0696	0.5765		17444	27918	17974	20059	20414	17051	17044	21729	17192	21572		1319753	1322083	1200019	1190417	1278178	1191322	1201110	1404489	1306139	1335786	
0.6257	0.7068		53819	42577	31479	38851	36333	32825	31385	33053	39229	40139		1367858	1407976	1326737	1436725	1204090	1407741	1523668	1216351	1380616	1107938	
0.9401	0.5431		41406	31208	34236	42997	30920	30478	39017	29212	29461	27243		1432007	1271009	1332477	1567856	1261751	1178188	1228387	1263473	1384871	1173873	
0.3883	0.3714		38701	23603	31806	33170	26620	30816	21712	18170	21027	20841		1614174	1419845	1684212	1699142	1369729	1341950	1299835	1255560	1126039	1227103	
0.3943	0.2612		17004	32917	29111	28790	20412	19203	22020	18937	21191	20050		1154921	1452984	1655922	1627740	1297845	1307825	1337453	1182241	1349925	1206193	
0.3617	0.5675		23109	23251	32936	27724	29888	23844	23106	33157	27600	24583		1199032	1101468	1340181	1342193	1385388	1208187	1317980	1384980	1410225	1346074	
0.6691	0.9943		41987	37828	36467	33658	41313	35502	38242	35786	35063	33070		1529576	1406299	1379753	1216785	1323241	1404650	1264144	1261380	1079378	1201694	
0.5739	0.7735		39353	39845	38300	31188	30107	38590	40661	27482	25738	29602		1462652	1282045	1472576	1166079	1162284	1376385	1198282	1038390	918529	1399201	
0.0506	0.8084		18715	19084	20643	19309	22452	22055	26860	19309	17722	30277		1167807	1161363	1110730	1194403	1255026	1341565	1471569	1497218	1335913	1384224	
0.3736	0.8661		27960	38768	40584	37946	28642	23888	23808	26885	27539	36194		1356712	1451871	1595586	1367404	1223328	1189732	1021755	1220013	1169244	1445061	
0.7041	0.4176		35413	33639	35946	26221	27089	30504	25874	43188	33573	29260		1317339	1612558	1514345	1262100	1573785	1427775	1190636	1555829	1426666	1450035	
0.1665	0.4855		18772	18866	21394	18890	38329	21608	16200	18258	29469	30598		1350167	1280234	1164734	1243199	1616687	1391025	1113431	1412544	1519880	1459120	
0.3432	0.7574		28861	24849	35232	31477	28171	35603	25415	25270	36861	36899		1353961	1258151	1329310	1291534	1186469	1415814	1076226	1127847	1333428	1152171	
0.47	0.3622		20605	20595	23171	33493	28863	21344	37705	19898	21642	25761		1072980	1184703	1381575	1478454	1373530	1239945	1647188	1341713	1331641	1435256	
0.4303	0.1844		30429	30188	25708	33507	21414	25388	19706	17470	21934	18633		1336923	1565908	1352626	1642832	1269440	1425856	1296965	1123085	1328602	1157404	
0.9753	0.5434		39477	44618	34046	31861	38820	34191	31806	33288	43211	38337		1424907	1629351	1341143	1154200	1342169	1220745	1349879	1302365	1575323	1388035	
0.1985	0.1083		27615	13700	29271	27344	16266	13412	26202	24496	19449	13469		1705002	1182623	1133826	1332766	1214270	993990	1655036	1491643	1239685	1188486	
0.4956	0.6604		43554	28091	30866	27111	38733	24039	35939	28537	25630	36894		1301239	1200159	1365214	1192913	1204074	1182318	1490230	1241801	1171453	1415802	
0.7986	0.3903		26862	29174	28577	39392	27807	26071	36837	36237	26705	24465		1291458	1209159	1222204	1449333	1451839	1280889	1455959	1415299	1316640	1381711	
0.234	0.096		17822	25899	23085	17539	17902	15937	19624	15865	16113	15079		1232446	1539037	1362970	1199417	1241891	1154807	1125947	1113924	1096280	1213217	
0.5771	0.9394		27939	30892	34255	41139	32186	41972	40926	42090	42109	50943		1367794	1259346	1313797	1460086	1389649	1663787	1609174	1679155	1555196	1732477	
0.25	0.7489		22047	32104	31357	30877	27177	22686	27893	24075	26841	36196		1146024	1503951	1573671	1406153	1291120	1269130	1347454	1042502	1674599	1567859	
0.0962	0.9497		24837	24117	25083	22020	23467	22352	22241	33467	25368	28674		1407411	1397334	1353538	1231892	1355609	1350449	1218815	1396767	1637612	1641004	
0.6937	0.0814		20433	20228	19598	20112	19955	23936	22701	22366	20048	24310		1393855	1196453	1129336	1159257	1147582	1173911	1283060	1158910	1117837	1134724	
0.2847	0.5789		25550	30680	31561	25527	20643	20433	25584	20721	22814	24076		1428381	1626157	1425431	1471818	1392350	1298274	1323122	1322168	1345493	1270250	
0.0877	0.1922		18725	15431	15923	15206	16673	24404	16673	19458	16930	17649		1237259	1340695	1248988	1307451	1322589	1440912	1177807	1345050	1251261	1205735	
0.5483	0.1135		22690	16368	33384	22349	29856	30333	22549	19606	30306	26368		1077330	961513	1481702	1339071	1297837	1480534	1195892	1263376	1392768	1292471	
0.8647	0.2092		23759	34035	26634	33866	29818	34815	23921	24649	35141	34095		1257154	1587088	1263816	1490177	1366534	1389051	1147614	1151488	1289334	1495130	
0.6945	0.8451		48565	35012	40069	31274	47322	34013	32960	38075	35238	30414		1682842	1359956	1355432	1176102	1233344	1308675	1152120	1358910	1488974	1136193	
0.3561	0.2856		31862	17473	29927	21844	21190	30067	27127	24605	30105	30402		1242230	1070975	1537162	1235293	1315973	1595254	1439296	1417414	1579799	1436313	
0.6647	0.6579		25848	32106	36314	30482	30722	31201	38228	31061	29296	30146		1180143	1261520	1320892	1202082	1255964	1250322	1236954	1245270	1154285	1244813	
0.7224	0.6446		32018	34546	41156	34795	29631	35494	32260	37709	29781	28976		1440893	1372017	1682881	1374736	1278447	1357121	1306176	1604330	1402339	1093163	
0.8602	0.3222		39933	25087	35482	25992	29609	29863	39035	35729	23104	25349		1456142	1226513	1531439	1250923	1285832	1298209	1675607	1710681	1143714	1287423	
0.7584	0.6319		35869	44020	38883	33049	47845	45728	41368	28543	33552	42462		1235364	1208653	1427873	1473816	1580565	1251983	1494573	1044736	1230179	1760968	
0.2675	0.1665		14481	27180	20938	14209	17398	17237	20132	20009	23105	16895		1263402	1402944	1280436	1217736	1218921	1367839	1352013	1292572	1270493	1310176	
0.3371	0.5169		30033	32739	31123	23073	26415	29444	24895	22656	22420	22598		1456578	1621215	1615481	1466091	1356977	1562017	1391274	1345820	1317061	1231823	
0.3957	0.9455		27978	40423	28914	41632	41828	41405	44016	33051	33526	32860		1361365	1434575	1147066	1379713	1269180	1416151	1570642	1316385	1388141	1328587	
0.2238	0.6427		23699	27319	24373	33021	22220	18810	18919	29633	30936	23112		1648734	1407390	1254168	1774193	1322886	1082613	1108361	1581124	1494420	1223778	
0.5116	0.6335		42097	42650	27917	30743	24120	29335	37228	30657	23260	23876		1497176	1572650	1494327	1366709	1308000	1252844	1727823	1350289	1059883	1166788	
0.054	0.4565		16261	16877	26703	23797	26230	16668	26129	23672	24996	26945		1298198	1344001	1637850	1378740	1463556	1280592	1604312	1500399	1471946	1565764	
0.7955	0.4428		29638	37377	29414	26404	27571	27770	26394	35429	32905	29594		1245102	1303522	1258004	1051658	1192284	1159594	1384794	1279747	1410543	1499886	
0.2608	0.9331		24734	30515	24695	26795	25453	36044	27814	25091	25838	28820		1482132	1514405	1250445	1331187	1159493	1375005	1345743	1127963	1264568	1163971	
0.9293	0.3535		27465	33838	23770	31493	31606	29714	26555	29034	40024	42310		1157604	1239582	1090934	1288754	1305054	1393306	1327351	1273855	1247866	1393422	
0.0954	0.3216		21561	25244	24833	24857	21502	20163	28732	18073	20773	24017		1653604	1386754	1438971	1462948	1331775	1462188	1425836	1335999	1347282	1364307	
0.3379	0.6864		39926	33233	28506	43011	33880	20885	26223	33417	36007	26623		1591859	1496094	1292992	1647244	1529397	1116791	1234282	1498117	1553883	1308547	
0.7763	0.6978		31998	30546	41166	31630	40685	36451	32604	32788	42261	36998		1469621	1324687	1326525	1235877	1407221	1220616	1503448	1253220	1486597	1163025	
0.6192	0.9911		34427	41336	43837	43883	31394	33153	34715	32057	28122	37833		1286797	1406207	1607207	1524538	1154178	1426567	1174438	1034745	1072382	1351075	
0.1759	0.3843		18745	29892	27391	25622	17542	18162	28435	27413	24296	27360		1156887	1543214	1480259	1158102	1218484	1128701	1468829	1508685	1372983	1411562	
0.4817	0.0924		33855	29591	26725	18438	18600	21184	28079	27544	20398	19196		1477590	1594131	1534854	1266563	1284792	1316956	1597714	1474568	1335182	1282539	
0.9533	0.9513		39121	38146	40565	50056	50512	52352	41336	40269	41050	40949		1266556	1285386	1171602	1317954	1503620	1493851	1176415	1273417	1301368	1282213	
0.4027	0.4639		32005	23553	21460	22697	26332	26577	24538	35462	31345	19382		1666239	1267693	1202499	1058932	1239584	1206156	1209218	1532331	1439158	1374959	
0.0787	0.9535		24841	22346	30771	21709	30419	31467	30626	22361	30785	32861		1359168	1160421	1545413	1196987	1267824	1574726	1321652	1275920	1471841	1453799	
