2	3	
0.4174	0.8773		58718	84856	73294	53514	55152	76662	58021	73244	73337	61114		1533076	1530509	1369030	1388400	1339147	1745137	1258934	1423836	1387569	1395416	
0.3104	0.9959		54067	51831	62548	63400	43191	79032	53713	53815	45931	54848		1434165	1179019	1314522	1338167	1212980	1332560	1017751	1349641	1056406	1110653	
0.5618	0.3857		56816	58925	57073	48911	61908	66472	53303	73239	50436	74458		1290031	1308338	1466986	1229933	1517916	1381132	1431512	1283545	1117407	1366898	
0.2859	0.7255		67484	46233	54824	56588	61753	50389	57001	57550	52167	54652		1410058	1410203	1372097	1722283	1405343	1334753	1378350	1281074	1222992	1227886	
0.7971	0.9248		61515	63687	68093	57918	83728	89051	84220	68063	68845	81224		1423223	1384706	1276589	1608933	1584681	1509267	1679538	1318437	1343222	1639462	
0.7922	0.4853		70931	53107	55463	66939	49349	63356	50149	58499	54551	46089		1236324	1370966	1384147	1312603	1243600	1474567	1294589	1607957	1207898	1290396	
0.7146	0.947		61837	83489	77795	74989	75888	64477	63794	68600	84465	55982		1463915	1693551	1449923	1538380	1588419	1203219	1436459	1551093	1572320	1125148	
0.4782	0.1811		38178	45781	26803	31174	42759	33583	47256	44140	32513	40424		1025715	981458	1197574	1006778	979827	1043558	1150074	1184003	1103440	1108094	
0.8723	0.3423		54707	56103	44758	66080	57976	47959	53958	54641	48334	62627		1375815	1116685	1104778	1258597	1326663	1257394	1305730	1217071	1300129	1526727	
0.2074	0.3189		38202	36716	24758	34834	35473	45828	39810	51174	35588	39631		1380227	1159570	1192722	1239160	1418953	1287729	1368384	1273277	1237622	1376987	
0.5164	0.7844		52551	54562	70014	70207	45877	43946	41772	53785	63447	69449		1538640	1500307	1391326	1532881	1382852	1331947	1508098	1267466	1461092	1551824	
0.5189	0.535		38854	46956	47849	37211	42299	43500	43066	38850	71787	36521		1284716	1228466	1417724	1042891	1021999	1386707	1039339	1222140	1178890	1294796	
0.3066	0.9725		52238	61147	61257	46495	46695	51738	63866	43055	63986	57487		1537494	1527758	1238763	1403123	1249655	1481114	1396757	1408936	1257656	1328119	
0.6055	0.4531		42596	50248	46660	48899	76112	43497	41466	50926	53992	69113		1408861	1487661	1480161	1119281	1337789	1059622	1251768	1298760	1428745	1340800	
0.403	0.3226		38836	67848	33621	54118	47869	35593	42477	44470	44515	34263		1172825	1489985	1295905	1501560	1499670	1001344	1329540	1212321	1282666	1234657	
0.9321	0.8865		88384	58337	84008	61760	91592	51235	78536	58004	91222	65390		1572642	1252963	1341823	1278628	1529205	1175780	1380629	1378501	1452988	1280951	
0.881	0.0539		50337	67875	47336	43043	45422	68092	58527	49455	56323	46463		1592699	1593513	1368556	1361463	1467895	1393794	1467570	1315438	1371535	1220347	
0.6201	0.1077		49328	72430	42533	38134	53845	62522	46956	40308	58642	33375		1421068	1234699	1106506	1180439	1319991	1289896	1153749	1475841	1504802	1056795	
0.9689	0.0757		36554	58599	45470	49610	44215	49685	71022	63302	42041	54057		1227905	1151843	1271591	1246264	1272912	1326977	1346595	1611657	1187727	1222618	
0.7785	0.6021		72867	77058	64781	77434	70733	87528	65531	58631	74327	66062		1669306	1338126	1511154	1362384	1447302	1478103	1283597	1321479	1380570	1506619	
0.5139	0.5058		66191	48503	53150	46673	36432	39589	43259	44587	37065	37011		1699277	1343429	1521942	1218614	1373284	1301467	1289106	1298005	1170950	1086457	
0.1138	0.0613		36005	30634	48723	39938	30188	57315	40019	35661	46527	41205		1444836	1475901	1347860	1235523	1179999	1244583	1386382	1195236	1278978	1315868	
0.7165	0.7723		57027	92297	64713	66415	67620	54001	49199	48200	73882	59120		1220212	1270590	1570535	1368453	1187638	1126195	1214969	1353876	1302525	1288396	
0.0781	0.534		27024	41618	50942	37046	59947	40631	45397	34067	45981	33083		1368134	1447885	1529857	1340088	1365637	1329870	1204881	1303858	1387535	1255074	
0.3238	0.4944		41304	64465	42086	51969	38583	32943	33386	46083	40034	38353		1505077	1530069	1281361	1765903	1191330	1076401	1237987	1219514	1148132	1480835	
0.2525	0.2435		64774	37999	45754	49912	53865	51687	77878	95184	51978	29233		1686585	1405331	2166333	1505240	1389539	1687508	1766446	2340638	1629677	1285272	
0.7608	0.3431		61537	48388	59308	57635	51125	41421	51347	49756	50368	82310		1450212	1252859	1345372	1571843	1217880	1088387	1226983	1161410	1577809	2008843	
0.5321	0.2076		40041	73900	80813	51977	42550	68266	39281	46703	82196	43371		2000551	2029084	2135702	2040048	2276354	2348513	1152771	1168165	2276820	1849542	
0.3828	0.2326		63406	39286	39665	49640	48784	70187	50240	48655	46153	92051		1848059	1466263	1390254	1395563	1508589	1456696	1372512	1361564	1289677	1463456	
0.5779	0.9653		62694	66615	44826	54476	83548	51386	83331	59724	57698	53802		1574879	1213972	1086098	1360759	1481064	1323508	1650511	1436826	1430651	1507554	
0.3782	0.8651		53814	66189	46752	73981	49710	64155	44949	45067	53393	64109		1441681	1317618	1283872	1433321	1063249	1290423	1225633	1211446	1267058	1189687	
0.7791	0.9041		83752	76852	80266	71513	79129	63982	83545	103376	57032	64340		1622857	1615218	1279156	1279476	1460286	1456546	1426748	1663170	1269773	1381923	
0.1914	0.6702		49789	63231	51061	45220	44979	45577	61036	44753	63621	37176		1578767	1676972	1349588	1423390	1625292	1689303	1645174	1426749	1507784	1247505	
0.757	0.6253		103004	81122	44463	52754	117955	62243	77996	60336	55259	66231		2126776	1571849	1121177	1442886	1618960	1529470	1537678	1331730	1558591	1488088	
0.4099	0.4689		90371	49767	43291	81373	46681	94616	47858	62268	47288	51473		1364980	1880741	2243332	2435938	1400833	2439309	1858646	1503621	1371533	1429283	
0.4409	0.2848		39016	61834	48404	127912	57967	54787	53034	55092	58181	61552		1743620	1649146	1235829	2019303	1636856	1647762	1458746	1587838	1482317	2618985	
0.1247	0.7762		47463	52879	37101	39873	32504	30647	31835	38738	55923	40973		1487118	1758868	1365081	1148673	1036024	1014002	1226603	1217447	1526497	1254923	
0.2602	0.6611		49371	47199	51541	43525	37469	47847	56357	81615	60610	51541		1259225	1250955	1322749	1249534	994822	1207348	1230820	1302980	1492268	1346983	
0.1163	0.7646		48731	46016	40053	45070	37640	42299	37152	37659	41096	52203		1665559	1312134	1402958	1453637	1268801	1296437	1199008	1040584	1243466	1486101	
0.7448	0.1957		66000	40588	70207	43647	75615	60062	49523	67478	43919	54454		1533154	1295736	2307714	1663044	1654471	1968997	1799027	1333044	1185015	1201365	
0.9106	0.6033		52177	60315	73251	86644	54527	50988	63618	53164	58738	56792		1571675	1366771	1385897	1365022	1519594	1308217	1245408	1328861	1130120	1537414	
0.629	0.3739		41041	40786	40003	139739	63841	79900	103876	68681	49544	146725		1315760	1310102	1374947	1449745	1734703	2064621	1715767	1568059	1220204	1521052	
0.3058	0.9098		61931	41924	61627	62164	43971	70265	53239	48949	51589	44780		1255886	1387913	1475574	1398833	1056714	1327334	1466874	1756056	1206776	1173320	
0.1696	0.9188		38812	45457	58755	47215	43577	71873	52097	50752	59424	35632		1278452	1859380	1519029	1282716	1743850	1572298	1509134	1481111	1532169	1191240	
0.461	0.1181		38713	50103	38036	42908	55970	41176	35538	42465	32763	45771		1409874	1498271	1638383	1588360	1691869	1330306	1162483	1176831	1293354	1336490	
0.6351	0.1719		75626	66140	47113	41386	47567	42007	69496	48008	47395	43490		1750369	1498981	1706904	1203153	1393955	1357301	1815376	1156139	1328231	1503659	
0.6761	0.2114		37090	56418	49599	51336	57493	61123	59946	53998	42072	47585		1148770	1385537	1478412	1463417	1492844	1581014	1553024	1161323	1249524	1455840	
0.3608	0.7323		47766	55081	40768	48270	55021	43621	36961	64710	48769	49682		1283779	1449906	992675	1306428	1454035	1146816	1246033	1434843	1152779	1232355	
0.8751	0.357		49782	42691	54917	44327	62013	52230	66532	53569	72949	73863		1161307	1309739	1226703	1268772	1345976	1512051	1373917	1257346	1434359	1404070	
0.8032	0.2814		76624	72685	78917	55739	73659	66250	45786	53649	47488	52549		1498679	1396253	1450634	1445497	1578165	1415504	1111896	1140282	1192537	1180494	
0.885	0.1238		58937	63180	52061	68669	66714	50295	48255	47949	40045	65310		1437264	1334808	1613285	1524782	1867609	1583174	1305368	1160028	1450212	1543913	
0.3178	0.5326		54550	62480	42252	48875	51480	45647	45795	41835	47187	40781		1452547	1357099	1382510	1103215	1269971	1454629	1262880	1072495	1195845	1261340	
0.0796	0.6012		50346	43998	29789	36881	41668	35413	33730	37234	49377	50769		1413592	1300732	1008951	1200381	1243001	1482056	1199707	1407131	1586859	1468147	
0.9693	0.7356		63083	60708	69342	68221	60968	68678	54291	52182	87409	64218		1201561	1267777	1395905	1175070	1183978	1322302	1087722	1266921	1540789	1357267	
0.5334	0.5161		77521	64239	64512	50731	49606	49151	48555	50044	46922	87222		1941457	1843329	1354319	1313872	1356027	1305936	1372281	1585393	1507966	1437163	
0.5022	0.0922		49196	50621	63342	47569	38175	48665	59462	59139	36365	34263		1902707	1769825	1743560	1499805	1409666	1787642	1341168	1495753	1380896	1281329	
0.4266	0.4632		46744	46860	40771	50991	60992	44938	43824	56823	41995	39297		1392236	1612085	1812518	1374434	1343890	1461267	1106774	1081330	1428416	1502389	
0.1035	0.1522		26917	31484	47975	30270	33443	60127	41868	40118	40570	38038		1264654	1248023	1221778	1178705	1134518	1250568	1310551	1463750	1368242	1420037	
0.4614	0.6686		42132	64920	46191	37501	57110	53489	51252	69574	45244	46345		1498994	1386055	1262878	1237915	1182351	1526714	1325489	1587978	1333034	1038447	
0.9895	0.7558		62161	87797	71706	71691	63215	85949	64619	83617	51654	93174		1407128	1366709	1847360	1305916	1640835	2436793	1448858	1504609	1163975	1453678	
0.2885	0.1276		34897	58083	44928	60380	35900	59416	33605	49141	43932	40366		1355502	1385146	1347970	1331391	1405815	1404985	1638295	1345503	1284792	1341661	
0.0867	0.766		43191	44106	42184	41903	30884	33214	39323	49669	40062	37262		1875285	1317360	1513921	1390835	1207137	1330383	1425691	1654460	1217084	1449658	
0.8684	0.3336		77868	46708	57821	63710	60372	56261	62484	67816	75155	58427		1764517	1366349	1210089	1308044	1361461	1294216	1363803	1657443	1438697	1568051	
0.7815	0.2937		65038	57385	53921	76584	90935	70574	50133	61787	48931	45442		1437179	1415086	1559099	1496462	1282939	1520677	1418437	1277369	1300765	1181202	
0.3146	0.7479		49096	42009	54954	76163	69572	60220	59672	82808	66553	46441		1349055	1130820	1534233	1631676	1631628	1367632	1750356	1538228	1591402	1462109	
0.2937	0.4296		40354	48206	51950	52647	52566	41643	57606	38581	50436	48147		1481528	1259573	1266360	1270963	1502862	1687123	1238965	1217829	1371763	1356628	
0.9934	0.5099		62950	61875	53070	73156	103674	60608	57510	52252	64879	58711		1407667	1468197	1390274	1446400	1388368	1315698	1237047	1332216	1520772	1056592	
0.6396	0.0911		54823	43775	47261	37452	59010	66183	46103	43194	35688	43362		1540881	1171933	1024152	1110056	1452129	1293283	1172271	1141937	1363535	1220105	
0.8243	0.3252		48368	86942	71741	66533	53985	55154	46512	39851	75481	53621		1244495	1758526	1429489	1670385	1354092	1367149	1081894	1213765	1353774	1453163	
0.9115	0.8429		92962	73815	63884	75652	57765	85727	74259	83004	51981	82056		1590055	1253219	1282342	1069375	1151733	1374622	1515014	1329041	1243336	1550674	
0.9894	0.9401		66804	64321	52850	59426	66582	69416	63567	83424	56246	60851		1315835	1246099	1089114	1129442	1300572	1319944	1421401	1460500	1178914	1157031	
0.5487	0.7866		78449	62092	71999	53829	66595	72131	73388	71209	52218	71229		1625675	1263572	1499208	1485516	1302041	1430200	1572544	1361414	1604183	1550470	
0.1903	0.2784		37486	49713	31978	36761	37571	33031	37121	54424	47525	34932		1291894	1199899	1172057	1251715	1250953	1111794	1359925	1246329	1207821	1405972	
0.9522	0.1576		51231	60810	51751	68179	70015	46385	44303	44915	41138	57953		1256078	1430639	1262835	1421266	1301252	1168627	1100542	1293761	1215687	1182996	
0.4793	0.4686		75094	50205	36909	42566	52143	39816	62966	66144	57374	41409		1639372	1421518	1299813	1268878	1223528	1321683	1282407	1253093	1220391	1243631	
0.6932	0.2802		48774	63456	46836	44348	48825	40052	40080	56188	65043	48799		1350715	1304508	1080608	1215665	1206428	1062961	999413	1284132	1483956	1424789	
0.1939	0.4153		34754	50291	56330	37868	45281	40325	49015	35348	35129	49157		1405113	1345192	1437500	1295795	1359795	1353178	1260108	1211684	1223526	1552880	
0.0519	0.5003		39738	37005	26461	40313	32142	54616	36409	43306	35836	28124		1394827	1177038	992943	1301523	1561709	1460852	1425347	1236892	1407205	1113239	
0.5029	0.8135		52607	52999	43217	46923	55701	61704	47375	47030	60881	47242		1168468	1406356	1152980	1209863	1482872	1209481	1188932	1166130	1330428	1161180	
0.4044	0.4529		51654	52704	72925	43145	44805	38359	54742	44610	37777	47012		1252110	1272142	1381187	1429521	1369873	1115801	1426125	1140910	1047008	1039944	
0.7259	0.1178		47235	42273	46582	51667	41327	49154	51175	71048	42625	48402		1319388	1150725	1321192	1204772	1398548	1354924	1544722	1421493	1337200	1393934	
0.1052	0.6062		31749	59523	37158	42790	37834	40507	51160	41106	36546	33130		1427790	1501222	1527919	1339709	1351798	1274850	1417766	1596618	1076711	1233711	
0.8113	0.8144		58559	64777	69724	77631	79020	70613	56321	56278	70214	59902		1509127	1533542	1376434	1518983	1424819	1273194	1182779	1424437	1412167	1423262	
0.7757	0.7156		54406	84396	65122	57473	77126	74201	54477	57738	67407	57072		1190247	1522036	1249053	1063759	1358348	1313274	1257826	1317802	1297048	1257313	
0.9808	0.7032		97935	75839	64511	60484	60656	68849	59025	79746	71063	86070		1648033	1539314	1497229	1394277	1401668	1287369	1273050	1378596	1424528	1721590	
0.9615	0.4617		44507	72324	63201	79804	62194	62773	49599	76345	77706	61672		1030667	1327177	1267895	1449105	1567294	1075837	1475547	1417809	1347079	1250461	
0.8543	0.3808		49452	63303	74752	62076	50617	70579	47394	77800	66901	51884		1262045	1353892	1611584	1273582	1335458	1523831	1507174	1497332	1416498	1177583	
0.8632	0.7932		54842	61212	59297	68691	68798	74649	65452	86050	85623	66615		1233034	1385694	1183358	1179656	1390037	1354865	1537072	1602818	1517422	1353046	
0.1992	0.6741		58105	49160	46023	38469	51600	58367	53107	55572	55166	58684		1146053	1223342	1461487	1148579	1507992	1559421	1515691	1289329	1329847	1219759	
0.1041	0.9645		73165	42964	47441	40036	32977	46595	59493	63011	43330	57481		1572717	1394299	1309472	1175132	1159593	1288908	1425261	1435961	1306385	1179859	
0.3853	0.1674		40711	40044	32387	30427	55821	55782	38252	48158	37760	44156		1315267	1149784	1026988	1057158	1331294	1480271	1100597	1364929	1276862	1268127	
0.7178	0.8584		65277	69801	65352	67287	50484	55202	59736	62405	62317	67484		1381500	1248956	1573265	1401017	1098052	1133086	1202855	1446158	1273643	1359458	
0.8782	0.2197		47287	61193	71843	46997	58665	39839	57774	73452	55392	70630		1386571	1332522	1303850	1250622	1370604	1206998	1329049	1539803	1321118	1404492	
0.1751	0.1472		37915	37005	42153	54189	29492	31290	44131	34169	32907	31884		1399053	1296482	1440058	1577475	1345623	1230419	1575342	1309106	1158757	1073393	
0.5549	0.7549		52863	74722	76144	57687	48420	72287	49217	63059	49483	57338		1443358	1637915	1714944	1459701	1131171	1252139	1156008	1311610	1176130	1088922	
0.1324	0.9208		62645	37601	52424	61520	49616	37777	49330	37911	46124	38416		1708739	1361277	1339561	1578458	1518914	1262603	1545062	1255987	1248937	1151427	
0.2884	0.3295		49581	35036	58428	36959	58281	50741	31252	56115	51076	60824		1160381	1435568	1354648	1261308	1663780	1245387	1081991	1659704	1321284	1295170	
0.0883	0.7162		37868	43688	33750	46318	37173	35684	43647	41042	38314	29623		1503882	1253627	1285377	1239321	1297118	1269799	1146168	1239033	1259548	983930	
0.8103	0.408		68114	47544	60760	72345	68228	60014	55605	78664	74541	79280		1486168	1265016	1325081	1687645	1292338	1258438	1405846	1658067	1650161	1172730	
0.8637	0.2573		41964	49334	61458	51853	62352	46785	71172	65087	60325	52402		1215101	1230891	1566929	1253440	1569211	1482045	1187157	1280082	1282094	1366889	
0.6727	0.3717		62016	63795	61187	67878	56587	44746	60937	45187	51476	45913		1533592	1331405	1551136	1360893	1149836	1453590	1325784	1169553	1291468	1189721	
0.2612	0.4387		43431	48339	58738	44255	35895	38049	45330	41746	35803	40395		1169095	1357552	1475702	1060064	1453065	1212045	1424013	1245488	1496964	1152645	
0.4221	0.3719		43033	51512	51258	32521	43737	50805	38875	58472	47359	46191		1212064	1355675	1226827	1047372	1119769	1274670	1238534	1396211	1212433	1267751	
0.6443	0.7197		47411	53039	66148	89045	56639	63671	52685	39349	54639	59022		1000451	1445105	1124001	1316450	1107899	1087149	1457518	847535	1130291	1173371	
0.4852	0.6826		54517	56079	47273	50000	49468	44387	44212	50708	48404	52806		1314002	1323420	1558654	1271608	1368021	1132628	1287415	1196976	1447221	1614064	
0.3087	0.3631		37283	36066	37559	43588	38735	39362	52789	41752	40345	35391		1245803	1070641	1259903	1242958	1161000	1219072	1578463	1224162	1169477	1248785	
0.1614	0.0634		36731	44005	41763	38206	24658	37945	40381	40153	34321	31603		1226479	1285204	1359491	1251155	1161808	1374709	1273755	1286232	1324128	1220455	
0.2412	0.461		65354	70956	47392	48880	59449	32245	36511	34722	40951	51589		1483563	1670613	1288460	1465817	1454875	1221136	1185268	1190975	1272733	1438874	
0.3643	0.1249		39877	28953	38407	40197	49988	58134	52271	52608	39697	56613		1026698	1181451	1268124	1166119	1214740	1485945	1486078	1294120	1223051	1451269	
0.4228	0.5673		34256	42855	43590	43551	48111	47659	58338	45735	42029	57409		1248135	1341839	1167923	1270660	1130361	1318357	1391577	1199466	1371063	1438476	
0.5141	0.4894		67483	58935	56513	44172	56115	49738	42050	41459	51341	44186		1347696	1527051	1214838	1492792	1302997	1202101	1106113	1143004	1202653	1165796	
0.8457	0.4218		55730	57080	44033	54949	47004	50272	86533	56262	79552	56686		1435773	1216221	1131681	1226698	1153939	1391871	1328625	1246797	1634051	1377402	
0.4032	0.2938		52920	52419	62568	38273	45755	38232	38839	37430	55027	44980		1213121	1622805	1263848	1265205	1633439	1448041	1287478	1203488	1268562	1286067	
0.445	0.9175		40662	68296	64012	49844	55208	44954	66060	61200	66827	58256		1133294	1479411	1244637	1142426	1252674	1255178	1417825	1255357	1177662	1200437	
0.5058	0.4459		45411	44354	43245	50322	35986	47982	41361	47122	43659	50957		1456536	1425541	1222263	1191053	1135084	1385362	1240038	1384101	1260474	1305852	
0.2888	0.8508		47402	66500	47875	42111	46288	42831	59655	40298	50461	65541		1376572	1657147	1420675	1402005	1203030	1347302	1239424	1390315	1320381	1368859	
0.8951	0.7746		64022	71873	64291	66650	80002	78671	72074	71733	80311	78376		1633215	1184980	1147806	1313291	1195533	1224252	1454919	1238420	1335641	1288153	
0.6167	0.87		53157	70286	66232	75171	54215	60873	57525	72516	53489	61863		1242607	1475066	1426633	1286611	1160448	1149159	1379964	1444231	1337532	1617323	
0.5664	0.9949		67240	53380	44351	48702	68991	75517	63106	50281	71808	73852		1461634	1295486	1281377	1215460	1403457	1359265	1428254	1318403	1355363	1370307	
0.367	0.3877		32831	40825	34466	42848	39193	57659	56070	43736	40500	41287		1305364	1246060	1295558	1324947	1285100	1542582	1421009	1520621	1244304	1596634	
0.8441	0.2275		65722	45529	52370	54495	61571	40969	66509	75680	68765	50814		1517539	1373372	1517332	1186214	1300495	1095151	1343505	1420478	1398013	1162049	
0.2861	0.3549		35733	88465	43420	32944	53174	43926	42825	53679	41944	40476		1229947	1541888	1295199	1093245	1272834	1334884	1304020	1294748	1439094	1245244	
0.2377	0.4605		54862	42692	40290	43283	45971	39201	53462	58790	50920	53591		1375035	1318516	1255842	1369181	1235332	1293586	1379798	1516662	1330028	1366734	
0.1208	0.1411		33625	35304	31374	31419	34855	31175	30585	38829	35097	30864		1621990	1286179	1178100	1238243	1260777	1279202	1273600	1286188	1189590	1076643	
0.7021	0.9732		73952	58876	61479	76831	82312	50147	72129	83555	62262	75357		1332332	1235916	1571155	1612777	1442939	1282473	1298974	1555736	1549095	1480663	
0.1325	0.4627		36492	57270	43525	32893	43364	40312	28608	39873	29487	35545		1264898	1403994	1114134	1339505	1280138	1312963	1146828	1285630	1094936	1067635	
0.4629	0.6784		39858	50447	42558	74939	68354	44352	44082	63277	67838	41351		1303201	1240613	1369502	1538237	1711976	1186544	1161040	1317092	1224083	1153366	
0.3315	0.6424		48963	38267	44719	54386	61386	49442	43280	41219	43112	43181		1231563	1248929	1061534	1226046	1346676	1267331	1048234	1103583	1200699	1169093	
0.7329	0.206		61943	69955	52167	40418	46436	38830	61372	44526	52097	54603		1411382	1594716	1109145	1117582	1246060	1207636	1292242	1275446	1624846	1456473	
0.8962	0.4335		60955	68949	64498	49411	48399	71518	62448	61114	76474	72449		1423734	1462291	1443933	1204850	1175865	1345519	1264180	1231383	1359562	1180588	
0.5011	0.8028		69781	84187	46776	46885	57892	70717	59182	44198	68014	42768		1644199	1609000	1202417	1259300	1500088	1466155	1131415	1275368	1168915	1041310	
0.1105	0.8765		39550	38572	54465	60870	39296	43218	40266	31302	35142	40516		1168597	1388783	1497726	1543464	1155980	1208623	1236069	1006124	1243801	1190832	
0.3579	0.5771		43601	41739	39644	41524	34821	49409	48296	57247	36297	58851		1226885	1226729	1169285	1058035	1083985	1232226	1290747	1285847	1200007	1297991	
0.4143	0.4972		54606	47679	52908	70225	42090	39607	46184	44962	36586	63746		1433740	1022568	1472944	1426299	1148793	1230654	1401263	1237886	1211564	1413809	
0.6544	0.5524		54818	61847	57101	48113	41699	44941	58420	50437	82743	54614		1439469	1416670	1507067	1248366	1003245	1151019	1343093	1367504	1709599	1264709	
0.923	0.3526		69200	60255	54413	59887	69144	61352	75612	76477	63150	54413		1439150	1273627	1656841	1725776	1554340	1447261	1663166	1340498	1506843	1186348	
0.2076	0.6713		50017	44590	52921	45978	33141	51653	57010	32496	65393	44317		1389565	1215505	1240681	1556497	1149973	1575999	1458665	1418460	1609254	1396446	
0.3985	0.5976		43492	86559	58033	53607	43541	66775	44386	62647	61063	46248		1303241	1283692	1407417	1240540	1423214	1605581	1273550	1382764	1693723	1277887	
0.9886	0.1528		63939	63268	48738	63276	75251	50479	65033	70888	55758	46275		1578545	1493936	1235655	1379240	1370444	1300250	1473083	1247857	1250621	1212563	
0.0632	0.4885		53242	54007	50355	32010	32029	43037	43922	34615	32106	37265		1532708	1528504	1148056	1036010	1095479	1168577	1146909	1204627	1141537	1190412	
0.4673	0.4838		61413	43544	45683	53424	47444	52612	39291	41536	48422	44374		1676319	1334982	1196151	1225426	1291126	1387786	1098473	1209432	1365446	1301466	
0.4663	0.8327		50579	59762	57424	70909	41439	62788	46934	50658	59163	54614		1214330	1432642	1326491	1586228	1111799	1171283	1182933	1132471	1561095	1361006	
0.0675	0.4127		46502	52752	42441	31046	36561	39107	43744	31742	44437	30253		1494305	1498472	1170259	1315608	1281417	1343422	1408917	1416902	1331760	1216591	
0.0566	0.746		45782	58130	35839	34131	35105	55991	42259	36711	55895	37324		1634595	1685434	1200580	1203369	1183422	1294793	1342730	1633417	1312124	1173700	
0.4648	0.5368		46909	79275	39881	38825	41531	39174	47301	46604	50693	71167		1481720	1551633	1259702	1362193	1063889	1171886	1213611	1189305	1206654	1550742	
0.6122	0.2095		60343	67082	60266	40220	58640	41467	35092	57195	55316	43343		1638587	1575054	1349117	1143478	1263533	1152642	1160195	1496125	1401868	1350167	
0.4036	0.9166		43458	74006	66311	50631	54068	45892	52137	69906	50776	46259		1254466	1501697	1518714	1391822	1219341	1562988	1616721	1519205	1276954	1585244	
0.9098	0.2369		64618	55613	54657	65635	64598	66770	69624	46334	57300	52191		1545821	1483869	1309411	1404490	1280097	1232499	1477524	1455735	1207859	1195340	
0.4286	0.2934		33603	44169	49550	43172	38126	41529	48220	63126	42481	42633		1503543	1423794	1558110	1214926	1215148	1273581	1256207	1339308	1471585	1309616	
0.1823	0.9762		49611	76019	47744	34319	55194	45933	48442	60911	61114	41640		1154434	1380783	1374881	1549734	1322986	1269251	1422625	1684081	1524673	1323586	
0.5707	0.8432		48112	83860	65441	54875	75079	50334	69303	57635	46932	43617		1418512	1538424	1397705	1309816	1515604	1270394	1549979	1367090	1196309	1196081	
0.428	0.6284		69633	45245	49530	48693	57964	45368	42887	47594	75228	49921		1521651	1362166	1267082	1143238	1238001	1105691	1224298	1249002	1572611	1329292	
0.7362	0.2139		51144	63548	51859	45594	68468	48607	64592	56627	59079	63283		1216399	1704428	1241269	1280341	1247600	1285763	1317788	1272569	1238773	1361651	
0.3663	0.9915		58780	56450	69281	51857	43427	54325	56006	60940	66286	74205		1327972	1288504	1527501	1203089	1474722	1513654	1303083	1398627	1413911	1463296	
0.715	0.8207		60272	79670	59366	63115	81109	54771	63129	78456	58786	60178		1408626	1526871	1212840	1633246	1517366	1065096	1349507	1463161	1334395	1183264	
0.9817	0.8957		90845	58917	67938	65282	63908	67714	76275	56005	53135	83989		1743514	1332902	1543065	1326043	1503863	1400860	1541520	1279505	1311585	1537182	
0.7606	0.939		66411	75271	77990	69147	57808	60526	83448	70974	57935	59366		1535656	1426236	1423428	1251327	1363258	1364093	1328297	1254730	1074375	1186063	
0.9766	0.3627		50562	55742	47388	48039	49757	65227	58937	54916	62646	55250		1178053	1227712	1130405	1115918	1121928	1190635	1289211	1195917	1316653	1307222	
0.2378	0.0562		32597	52904	37056	33035	31877	34284	37707	49774	40102	26972		1234532	1495566	1194414	1124591	1213889	1161040	1527530	1222390	1247322	1406499	
0.4938	0.1866		41297	46484	36630	40883	38687	41671	39203	43642	58658	60788		1383174	1213650	1233399	1226141	1588769	1332039	1196554	1642677	1651199	1550673	
0.5161	0.3771		47119	54760	58734	46539	39380	40429	40713	37765	44739	58895		1400690	1327162	1485861	1225916	1134443	1288429	1138428	1159993	1374469	1330277	
0.7964	0.3508		51349	72570	53915	43583	57906	59314	45048	48937	47912	65852		1510943	1652060	1282132	1199334	1212608	1268295	1139037	1237510	1144543	1502276	
0.9278	0.8992		63951	118767	72691	61888	108978	61831	69180	71562	80534	81815		1386890	1493534	1518183	1348765	1570571	1280048	1651809	1607028	1631128	1632611	
0.5883	0.2548		46880	64261	56247	55547	46481	66388	38830	50387	36777	56070		1480422	1545371	1484229	1787198	1679450	1374345	1298587	1272749	1160556	1176763	
0.8877	0.3036		51217	43763	54394	54884	70819	44712	48081	62449	56941	69278		1284903	1498638	1286007	1290297	1254640	1182296	1157722	1493835	1444287	1323285	
0.9136	0.3737		52753	62484	50828	64823	52610	53264	75282	75751	62560	57244		1358913	1325385	1172669	1337177	1512739	1487609	1241417	1364404	1279306	1224484	
0.8599	0.3061		54442	58035	65095	54599	47960	79488	51005	78815	35217	55634		1397030	1445522	1556034	1413905	1606498	1689708	1414892	1583028	1370751	1508388	
0.3733	0.6708		61198	55410	42315	53703	42108	61438	49767	41276	47278	52824		1525103	1159226	1411354	1198630	1145438	1337646	1183702	1122404	1180141	1496478	
0.1519	0.325		38299	28741	37483	34137	43586	27718	34534	41573	45029	33848		1243597	1271334	1357120	1392073	1657684	1453767	1386426	1491036	1263217	1400549	
0.518	0.9766		43039	85327	56682	70026	59579	48826	66684	74982	74882	66352		1322808	1480207	1391722	1367292	1250465	1345361	1509840	1477652	1324329	1581468	
0.6093	0.7673		44591	69520	51949	63551	53456	54227	71625	70175	42384	43037		1432016	1460020	1625971	1492562	1343717	1450800	1379546	1424930	1263293	1054923	
0.1992	0.8218		41651	42850	37086	41983	43358	39574	49230	40021	34078	33162		1473150	1460019	1289194	1402263	1267972	1503112	1438978	1280262	1263689	1301629	
0.4418	0.271		47574	50712	41049	50617	40403	46167	43337	39498	39110	43764		1291681	1274148	1404405	1263603	1129138	1421243	1274907	1466930	1110407	1122007	
0.8535	0.8877		71541	52861	64360	62698	58673	61802	70872	72303	53381	54827		1144362	1098468	1213366	1386862	1217311	1194819	1639506	1354777	1015683	1094936	
0.6232	0.759		59031	77579	65670	78390	68300	70740	65178	72527	63733	44760		1472345	1398646	1348063	1220734	1594464	1584458	1312929	1255678	1231822	1300035	
0.5909	0.9502		55484	75860	56822	59138	68924	55467	71199	54814	63303	64888		1225817	1351852	1336139	1323982	1361783	1419799	1284480	1304500	1262119	1315703	
0.7531	0.7017		77711	71480	58226	79156	48092	89013	71479	68429	57696	76457		1437243	1570434	1540372	1427820	1228316	1428883	1659425	1242506	1358494	1534320	
0.9945	0.8963		64927	65580	65287	65317	64373	66784	78627	73077	66968	88965		1299131	1283303	1241948	1203959	1369159	1252282	1344325	1546969	1508143	1626045	
0.5334	0.0903		37371	49591	34878	36700	36133	42074	32285	63365	47741	44280		1253222	1081461	985048	1154221	1434173	1033603	926480	1255055	1239841	1583143	
0.2123	0.9817		49519	45694	51764	41839	41552	42498	53318	44279	42378	47235		1159085	1336723	1204624	1105970	1107882	1242281	1437098	1392951	1220260	1278850	
0.8881	0.8265		84911	84789	63937	71574	51863	64243	58544	59943	55418	65668		1584980	1704314	1378599	1376407	1228590	1272811	1247628	1221533	1124816	1196512	
0.8409	0.5685		57839	71715	78351	62736	48925	50143	52551	79286	60411	51426		1658758	1438143	1503542	1265032	1128962	1204316	1170417	1442213	1190765	1118822	
0.4376	0.2612		60953	43635	44959	51415	51818	37695	50334	35316	36587	56133		1258022	1336488	1360165	1317610	1291326	1363128	1257891	1210204	1132219	1295537	
0.4753	0.613		68037	70566	43359	62884	47800	49582	40405	60868	49713	49440		1413151	1630478	1210715	1445572	1220654	1380778	1474366	1343907	1227231	1356324	
0.9779	0.2074		53808	53896	59212	43343	52459	63777	54264	45762	59653	65508		1418872	1388705	1161630	1134220	1329589	1292596	1233783	1089061	1147512	1388237	
0.6026	0.0938		63205	50038	50207	39821	45397	53413	43411	62236	62180	40231		1727282	1219324	1495135	1310522	1510600	1508640	1341528	1550589	1407223	1576649	
0.0753	0.5946		33052	40310	33869	49160	50390	45640	51176	49125	56592	44469		1329461	1287939	1246283	1359247	1462262	1309845	1395079	1436539	1562896	1346053	
0.4655	0.5101		51671	50527	42203	60442	44039	55264	44123	66983	55831	41181		1619710	1284270	1424328	1572616	1374435	1578085	1443655	1273178	1374691	1185932	
0.938	0.6093		57618	54428	47544	50443	59850	60788	55065	60867	61626	79531		1355100	1250660	967181	1246742	1164385	1103045	1141962	1250425	1320570	1469165	
0.7826	0.6155		73402	63709	66014	51215	56371	63063	60661	55276	65438	79526		1610450	1550820	1383148	1291907	1385966	1298429	1546919	1273173	1539507	1397043	
0.4746	0.8861		51712	49694	46290	53213	51465	51396	42368	74216	55990	41750		1315727	1304600	1013916	1266132	1162389	1106336	1351229	1266671	1155101	1299232	
0.4253	0.4461		44192	66976	38760	39806	62122	56509	43342	41832	49422	49026		1234307	1152133	1256479	1220149	1388063	1203439	1469442	1340306	1126653	1261920	
0.9578	0.655		60992	46245	72828	63781	68811	87976	57080	61463	63427	63831		1577889	1255221	1412653	1352282	1564795	1335782	1653072	1226869	1238372	1257456	
0.2125	0.6042		55358	56379	61374	56039	49765	44304	43768	45922	33090	42275		1509591	1381217	1346791	1342385	1376166	1342737	1431693	1265491	1454151	1547865	
0.6381	0.1273		48742	65580	50905	52488	46761	53184	51454	41694	60412	44264		1427530	1484969	1370306	1249198	1354221	1279231	1233960	1419091	1251041	1441778	
0.791	0.2351		48681	52314	58579	65367	59176	58696	60503	45172	40884	63982		1351657	1438335	1354386	1486884	1290175	1372427	1573530	1106195	1244223	1275483	
0.8897	0.7233		55843	82829	63568	61907	62374	73891	83244	81018	74572	67223		1316120	1350023	1186046	1208619	1237788	1361344	1409379	1555780	1344859	1286390	
0.9151	0.8762		50691	85584	88817	50982	63910	55463	100677	75803	77866	73824		1238493	1618931	1470727	1208023	1039896	1342712	1498513	1324411	1290220	1262377	
0.6499	0.6896		68415	73404	57647	51522	53641	64485	56170	63030	57429	71192		1394105	1504551	1332737	1233697	1640836	1541811	1707796	1257170	1246335	1480818	
0.3045	0.7033		69604	47533	50366	52959	52222	57110	43965	50230	48899	44526		1511986	1478595	1539036	1171149	1373324	1415316	1313508	1591658	1159095	1079426	
0.3093	0.3476		47348	41713	59500	37302	55065	37581	37818	46700	37769	40254		1204739	1266776	1241336	1282207	1656763	1157695	1179928	1219566	1198917	1164830	
0.8381	0.5076		57735	69626	58091	51352	79272	60056	72268	57624	53429	68413		1439129	1337029	1468095	1385062	1333879	1517453	1570986	1272031	1446203	1631174	
0.5618	0.5707		61480	67600	48349	57696	45376	47378	53798	78489	38515	58721		1308846	1364763	1135406	1348098	1030968	1261883	1221080	1536322	1042910	1235696	
0.5311	0.8025		54842	65260	50577	57612	74411	65931	48573	54729	55757	111480		1435490	1382305	1498747	1681267	1761546	1490723	1189306	1458780	1591777	1504071	
0.3492	0.717		36374	36469	66655	67880	56140	50727	70669	51402	75527	66468		1193473	1420165	1279371	1283593	1491229	1213181	1494121	1543237	1425646	1499410	
0.6095	0.2392		51862	48084	45683	59448	48998	44077	41634	39190	52308	45386		1486358	1227126	1677856	1405171	1403007	1265321	1116155	1166278	1237076	1322742	
0.6053	0.9861		68370	71210	73640	56851	59703	63226	45316	61949	55553	59103		1459735	1453001	1366383	1198399	1116450	1297428	1370653	1528924	1433164	1303302	
0.4153	0.9969		51638	58828	52191	52077	64596	71970	64387	61052	43636	63720		1376434	1522117	1414346	1583454	1526549	1570658	1365604	1305654	1372125	1396547	
0.3521	0.8588		52018	61690	46450	68931	38774	53870	47584	81984	76036	56340		1227307	1319760	1527201	1644895	1106006	1116488	1306427	1239888	1482552	1476963	
0.1991	0.6922		51020	61679	46141	38174	37838	69150	48952	41192	61524	58623		1715038	1503045	1314735	1220124	1477424	1478927	1412767	1409250	1392295	1311905	
0.6015	0.1971		57262	46978	52110	62749	43877	46358	41352	49820	44119	48132		1415703	1256075	1309217	1405501	1159597	1166119	1156841	1177764	1170624	1254221	
0.8714	0.6944		62685	64532	59512	77090	55731	63893	87878	61337	57934	79093		1305278	1308319	1204124	1220554	1428614	1085487	1289667	1252186	1156558	1172628	
0.3781	0.9386		69145	60311	60037	59990	65554	63652	60296	46559	64905	63814		1776255	1669853	1249680	1566082	1074627	1037693	1084564	1112920	1198021	1321511	
0.4287	0.0574		40299	30705	40170	36235	57979	39825	38070	30579	38108	46254		996571	1159050	1276588	1030673	1182910	1176124	1121470	1137198	1269749	1183818	
0.7338	0.6786		84390	83786	76963	46714	58118	78913	61651	72343	72110	79391		1411603	1279848	1499355	1106580	1332734	1209893	1608665	1459689	1245332	1314496	
0.1206	0.7507		37595	55421	34479	50818	43409	47007	41838	41721	46674	53668		1325289	1295233	1385607	1352859	1134878	1166395	1577236	1285682	1233241	1365741	
0.8574	0.5768		51357	51486	80744	56234	79903	70043	66732	50509	48890	78612		1260012	1525167	1547107	1436818	1598118	1470742	1329927	1336859	1490996	1605633	
0.4941	0.5953		46158	51762	48800	67520	49845	42869	47147	50127	55631	50598		1345480	1579279	1653705	1631610	1233058	1139154	1262880	1266740	1379317	1396661	
0.2889	0.3484		56348	36416	40372	34995	39602	50567	37189	46440	39446	49002		1364789	1176021	1247426	1340517	1131103	1288583	1467633	1180220	1180563	1303743	
0.2757	0.7027		43218	62064	45192	41348	48621	57188	56731	46712	42950	37243		1220941	1346826	1288190	1261344	1293383	1424338	1468393	1539970	1440184	1275922	
0.3897	0.3808		38739	38888	50497	38529	49957	61207	39600	42295	46877	40725		1396176	1209081	1412540	1162955	1573598	1195453	1194587	1281120	1096920	1302523	
0.445	0.1164		46976	47866	35365	45451	38768	41268	38221	44218	51605	58088		1506023	1328765	1195504	1227239	1150461	1309947	1212126	1250172	1523598	1564798	
0.8107	0.6783		57279	53098	53075	71343	73835	65292	62331	62464	56392	54257		1254848	1448963	1185476	1388270	1584810	1278782	1393357	1288350	1234475	1278896	
0.5712	0.68		57816	55199	53967	45930	51480	54926	65536	73915	72848	62585		1575621	1295997	1423957	1176185	1387980	1644609	1246336	1177600	1584709	1393435	
0.3583	0.3185		37901	50803	33154	37112	37062	47330	40535	44785	40711	41669		1288647	1285790	1150924	1121814	1142278	1286655	1308214	1199731	1504915	1477510	
0.6449	0.7265		54947	60305	67939	71030	79351	64429	53789	68342	47047	61356		1271489	1352114	1506825	1561989	1598216	1389407	1291579	1480950	1254563	1543461	
0.7017	0.7577		95572	82952	76422	79269	61483	56070	53192	66097	66892	56842		1314885	1472499	1519424	1601723	1134825	1198696	1640995	1357404	1362607	1211397	
0.713	0.5969		75267	55034	77662	54795	46413	63218	76935	66158	66237	49835		1473953	1405063	1728958	1451669	1186896	1382552	1386780	1429368	1143108	1168655	
0.3334	0.6205		41684	51308	42429	58406	47224	37934	36175	44194	52176	53522		1455432	1297165	1362958	1574658	1594264	1041256	1094946	1566617	1352367	1372258	
0.6386	0.8665		63340	59616	54111	83609	63654	46887	53362	56626	74257	77000		1171913	1383383	1112029	1412138	1150666	1166087	1413881	1361857	1339063	1175846	
0.6853	0.4616		68465	61851	58840	61411	48747	65638	50053	50596	62981	57832		1581924	1302600	1263758	1240909	1440689	1306518	1425502	1591028	1403501	1259344	
0.0651	0.1366		28955	23315	40732	24222	33351	33797	27561	33650	30224	44072		1152335	1187769	1333078	1224583	1271712	1290331	1074535	1123772	1594685	1306651	
0.7274	0.4675		72105	60701	45734	50412	53079	50396	53202	59362	62517	79823		1680697	1247326	1335284	1422441	1314192	1258744	1262470	1250417	1260070	1305909	
0.9863	0.3077		67812	74744	64685	44921	53349	78068	56988	62110	94488	48986		1475493	1601871	1245592	1357606	1128899	1210844	1332422	1626764	1468193	1115896	
0.7076	0.4637		53109	108174	48597	54070	46678	60839	63878	59805	47405	47210		1241803	1402009	1237677	1294334	1297444	1253384	1396612	1192087	1381170	1360209	
0.8847	0.0551		40470	63566	55332	68701	59362	48641	43407	46495	41862	51761		1285238	1369358	1463562	1605722	1294891	1128131	1243821	1244821	1278961	1215632	
0.295	0.1768		38815	30260	33871	37890	39672	39632	34041	37353	43531	35783		1580227	1146433	1096059	1446693	1130993	1460178	1226360	1420415	1239427	1250789	
0.7895	0.7991		42408	56941	63849	56357	77008	78423	78797	69454	76690	63987		1154402	1439999	1458383	1583738	1417137	1558018	1336021	1184600	1534236	1320742	
0.9426	0.4658		79984	83526	77570	67274	59884	49747	62559	51056	57309	84022		1407578	1267246	1418572	1266129	1558906	1309797	1253370	1186414	1253342	1677027	
0.565	0.6472		71511	47730	48321	39439	51134	70025	45940	59930	41347	70586		1770330	1270885	1193813	1222921	1454962	1818170	1352564	1243975	1200625	1611483	
0.8713	0.4629		60230	64136	74642	76583	53315	78533	43981	74340	54290	76779		1252649	1485635	1439286	1579632	1584624	1456905	1175059	1323640	1322114	1444444	
0.0648	0.6784		51135	45306	37296	34512	43305	54198	34992	23377	29553	46532		1648430	1292870	1282624	1201546	1551035	1310112	1235844	1107997	1159606	1260590	
0.6648	0.4997		48394	78109	74122	60580	67183	46438	58268	53915	59932	69972		1430762	1308828	1608608	1407051	1429812	1243635	1596283	1218020	1505929	1362134	
0.5398	0.5077		50243	84086	64669	44615	47669	70946	67874	67754	57285	36937		1612274	1874673	1320440	1394417	1325713	1669132	1807349	1742549	1182668	1278687	
0.1737	0.3961		35670	35038	35112	47515	45898	47086	49051	54890	45032	54116		1359516	1191848	1292027	1310179	1370506	1501427	1391401	1536007	1305267	1371143	
0.8517	0.6842		73933	87377	68686	69224	60864	54422	83336	58259	80449	65980		1292908	1575240	1309943	1478753	1277256	1321624	1316251	1208276	1805708	1533621	
0.5174	0.8885		73119	85755	72569	73090	58402	49709	57597	56786	75369	54167		1449382	1492927	1458735	1465418	1285453	1334659	1489999	1393960	1605037	1212277	
0.2864	0.815		42074	65306	66670	50761	66894	72191	48179	49176	51691	37002		1386670	1458617	1553292	1449435	1467212	1616811	1534088	1493905	1335070	1103718	
0.9558	0.3964		60916	68997	57757	64256	70065	48040	62136	65409	55223	55074		1140414	1230515	1132666	1119116	1251687	1129070	1221575	1168337	1142445	1080226	
0.3334	0.5914		49171	49667	48232	46930	44985	40171	39641	53902	42439	44937		1399626	1312942	1528928	1290675	1189245	1124628	1131345	1280368	1347853	1262452	
0.3978	0.2957		52049	51735	42797	38981	57470	45281	45043	54293	45326	64353		1222268	1475197	1363688	1193788	1229402	1213931	1262555	1215551	1427244	1495163	
0.971	0.5869		70420	65337	71718	57000	53574	64653	51294	62497	64845	69671		1448049	1307745	1679365	1230786	1556549	1481540	1344126	1426739	1273383	1595156	
0.2658	0.6585		36752	53738	46765	46067	40093	43607	61622	56984	52631	58979		1234954	1272987	1503525	1181398	1174656	1221612	1268303	1527677	1266282	1377384	
0.2644	0.7869		44418	36354	56048	45110	49023	41691	59589	47248	42222	42113		1239219	1264161	1318419	1433957	1448765	1186298	1247222	1112485	1265895	1207152	
0.6324	0.8819		71310	80784	79276	60286	53390	66035	69420	70185	60400	55921		1173442	1415233	1250735	1157306	1272310	1344864	1658106	1404320	1352169	1350271	
0.3833	0.1359		35204	38631	31275	43075	46901	42791	48318	45472	31772	45049		1157062	1366855	1354457	1411183	1508702	1368903	1219411	1465253	1148782	1282010	
0.3116	0.4926		40372	48499	60158	40112	49091	43981	43756	43501	68475	43525		1408061	1826791	1477213	1392431	1346836	1449585	1618149	1318561	1418492	1222662	
0.3913	0.7542		70535	49444	43552	68518	73832	61193	55121	66194	59342	45402		1394736	1237074	1587522	1734721	1636182	1527253	1236005	1516091	1579956	1343565	
0.1257	0.4678		45337	59628	39266	42578	56187	42804	36112	31268	52967	30330		1391715	1771280	1375177	1409183	1581238	1448779	1355160	1250451	1377349	1193127	
0.7622	0.6756		49871	60466	73148	75643	61921	62298	50564	101103	56397	63721		1381610	1301371	1526207	1455138	1350085	1285931	1202368	1768106	1697607	1340800	
0.721	0.7069		59093	67653	68498	40452	62320	51274	60770	57855	75575	59781		1492226	1325519	1231110	987410	1086476	1035966	1364372	1275121	1497048	1332267	
0.1607	0.9683		61995	57882	49088	51733	44190	43115	36073	35159	46679	39985		1499106	1269565	1315868	1393487	1340650	1140425	1027924	1100651	1336016	1069558	
0.3079	0.2953		42489	61096	51984	54144	46384	40512	35031	56250	41191	47080		1425845	1548078	1676701	1334544	1338954	1105040	1351831	1498827	1210100	1188512	
0.1486	0.9611		54898	39907	49323	51752	53125	41150	55282	57307	47501	41139		1444987	1324295	1344189	1330180	1459495	1271689	1653562	1754792	1394965	1424560	
0.2558	0.3293		32337	44106	35348	48683	40167	38069	35783	50821	41519	44335		1196736	1476617	1218817	1534483	1320714	1267575	1220449	1398744	1216517	1503405	
0.372	0.7571		43583	72660	62119	43885	44400	39807	39667	55994	64646	45765		1226884	1244494	1347617	1308349	1175469	1126367	1148159	1357471	1278564	1581433	
0.6856	0.9231		62800	57822	97492	74238	66457	80117	57121	60225	54987	49956		1411418	1491860	1366464	1270865	1396496	1364247	1061022	1250593	1076623	1087518	
0.3697	0.8292		67370	49315	52601	56671	47018	44020	44971	39248	39526	47862		1635867	1571120	1489924	1322136	1265836	1255679	1220786	973743	1158310	1335541	
0.2324	0.4032		37609	34698	49477	43678	42253	29741	32529	56498	45587	47092		1120711	1231394	1332683	1262432	1453562	1129005	1138816	1273200	1395187	1555154	
0.4845	0.6047		57006	52227	58558	38111	70283	60617	66375	46759	58706	73742		1250574	1145393	1159600	1121741	1340345	1408334	1265770	1148091	1320711	1541039	
0.5349	0.9253		51767	40667	61983	48442	45107	49070	65806	54441	59036	69305		1223755	1266894	1283343	1242043	1195789	1158915	1214433	1268666	1343831	1545039	
0.6974	0.3673		69572	55749	58615	61670	68469	66165	40640	49381	59548	49141		1540328	1427032	1261481	1523743	1495298	1434026	1322419	1545157	1539016	1403679	
0.5667	0.7976		77123	50339	49071	49014	49967	78329	67801	42500	43394	41386		1779742	1260367	1311892	1237024	1618508	1619962	1156808	1017133	1011503	1185152	
0.8998	0.5542		73866	58913	63380	46060	73600	56600	62895	76747	68341	69366		1471042	1589707	1301687	1523083	1416726	1487898	1394388	1413840	1517660	1431559	
0.2891	0.2532		50122	51533	38854	50306	38056	46812	37687	56079	38308	59217		1146483	1270837	1246063	1331599	1305147	1217472	1379371	1456448	1572722	1475261	
0.1006	0.2151		30912	38568	42478	35200	32470	30796	32288	36303	31648	27443		1540417	1445151	1661688	1134420	1031472	1151916	976792	1203768	1315698	1041519	
0.4573	0.5355		40727	41112	44760	48799	67395	43376	49413	36945	47029	47041		1495885	1197321	1514107	1279833	1493916	1190324	1214552	1370926	1273293	1794304	
0.1102	0.779		45705	50658	44464	58161	47119	47285	34450	38565	37512	39302		1466395	1746303	1454546	1588383	1387105	1134062	1151671	1359916	1490191	1240256	
0.7004	0.6928		71924	56660	57933	59224	73028	52647	74564	72886	68114	59806		1452651	1222713	1354683	1371453	1411405	1382772	1572628	1431460	1294573	1142644	
0.4205	0.7007		47909	44995	58997	62040	44723	43493	45243	48371	67075	50395		1109326	1369297	1365555	1427664	1268734	1154093	1121496	1190792	1512522	1420480	
0.2148	0.2376		35527	34316	34183	32869	28662	35534	33542	40559	34396	37921		1035496	1140985	997349	1107297	1106555	1069864	1166257	1435711	1082491	1341431	
0.7425	0.9687		63795	114634	56421	85303	56944	70522	63744	50211	57506	55251		1298568	1393983	1263476	1677272	1424841	1478294	1175431	1045131	1077372	1202465	
0.4012	0.2473		49491	36279	50445	47910	31473	46338	51211	57258	44581	37385		1138952	1261117	1183152	1059749	1127987	1413501	1424400	1589222	1269993	1362224	
0.597	0.2313		49874	69060	63352	40455	52858	54473	35589	43084	59216	55423		1308466	1495036	1476231	1192164	1476168	1165050	1430202	1249922	1299424	1477243	
0.109	0.2207		25157	29877	38378	35483	33376	42487	46039	36364	36230	39834		1126138	1422213	1359015	1368269	1227202	1372893	1322298	1241566	1310132	1241312	
0.1377	0.4432		33414	41685	36123	33325	37036	34786	43547	28715	62227	51873		1344010	1365175	1360294	1166544	1043539	1574463	1065483	1149550	1316892	1575807	
0.2378	0.751		47568	57823	47120	55890	43592	78848	62153	43723	60398	39074		1460906	1406175	1376272	1515091	1281077	1255202	1346275	1664793	1472276	1352476	
0.7064	0.5035		42277	50733	70106	46954	75839	53964	60061	46539	46240	43091		1323837	1474250	1285293	1348817	1552670	1329562	1330044	1258227	1382966	1240755	
0.9399	0.6606		55044	64173	58433	51546	66359	81347	65030	71554	66851	54930		1128017	1288751	1406702	1154439	1313488	1419083	1114802	1320223	1281101	1158133	
0.218	0.5002		40469	34740	41837	48914	45682	47992	42254	44801	42909	38962		1242134	1503154	1616855	1336175	1165572	1266861	1179193	1230114	1121597	1277631	
0.5447	0.4687		66439	45198	56614	41340	53758	47476	46855	51368	44940	66417		1497459	1449752	1327817	1085390	1256083	1243015	1293340	1334409	1400547	1317193	
0.7258	0.5134		48916	49413	68753	63987	68273	50694	52848	65919	63200	52228		1336235	1187067	1575635	1254271	1513415	1642580	1297886	1378034	1500470	1474964	
0.7178	0.2516		61416	62475	47315	44460	44745	43402	39522	38613	56098	44069		1522415	1409096	1477271	1195766	1192823	1115414	1104126	1157698	1335313	1216950	
0.3373	0.6365		45628	65084	50343	56648	50028	64773	42743	36054	39535	36026		1475466	1239003	1577197	1374319	1420182	1435137	1616927	877745	852322	1249560	
0.1783	0.5535		37991	30357	40088	43313	38029	36061	38577	55800	46236	31531		1309367	1194735	1304555	1277690	1268819	1277542	1287816	1409848	1336330	1412370	
0.2156	0.5938		61221	36855	48837	59330	40360	59793	35129	44385	53111	44163		1499648	1260442	1669052	1647271	1832998	1668772	1374927	1375064	1302358	1447275	
0.3267	0.2663		41327	36325	54694	61483	41053	42937	46198	42967	42257	36951		1089638	1296099	1415694	1598431	1343768	1298535	1512176	1322060	1348289	1518486	
0.8615	0.1601		52858	44959	63180	68043	57465	48288	55737	52047	42378	46525		1412045	1299799	1393961	1388351	1340015	1313982	1251770	1236111	1028223	1003039	
0.3963	0.891		49675	70612	40447	67928	39760	45480	71444	52932	46969	56681		1430318	1435545	1405723	1400584	1405162	1237751	1371679	1480735	1382504	1285629	
0.7393	0.2059		55086	95789	63004	59118	53254	57042	43810	67312	50731	50363		1548844	1433033	1275734	1397852	1443420	1291030	1343375	1398294	1592764	1225337	
0.962	0.2353		47262	85888	62672	42992	79727	70863	53404	78582	66475	54821		1242774	1611550	1234116	1257135	1686934	1543343	1379276	1589631	1333475	1372151	
0.3776	0.3206		37487	59623	53462	39249	37840	51786	47226	35995	48208	32966		1524617	1452859	1274136	1241386	1320304	1345566	1412236	1074647	1189580	1203346	
0.7201	0.3552		70962	51863	62117	63066	87578	57733	66334	61645	63906	45278		1519443	1543857	1464263	1267941	1378876	1182323	1226301	1569661	1208191	1274704	
0.8052	0.761		84993	65598	80003	65307	97165	82390	60026	60352	59404	54170		1427032	1459510	1521976	1567874	1641623	1531474	1219996	1190990	1061418	1228329	
0.5239	0.9699		48880	57814	53424	42685	55784	70545	50617	65540	45076	53227		1293275	1375761	1199496	1182976	1453922	1257959	1470942	1245962	1160747	1434266	
0.6519	0.7262		63253	84580	73669	77804	79015	73940	47405	54464	55499	52600		1322297	1380839	1498854	1599594	1661971	1273672	1158887	1341464	1315952	1216897	
0.5662	0.8201		77096	73461	54349	64970	65572	64850	99255	71768	74362	42037		1636470	1695519	1269138	1368224	1509178	1160797	1552708	1347953	1582368	1152185	
0.9249	0.4323		54347	71868	51181	49928	57166	42392	58944	62161	63824	62472		1082177	1420014	1194995	1220471	1192055	1236430	1532485	1716097	1504346	1382830	
0.963	0.4572		65899	59987	90676	51695	50392	56970	75348	73398	60979	67893		1309992	1316555	1460037	1369590	1275282	1244402	1624979	1422984	1673954	1557512	
0.3841	0.5747		61775	37583	47013	53357	34587	50036	54616	50998	44936	53256		1432616	1168691	1319761	1300118	1300413	1565092	1233829	1409692	1342113	1401458	
0.6077	0.3128		48544	63475	36120	35532	78312	60699	51074	54400	36626	46022		1179307	1327168	1221011	1163912	1538673	1357698	1437778	1207130	1121977	1262331	
0.7609	0.7048		71525	57361	56238	59189	66261	53903	56877	58377	72062	68366		1531203	1266212	1434285	1101441	1079976	1321540	1121700	1305631	1458821	1439973	
0.6779	0.2942		47156	53787	80975	55405	67188	59058	54920	48344	33789	67318		1364244	1613424	1296623	1291649	1347619	1400100	1292142	1251572	1114070	1237691	
0.641	0.7147		63282	59911	64401	54180	64428	52725	72785	56439	57963	78326		1474327	1333485	1385593	1190454	1393529	1233515	1540381	1516491	1383076	1614370	
0.1898	0.4297		45902	41767	29912	44350	48337	37972	33028	46174	52951	55980		1533010	1210970	1157170	1300384	1195743	1198380	1083915	1363802	1404218	1149891	
0.3398	0.6641		57441	64848	57466	48404	61948	41887	39183	43303	57647	42168		1211067	1375173	1263386	1471939	1515417	1352143	1239035	1046353	1171553	1122493	
0.5961	0.1147		38959	32083	39348	54572	62133	49394	45676	46582	32334	43134		1571945	1141685	1173184	1558603	1591905	1387207	1320575	1168680	1136947	1306582	
0.5689	0.8596		68236	48734	58387	41826	50778	53318	63109	61915	42194	55068		1411132	1284827	1287159	1097854	1179802	1370472	1230439	1169739	1127090	1393440	
0.6047	0.9907		53732	68125	45347	62878	60283	60354	64812	47589	61603	58546		1421923	1430622	1073184	1532642	1523026	1331930	1039945	1127924	1127744	1282170	
0.0903	0.8975		55740	47227	45065	43160	47282	36623	58531	50975	49004	47754		1404557	1398460	1396458	1342969	1188139	1486533	1431298	1433131	1477906	1534608	
0.3514	0.9845		63935	72166	58890	56539	54773	53786	51396	44653	53601	49442		1443253	1495575	1203633	1326740	1444420	1150668	1313329	1045531	1346634	1143516	
0.3953	0.8164		50893	78980	49597	75984	65170	43975	77396	59934	60907	56114		1221981	1401782	1278523	1652469	1365378	1482401	1661267	1288970	1540165	1412201	
0.8678	0.2818		62025	50849	43169	64489	58785	56790	61987	47985	49091	41057		1501306	1241142	1134990	1415195	1121626	1275619	1413620	1189104	1328343	1320216	
0.1931	0.7315		46245	56448	44835	40519	52198	34247	41183	40569	44124	56169		1250706	1574668	1335320	1239510	1208796	1079004	1127704	1495060	1205878	1612906	
0.145	0.9842		41028	38196	50630	35670	70608	47908	47014	43859	59337	41237		1445122	1252467	1289664	1480215	1691690	1442142	1477471	1132094	1326436	1221752	
0.3792	0.8542		50677	44194	56236	62001	44398	44823	44098	46748	46570	46903		1394486	1266257	1315662	1319004	1228992	1391337	1390706	1403961	1276793	1362491	
0.6974	0.2313		70787	56461	52268	50488	74732	47303	49873	49677	41403	60276		1623238	1291067	1362185	1494909	1525180	1564601	1448638	1180391	1587014	1417359	
0.4217	0.9974		50984	52957	63278	51113	53709	49294	40806	47422	49410	53161		1520566	1209216	1258645	1477217	1216721	1354789	1186325	1383851	1375131	1245732	
0.8563	0.8011		84499	61032	64095	74286	60150	51803	84458	85243	59952	56788		1590249	1270165	1400502	1338665	1000969	1088072	1465370	1304980	1257423	1146633	
0.3127	0.5306		53498	36332	40477	47352	41405	43715	44907	64168	52751	46361		1664299	1245333	1334126	1516867	1514715	1399773	1312703	1461177	1513220	1285424	
0.7873	0.5735		52933	76285	82063	78161	51633	48728	43630	76780	44323	66618		1202025	1743508	1609774	1491120	1235963	1057010	1125889	1388146	1178989	1539837	
0.6051	0.7226		57028	61054	73869	67441	64691	44964	48207	47775	50164	44414		1346406	1325066	1426200	1315096	1360351	1241444	1048410	1077238	1223851	1287700	
0.8046	0.6571		53700	75686	55973	56137	61004	54998	82884	49757	81052	76107		1565927	1387980	1222304	1258447	1264252	1173571	1311605	1169983	1511425	1370874	
0.563	0.6925		67536	60543	80968	51268	68208	68135	55384	52522	50763	71735		1503470	1523875	1293930	1469797	1517542	1535975	1387322	1304441	1475239	1358991	
0.9131	0.6088		56469	63490	57176	60223	59621	55373	58377	61526	80022	45709		1433936	1241767	1625489	1303992	1344476	1091539	1144346	1195887	1462824	978752	
0.4336	0.7136		49646	61564	59533	41532	70270	50343	42492	52076	44250	64680		1222828	1243744	1319157	1605935	1555901	1485958	1223869	1255352	1259930	1584690	
0.3969	0.2365		35523	50889	43766	40750	40333	53106	40571	50851	56606	51793		1369801	1634979	1520896	1324658	1165024	1194532	1242674	1383507	1168781	1032831	
0.5921	0.9094		71091	52680	60940	52684	69853	50939	50200	45223	48591	64296		1399305	1313023	1473625	1419783	1391756	1388234	1241793	1100031	1117105	1276979	
0.14	0.8304		45702	48939	60881	40139	36999	33496	40744	33109	46065	60009		1303756	1524088	1433750	1418109	1437975	1209863	1208213	1615433	1437419	1583256	
0.451	0.6399		56376	67042	68825	46490	61619	36387	58527	58995	44046	37133		1478506	1611221	1663013	1325482	1231319	1200860	1320151	1424744	1350087	1176272	
0.0572	0.6207		39926	45548	55155	36335	33791	27659	41044	38202	34911	45141		1273627	1247807	1268328	1162716	1184397	1193018	1248251	1335794	1287273	1470550	
0.975	0.1083		48999	43477	44834	48611	68998	52463	75408	45483	49295	67910		1358085	1324351	1249092	1506014	1732433	1416240	1365501	1213556	1412804	1225642	
0.461	0.2302		36651	59934	60437	52870	46360	38446	56764	48422	38473	38542		1069401	1467431	1611706	1561291	1564840	1265413	1352472	1274632	1193739	1196231	
0.9901	0.9667		62496	90498	60065	80581	80604	61545	88517	84229	69204	79064		1385137	1528545	1248037	1262655	1524777	1465569	1597285	1576302	1478352	1602509	
0.1589	0.4797		41164	41356	41215	34931	40563	32157	44147	57964	48484	41475		1489677	1497497	1404194	1280797	1552572	1272520	1399063	1548182	1389712	1296092	
0.0827	0.4806		52493	36687	63976	34224	37779	39206	37399	28447	33694	43022		1556442	1275055	1155249	1129271	1202218	1194901	1112413	1043311	1259824	1062451	
0.8558	0.5617		68981	55949	65727	57573	58319	49686	58808	55645	54130	58094		1279067	1352044	1281123	1323251	1320644	1140224	1185088	1402718	1147916	1203802	
0.0702	0.6104		36994	38548	40232	59613	38794	56927	43260	37183	36397	33900		1392660	1541946	1149297	1653134	1264659	1475715	1342787	1413151	1307007	1286052	
0.3097	0.6246		41058	64286	47064	41009	53803	43437	50679	42767	44017	60399		1281177	1575293	1592812	1302187	1472092	1495496	1361764	1443358	1344419	1294674	
0.628	0.0567		44838	44130	72577	68418	36944	36014	55220	46790	43002	35102		1577240	1681666	1777887	1465722	1391584	2123741	1804683	1332900	1290884	1216920	
0.7973	0.2134		40805	46194	44822	71156	59455	57175	51200	68139	53813	41766		1167713	1234396	1073208	1399934	1354797	1484687	1242206	1535358	1256426	1083886	
0.8544	0.5798		49365	70678	80774	67917	75474	53793	47595	57364	54002	69321		1206588	1499616	1688419	1265720	1378868	1352223	1295096	1233375	1413657	1583091	
0.1202	0.8637		59199	47594	49644	36765	32215	36651	31958	43225	37112	47138		1472420	1456633	1401686	1134484	1353862	1398705	1123299	1318473	1451329	1476749	
0.8445	0.2327		43012	51347	76446	58643	51245	74395	55259	71749	63708	48262		1493542	1290779	1334910	1356872	1438012	1319648	1535446	1295381	1208600	1156876	
0.2612	0.209		34480	46030	41045	55888	34795	38556	34603	39021	34444	34888		1275956	1684133	1612883	1270980	1178455	1191275	1190927	1221781	1265591	1244931	
0.2779	0.4087		37103	55190	32184	44178	42867	33361	42565	33733	51935	48566		1172071	1394862	1103494	1258107	1424086	1260974	1216995	1262713	1473582	1421649	
0.9446	0.7352		88827	72858	88243	50634	71482	64194	61536	88705	63335	56663		1537018	1606509	1344853	1181874	1391519	1573047	1351979	1641589	1333498	1218923	
0.5134	0.605		79210	68799	57889	46394	48704	46965	60420	68411	50578	53460		1474842	1467066	1224051	1130328	1187999	1114865	1343354	1430963	1260648	1304692	
0.4206	0.4846		42352	41513	58374	41163	57686	42458	62962	45321	43846	53336		1138244	1174987	1390096	1157400	1358632	1436241	1374279	1244206	1187492	1144698	
0.3766	0.5422		44498	43546	47336	50789	47089	47213	40915	42589	55536	45402		1226316	1404492	1520685	1274228	1459004	1242738	1280378	1236673	1311374	1432655	
0.5818	0.5746		40536	59832	72232	44333	53309	56502	69039	74183	70631	47140		1308221	1574244	1635800	1398479	1632870	1481852	1560992	1625929	1477672	1277209	
0.7827	0.9457		68569	59565	69980	64176	86648	69157	57601	57926	53116	52289		1450562	1302531	1596521	1245410	1259234	1349624	1393861	1428040	1253522	1366435	
0.3826	0.9775		50070	48396	63166	62475	51395	57144	48023	58980	57589	52131		1229443	1311934	1313053	1603656	1717187	1424359	1559481	1357889	1574969	1441836	
0.2076	0.531		37245	49445	34369	45820	46862	57389	54455	60719	39300	36993		1463971	1445883	1094162	1435513	1484350	1337303	1682884	1518709	1249737	1091987	
0.4113	0.1845		57318	46512	49492	36895	57796	54458	59228	32852	30227	43174		1624066	1540152	1579848	1407205	1390294	1334478	1376821	1023823	1222842	1266602	
0.8234	0.9505		80280	64904	78455	54692	56139	71113	79186	67059	67763	77450		1361695	1279071	1234352	1126497	1268807	1374017	1192113	1299337	1530012	1335220	
0.0642	0.9207		25381	42015	42389	38467	41268	36380	41655	55056	42875	51973		904910	1235340	1334265	1244411	1471021	1361581	1378140	1170148	1461441	1157400	
0.8165	0.5687		45091	55393	53704	70560	80010	60526	66002	69951	76490	73299		1021602	1324198	1426441	1545083	1345104	1169722	1533899	1320995	1483483	1240501	
0.2757	0.1689		33357	41487	51261	49757	41979	39192	39227	43855	43638	46921		1306897	1448819	1368160	1337983	1275829	1195519	1203712	1543001	1584487	1544606	
0.9695	0.5185		56970	68024	48332	76709	55773	58481	48441	76161	72498	68881		1426924	1335470	1282276	1632234	1407390	1464063	1456209	1421896	1399228	1437874	
0.7795	0.1322		55211	48182	43005	68211	42334	43807	50354	42652	41805	45510		1493211	1744521	1403208	1597414	1224195	1270606	1536093	1237930	1537824	1292330	
0.9783	0.3731		56446	63442	58335	53049	55646	61601	66929	51864	60742	59962		1517677	1325357	1256475	1465591	1362040	1604249	1246050	1299618	1392564	1428669	
0.3278	0.845		59507	47937	53804	53241	51512	59763	49918	43975	43216	61347		1586652	1216558	1391187	1310590	1572527	1435365	1209987	1277697	1079755	1371785	
0.7432	0.3797		52992	76151	51732	65382	55350	54304	58456	54228	47212	71056		1317328	1566831	1440706	1285498	1396090	1271878	1486568	1325103	1384336	1607144	
0.8922	0.8602		84382	87298	74263	72817	51678	67815	64494	49244	73366	69132		1538585	1344283	1302389	1209744	1607174	1203954	1172329	1196972	1302515	1346062	
0.1301	0.6302		41859	35136	40366	40920	35646	48062	53445	29897	33322	35654		1138936	1193793	1234795	1343326	1056778	1282454	1413554	1200720	1132417	1235255	
0.5235	0.9914		54108	69466	48732	67101	68999	58238	48862	72822	73563	73889		1369416	1339957	1150143	1489168	1303036	1210134	1180593	1596337	1430656	1200289	
0.5061	0.5512		43294	41756	69615	47449	42793	65295	77198	60342	57681	52419		1131191	1323094	1324677	1352907	1139694	1477697	1214678	1560865	1415698	1165402	
0.6039	0.9759		55152	37733	59796	57423	54596	44487	73140	67826	57887	45889		1034635	1219497	1221383	1273113	1201300	1167177	1454762	1722442	1393516	1173925	
0.1482	0.9647		39685	44675	54431	56122	34610	27582	36061	45340	47390	60941		1223587	1226871	1276686	1183522	1096785	1134303	1076472	1219753	1273515	1229189	
0.7145	0.6612		52683	78144	56563	70612	65676	44766	77100	71674	82735	59578		1414110	1506769	1331300	1406187	1619713	1172165	1314623	1226984	1675960	1259028	
0.2884	0.7562		49646	64754	38095	41225	50369	45930	46334	43094	56744	42690		1558214	1615791	1155054	1491213	1542730	1447647	1129499	1190487	1396782	1340046	
0.2608	0.2226		55053	45234	35894	42049	35928	62972	55044	47147	50324	47724		1399686	1209788	1126390	1125928	1355075	1358087	1267938	1231141	1290972	1422562	
0.1103	0.4366		35310	28009	44384	44686	54063	41237	44695	39029	45765	42468		1346769	998334	1138368	1404173	1665706	1473348	1263265	1295967	1472214	1682381	
0.8022	0.2943		42724	79058	47477	54123	59286	69562	55344	62394	51354	75769		1137850	1484489	1245930	1306943	1460104	1474906	1639441	1239086	1379257	1504774	
0.6502	0.4986		74152	45528	49822	54832	72464	50432	62448	59545	70323	62405		1524159	1355639	1191493	1529302	1408363	1212030	1330987	1307892	1422129	1260575	
0.944	0.5552		56356	56118	44402	75237	68790	48051	84196	46311	59006	55217		1511658	1344118	1421875	1476314	1518376	1544557	1306692	1167958	1221156	1513785	
0.9099	0.203		53170	69737	63078	45023	53877	50306	72375	56294	61176	56041		1602848	1398507	1496397	1425507	1554454	1183319	1599832	1232813	1407492	1555600	
0.1141	0.1039		24709	36738	43123	40150	36846	36074	41228	29770	40549	35553		1190416	1229615	1242065	1232595	1185005	1132786	1179368	1185202	1285036	1230257	
0.1475	0.5277		39243	54808	42176	39151	40101	53993	41076	37218	61783	46625		1154747	1143451	1253770	1538643	1291327	1398804	1453214	1219716	1559495	1356130	
0.7618	0.3079		39482	77186	57875	53864	49511	54193	56472	53177	50479	72655		1189268	1281233	1315989	1242300	1184541	1247302	1328805	1256218	1196771	1522052	
0.3979	0.4354		44955	44335	52398	39033	46879	53575	64132	44867	43852	54297		1448025	1299243	1213129	1218223	1248001	1413173	1194136	1220996	1266193	1366730	
0.0576	0.909		53877	55753	35615	58017	37902	61295	39490	49527	39676	40772		1336714	1283485	1303844	1425012	1518387	1409757	1215709	1462744	1151608	1205082	
0.0812	0.8718		67071	52626	38945	39136	34614	40026	46946	57256	53844	52238		1269769	1229795	1454007	1148133	1135007	1402118	1525767	1529742	1408587	1421989	
0.6807	0.3759		45198	41741	55698	53198	46077	67378	62629	60921	47009	53164		999969	1286271	1213259	1475254	1156337	1379642	1314672	1271749	1224265	1331714	
0.5869	0.7198		59112	57407	65813	69325	72633	54381	60763	75676	47628	78141		1499297	1418854	1493487	1404981	1434008	1435838	1476822	1360896	1107415	1589271	
0.3226	0.0907		39525	42344	29410	32914	40399	32313	38232	34595	52072	57717		1249075	1086674	1205682	1168091	1396832	1366563	1227163	1646477	2038869	1746368	
0.3567	0.6575		40336	45683	50910	47923	71508	36499	62299	55645	60934	47060		1294893	1276703	1501930	1235376	1402476	1217879	1460595	1457643	1660098	1158470	
0.7871	0.0717		54972	59851	68851	62330	40837	47752	40537	41182	54931	48918		1269442	1457755	1480546	1143830	1124098	1275596	1027651	1365157	1475513	1141477	
0.9349	0.3111		53716	42540	47333	55489	65161	55447	57365	54344	73559	73548		1312704	1149556	1243769	1376119	1703985	1392282	1318210	1453563	1498316	1333466	
0.4574	0.9823		51358	52960	60744	41434	67977	41404	41503	39975	41205	46247		1180824	1507554	1277093	1334636	1479447	1229642	1099217	1010505	942363	1231872	
0.8516	0.1159		50114	47699	39111	46429	48638	60365	57632	52673	50089	48892		1445585	1439801	1240663	1395763	1488584	1455186	1317260	1361613	1242646	1174262	
0.5597	0.3423		47690	48111	45037	41377	45883	51965	41799	35874	34858	68539		1215832	1355571	1227083	1308624	1219664	1092854	1186291	1048871	1239741	1639861	
0.6017	0.3117		61269	54289	47710	47901	42283	36392	54692	48881	50786	47539		1567926	1532032	1323442	1246209	1276025	1138063	1588979	1402960	1321609	1435380	
0.6813	0.8014		66418	56893	56296	80821	75635	68963	55125	74827	55461	58048		1560364	1259531	1305435	1428607	1185062	1155246	1248866	1451891	1391698	1347164	
0.4294	0.9524		57648	60754	44197	56356	49319	51234	47818	46699	72766	49888		1345932	1351194	1189662	1297993	1439880	1397877	1278761	1348651	1378398	1337930	
0.2417	0.2859		35846	38989	50456	43462	51976	43918	41550	44244	32095	33815		1265566	1247596	1343457	1571296	1488113	1239467	1478716	1333202	1197639	1192401	
0.7843	0.7239		59838	55759	69206	63321	74835	71427	64213	71127	62207	48764		1306949	1519985	1455527	1108759	1412786	1395717	1351579	1401681	1406662	1162418	
0.7117	0.6654		80405	104198	45906	53190	60672	54358	53667	51037	48595	60009		1628415	1520555	1036091	1157582	1301746	1147744	1187649	1016139	1015267	1194179	
0.4604	0.8725		65039	64301	48052	48350	47665	47641	77790	59173	53700	50275		1519046	1450502	1592417	1319722	1277860	1332519	1433732	1611868	1507677	1466925	
0.7749	0.8942		67959	58139	59483	59890	58064	56627	73353	43899	83520	75057		1300778	1166255	1139395	1106798	1136641	1159603	1113955	998084	1228687	1440573	
0.5025	0.6758		41883	41960	52524	53566	73291	40738	51526	45144	67363	39732		986823	1266028	1481662	1087812	1252016	1376377	1090856	1084594	1437751	1348380	
0.2766	0.517		42613	62720	96379	45505	39806	62543	32796	52164	39937	55545		1277218	1663936	1393212	1391482	1182449	1409375	1217736	1247073	1269940	1351537	
0.4377	0.5248		60152	56991	43641	42632	52159	65633	50371	40950	48470	37736		1513503	1208443	1230797	1194485	1296767	1643518	1316635	1254452	1490520	1347539	
0.9461	0.2856		52354	50051	47323	50371	55173	68994	63123	78491	54506	43193		1307265	1165421	1585649	1215919	1333833	1244922	1278876	1522949	1333619	1294480	
0.1591	0.8902		39409	56994	67302	41552	47742	40440	47071	50565	41530	47494		1267302	1361840	1524794	1425119	1259037	1212067	1334365	1163689	1203358	1348433	
0.218	0.9538		47208	49804	47349	36212	61740	46687	56643	61952	52275	52005		1327798	1481553	1283935	1171082	1440076	1262591	1544784	1507050	1243692	1258480	
0.4069	0.4952		42846	44780	52243	39265	47899	47877	44676	47532	66026	54627		1252490	1304961	1494626	1233040	1479789	1290919	1210655	1376351	1328759	1451848	
0.0953	0.146		30255	31939	30059	27692	25726	37106	30865	30474	35464	34147		1218372	1221468	1131046	1112960	1183697	1342589	1424520	1230470	1258171	1458638	
0.3261	0.8639		57425	66421	52075	57164	66347	60074	52153	45931	43578	56946		1445964	1531532	1365741	1567041	1632970	1373293	1227431	1216564	1568806	1225942	
0.722	0.8076		66314	85691	81840	69102	54988	67831	73755	96760	80518	83263		1189380	1341030	1316510	1450779	1277556	1484207	1416882	1361339	1263304	1356687	
0.295	0.7164		60415	60981	46240	50656	48475	48029	37227	45462	45792	50217		1352129	1447525	1518295	1401031	1387603	1306954	1348836	1317928	1239748	1354244	
0.8983	0.1826		49254	60007	71613	65159	77524	46628	46148	58188	55351	57696		1390994	1547639	1563408	1398343	1675604	1293160	1344448	1558905	1701550	1755099	
0.9884	0.6968		78694	80570	90509	70932	51131	63937	73010	74565	74847	76879		1625868	1651781	1590206	1267221	1123433	1394831	1326609	1430760	1528246	1675083	
0.6134	0.6863		59934	50720	50526	49847	53590	63880	65058	64679	74421	62847		1704219	1306385	1169524	1217125	1303974	1388704	1449789	1450209	1306056	1220320	
0.4592	0.3472		39816	40860	57914	44875	35429	45277	61538	47264	60479	47630		1397733	1402057	1478182	1183508	1031937	1109127	1467491	1145895	1128394	1101854	
0.8873	0.7493		57929	68316	58744	62849	62980	71702	68064	73932	92083	81771		1184284	1499549	1262769	1276309	1355282	1254768	1336988	1090661	1645257	1511923	
0.7069	0.1659		61736	55782	61533	55000	50979	63776	63773	42255	52808	42128		1409370	1380741	1665816	1469321	1290091	1774532	1281747	1203108	1311512	1603843	
0.5873	0.3113		65845	61026	42333	55887	44824	45072	41382	46847	47175	50529		1541810	1459252	1221572	1312992	1471085	1178029	1380677	1353638	1249899	1437922	
0.9852	0.5846		62616	61541	52815	54881	56408	83215	54187	73834	61282	60358		1516694	1443088	1266608	1132223	1562856	1225274	1216727	1509400	1320635	1259785	
0.9101	0.06		45517	41617	39026	46970	69255	49963	42011	38651	52926	67040		1458494	1220523	1174007	1648293	1727875	1606884	1169255	1259984	1333440	1583058	
0.2976	0.4571		45233	54619	40525	33094	40868	39361	59942	65097	43247	61227		1218969	1463353	1268388	1079629	1456014	1398144	1262686	1175466	1100746	1253055	
0.7505	0.2816		67831	73771	59947	50544	46431	47382	58085	75402	62448	49711		1309248	1442459	1444321	1151599	1178950	1277601	1209133	1225520	1449093	1227492	
0.4041	0.2811		41798	56366	49331	44711	60116	46621	32850	40111	47434	44752		1624008	1348064	1275421	1433122	1352533	1211155	1096639	1214685	1134164	1282830	
0.7104	0.3743		59644	61165	43189	65928	67870	53453	66051	44062	57391	61683		1384133	1398469	1569164	1409200	1449943	1191762	1181090	1460939	1280121	1383975	
0.3366	0.4028		59901	38769	64990	43485	42614	38219	42749	50371	57250	56404		1714644	1265705	1422416	1253819	1320848	1197823	1367761	1466491	1442584	1384344	
0.9349	0.224		57805	57539	57623	53119	46526	50212	51825	54525	47447	50770		1306321	1149506	1263116	1456375	1321377	1309078	1220789	1345941	1184001	1185714	
0.3242	0.8932		63670	46630	51277	45313	57332	60764	51227	69583	50198	51082		1288234	1417048	1309156	1538897	1439597	1241072	1434144	1319792	1429858	1371717	
0.4682	0.4891		42967	49860	51256	61973	55147	39557	50765	59787	48107	63540		1169682	1284274	1278992	1315516	1373328	1229756	1463619	1569376	1280518	1461002	
0.4892	0.8734		50252	49591	49124	68023	52547	63650	48738	56270	71933	54318		1279177	1279280	1295409	1249654	1327594	1299835	1129011	1272087	1362006	1545770	
0.5054	0.2507		57925	40414	35694	45694	48289	60609	47811	49876	53704	49759		1323656	1194916	1256940	1477492	1528562	1645239	1246713	1271785	1600845	1344129	
0.6752	0.2282		47244	61189	50680	42355	47233	42684	37458	61677	53361	42965		1291741	1664690	1535746	1316502	1405184	1242242	1266143	1266368	1199891	1122590	
0.1954	0.6333		57919	42103	48875	48799	39845	34678	54674	58294	39756	57118		1510343	1349909	1174048	1439868	1240220	1307526	1659306	1324513	1192995	1286715	
0.2267	0.4411		47806	35492	45059	63367	53609	46589	43653	61672	39214	35560		1164146	1264825	1218082	1300541	1464018	1211697	1157861	1531526	1384547	1387343	
0.5149	0.6838		70270	50933	70579	52850	65542	48150	44449	66491	87706	65371		1580566	1335386	1481669	1490676	1371310	1285871	1196764	1523944	1481064	1260757	
0.9534	0.0745		68264	54275	49488	42963	68448	53708	62095	47228	53228	50008		1488265	1334661	1407686	1277015	1417033	1594352	1287116	1384023	1395311	1214226	
0.4026	0.3658		43236	33286	41993	36521	48270	37545	46253	42898	44608	33883		1289665	1102664	1147134	1007351	1318581	1165719	1201843	1167242	1243047	1178196	
0.2451	0.9465		38190	45670	62127	37924	50998	42616	46073	36110	47750	41584		1344256	1223464	1326351	1291058	1245082	1268422	1551364	1400496	1172074	1298645	
0.6958	0.2236		82681	65312	47607	56231	40332	52969	61005	50704	68075	46611		1319753	1322083	1200019	1190417	1278178	1191322	1201110	1404489	1306139	1335786	
0.3077	0.883		76962	56272	41137	67983	58722	56039	53004	47466	42771	38380		1367858	1407976	1326737	1436725	1204090	1407741	1523668	1216351	1380616	1107938	
0.5144	0.9417		56534	65924	63403	51154	77462	41899	65197	50274	57018	42788		1432007	1271009	1332477	1567856	1261751	1178188	1228387	1263473	1384871	1173873	
0.5356	0.7767		66391	55389	76394	76589	60467	50911	67227	45970	47507	58718		1614174	1419845	1684212	1699142	1369729	1341950	1299835	1255560	1126039	1227103	
0.6284	0.6483		70671	52647	69241	64515	68652	53044	59777	62477	53861	63613		1154921	1452984	1655922	1627740	1297845	1307825	1337453	1182241	1349925	1206193	
0.2741	0.9707		52884	43912	38362	59801	68587	51313	57007	58094	56526	69059		1199032	1101468	1340181	1342193	1385388	1208187	1317980	1384980	1410225	1346074	
0.497	0.8051		63257	68579	48118	66434	50516	71648	54716	55299	47988	44349		1529576	1406299	1379753	1216785	1323241	1404650	1264144	1261380	1079378	1201694	
0.1162	0.2698		31302	45396	33793	34832	35659	31929	34767	31167	26083	45991		1462652	1282045	1472576	1166079	1162284	1376385	1198282	1038390	918529	1399201	
0.4563	0.9276		46182	47034	46374	54262	53870	55864	58523	62114	63829	91095		1167807	1161363	1110730	1194403	1255026	1341565	1471569	1497218	1335913	1384224	
0.0761	0.1851		28733	35939	39498	48087	21662	31362	25879	37260	35558	37822		1356712	1451871	1595586	1367404	1223328	1189732	1021755	1220013	1169244	1445061	
0.5828	0.3757		39857	56216	66145	46956	54129	55391	42597	49748	58946	60604		1317339	1612558	1514345	1262100	1573785	1427775	1190636	1555829	1426666	1450035	
0.8517	0.2296		45324	68145	49288	39278	61987	58517	58608	52507	62202	56330		1350167	1280234	1164734	1243199	1616687	1391025	1113431	1412544	1519880	1459120	
0.1459	0.558		45325	38389	43163	60316	43919	60544	36972	39660	37702	30170		1353961	1258151	1329310	1291534	1186469	1415814	1076226	1127847	1333428	1152171	
0.8973	0.4655		42495	57334	55906	86824	71862	61635	84568	63067	68446	81770		1072980	1184703	1381575	1478454	1373530	1239945	1647188	1341713	1331641	1435256	
0.5258	0.7571		63125	53210	66979	70868	59636	66710	47370	40876	47457	49342		1336923	1565908	1352626	1642832	1269440	1425856	1296965	1123085	1328602	1157404	
0.4776	0.1792		49743	75745	52829	55368	46646	36827	53169	41529	60316	53365		1424907	1629351	1341143	1154200	1342169	1220745	1349879	1302365	1575323	1388035	
0.432	0.3553		63246	31952	58126	41224	36592	32946	53609	53818	54002	53714		1705002	1182623	1133826	1332766	1214270	993990	1655036	1491643	1239685	1188486	
0.4202	0.4948		46990	41896	50226	42665	41785	47909	58190	54958	42300	66977		1301239	1200159	1365214	1192913	1204074	1182318	1490230	1241801	1171453	1415802	
0.7341	0.7056		58819	48013	61646	54027	77261	74274	48226	69378	66436	64507		1291458	1209159	1222204	1449333	1451839	1280889	1455959	1415299	1316640	1381711	
0.7973	0.2741		47462	102828	65497	50044	51369	52749	55783	60178	46690	48535		1232446	1539037	1362970	1199417	1241891	1154807	1125947	1113924	1096280	1213217	
0.6454	0.8716		59418	53465	58731	59154	79436	71782	59993	79945	68844	87868		1367794	1259346	1313797	1460086	1389649	1663787	1609174	1679155	1555196	1732477	
0.7641	0.1116		51591	71283	65982	49746	47515	43446	63292	45623	60182	59419		1146024	1503951	1573671	1406153	1291120	1269130	1347454	1042502	1674599	1567859	
0.3296	0.3734		42752	43536	54000	37810	38034	46798	39300	34374	38323	40092		1407411	1397334	1353538	1231892	1355609	1350449	1218815	1396767	1637612	1641004	
0.6679	0.7222		77784	54054	72473	48456	57924	56422	52208	60577	54279	55006		1393855	1196453	1129336	1159257	1147582	1173911	1283060	1158910	1117837	1134724	
0.5301	0.1509		41624	49308	47690	40707	53711	43203	44541	55035	51900	42797		1428381	1626157	1425431	1471818	1392350	1298274	1323122	1322168	1345493	1270250	
0.5841	0.2844		39611	66136	64158	65944	54706	84384	42845	54863	73276	46280		1237259	1340695	1248988	1307451	1322589	1440912	1177807	1345050	1251261	1205735	
0.6023	0.5676		40566	38840	76491	64401	65036	76530	45524	56820	71689	57574		1077330	961513	1481702	1339071	1297837	1480534	1195892	1263376	1392768	1292471	
0.1209	0.2643		52361	41538	35793	46933	46672	42059	32416	35898	36050	40676		1257154	1587088	1263816	1490177	1366534	1389051	1147614	1151488	1289334	1495130	
0.2958	0.6248		60792	51905	46633	37329	37662	47905	46144	56170	45233	41061		1682842	1359956	1355432	1176102	1233344	1308675	1152120	1358910	1488974	1136193	
0.8497	0.6694		39220	48933	86181	72395	50004	72038	77143	62605	67076	86193		1242230	1070975	1537162	1235293	1315973	1595254	1439296	1417414	1579799	1436313	
0.892	0.648		58257	62035	48740	55463	59704	60703	50929	55566	55038	57409		1180143	1261520	1320892	1202082	1255964	1250322	1236954	1245270	1154285	1244813	
0.6505	0.4484		56275	48338	63686	62382	40601	54343	46108	63367	60700	52925		1440893	1372017	1682881	1374736	1278447	1357121	1306176	1604330	1402339	1093163	
0.5201	0.1197		46096	37417	40017	41027	53740	37285	53185	60564	51883	32152		1456142	1226513	1531439	1250923	1285832	1298209	1675607	1710681	1143714	1287423	
0.3598	0.0871		52336	28944	50832	41387	39528	52809	42468	35859	35381	52959		1235364	1208653	1427873	1473816	1580565	1251983	1494573	1044736	1230179	1760968	
0.4051	0.1936		48823	60946	42096	45795	39979	61187	62422	59651	41001	37300		1263402	1402944	1280436	1217736	1218921	1367839	1352013	1292572	1270493	1310176	
0.7531	0.9082		81626	81279	61759	69150	66578	63914	56637	66455	91834	62164		1456578	1621215	1615481	1466091	1356977	1562017	1391274	1345820	1317061	1231823	
0.7173	0.4918		53702	87542	56296	42318	48701	54668	51139	48278	65413	53909		1361365	1434575	1147066	1379713	1269180	1416151	1570642	1316385	1388141	1328587	
0.0894	0.4847		45382	46841	34993	56578	43084	36376	27128	35175	36349	44522		1648734	1407390	1254168	1774193	1322886	1082613	1108361	1581124	1494420	1223778	
0.7532	0.6327		74156	68478	61926	64563	83501	59336	86080	70651	56061	50074		1497176	1572650	1494327	1366709	1308000	1252844	1727823	1350289	1059883	1166788	
0.9958	0.8034		53683	71107	76065	61656	59071	89925	72787	85541	77840	77993		1298198	1344001	1637850	1378740	1463556	1280592	1604312	1500399	1471946	1565764	
0.8297	0.6777		54017	58943	58515	50099	46141	48292	52988	57328	53427	104188		1245102	1303522	1258004	1051658	1192284	1159594	1384794	1279747	1410543	1499886	
0.1687	0.3455		50792	49451	57647	45744	34514	38599	43910	33348	30616	37700		1482132	1514405	1250445	1331187	1159493	1375005	1345743	1127963	1264568	1163971	
0.3086	0.6386		43615	44419	42877	62997	49350	53597	60560	53951	63212	46647		1157604	1239582	1090934	1288754	1305054	1393306	1327351	1273855	1247866	1393422	
0.8915	0.2208		44952	53833	51802	51455	62592	70190	44410	56784	50791	58186		1653604	1386754	1438971	1462948	1331775	1462188	1425836	1335999	1347282	1364307	
0.9676	0.4769		52239	75751	55940	57770	75909	56231	61881	62048	66914	63995		1591859	1496094	1292992	1647244	1529397	1116791	1234282	1498117	1553883	1308547	
0.551	0.3862		59216	49451	57344	47569	53141	37429	61473	52939	63514	39925		1469621	1324687	1326525	1235877	1407221	1220616	1503448	1253220	1486597	1163025	
0.2643	0.9533		46552	44416	69560	68514	37300	42929	65445	36892	41222	45094		1286797	1406207	1607207	1524538	1154178	1426567	1174438	1034745	1072382	1351075	
0.2277	0.67		42579	42444	60661	40237	41217	38831	39076	60899	56643	62241		1156887	1543214	1480259	1158102	1218484	1128701	1468829	1508685	1372983	1411562	
0.9859	0.8467		71738	81151	76043	77913	83322	67135	63931	79957	70484	92458		1477590	1594131	1534854	1266563	1284792	1316956	1597714	1474568	1335182	1282539	
0.9503	0.0874		42829	50438	49023	47169	48908	47393	42422	43718	43254	60699		1266556	1285386	1171602	1317954	1503620	1493851	1176415	1273417	1301368	1282213	
0.5569	0.5691		67863	57272	49584	39836	60213	43882	47047	60159	60152	63667		1666239	1267693	1202499	1058932	1239584	1206156	1209218	1532331	1439158	1374959	
0.33	0.5594		42102	39746	63196	41195	35471	47173	57470	60320	56344	53381		1359168	1160421	1545413	1196987	1267824	1574726	1321652	1275920	1471841	1453799	
