20	21	
0.8191	0.233		34487	38617	24518	30957	29347	36522	24662	33798	27465	36117		1533076	1530509	1369030	1388400	1339147	1745137	1258934	1423836	1387569	1395416	
0.6061	0.5633		29090	25767	26358	33374	32727	30534	23250	37461	25559	23085		1434165	1179019	1314522	1338167	1212980	1332560	1017751	1349641	1056406	1110653	
0.3849	0.4477		21486	22545	31306	21355	34201	22680	30951	18592	18776	22881		1290031	1308338	1466986	1229933	1517916	1381132	1431512	1283545	1117407	1366898	
0.2578	0.6851		31726	36301	22139	24013	24039	22240	22509	22948	17848	25573		1410058	1410203	1372097	1722283	1405343	1334753	1378350	1281074	1222992	1227886	
0.7507	0.973		37638	34725	35303	49132	45866	40540	48380	40667	41254	47289		1423223	1384706	1276589	1608933	1584681	1509267	1679538	1318437	1343222	1639462	
0.1513	0.6867		19479	30521	28790	23769	21068	29940	21775	31910	21019	20744		1236324	1370966	1384147	1312603	1243600	1474567	1294589	1607957	1207898	1290396	
0.8611	0.4227		31035	29954	33866	40913	44023	24830	36802	38551	43174	26743		1463915	1693551	1449923	1538380	1588419	1203219	1436459	1551093	1572320	1125148	
0.4125	0.5098		20072	17378	31326	20139	19954	21365	22670	23142	25000	22525		1025715	981458	1197574	1006778	979827	1043558	1150074	1184003	1103440	1108094	
0.481	0.1069		26438	18266	18119	18674	29454	20135	27386	19379	21688	31852		1375815	1116685	1104778	1258597	1326663	1257394	1305730	1217071	1300129	1526727	
0.6617	0.3784		25228	27048	27030	27322	36104	29128	34670	24815	25089	29264		1380227	1159570	1192722	1239160	1418953	1287729	1368384	1273277	1237622	1376987	
0.7592	0.1113		30774	31424	30995	31664	31355	22353	32659	21578	30992	31145		1538640	1500307	1391326	1532881	1382852	1331947	1508098	1267466	1461092	1551824	
0.2886	0.3435		20773	23606	28068	18728	15409	29792	15990	21151	19519	26723		1284716	1228466	1417724	1042891	1021999	1386707	1039339	1222140	1178890	1294796	
0.498	0.9599		36714	42572	32030	33667	29129	38968	45516	32310	31178	27138		1537494	1527758	1238763	1403123	1249655	1481114	1396757	1408936	1257656	1328119	
0.3794	0.7537		22362	34798	34618	23994	26895	23070	36698	27477	32394	24378		1408861	1487661	1480161	1119281	1337789	1059622	1251768	1298760	1428745	1340800	
0.3733	0.7593		25676	36575	28438	35154	28177	22473	28485	26411	27940	31452		1172825	1489985	1295905	1501560	1499670	1001344	1329540	1212321	1282666	1234657	
0.9742	0.8679		44379	41027	37793	44811	46550	34860	45653	39220	43699	42836		1572642	1252963	1341823	1278628	1529205	1175780	1380629	1378501	1452988	1280951	
0.7604	0.8403		54127	45046	34284	34972	38252	34118	34443	33594	38492	35541		1592699	1593513	1368556	1361463	1467895	1393794	1467570	1315438	1371535	1220347	
0.7279	0.3365		37870	28416	31008	26894	27792	24483	24778	40889	34439	33015		1421068	1234699	1106506	1180439	1319991	1289896	1153749	1475841	1504802	1056795	
0.3032	0.8342		24655	22329	24636	27779	35026	27532	26476	36213	22551	28340		1227905	1151843	1271591	1246264	1272912	1326977	1346595	1611657	1187727	1222618	
0.811	0.5176		49489	29648	34770	31395	31367	43561	30005	27403	30064	43808		1669306	1338126	1511154	1362384	1447302	1478103	1283597	1321479	1380570	1506619	
0.2097	0.8499		39403	27406	35976	25012	36244	28412	27877	26682	29136	22228		1699277	1343429	1521942	1218614	1373284	1301467	1289106	1298005	1170950	1086457	
0.4561	0.9088		34644	41256	42314	31570	33347	30121	44204	32860	33792	36409		1444836	1475901	1347860	1235523	1179999	1244583	1386382	1195236	1278978	1315868	
0.6916	0.5641		27732	37112	38113	28008	26756	27974	26160	41199	31487	29294		1220212	1270590	1570535	1368453	1187638	1126195	1214969	1353876	1302525	1288396	
0.859	0.0915		22746	32816	33978	25581	25208	25685	19906	22220	25407	27091		1368134	1447885	1529857	1340088	1365637	1329870	1204881	1303858	1387535	1255074	
0.4802	0.3618		25758	32228	25042	42585	21586	19596	24947	20640	21412	33379		1505077	1530069	1281361	1765903	1191330	1076401	1237987	1219514	1148132	1480835	
0.9537	0.8721		41539	36581	129299	46916	43696	41753	113303	151102	141504	39744		1686585	1405331	2166333	1505240	1389539	1687508	1766446	2340638	1629677	1285272	
0.5513	0.2521		24134	22800	24257	30633	21489	17600	20616	21790	22670	27341		1450212	1252859	1345372	1571843	1217880	1088387	1226983	1161410	1577809	2008843	
0.2613	0.3574		31420	38439	32630	17817	34065	112091	17827	16957	84061	17887		2000551	2029084	2135702	2040048	2276354	2348513	1152771	1168165	2276820	1849542	
0.5087	0.3677		60882	23672	33782	21504	31091	29200	21846	22040	21088	32788		1848059	1466263	1390254	1395563	1508589	1456696	1372512	1361564	1289677	1463456	
0.4457	0.3678		30984	28907	18435	24269	23711	20834	33742	27346	25186	26901		1574879	1213972	1086098	1360759	1481064	1323508	1650511	1436826	1430651	1507554	
0.4655	0.6631		36911	25421	26477	31941	25436	26331	29555	25809	33426	26410		1441681	1317618	1283872	1433321	1063249	1290423	1225633	1211446	1267058	1189687	
0.9978	0.8872		79831	54107	55616	46823	46528	50924	52275	50826	44493	40432		1622857	1615218	1279156	1279476	1460286	1456546	1426748	1663170	1269773	1381923	
0.5492	0.1534		25503	31631	23399	23292	29134	31012	31166	23628	23271	22260		1578767	1676972	1349588	1423390	1625292	1689303	1645174	1426749	1507784	1247505	
0.5389	0.9941		45140	44284	31695	35014	31121	35432	33678	30710	31341	38176		2126776	1571849	1121177	1442886	1618960	1529470	1537678	1331730	1558591	1488088	
0.0517	0.8919		23350	35175	25489	30852	22324	53172	19614	20267	19215	46514		1364980	1880741	2243332	2435938	1400833	2439309	1858646	1503621	1371533	1429283	
0.2178	0.8004		36326	24374	22088	43217	40113	20430	23422	40978	26379	101916		1743620	1649146	1235829	2019303	1636856	1647762	1458746	1587838	1482317	2618985	
0.1136	0.8472		21206	32365	22300	27158	27092	18524	19852	23821	30645	21535		1487118	1758868	1365081	1148673	1036024	1014002	1226603	1217447	1526497	1254923	
0.3307	0.7684		26483	26650	27304	30594	21441	24563	27428	23664	32893	39260		1259225	1250955	1322749	1249534	994822	1207348	1230820	1302980	1492268	1346983	
0.4179	0.4948		31554	21886	28575	29682	24499	24913	25092	21858	26101	32015		1665559	1312134	1402958	1453637	1268801	1296437	1199008	1040584	1243466	1486101	
0.1301	0.132		24085	24711	21550	14322	23967	37672	21834	17711	15234	17809		1533154	1295736	2307714	1663044	1654471	1968997	1799027	1333044	1185015	1201365	
0.9238	0.2291		28378	36312	27600	27237	37977	25097	22429	29963	24494	37336		1571675	1366771	1385897	1365022	1519594	1308217	1245408	1328861	1130120	1537414	
0.1354	0.6982		23629	21225	20987	24720	30157	31751	29687	20150	19832	21293		1315760	1310102	1374947	1449745	1734703	2064621	1715767	1568059	1220204	1521052	
0.1852	0.7051		25711	28587	25653	25344	20400	23618	32401	33603	20058	22531		1255886	1387913	1475574	1398833	1056714	1327334	1466874	1756056	1206776	1173320	
0.3358	0.1946		24253	23446	17855	21252	40841	26584	22151	26389	26299	19212		1278452	1859380	1519029	1282716	1743850	1572298	1509134	1481111	1532169	1191240	
0.4833	0.7024		72130	32198	32410	34691	36814	37431	26814	40812	33209	26281		1409874	1498271	1638383	1588360	1691869	1330306	1162483	1176831	1293354	1336490	
0.2151	0.2722		24238	25928	39687	19261	17704	17957	28840	15331	18031	26680		1750369	1498981	1706904	1203153	1393955	1357301	1815376	1156139	1328231	1503659	
0.4569	0.4987		21154	49321	31160	19910	33429	32946	27168	19414	24422	31861		1148770	1385537	1478412	1463417	1492844	1581014	1553024	1161323	1249524	1455840	
0.2436	0.1813		16453	25920	16421	20973	25548	15982	17608	26123	18584	18886		1283779	1449906	992675	1306428	1454035	1146816	1246033	1434843	1152779	1232355	
0.2481	0.88		24934	26642	24300	26915	25964	37512	35466	25410	25969	35064		1161307	1309739	1226703	1268772	1345976	1512051	1373917	1257346	1434359	1404070	
0.3719	0.9805		39372	30052	39749	38655	50685	39069	28285	30114	29070	32461		1498679	1396253	1450634	1445497	1578165	1415504	1111896	1140282	1192537	1180494	
0.9046	0.4894		30952	37015	39939	37309	42942	37345	34950	26675	31646	34224		1437264	1334808	1613285	1524782	1867609	1583174	1305368	1160028	1450212	1543913	
0.6609	0.2087		34146	25763	31954	21304	23575	27108	21766	20815	23064	24673		1452547	1357099	1382510	1103215	1269971	1454629	1262880	1072495	1195845	1261340	
0.572	0.524		35651	23104	22551	27678	28435	34711	26428	26107	26342	42234		1413592	1300732	1008951	1200381	1243001	1482056	1199707	1407131	1586859	1468147	
0.077	0.9508		20434	23673	21999	24581	19746	31233	24992	32574	33143	23913		1201561	1267777	1395905	1175070	1183978	1322302	1087722	1266921	1540789	1357267	
0.5099	0.6892		42561	45610	27086	28330	30671	29192	29897	34140	25890	27346		1941457	1843329	1354319	1313872	1356027	1305936	1372281	1585393	1507966	1437163	
0.8533	0.6678		44042	38914	44836	35398	43738	61989	39503	39331	40735	34542		1902707	1769825	1743560	1499805	1409666	1787642	1341168	1495753	1380896	1281329	
0.0879	0.898		27488	35844	32981	24145	24105	22388	21547	19838	25763	32617		1392236	1612085	1812518	1374434	1343890	1461267	1106774	1081330	1428416	1502389	
0.3384	0.3796		29238	19731	24043	20694	22796	27012	21507	29945	24337	27824		1264654	1248023	1221778	1178705	1134518	1250568	1310551	1463750	1368242	1420037	
0.4926	0.2629		43762	25690	19233	17583	18633	25804	30556	33060	23357	17884		1498994	1386055	1262878	1237915	1182351	1526714	1325489	1587978	1333034	1038447	
0.924	0.6662		30367	33746	39854	42050	46423	99314	44979	40277	29339	47479		1407128	1366709	1847360	1305916	1640835	2436793	1448858	1504609	1163975	1453678	
0.419	0.3191		22486	24970	23552	21451	22076	21545	28056	22058	22413	26304		1355502	1385146	1347970	1331391	1405815	1404985	1638295	1345503	1284792	1341661	
0.4205	0.8906		38934	31947	35902	60709	28030	33595	39348	39499	27315	30795		1875285	1317360	1513921	1390835	1207137	1330383	1425691	1654460	1217084	1449658	
0.1937	0.5097		39278	18656	19418	25521	25494	21904	27391	30417	19424	30845		1764517	1366349	1210089	1308044	1361461	1294216	1363803	1657443	1438697	1568051	
0.2461	0.9606		24974	31129	31605	27352	24549	31896	28661	25685	26964	24279		1437179	1415086	1559099	1496462	1282939	1520677	1418437	1277369	1300765	1181202	
0.1301	0.3214		20505	19809	25995	19400	25342	21912	25581	25522	23739	26279		1349055	1130820	1534233	1631676	1631628	1367632	1750356	1538228	1591402	1462109	
0.5876	0.33		33187	27715	22925	22787	33440	35364	21074	22587	25808	23487		1481528	1259573	1266360	1270963	1502862	1687123	1238965	1217829	1371763	1356628	
0.9679	0.7007		45085	36341	36629	43420	40605	42946	34748	34470	50859	33018		1407667	1468197	1390274	1446400	1388368	1315698	1237047	1332216	1520772	1056592	
0.2306	0.8412		34758	25674	23958	24623	35060	35995	25507	24614	31981	30206		1540881	1171933	1024152	1110056	1452129	1293283	1172271	1141937	1363535	1220105	
0.9286	0.6758		34029	45599	44560	47079	51569	39864	33870	30191	36763	37138		1244495	1758526	1429489	1670385	1354092	1367149	1081894	1213765	1353774	1453163	
0.1396	0.6191		28283	23346	23914	16998	20593	25094	28523	19743	21290	28529		1590055	1253219	1282342	1069375	1151733	1374622	1515014	1329041	1243336	1550674	
0.3421	0.8347		29123	28509	23697	26782	23555	27834	35704	38226	27475	25493		1315835	1246099	1089114	1129442	1300572	1319944	1421401	1460500	1178914	1157031	
0.3216	0.7606		46775	24624	34251	35749	43219	34047	34232	29118	34427	28480		1625675	1263572	1499208	1485516	1302041	1430200	1572544	1361414	1604183	1550470	
0.2004	0.3513		19598	19390	17387	29089	25398	19734	29672	18659	24472	29225		1291894	1199899	1172057	1251715	1250953	1111794	1359925	1246329	1207821	1405972	
0.6002	0.1934		24212	23529	28989	23719	25460	21518	17597	23185	28699	20375		1256078	1430639	1262835	1421266	1301252	1168627	1100542	1293761	1215687	1182996	
0.1808	0.7941		73622	30554	27909	23750	22279	23129	26017	24812	24359	22871		1639372	1421518	1299813	1268878	1223528	1321683	1282407	1253093	1220391	1243631	
0.6282	0.6238		28801	42828	25647	26699	27488	24942	24569	27315	37206	33057		1350715	1304508	1080608	1215665	1206428	1062961	999413	1284132	1483956	1424789	
0.1175	0.6904		20758	25186	26274	29687	23580	29411	25064	20689	21163	31212		1405113	1345192	1437500	1295795	1359795	1353178	1260108	1211684	1223526	1552880	
0.1283	0.7486		27361	27871	18169	24278	20883	21791	32919	23995	31955	18052		1394827	1177038	992943	1301523	1561709	1460852	1425347	1236892	1407205	1113239	
0.5978	0.3677		22569	32760	22781	22824	27353	26215	24797	22315	33122	22161		1168468	1406356	1152980	1209863	1482872	1209481	1188932	1166130	1330428	1161180	
0.1336	0.5033		18443	15855	26600	27955	25322	23021	25497	24577	18174	18670		1252110	1272142	1381187	1429521	1369873	1115801	1426125	1140910	1047008	1039944	
0.3374	0.5684		24096	25824	21615	22346	33963	24991	35302	22449	30191	33718		1319388	1150725	1321192	1204772	1398548	1354924	1544722	1421493	1337200	1393934	
0.4238	0.4252		27658	29178	41748	27165	23353	20332	27682	35670	19977	50045		1427790	1501222	1527919	1339709	1351798	1274850	1417766	1596618	1076711	1233711	
0.4772	0.8181		30277	33773	44812	34583	32551	27833	29254	28296	32977	38942		1509127	1533542	1376434	1518983	1424819	1273194	1182779	1424437	1412167	1423262	
0.2667	0.2963		17372	25987	24586	15412	26914	19574	19919	18082	22176	17695		1190247	1522036	1249053	1063759	1358348	1313274	1257826	1317802	1297048	1257313	
0.6054	0.7449		36147	35462	38487	32465	33110	29619	27181	34551	33347	42082		1648033	1539314	1497229	1394277	1401668	1287369	1273050	1378596	1424528	1721590	
0.3715	0.4327		22297	28315	23475	32272	32194	18627	32305	29684	30575	21131		1030667	1327177	1267895	1449105	1567294	1075837	1475547	1417809	1347079	1250461	
0.4398	0.7133		28109	29711	37348	26376	31475	31579	36736	37261	28951	40333		1262045	1353892	1611584	1273582	1335458	1523831	1507174	1497332	1416498	1177583	
0.1999	0.1721		19630	31810	16715	17744	24056	17441	25692	25361	25860	25514		1233034	1385694	1183358	1179656	1390037	1354865	1537072	1602818	1517422	1353046	
0.2366	0.0857		15328	17373	24312	17609	29782	29034	26426	16155	18707	16635		1146053	1223342	1461487	1148579	1507992	1559421	1515691	1289329	1329847	1219759	
0.477	0.9137		40061	34941	31567	30925	29721	31931	44185	42421	30929	28042		1572717	1394299	1309472	1175132	1159593	1288908	1425261	1435961	1306385	1179859	
0.6552	0.2758		21250	20310	20699	19798	23074	31151	19974	25650	24480	22742		1315267	1149784	1026988	1057158	1331294	1480271	1100597	1364929	1276862	1268127	
0.0528	0.643		15933	20688	27900	29653	15385	19343	20065	30670	18504	27390		1381500	1248956	1573265	1401017	1098052	1133086	1202855	1446158	1273643	1359458	
0.8632	0.8148		66251	35798	35478	37756	37916	36422	36807	51105	36331	36433		1386571	1332522	1303850	1250622	1370604	1206998	1329049	1539803	1321118	1404492	
0.4573	0.3506		26783	22233	27408	36678	26826	21063	31764	23857	18766	18933		1399053	1296482	1440058	1577475	1345623	1230419	1575342	1309106	1158757	1073393	
0.3211	0.7469		24700	35033	49682	31407	25807	26235	24763	21834	26358	20433		1443358	1637915	1714944	1459701	1131171	1252139	1156008	1311610	1176130	1088922	
0.1085	0.614		28212	32020	21448	28876	25739	19570	23224	19359	20312	18910		1708739	1361277	1339561	1578458	1518914	1262603	1545062	1255987	1248937	1151427	
0.7521	0.1345		22937	28633	28988	34064	31448	22729	19683	31167	22107	23071		1160381	1435568	1354648	1261308	1663780	1245387	1081991	1659704	1321284	1295170	
0.9935	0.0823		34959	23391	23816	20281	26520	26090	23614	26314	26733	20393		1503882	1253627	1285377	1239321	1297118	1269799	1146168	1239033	1259548	983930	
0.1384	0.6605		23912	34535	27781	32663	24258	29026	28444	28977	29625	19636		1486168	1265016	1325081	1687645	1292338	1258438	1405846	1658067	1650161	1172730	
0.9999	0.5462		31107	33123	36357	33719	48161	49287	30866	42272	30789	31442		1215101	1230891	1566929	1253440	1569211	1482045	1187157	1280082	1282094	1366889	
0.913	0.7124		39717	36078	43585	36539	32146	45418	34328	33718	33188	33094		1533592	1331405	1551136	1360893	1149836	1453590	1325784	1169553	1291468	1189721	
0.441	0.2808		20379	24285	30882	17127	31545	22581	25507	19270	27662	17747		1169095	1357552	1475702	1060064	1453065	1212045	1424013	1245488	1496964	1152645	
0.9511	0.4783		27023	36592	35681	28519	32570	32386	29690	32674	29894	37933		1212064	1355675	1226827	1047372	1119769	1274670	1238534	1396211	1212433	1267751	
0.0903	0.5541		16081	23605	17494	18653	19638	18662	18484	14847	23398	18013		1000451	1445105	1124001	1316450	1107899	1087149	1457518	847535	1130291	1173371	
0.957	0.7385		38398	40595	47419	36402	44298	36672	39781	37030	47237	52028		1314002	1323420	1558654	1271608	1368021	1132628	1287415	1196976	1447221	1614064	
0.6883	0.8656		32463	31814	34702	35563	32394	31518	42009	34172	32601	35128		1245803	1070641	1259903	1242958	1161000	1219072	1578463	1224162	1169477	1248785	
0.6927	0.5865		40493	40250	33859	33761	21984	31906	33147	38876	34480	25691		1226479	1285204	1359491	1251155	1161808	1374709	1273755	1286232	1324128	1220455	
0.93	0.1045		35984	35606	24074	33185	33454	22540	24739	22782	28545	25437		1483563	1670613	1288460	1465817	1454875	1221136	1185268	1190975	1272733	1438874	
0.7654	0.5078		27776	25576	30925	27067	30352	38275	37102	42342	41969	36957		1026698	1181451	1268124	1166119	1214740	1485945	1486078	1294120	1223051	1451269	
0.1228	0.9846		26338	21505	26378	36291	22547	25821	25286	20325	23172	28434		1248135	1341839	1167923	1270660	1130361	1318357	1391577	1199466	1371063	1438476	
0.5403	0.9173		40778	36343	34943	32421	30118	31778	31523	32635	33130	30795		1347696	1527051	1214838	1492792	1302997	1202101	1106113	1143004	1202653	1165796	
0.8532	0.9516		64497	38754	35932	40566	39209	44348	42041	48166	52969	42024		1435773	1216221	1131681	1226698	1153939	1391871	1328625	1246797	1634051	1377402	
0.3753	0.5209		22684	33003	22978	25563	33058	27467	24357	27293	25070	22560		1213121	1622805	1263848	1265205	1633439	1448041	1287478	1203488	1268562	1286067	
0.2306	0.1372		17222	22874	13557	16923	18332	16617	25231	25473	13844	17464		1133294	1479411	1244637	1142426	1252674	1255178	1417825	1255357	1177662	1200437	
0.3411	0.3178		21030	18705	18437	33512	20049	26077	19116	28835	20280	19490		1456536	1425541	1222263	1191053	1135084	1385362	1240038	1384101	1260474	1305852	
0.1155	0.9766		22718	31700	29152	32404	22821	26794	24216	22641	23836	20130		1376572	1657147	1420675	1402005	1203030	1347302	1239424	1390315	1320381	1368859	
0.1595	0.3485		27647	18395	16799	25720	18040	20910	20424	20632	25802	20100		1633215	1184980	1147806	1313291	1195533	1224252	1454919	1238420	1335641	1288153	
0.8974	0.6679		29512	33797	45525	32899	37478	29572	36332	35503	36245	39562		1242607	1475066	1426633	1286611	1160448	1149159	1379964	1444231	1337532	1617323	
0.8424	0.8586		38429	40266	39138	35983	46388	41044	46078	35050	45977	46275		1461634	1295486	1281377	1215460	1403457	1359265	1428254	1318403	1355363	1370307	
0.1042	0.0641		15899	16887	16603	17788	14939	24099	21304	20728	14419	24055		1305364	1246060	1295558	1324947	1285100	1542582	1421009	1520621	1244304	1596634	
0.4304	0.1674		21274	31215	28046	19102	28419	19522	24618	33362	23652	17453		1517539	1373372	1517332	1186214	1300495	1095151	1343505	1420478	1398013	1162049	
0.812	0.7563		30741	43562	33180	30571	32330	43492	33432	33899	41612	30651		1229947	1541888	1295199	1093245	1272834	1334884	1304020	1294748	1439094	1245244	
0.249	0.407		23160	20453	21327	31401	21635	27025	21564	30151	20767	25723		1375035	1318516	1255842	1369181	1235332	1293586	1379798	1516662	1330028	1366734	
0.1476	0.7656		28978	30338	21478	23106	27993	28634	20872	23815	20916	22405		1621990	1286179	1178100	1238243	1260777	1279202	1273600	1286188	1189590	1076643	
0.6973	0.5976		31174	36727	39527	32874	38296	34182	32657	45373	28904	36545		1332332	1235916	1571155	1612777	1442939	1282473	1298974	1555736	1549095	1480663	
0.762	0.6694		41302	32235	27243	37698	36294	33065	29603	48657	30468	27740		1264898	1403994	1114134	1339505	1280138	1312963	1146828	1285630	1094936	1067635	
0.3944	0.7333		27555	25531	35408	36943	34975	24770	25322	22730	27163	22504		1303201	1240613	1369502	1538237	1711976	1186544	1161040	1317092	1224083	1153366	
0.1591	0.8043		25449	44480	20068	25542	30555	30026	22502	19250	21802	22061		1231563	1248929	1061534	1226046	1346676	1267331	1048234	1103583	1200699	1169093	
0.1282	0.588		20353	29364	18445	17468	19477	19903	23701	19660	21482	24421		1411382	1594716	1109145	1117582	1246060	1207636	1292242	1275446	1624846	1456473	
0.0504	0.5694		25242	24045	27211	20958	18628	25492	16493	21476	21195	16794		1423734	1462291	1443933	1204850	1175865	1345519	1264180	1231383	1359562	1180588	
0.917	0.4238		40093	39851	28633	28349	29533	38007	26470	30907	25856	26000		1644199	1609000	1202417	1259300	1500088	1466155	1131415	1275368	1168915	1041310	
0.3951	0.4742		22485	37555	31249	31124	25789	29259	27652	20461	27934	25078		1168597	1388783	1497726	1543464	1155980	1208623	1236069	1006124	1243801	1190832	
0.8034	0.9597		42343	49481	36533	41313	33259	34695	36096	36077	33928	41947		1226885	1226729	1169285	1058035	1083985	1232226	1290747	1285847	1200007	1297991	
0.9624	0.8835		39354	35786	51805	48248	38982	38146	42913	46901	37597	48257		1433740	1022568	1472944	1426299	1148793	1230654	1401263	1237886	1211564	1413809	
0.1157	0.2001		20602	24092	15577	18009	13168	15701	16150	22547	26186	18373		1439469	1416670	1507067	1248366	1003245	1151019	1343093	1367504	1709599	1264709	
0.5941	0.246		33110	24427	30874	32975	30944	31147	31750	24310	31615	20187		1439150	1273627	1656841	1725776	1554340	1447261	1663166	1340498	1506843	1186348	
0.2898	0.6812		24360	22856	22796	33932	21598	29541	27972	33507	35010	25010		1389565	1215505	1240681	1556497	1149973	1575999	1458665	1418460	1609254	1396446	
0.7663	0.6098		30332	30439	33807	31293	33034	52272	28624	39014	40838	33222		1303241	1283692	1407417	1240540	1423214	1605581	1273550	1382764	1693723	1277887	
0.2337	0.7399		39453	34919	26827	26461	36040	24445	34882	27030	27776	26151		1578545	1493936	1235655	1379240	1370444	1300250	1473083	1247857	1250621	1212563	
0.7465	0.0838		30561	30341	27021	20754	17586	20428	30245	30148	19974	24959		1532708	1528504	1148056	1036010	1095479	1168577	1146909	1204627	1141537	1190412	
0.5033	0.589		40097	39548	25587	24830	26636	33082	24951	25381	27744	41339		1676319	1334982	1196151	1225426	1291126	1387786	1098473	1209432	1365446	1301466	
0.8097	0.2785		24055	26596	23421	34550	23702	24954	24117	23840	42538	35324		1214330	1432642	1326491	1586228	1111799	1171283	1182933	1132471	1561095	1361006	
0.6278	0.4848		24355	34828	40681	35138	27489	24227	34853	34977	26691	24742		1494305	1498472	1170259	1315608	1281417	1343422	1408917	1416902	1331760	1216591	
0.2606	0.3759		27186	43333	20936	18980	24605	19103	27091	29138	22609	26159		1634595	1685434	1200580	1203369	1183422	1294793	1342730	1633417	1312124	1173700	
0.9863	0.131		29007	35335	31581	30326	24859	25692	31752	21375	24792	36942		1481720	1551633	1259702	1362193	1063889	1171886	1213611	1189305	1206654	1550742	
0.1177	0.5809		29336	25153	23396	18978	20840	17440	16325	26972	19481	27809		1638587	1575054	1349117	1143478	1263533	1152642	1160195	1496125	1401868	1350167	
0.9764	0.7968		42648	50105	49235	50140	35898	49056	48964	53328	35896	46568		1254466	1501697	1518714	1391822	1219341	1562988	1616721	1519205	1276954	1585244	
0.9266	0.3097		28658	38025	28963	34088	26181	27843	27312	32611	31897	24831		1545821	1483869	1309411	1404490	1280097	1232499	1477524	1455735	1207859	1195340	
0.8257	0.8578		38467	46912	44884	32242	33856	33020	39427	36439	46180	38096		1503543	1423794	1558110	1214926	1215148	1273581	1256207	1339308	1471585	1309616	
0.4328	0.7377		26115	26731	31509	37159	28664	28529	45434	37877	39450	30328		1154434	1380783	1374881	1549734	1322986	1269251	1422625	1684081	1524673	1323586	
0.8981	0.6774		35709	33548	30678	36773	45805	35337	44907	39908	31407	33484		1418512	1538424	1397705	1309816	1515604	1270394	1549979	1367090	1196309	1196081	
0.323	0.8307		36146	33797	28373	29760	30658	28511	29090	30335	38352	40936		1521651	1362166	1267082	1143238	1238001	1105691	1224298	1249002	1572611	1329292	
0.8082	0.1469		24733	38379	20587	22490	24099	30211	33304	24443	31377	24926		1216399	1704428	1241269	1280341	1247600	1285763	1317788	1272569	1238773	1361651	
0.2081	0.9736		25991	25015	34439	23436	27628	33894	26235	34019	26705	31386		1327972	1288504	1527501	1203089	1474722	1513654	1303083	1398627	1413911	1463296	
0.9234	0.0574		22707	33074	23318	31826	29194	18848	24146	26731	26518	22917		1408626	1526871	1212840	1633246	1517366	1065096	1349507	1463161	1334395	1183264	
0.1694	0.0788		26156	16624	25909	16592	22978	18338	31691	18188	13457	18416		1743514	1332902	1543065	1326043	1503863	1400860	1541520	1279505	1311585	1537182	
0.5636	0.2112		31875	31994	32014	21841	22593	26245	23174	17916	19139	21639		1535656	1426236	1423428	1251327	1363258	1364093	1328297	1254730	1074375	1186063	
0.3667	0.8413		26588	43045	26719	27788	27318	27438	27883	28647	31232	30745		1178053	1227712	1130405	1115918	1121928	1190635	1289211	1195917	1316653	1307222	
0.278	0.1104		16168	24732	16603	15727	19240	17496	25740	17103	20711	25581		1234532	1495566	1194414	1124591	1213889	1161040	1527530	1222390	1247322	1406499	
0.9556	0.2694		24460	24353	27696	23911	30394	31608	31360	38391	36494	29259		1383174	1213650	1233399	1226141	1588769	1332039	1196554	1642677	1651199	1550673	
0.8681	0.6766		33933	31022	46289	36170	32761	33266	34102	33886	44087	57946		1400690	1327162	1485861	1225916	1134443	1288429	1138428	1159993	1374469	1330277	
0.3032	0.895		34636	33438	26678	25869	25692	27961	22780	24789	26517	27617		1510943	1652060	1282132	1199334	1212608	1268295	1139037	1237510	1144543	1502276	
0.3529	0.8742		29102	30757	32795	31498	39427	32508	39110	49014	39543	30034		1386890	1493534	1518183	1348765	1570571	1280048	1651809	1607028	1631128	1632611	
0.2255	0.5815		39421	30914	29890	27159	33785	21715	25251	23887	20487	18348		1480422	1545371	1484229	1787198	1679450	1374345	1298587	1272749	1160556	1176763	
0.121	0.222		24743	17851	18446	16425	17122	15739	15929	23576	18301	16167		1284903	1498638	1286007	1290297	1254640	1182296	1157722	1493835	1444287	1323285	
0.5042	0.3828		25133	24237	22591	26312	37968	30486	21768	27189	31853	26763		1358913	1325385	1172669	1337177	1512739	1487609	1241417	1364404	1279306	1224484	
0.2766	0.3036		17685	18269	32616	20437	29248	28019	22421	22696	19825	22509		1397030	1445522	1556034	1413905	1606498	1689708	1414892	1583028	1370751	1508388	
0.7702	0.2194		26324	23794	32634	24311	23028	32545	24786	21395	26206	31455		1525103	1159226	1411354	1198630	1145438	1337646	1183702	1122404	1180141	1496478	
0.7047	0.377		21147	25024	32070	29724	34353	21683	26015	30582	22249	30227		1243597	1271334	1357120	1392073	1657684	1453767	1386426	1491036	1263217	1400549	
0.7167	0.7782		32133	45293	46007	40370	32970	40230	48917	44787	35214	36494		1322808	1480207	1391722	1367292	1250465	1345361	1509840	1477652	1324329	1581468	
0.8413	0.3071		24803	28232	40735	28812	28511	29032	27127	39951	35044	23498		1432016	1460020	1625971	1492562	1343717	1450800	1379546	1424930	1263293	1054923	
0.7935	0.9848		54878	50818	40647	44634	41420	47350	62254	47085	38489	41595		1473150	1460019	1289194	1402263	1267972	1503112	1438978	1280262	1263689	1301629	
0.4739	0.0904		18334	18835	27570	20760	18892	27727	23025	27466	19096	18100		1291681	1274148	1404405	1263603	1129138	1421243	1274907	1466930	1110407	1122007	
0.0879	0.8193		20815	19215	23903	23883	22696	21487	30880	26065	19040	20021		1144362	1098468	1213366	1386862	1217311	1194819	1639506	1354777	1015683	1094936	
0.2279	0.0568		17144	24345	23902	19517	24774	24049	14709	16236	19308	15811		1472345	1398646	1348063	1220734	1594464	1584458	1312929	1255678	1231822	1300035	
0.7904	0.2499		24455	25425	24193	24386	33539	33080	35121	26242	23844	27847		1225817	1351852	1336139	1323982	1361783	1419799	1284480	1304500	1262119	1315703	
0.9763	0.3444		28639	37244	38635	34012	30304	35474	39173	29235	29544	39530		1437243	1570434	1540372	1427820	1228316	1428883	1659425	1242506	1358494	1534320	
0.4063	0.3186		20359	21095	21033	19970	20416	22143	25138	25991	34272	32640		1299131	1283303	1241948	1203959	1369159	1252282	1344325	1546969	1508143	1626045	
0.7994	0.4972		32145	26205	23817	26853	38187	28551	24178	34790	35176	37426		1253222	1081461	985048	1154221	1434173	1033603	926480	1255055	1239841	1583143	
0.2401	0.5254		19155	19497	20477	20111	20148	19863	36071	32055	20772	31417		1159085	1336723	1204624	1105970	1107882	1242281	1437098	1392951	1220260	1278850	
0.5168	0.0895		29595	29703	21432	23819	20070	22056	18797	24795	16330	19076		1584980	1704314	1378599	1376407	1228590	1272811	1247628	1221533	1124816	1196512	
0.4443	0.6771		34761	34951	34591	27143	24816	29130	25322	42191	24168	36384		1658758	1438143	1503542	1265032	1128962	1204316	1170417	1442213	1190765	1118822	
0.893	0.4007		28658	28390	34833	30624	30306	26570	31037	25961	28155	26250		1258022	1336488	1360165	1317610	1291326	1363128	1257891	1210204	1132219	1295537	
0.0776	0.7479		31303	30016	21046	29498	19428	22303	30850	21182	20938	22390		1413151	1630478	1210715	1445572	1220654	1380778	1474366	1343907	1227231	1356324	
0.6235	0.4867		36494	34133	27375	21771	27103	28017	38876	24093	25942	39819		1418872	1388705	1161630	1134220	1329589	1292596	1233783	1089061	1147512	1388237	
0.9509	0.463		39618	29660	42903	34626	37767	39361	31664	41216	39709	40113		1727282	1219324	1495135	1310522	1510600	1508640	1341528	1550589	1407223	1576649	
0.9239	0.1502		20822	26498	28012	29837	31157	29993	31036	28200	55563	29912		1329461	1287939	1246283	1359247	1462262	1309845	1395079	1436539	1562896	1346053	
0.724	0.4879		40946	28184	30310	43618	30036	37356	42418	26248	35251	26717		1619710	1284270	1424328	1572616	1374435	1578085	1443655	1273178	1374691	1185932	
0.9929	0.4832		30726	27266	27361	33652	27852	36499	31051	49195	38933	40100		1355100	1250660	967181	1246742	1164385	1103045	1141962	1250425	1320570	1469165	
0.6198	0.4641		26461	33918	29880	27556	35104	26672	29676	21632	30242	22190		1610450	1550820	1383148	1291907	1385966	1298429	1546919	1273173	1539507	1397043	
0.3288	0.7568		30712	27477	22012	42454	25499	30546	34304	29005	26721	31565		1315727	1304600	1013916	1266132	1162389	1106336	1351229	1266671	1155101	1299232	
0.2375	0.5883		20148	21320	27535	22500	29944	31824	30524	30856	20873	22755		1234307	1152133	1256479	1220149	1388063	1203439	1469442	1340306	1126653	1261920	
0.2643	0.3831		23472	19952	22348	26273	25584	21710	29495	21645	19252	19105		1577889	1255221	1412653	1352282	1564795	1335782	1653072	1226869	1238372	1257456	
0.4988	0.3124		29884	24068	28738	24525	30079	24827	22273	24827	30724	22792		1509591	1381217	1346791	1342385	1376166	1342737	1431693	1265491	1454151	1547865	
0.3569	0.6161		34092	34081	34746	21744	26093	22376	24827	34293	26369	34717		1427530	1484969	1370306	1249198	1354221	1279231	1233960	1419091	1251041	1441778	
0.8199	0.6728		33522	32952	34178	37837	34272	36614	43480	30676	32994	37382		1351657	1438335	1354386	1486884	1290175	1372427	1573530	1106195	1244223	1275483	
0.3764	0.1551		19790	17413	19019	18596	19942	18946	17367	24807	17878	22642		1316120	1350023	1186046	1208619	1237788	1361344	1409379	1555780	1344859	1286390	
0.5273	0.8943		32790	41535	40377	29820	26716	31691	39812	35376	34461	31205		1238493	1618931	1470727	1208023	1039896	1342712	1498513	1324411	1290220	1262377	
0.4637	0.7115		29234	28168	42835	27709	40824	38625	40625	30526	27914	36532		1394105	1504551	1332737	1233697	1640836	1541811	1707796	1257170	1246335	1480818	
0.3159	0.7716		36490	36721	34992	24215	34424	34469	34537	44542	27546	24936		1511986	1478595	1539036	1171149	1373324	1415316	1313508	1591658	1159095	1079426	
0.4611	0.6538		25180	26046	39991	38361	42257	27792	25452	25561	27092	25485		1204739	1266776	1241336	1282207	1656763	1157695	1179928	1219566	1198917	1164830	
0.4658	0.6781		29013	28978	30143	39000	28668	34157	38384	25398	37520	37253		1439129	1337029	1468095	1385062	1333879	1517453	1570986	1272031	1446203	1631174	
0.592	0.5803		29496	45348	25997	27665	23307	43773	27685	37071	24389	25426		1308846	1364763	1135406	1348098	1030968	1261883	1221080	1536322	1042910	1235696	
0.9993	0.9687		46880	39986	39953	51755	52727	51918	40855	75837	50547	50122		1435490	1382305	1498747	1681267	1761546	1490723	1189306	1458780	1591777	1504071	
0.7588	0.4254		25637	35903	26127	25985	37533	25239	35612	31689	28607	38627		1193473	1420165	1279371	1283593	1491229	1213181	1494121	1543237	1425646	1499410	
0.1821	0.8135		34259	23926	34608	24443	34601	24766	25223	23702	20221	28462		1486358	1227126	1677856	1405171	1403007	1265321	1116155	1166278	1237076	1322742	
0.5246	0.9843		33359	38828	30887	30412	27629	34047	28279	41390	36682	30980		1459735	1453001	1366383	1198399	1116450	1297428	1370653	1528924	1433164	1303302	
0.5412	0.2177		23101	24643	29565	31732	32923	39283	23870	21747	30029	29722		1376434	1522117	1414346	1583454	1526549	1570658	1365604	1305654	1372125	1396547	
0.1889	0.9301		26181	23680	34044	33698	25987	23515	26504	24824	32914	39424		1227307	1319760	1527201	1644895	1106006	1116488	1306427	1239888	1482552	1476963	
0.9049	0.0863		32266	30437	23162	25120	36413	32766	23376	29828	23489	23136		1715038	1503045	1314735	1220124	1477424	1478927	1412767	1409250	1392295	1311905	
0.1463	0.6439		19200	22012	24294	24648	20332	20491	21791	21111	21832	24409		1415703	1256075	1309217	1405501	1159597	1166119	1156841	1177764	1170624	1254221	
0.2437	0.2462		22529	28188	18487	17168	19245	15957	24599	27433	19129	17441		1305278	1308319	1204124	1220554	1428614	1085487	1289667	1252186	1156558	1172628	
0.2553	0.0605		24202	23960	16524	27230	12657	14911	13522	14100	17456	20361		1776255	1669853	1249680	1566082	1074627	1037693	1084564	1112920	1198021	1321511	
0.3822	0.9818		27290	40988	29799	25453	29267	28780	28655	38921	33882	33484		996571	1159050	1276588	1030673	1182910	1176124	1121470	1137198	1269749	1183818	
0.0792	0.6371		33178	20395	26798	18336	23983	18758	27618	24356	19405	18490		1411603	1279848	1499355	1106580	1332734	1209893	1608665	1459689	1245332	1314496	
0.3822	0.4976		30876	22886	31677	27009	24112	29802	30979	31109	22811	26838		1325289	1295233	1385607	1352859	1134878	1166395	1577236	1285682	1233241	1365741	
0.2071	0.7352		24753	31112	33406	31505	32913	28083	22846	27402	22543	34244		1260012	1525167	1547107	1436818	1598118	1470742	1329927	1336859	1490996	1605633	
0.6034	0.8818		42660	42788	40916	40457	34076	30277	30445	30161	37308	40656		1345480	1579279	1653705	1631610	1233058	1139154	1262880	1266740	1379317	1396661	
0.1765	0.4557		22982	16227	19005	27870	18942	24567	27968	18611	18859	26157		1364789	1176021	1247426	1340517	1131103	1288583	1467633	1180220	1180563	1303743	
0.151	0.352		20174	19255	19383	20557	20331	29018	27879	29226	27846	20641		1220941	1346826	1288190	1261344	1293383	1424338	1468393	1539970	1440184	1275922	
0.6039	0.8803		34747	30979	35785	30875	42158	32012	31260	38736	29417	44405		1396176	1209081	1412540	1162955	1573598	1195453	1194587	1281120	1096920	1302523	
0.2154	0.4652		23841	28611	26392	21114	19754	23445	18606	28457	29830	28234		1506023	1328765	1195504	1227239	1150461	1309947	1212126	1250172	1523598	1564798	
0.8658	0.5461		36968	39453	28203	34372	39111	30283	34435	29699	29123	32024		1254848	1448963	1185476	1388270	1584810	1278782	1393357	1288350	1234475	1278896	
0.7743	0.7974		46113	42655	40000	34839	39277	46345	34572	35115	47294	46535		1575621	1295997	1423957	1176185	1387980	1644609	1246336	1177600	1584709	1393435	
0.1753	0.8783		31933	27524	25461	22669	24554	30401	32292	27925	32919	32581		1288647	1285790	1150924	1121814	1142278	1286655	1308214	1199731	1504915	1477510	
0.1343	0.5384		20083	20426	28097	25362	20197	27993	21584	26784	22921	27775		1271489	1352114	1506825	1561989	1598216	1389407	1291579	1480950	1254563	1543461	
0.5707	0.2182		19322	45212	30620	32443	19295	19601	30505	23434	26338	18604		1314885	1472499	1519424	1601723	1134825	1198696	1640995	1357404	1362607	1211397	
0.8298	0.0666		30703	31006	30731	23015	28160	30506	29504	23601	19847	21339		1473953	1405063	1728958	1451669	1186896	1382552	1386780	1429368	1143108	1168655	
0.6027	0.2644		25265	26124	18739	31541	25807	20572	20234	33426	33234	20789		1455432	1297165	1362958	1574658	1594264	1041256	1094946	1566617	1352367	1372258	
0.9598	0.3736		27482	34441	27405	38097	24707	24350	38075	43838	32516	25288		1171913	1383383	1112029	1412138	1150666	1166087	1413881	1361857	1339063	1175846	
0.086	0.9658		31983	27456	28360	22928	21915	22168	32892	32316	27729	29594		1581924	1302600	1263758	1240909	1440689	1306518	1425502	1591028	1403501	1259344	
0.199	0.64		22070	27294	26139	23313	25691	22845	19295	20422	27736	26085		1152335	1187769	1333078	1224583	1271712	1290331	1074535	1123772	1594685	1306651	
0.8361	0.9359		46798	38461	44222	37766	43842	32905	41235	44267	40866	36949		1680697	1247326	1335284	1422441	1314192	1258744	1262470	1250417	1260070	1305909	
0.7224	0.8195		33526	43799	33698	36391	29359	30405	34449	44432	33078	30477		1475493	1601871	1245592	1357606	1128899	1210844	1332422	1626764	1468193	1115896	
0.396	0.3726		22597	26617	24084	25429	20900	25313	26198	21028	24613	26082		1241803	1402009	1237677	1294334	1297444	1253384	1396612	1192087	1381170	1360209	
0.2789	0.7551		22192	39627	30992	36992	25223	24251	24336	26856	31039	29475		1285238	1369358	1463562	1605722	1294891	1128131	1243821	1244821	1278961	1215632	
0.6702	0.6571		35895	26829	26738	40473	33092	32778	29241	36960	37482	30355		1580227	1146433	1096059	1446693	1130993	1460178	1226360	1420415	1239427	1250789	
0.5482	0.467		24126	30643	29988	36045	40015	32766	36629	25292	29650	27106		1154402	1439999	1458383	1583738	1417137	1558018	1336021	1184600	1534236	1320742	
0.6474	0.615		28347	28729	39184	29422	38710	29431	35655	35810	28751	37873		1407578	1267246	1418572	1266129	1558906	1309797	1253370	1186414	1253342	1677027	
0.5201	0.5725		37995	24367	24913	24495	29061	34505	24275	24296	21972	34690		1770330	1270885	1193813	1222921	1454962	1818170	1352564	1243975	1200625	1611483	
0.7874	0.83		30283	35134	46393	45096	71486	41968	40370	35280	40198	37685		1252649	1485635	1439286	1579632	1584624	1456905	1175059	1323640	1322114	1444444	
0.4837	0.2164		29352	25232	25338	20515	30476	26949	19768	19925	17531	20581		1648430	1292870	1282624	1201546	1551035	1310112	1235844	1107997	1159606	1260590	
0.4619	0.5283		26438	28288	34141	26521	29017	23493	30550	22664	31778	38033		1430762	1308828	1608608	1407051	1429812	1243635	1596283	1218020	1505929	1362134	
0.9718	0.9454		53948	46826	39630	51244	40107	51233	50893	51389	39176	39191		1612274	1874673	1320440	1394417	1325713	1669132	1807349	1742549	1182668	1278687	
0.58	0.8904		38935	31044	50166	34362	37504	39245	33570	39169	31166	40352		1359516	1191848	1292027	1310179	1370506	1501427	1391401	1536007	1305267	1371143	
0.9908	0.6477		35247	45400	36923	43121	42679	46419	43623	37117	45578	39137		1292908	1575240	1309943	1478753	1277256	1321624	1316251	1208276	1805708	1533621	
0.2468	0.8508		30423	34569	34310	34479	27628	35268	35065	34531	34500	24608		1449382	1492927	1458735	1465418	1285453	1334659	1489999	1393960	1605037	1212277	
0.8119	0.6851		31573	41854	42008	34184	34529	47368	37583	43237	31601	28429		1386670	1458617	1553292	1449435	1467212	1616811	1534088	1493905	1335070	1103718	
0.2518	0.5793		22581	27749	21013	21548	32622	27412	26132	19323	23838	20893		1140414	1230515	1132666	1119116	1251687	1129070	1221575	1168337	1142445	1080226	
0.8769	0.8341		36169	35024	60825	37948	45212	33977	35010	39468	47021	38017		1399626	1312942	1528928	1290675	1189245	1124628	1131345	1280368	1347853	1262452	
0.062	0.3422		16800	29777	23689	16626	16265	13704	20553	15721	22681	22557		1222268	1475197	1363688	1193788	1229402	1213931	1262555	1215551	1427244	1495163	
0.0555	0.792		47848	19703	28054	19625	27604	28027	21175	29938	19490	28377		1448049	1307745	1679365	1230786	1556549	1481540	1344126	1426739	1273383	1595156	
0.7195	0.2273		18652	25260	31996	22179	21951	29608	23049	31921	24625	33621		1234954	1272987	1503525	1181398	1174656	1221612	1268303	1527677	1266282	1377384	
0.9395	0.2783		26982	22881	25116	28086	37173	26209	30024	26633	33242	23590		1239219	1264161	1318419	1433957	1448765	1186298	1247222	1112485	1265895	1207152	
0.421	0.7979		27157	34895	29151	25984	32510	31187	39745	34931	30819	37583		1173442	1415233	1250735	1157306	1272310	1344864	1658106	1404320	1352169	1350271	
0.6213	0.7622		30965	56629	36350	41080	53077	40644	31007	40830	39244	33726		1157062	1366855	1354457	1411183	1508702	1368903	1219411	1465253	1148782	1282010	
0.548	0.8458		40660	49937	49265	34779	34209	47849	44677	33675	43027	32245		1408061	1826791	1477213	1392431	1346836	1449585	1618149	1318561	1418492	1222662	
0.5115	0.5415		22845	26633	34279	38443	33949	33210	26212	30267	34402	30236		1394736	1237074	1587522	1734721	1636182	1527253	1236005	1516091	1579956	1343565	
0.2175	0.1005		20601	29203	21371	19695	24862	19207	21223	19379	17691	18761		1391715	1771280	1375177	1409183	1581238	1448779	1355160	1250451	1377349	1193127	
0.568	0.5597		29694	25340	36489	30955	36747	25912	26706	36486	37006	26183		1381610	1301371	1526207	1455138	1350085	1285931	1202368	1768106	1697607	1340800	
0.2528	0.4963		21942	23114	26940	16208	18348	21235	30915	20869	31524	28578		1492226	1325519	1231110	987410	1086476	1035966	1364372	1275121	1497048	1332267	
0.2136	0.2982		29414	20775	25804	28413	33006	18040	17195	16878	24159	17213		1499106	1269565	1315868	1393487	1340650	1140425	1027924	1100651	1336016	1069558	
0.6846	0.4348		27182	38646	35142	26524	27892	25501	27926	33996	25331	25435		1425845	1548078	1676701	1334544	1338954	1105040	1351831	1498827	1210100	1188512	
0.079	0.694		24904	23314	21260	21620	22819	20438	30285	30074	22293	26723		1444987	1324295	1344189	1330180	1459495	1271689	1653562	1754792	1394965	1424560	
0.8367	0.5406		33661	70970	28813	35348	34946	32183	34123	41734	34372	37629		1196736	1476617	1218817	1534483	1320714	1267575	1220449	1398744	1216517	1503405	
0.9384	0.6192		32572	33204	34739	35144	31827	31684	29065	42452	35631	48762		1226884	1244494	1347617	1308349	1175469	1126367	1148159	1357471	1278564	1581433	
0.1676	0.908		32876	40695	26375	22697	27900	23780	20617	22087	34744	20841		1411418	1491860	1366464	1270865	1396496	1364247	1061022	1250593	1076623	1087518	
0.3978	0.8288		38163	39165	42838	32770	27353	29473	32436	24791	27460	42303		1635867	1571120	1489924	1322136	1265836	1255679	1220786	973743	1158310	1335541	
0.0986	0.125		15123	23080	16516	16923	21810	25861	24197	16484	23166	28584		1120711	1231394	1332683	1262432	1453562	1129005	1138816	1273200	1395187	1555154	
0.6171	0.7441		32069	25817	34636	30059	32370	39515	28386	32263	37668	38566		1250574	1145393	1159600	1121741	1340345	1408334	1265770	1148091	1320711	1541039	
0.4228	0.2006		20310	23093	25164	20853	21001	19570	21743	19708	29389	30711		1223755	1266894	1283343	1242043	1195789	1158915	1214433	1268666	1343831	1545039	
0.6477	0.0907		30321	29733	22475	28003	21173	22978	17712	36503	37321	26655		1540328	1427032	1261481	1523743	1495298	1434026	1322419	1545157	1539016	1403679	
0.1396	0.6908		31632	21885	25582	23085	25116	30836	20560	18063	19895	18143		1779742	1260367	1311892	1237024	1618508	1619962	1156808	1017133	1011503	1185152	
0.4678	0.6572		28976	42089	24617	43922	33839	37314	28093	27439	40525	28595		1471042	1589707	1301687	1523083	1416726	1487898	1394388	1413840	1517660	1431559	
0.0891	0.9086		25262	21544	24924	22920	19731	22253	32591	34388	24173	32665		1146483	1270837	1246063	1331599	1305147	1217472	1379371	1456448	1572722	1475261	
0.4459	0.0649		30226	34059	28471	19111	17615	25367	24619	19869	26996	16003		1540417	1445151	1661688	1134420	1031472	1151916	976792	1203768	1315698	1041519	
0.378	0.8473		42177	25920	55567	27527	36190	29778	27543	28846	24855	42776		1495885	1197321	1514107	1279833	1493916	1190324	1214552	1370926	1273293	1794304	
0.4196	0.1256		24308	34006	21291	37148	24137	18422	17757	20974	18476	17255		1466395	1746303	1454546	1588383	1387105	1134062	1151671	1359916	1490191	1240256	
0.4318	0.3985		32364	33757	37980	24200	32759	29756	32775	21512	22420	18407		1452651	1222713	1354683	1371453	1411405	1382772	1572628	1431460	1294573	1142644	
0.5183	0.2266		19612	22221	29514	29607	22517	19635	19848	19889	29029	30533		1109326	1369297	1365555	1427664	1268734	1154093	1121496	1190792	1512522	1420480	
0.5031	0.5289		23397	25213	20985	23426	25262	22842	37489	33319	21352	24757		1035496	1140985	997349	1107297	1106555	1069864	1166257	1435711	1082491	1341431	
0.6011	0.1511		33653	24975	30464	29719	28452	33438	24449	17075	18795	16882		1298568	1393983	1263476	1677272	1424841	1478294	1175431	1045131	1077372	1202465	
0.8819	0.1093		23163	24213	21607	19718	25419	28197	34434	33472	22747	34383		1138952	1261117	1183152	1059749	1127987	1413501	1424400	1589222	1269993	1362224	
0.2329	0.7236		25149	25009	35108	20494	27636	20780	33832	21241	22752	31631		1308466	1495036	1476231	1192164	1476168	1165050	1430202	1249922	1299424	1477243	
0.293	0.195		18603	26691	20759	22253	18094	27314	18191	18288	15475	17369		1126138	1422213	1359015	1368269	1227202	1372893	1322298	1241566	1310132	1241312	
0.7073	0.6793		47780	40683	27455	33888	27652	41449	31842	29604	40615	37590		1344010	1365175	1360294	1166544	1043539	1574463	1065483	1149550	1316892	1575807	
0.9262	0.1055		33670	28623	30854	33694	31873	23305	31022	40023	33804	34004		1460906	1406175	1376272	1515091	1281077	1255202	1346275	1664793	1472276	1352476	
0.6162	0.2176		22892	21854	22131	26218	30662	29452	22397	22115	19836	24549		1323837	1474250	1285293	1348817	1552670	1329562	1330044	1258227	1382966	1240755	
0.4908	0.0728		18431	17929	18414	19203	17813	24049	19621	22212	19802	16938		1128017	1288751	1406702	1154439	1313488	1419083	1114802	1320223	1281101	1158133	
0.4476	0.7774		30083	26887	39536	41270	27099	33609	30318	28864	28521	28702		1242134	1503154	1616855	1336175	1165572	1266861	1179193	1230114	1121597	1277631	
0.246	0.1869		25745	26044	18698	16314	16839	16882	18727	19354	24231	15690		1497459	1449752	1327817	1085390	1256083	1243015	1293340	1334409	1400547	1317193	
0.0617	0.6628		18634	18396	25868	18069	27665	27436	20406	26851	27312	29238		1336235	1187067	1575635	1254271	1513415	1642580	1297886	1378034	1500470	1474964	
0.7877	0.2377		34865	36494	37698	25799	30014	22812	21964	28930	30761	24264		1522415	1409096	1477271	1195766	1192823	1115414	1104126	1157698	1335313	1216950	
0.7493	0.7148		40586	29843	43206	34357	41816	38204	41273	24357	25425	26689		1475466	1239003	1577197	1374319	1420182	1435137	1616927	877745	852322	1249560	
0.8661	0.5647		31314	29191	32788	32956	32439	30336	34314	39326	37146	39158		1309367	1194735	1304555	1277690	1268819	1277542	1287816	1409848	1336330	1412370	
0.3359	0.1354		22478	24536	33491	28186	25416	31823	16433	25739	25416	26305		1499648	1260442	1669052	1647271	1832998	1668772	1374927	1375064	1302358	1447275	
0.548	0.965		29381	30445	43239	42285	29119	31143	34600	34004	38192	40987		1089638	1296099	1415694	1598431	1343768	1298535	1512176	1322060	1348289	1518486	
0.605	0.8988		36938	50620	38106	37908	42375	36973	33581	30651	29307	32368		1412045	1299799	1393961	1388351	1340015	1313982	1251770	1236111	1028223	1003039	
0.9864	0.1071		27821	33459	33433	32337	38661	39883	29016	33422	33532	35729		1430318	1435545	1405723	1400584	1405162	1237751	1371679	1480735	1382504	1285629	
0.5752	0.5554		44067	36260	38269	36364	46794	26255	31105	30008	37205	26554		1548844	1433033	1275734	1397852	1443420	1291030	1343375	1398294	1592764	1225337	
0.6436	0.8816		30737	45563	28713	32563	44391	33904	40826	42720	48575	41397		1242774	1611550	1234116	1257135	1686934	1543343	1379276	1589631	1333475	1372151	
0.1916	0.5987		21104	22429	20847	20456	20308	25943	27015	18542	23328	20648		1524617	1452859	1274136	1241386	1320304	1345566	1412236	1074647	1189580	1203346	
0.6357	0.3656		26401	35171	34711	24558	38320	23291	33625	31862	20232	23707		1519443	1543857	1464263	1267941	1378876	1182323	1226301	1569661	1208191	1274704	
0.6433	0.7966		40224	40319	48572	40471	46306	39465	31363	32427	28593	30509		1427032	1459510	1521976	1567874	1641623	1531474	1219996	1190990	1061418	1228329	
0.9853	0.5278		32619	55068	31507	27745	43495	29167	29240	31737	32341	38056		1293275	1375761	1199496	1182976	1453922	1257959	1470942	1245962	1160747	1434266	
0.1957	0.8897		27597	27050	34851	34694	38451	25724	26284	32678	27098	25516		1322297	1380839	1498854	1599594	1661971	1273672	1158887	1341464	1315952	1216897	
0.6509	0.633		39797	48124	30368	38051	35862	29853	42518	32103	41264	50940		1636470	1695519	1269138	1368224	1509178	1160797	1552708	1347953	1582368	1152185	
0.1391	0.2949		14528	27416	17530	18634	18836	18572	18391	27260	24935	25279		1082177	1420014	1194995	1220471	1192055	1236430	1532485	1716097	1504346	1382830	
0.5593	0.5973		26595	24404	32391	28113	27502	28146	39254	29139	27863	38226		1309992	1316555	1460037	1369590	1275282	1244402	1624979	1422984	1673954	1557512	
0.7405	0.8299		46283	39114	32317	34294	39310	46576	34443	38198	42413	36176		1432616	1168691	1319761	1300118	1300413	1565092	1233829	1409692	1342113	1401458	
0.3831	0.7212		27133	25152	31658	24339	34284	28660	33155	24170	28286	33982		1179307	1327168	1221011	1163912	1538673	1357698	1437778	1207130	1121977	1262331	
0.1543	0.6444		29022	26407	21438	20860	20208	25259	26473	33938	24822	29719		1531203	1266212	1434285	1101441	1079976	1321540	1121700	1305631	1458821	1439973	
0.243	0.8832		29733	33918	25984	29480	34924	26730	24697	25611	21074	25887		1364244	1613424	1296623	1291649	1347619	1400100	1292142	1251572	1114070	1237691	
0.744	0.7246		32625	30810	35149	31444	35457	33243	30370	40228	38925	40353		1474327	1333485	1385593	1190454	1393529	1233515	1540381	1516491	1383076	1614370	
0.213	0.4646		20825	18869	20407	20877	24981	22800	18633	30485	19480	19433		1533010	1210970	1157170	1300384	1195743	1198380	1083915	1363802	1404218	1149891	
0.0698	0.4815		19043	22115	17447	26793	30799	26619	19061	18593	17622	16212		1211067	1375173	1263386	1471939	1515417	1352143	1239035	1046353	1171553	1122493	
0.9371	0.7906		45939	35550	38561	46048	48490	38295	38985	34458	36492	53425		1571945	1141685	1173184	1558603	1591905	1387207	1320575	1168680	1136947	1306582	
0.7112	0.3858		32120	26650	41076	21122	25716	34918	26001	28607	25891	26906		1411132	1284827	1287159	1097854	1179802	1370472	1230439	1169739	1127090	1393440	
0.9858	0.8193		41131	51075	44057	50166	36794	37952	34563	40681	36881	39899		1421923	1430622	1073184	1532642	1523026	1331930	1039945	1127924	1127744	1282170	
0.7037	0.4965		31632	27613	28761	25563	25786	36556	37369	34092	36234	35998		1404557	1398460	1396458	1342969	1188139	1486533	1431298	1433131	1477906	1534608	
0.9703	0.5129		40398	40453	29541	34975	40833	29477	29696	29380	40317	33144		1443253	1495575	1203633	1326740	1444420	1150668	1313329	1045531	1346634	1143516	
0.8786	0.5715		33697	39891	30944	46172	35130	26588	42461	33188	32620	43377		1221981	1401782	1278523	1652469	1365378	1482401	1661267	1288970	1540165	1412201	
0.9355	0.0953		27326	20511	20782	29346	20702	36039	34915	24405	25928	22960		1501306	1241142	1134990	1415195	1121626	1275619	1413620	1189104	1328343	1320216	
0.2567	0.4893		23138	30584	26633	19932	19741	21009	18846	34429	22075	32348		1250706	1574668	1335320	1239510	1208796	1079004	1127704	1495060	1205878	1612906	
0.9125	0.5233		40967	31584	32065	38258	43761	51359	34980	27334	29648	29220		1445122	1252467	1289664	1480215	1691690	1442142	1477471	1132094	1326436	1221752	
0.5451	0.8067		28761	29125	31761	42505	30978	46005	29545	35630	28402	37975		1394486	1266257	1315662	1319004	1228992	1391337	1390706	1403961	1276793	1362491	
0.7488	0.3281		34377	27068	28602	35014	41519	31826	33378	24686	33505	36364		1623238	1291067	1362185	1494909	1525180	1564601	1448638	1180391	1587014	1417359	
0.2739	0.5381		24813	28514	25968	29901	22300	29785	24747	28536	29930	23862		1520566	1209216	1258645	1477217	1216721	1354789	1186325	1383851	1375131	1245732	
0.1493	0.2327		26107	19810	22436	21227	14975	14459	18337	19105	16134	13715		1590249	1270165	1400502	1338665	1000969	1088072	1465370	1304980	1257423	1146633	
0.1598	0.637		34158	22535	19449	31734	41805	23740	20790	34591	29093	20769		1664299	1245333	1334126	1516867	1514715	1399773	1312703	1461177	1513220	1285424	
0.1189	0.2657		14050	26244	27717	26571	16544	13381	19201	16400	19077	20681		1202025	1743508	1609774	1491120	1235963	1057010	1125889	1388146	1178989	1539837	
0.8819	0.4031		42542	27775	37044	28990	37736	38411	25682	23656	31905	27252		1346406	1325066	1426200	1315096	1360351	1241444	1048410	1077238	1223851	1287700	
0.5184	0.5798		33434	27462	22008	30744	27424	23232	45470	22774	35998	26165		1565927	1387980	1222304	1258447	1264252	1173571	1311605	1169983	1511425	1370874	
0.8572	0.1715		34060	33952	27198	27194	33125	36165	24870	30156	34161	30534		1503470	1523875	1293930	1469797	1517542	1535975	1387322	1304441	1475239	1358991	
0.0963	0.7845		30479	20035	36338	22000	22827	23176	20735	19846	29733	17322		1433936	1241767	1625489	1303992	1344476	1091539	1144346	1195887	1462824	978752	
0.5696	0.2036		21126	33185	26307	35258	32112	33354	22164	23760	19573	32794		1222828	1243744	1319157	1605935	1555901	1485958	1223869	1255352	1259930	1584690	
0.1141	0.5033		20590	27966	25104	26806	19160	19153	24566	24492	17709	15539		1369801	1634979	1520896	1324658	1165024	1194532	1242674	1383507	1168781	1032831	
0.6358	0.3751		32841	25517	33129	23953	35660	33651	35509	22161	22373	24244		1399305	1313023	1473625	1419783	1391756	1388234	1241793	1100031	1117105	1276979	
0.4517	0.6561		25927	36819	41613	35830	37688	25690	27556	36643	27905	33443		1303756	1524088	1433750	1418109	1437975	1209863	1208213	1615433	1437419	1583256	
0.9736	0.3112		33288	38066	37166	28276	26258	24312	31977	32187	29941	25987		1478506	1611221	1663013	1325482	1231319	1200860	1320151	1424744	1350087	1176272	
0.6492	0.4162		24715	41240	22117	24556	26106	28436	28513	30677	26573	36854		1273627	1247807	1268328	1162716	1184397	1193018	1248251	1335794	1287273	1470550	
0.6476	0.1067		21565	22916	22172	30104	31451	30690	22247	20379	16434	20883		1358085	1324351	1249092	1506014	1732433	1416240	1365501	1213556	1412804	1225642	
0.6404	0.0714		19429	33031	30271	26016	30413	30320	20269	21419	19733	20221		1069401	1467431	1611706	1561291	1564840	1265413	1352472	1274632	1193739	1196231	
0.9157	0.6675		38090	35382	32973	29901	50493	51492	43261	44713	50805	49348		1385137	1528545	1248037	1262655	1524777	1465569	1597285	1576302	1478352	1602509	
0.8155	0.7199		43845	38032	37437	38527	36339	36135	39985	43930	34173	33555		1489677	1497497	1404194	1280797	1552572	1272520	1399063	1548182	1389712	1296092	
0.308	0.1623		28894	19663	17395	19315	18067	17042	17959	16577	17674	15367		1556442	1275055	1155249	1129271	1202218	1194901	1112413	1043311	1259824	1062451	
0.8529	0.1422		22893	30721	25114	24457	36620	22518	24377	34603	24367	38276		1279067	1352044	1281123	1323251	1320644	1140224	1185088	1402718	1147916	1203802	
0.2317	0.8508		27061	33226	23234	29036	25588	32895	23399	33176	24537	31983		1392660	1541946	1149297	1653134	1264659	1475715	1342787	1413151	1307007	1286052	
0.6618	0.489		26158	37310	45539	41038	37004	37175	30317	37366	31206	27836		1281177	1575293	1592812	1302187	1472092	1495496	1361764	1443358	1344419	1294674	
0.1209	0.1392		20227	26414	22145	21955	17316	33486	21371	24617	14432	24133		1577240	1681666	1777887	1465722	1391584	2123741	1804683	1332900	1290884	1216920	
0.9571	0.4023		34525	32163	29541	44518	31633	42054	31208	40120	38543	25834		1167713	1234396	1073208	1399934	1354797	1484687	1242206	1535358	1256426	1083886	
0.8997	0.8427		40657	41455	55526	43009	35705	35806	38266	36851	38392	50765		1206588	1499616	1688419	1265720	1378868	1352223	1295096	1233375	1413657	1583091	
0.2729	0.9961		26897	45605	28635	26629	31364	36472	27234	31642	34460	31264		1472420	1456633	1401686	1134484	1353862	1398705	1123299	1318473	1451329	1476749	
0.4944	0.4956		34921	25718	35778	35229	35261	36101	33189	25593	25759	33742		1493542	1290779	1334910	1356872	1438012	1319648	1535446	1295381	1208600	1156876	
0.5543	0.9493		30576	43177	47129	30942	30744	30690	39145	30586	33372	31839		1275956	1684133	1612883	1270980	1178455	1191275	1190927	1221781	1265591	1244931	
0.677	0.8852		33319	37424	36019	36563	43788	35822	35027	32462	41717	45631		1172071	1394862	1103494	1258107	1424086	1260974	1216995	1262713	1473582	1421649	
0.9811	0.7384		49713	42118	42453	34361	42298	46900	35761	42112	35112	41523		1537018	1606509	1344853	1181874	1391519	1573047	1351979	1641589	1333498	1218923	
0.1259	0.0631		24091	24040	18300	14064	15929	16106	22609	22542	17108	18355		1474842	1467066	1224051	1130328	1187999	1114865	1343354	1430963	1260648	1304692	
0.0724	0.1489		16143	13612	24363	13672	18359	23075	22601	16506	13745	14843		1138244	1174987	1390096	1157400	1358632	1436241	1374279	1244206	1187492	1144698	
0.4117	0.1301		18821	33379	28458	18480	24666	20349	19712	26730	23102	23052		1226316	1404492	1520685	1274228	1459004	1242738	1280378	1236673	1311374	1432655	
0.0598	0.9868		30194	19823	29787	31951	33939	30364	29676	29806	29697	22318		1308221	1574244	1635800	1398479	1632870	1481852	1560992	1625929	1477672	1277209	
0.4599	0.9617		45858	31684	29775	30446	27226	32707	31871	41924	30521	37864		1450562	1302531	1596521	1245410	1259234	1349624	1393861	1428040	1253522	1366435	
0.4424	0.5807		26049	22985	26885	41481	41851	30213	35990	25038	35673	34025		1229443	1311934	1313053	1603656	1717187	1424359	1559481	1357889	1574969	1441836	
0.166	0.1313		22493	24706	15139	17857	24477	19043	24559	17593	20814	15437		1463971	1445883	1094162	1435513	1484350	1337303	1682884	1518709	1249737	1091987	
0.4092	0.8416		37817	47428	39016	38755	40132	30093	32976	24915	33261	28402		1624066	1540152	1579848	1407205	1390294	1334478	1376821	1023823	1222842	1266602	
0.0907	0.3011		21988	17836	17805	16829	15262	17980	21511	15653	26718	20123		1361695	1279071	1234352	1126497	1268807	1374017	1192113	1299337	1530012	1335220	
0.2461	0.1441		11814	15321	18177	23924	19253	26173	27126	16940	26222	16714		904910	1235340	1334265	1244411	1471021	1361581	1378140	1170148	1461441	1157400	
0.2193	0.4428		16789	18633	21838	31919	21687	19461	28514	21828	28605	18714		1021602	1324198	1426441	1545083	1345104	1169722	1533899	1320995	1483483	1240501	
0.5511	0.3715		25058	31785	29653	24485	24369	21750	24931	30959	22444	33354		1306897	1448819	1368160	1337983	1275829	1195519	1203712	1543001	1584487	1544606	
0.9092	0.9327		37626	37699	36192	58228	40939	43573	49561	41463	44927	40487		1426924	1335470	1282276	1632234	1407390	1464063	1456209	1421896	1399228	1437874	
0.9714	0.134		30732	35802	24088	35828	26998	24076	36434	20420	38214	26880		1493211	1744521	1403208	1597414	1224195	1270606	1536093	1237930	1537824	1292330	
0.9411	0.6837		45523	53494	33777	36655	54657	44551	40802	38259	56420	45681		1517677	1325357	1256475	1465591	1362040	1604249	1246050	1299618	1392564	1428669	
0.8387	0.2923		37714	23847	35733	28519	37449	32267	24291	39682	21827	24704		1586652	1216558	1391187	1310590	1572527	1435365	1209987	1277697	1079755	1371785	
0.5689	0.4624		27163	38385	31139	24187	31453	23878	33555	28151	33810	33508		1317328	1566831	1440706	1285498	1396090	1271878	1486568	1325103	1384336	1607144	
0.2346	0.6074		21151	21143	23636	26269	36853	24060	22532	21547	23899	24541		1538585	1344283	1302389	1209744	1607174	1203954	1172329	1196972	1302515	1346062	
0.6639	0.5395		28995	37378	27922	32392	23729	39563	43963	32183	26484	27850		1138936	1193793	1234795	1343326	1056778	1282454	1413554	1200720	1132417	1235255	
0.6119	0.2314		26568	41714	28146	30793	30199	23238	21261	31144	28098	21068		1369416	1339957	1150143	1489168	1303036	1210134	1180593	1596337	1430656	1200289	
0.2379	0.3855		18652	18877	22414	27592	17328	27596	18098	33029	22913	17705		1131191	1323094	1324677	1352907	1139694	1477697	1214678	1560865	1415698	1165402	
0.3748	0.1533		15713	20137	25275	18956	21426	18221	27779	29260	21221	16839		1034635	1219497	1221383	1273113	1201300	1167177	1454762	1722442	1393516	1173925	
0.2118	0.2456		16384	19037	17143	18435	22110	16934	15926	22887	17421	17092		1223587	1226871	1276686	1183522	1096785	1134303	1076472	1219753	1273515	1229189	
0.1924	0.386		18144	26183	19781	21106	26515	17424	21462	21951	28898	20352		1414110	1506769	1331300	1406187	1619713	1172165	1314623	1226984	1675960	1259028	
0.7463	0.8348		41829	42421	32118	41931	42556	42693	32676	34053	37140	42337		1558214	1615791	1155054	1491213	1542730	1447647	1129499	1190487	1396782	1340046	
0.7729	0.8282		37782	31999	32449	37287	32142	37580	40436	32260	43111	44745		1399686	1209788	1126390	1125928	1355075	1358087	1267938	1231141	1290972	1422562	
0.9756	0.4472		32183	26081	26854	31772	39904	39025	29546	41032	29275	42636		1346769	998334	1138368	1404173	1665706	1473348	1263265	1295967	1472214	1682381	
0.9062	0.6823		35483	57921	36743	34271	47483	46090	44897	32488	32518	35255		1137850	1484489	1245930	1306943	1460104	1474906	1639441	1239086	1379257	1504774	
0.9013	0.1075		33478	32721	22261	32696	27254	21845	26218	32740	33028	29134		1524159	1355639	1191493	1529302	1408363	1212030	1330987	1307892	1422129	1260575	
0.8667	0.8331		47924	39463	45332	46756	44152	45467	51344	34187	39199	45089		1511658	1344118	1421875	1476314	1518376	1544557	1306692	1167958	1221156	1513785	
0.403	0.628		35078	32073	38082	35805	35095	28744	36997	27550	24876	34936		1602848	1398507	1496397	1425507	1554454	1183319	1599832	1232813	1407492	1555600	
0.7079	0.2752		23973	24526	24860	23414	25240	23242	23208	30623	24922	21579		1190416	1229615	1242065	1232595	1185005	1132786	1179368	1185202	1285036	1230257	
0.9391	0.3049		28093	22331	26768	38505	46479	42247	38125	30388	38857	42149		1154747	1143451	1253770	1538643	1291327	1398804	1453214	1219716	1559495	1356130	
0.6663	0.8956		33207	35145	46605	35186	31906	33137	34732	33541	33647	35227		1189268	1281233	1315989	1242300	1184541	1247302	1328805	1256218	1196771	1522052	
0.1702	0.4689		24190	23755	18837	18404	17833	29694	16000	23515	22883	24650		1448025	1299243	1213129	1218223	1248001	1413173	1194136	1220996	1266193	1366730	
0.9822	0.2931		30825	26367	33169	27770	29784	39153	26035	30186	25883	28680		1336714	1283485	1303844	1425012	1518387	1409757	1215709	1462744	1151608	1205082	
0.7659	0.9362		51458	34235	37876	35083	35557	46926	46052	45109	39696	45238		1269769	1229795	1454007	1148133	1135007	1402118	1525767	1529742	1408587	1421989	
0.8571	0.7927		33193	65198	36055	55530	34138	49457	36824	38949	38132	45863		999969	1286271	1213259	1475254	1156337	1379642	1314672	1271749	1224265	1331714	
0.2322	0.718		31466	43102	27829	26331	34045	29603	36420	26532	21041	32099		1499297	1418854	1493487	1404981	1434008	1435838	1476822	1360896	1107415	1589271	
0.6019	0.3897		25060	20325	23408	23568	22507	26353	20541	31821	43402	30586		1249075	1086674	1205682	1168091	1396832	1366563	1227163	1646477	2038869	1746368	
0.3011	0.8513		22345	28239	35967	27228	25471	22091	36442	37262	35971	28225		1294893	1276703	1501930	1235376	1402476	1217879	1460595	1457643	1660098	1158470	
0.7465	0.3512		23887	39072	34665	24192	25994	30127	23206	35269	34852	24899		1269442	1457755	1480546	1143830	1124098	1275596	1027651	1365157	1475513	1141477	
0.5533	0.8088		30802	28848	28242	40905	35681	30963	33348	30767	41820	35352		1312704	1149556	1243769	1376119	1703985	1392282	1318210	1453563	1498316	1333466	
0.3759	0.2109		19596	29684	21721	19407	27117	21468	19567	18438	15897	16171		1180824	1507554	1277093	1334636	1479447	1229642	1099217	1010505	942363	1231872	
0.244	0.7453		60188	35606	24109	23212	32442	35866	24107	30269	19729	22409		1445585	1439801	1240663	1395763	1488584	1455186	1317260	1361613	1242646	1174262	
0.9315	0.7996		37251	42697	39083	41195	36448	34486	32362	35321	45069	47587		1215832	1355571	1227083	1308624	1219664	1092854	1186291	1048871	1239741	1639861	
0.4167	0.9469		39143	33265	31127	29299	29202	27377	37970	29411	29108	34193		1567926	1532032	1323442	1246209	1276025	1138063	1588979	1402960	1321609	1435380	
0.5446	0.4155		31531	20721	25513	26377	32955	20415	23156	35626	33116	29420		1560364	1259531	1305435	1428607	1185062	1155246	1248866	1451891	1391698	1347164	
0.9921	0.6361		32998	37744	42280	37355	34004	37118	37068	31134	44914	39618		1345932	1351194	1189662	1297993	1439880	1397877	1278761	1348651	1378398	1337930	
0.9767	0.3564		29700	29230	38399	38406	31639	26645	28276	37937	28200	27379		1265566	1247596	1343457	1571296	1488113	1239467	1478716	1333202	1197639	1192401	
0.5136	0.2419		21395	31468	31131	19278	23813	32112	30637	32856	25744	17986		1306949	1519985	1455527	1108759	1412786	1395717	1351579	1401681	1406662	1162418	
0.5254	0.556		63528	40941	21884	37181	26956	24882	40540	24252	22463	25335		1628415	1520555	1036091	1157582	1301746	1147744	1187649	1016139	1015267	1194179	
0.1267	0.4678		22625	17705	26757	19817	19443	15222	19549	20231	24034	28472		1519046	1450502	1592417	1319722	1277860	1332519	1433732	1611868	1507677	1466925	
0.3477	0.7301		31877	25903	24464	23998	26521	24071	20909	21262	26090	33172		1300778	1166255	1139395	1106798	1136641	1159603	1113955	998084	1228687	1440573	
0.4175	0.4148		19228	23258	32890	19344	26342	31054	20703	18575	26151	34413		986823	1266028	1481662	1087812	1252016	1376377	1090856	1084594	1437751	1348380	
0.5198	0.8919		30279	41214	31214	40859	43783	41640	32696	30475	32541	32903		1277218	1663936	1393212	1391482	1182449	1409375	1217736	1247073	1269940	1351537	
0.8568	0.1784		29359	23357	26635	23888	28043	34172	28068	27906	29342	25125		1513503	1208443	1230797	1194485	1296767	1643518	1316635	1254452	1490520	1347539	
0.4047	0.1538		19996	18253	28372	18365	28187	18515	29172	30879	24353	18438		1307265	1165421	1585649	1215919	1333833	1244922	1278876	1522949	1333619	1294480	
0.0899	0.8051		33403	23308	26220	21772	23449	22434	22157	22421	23489	27111		1267302	1361840	1524794	1425119	1259037	1212067	1334365	1163689	1203358	1348433	
0.986	0.518		30105	31424	33745	39424	35881	34205	43287	43495	29351	30627		1327798	1481553	1283935	1171082	1440076	1262591	1544784	1507050	1243692	1258480	
0.6629	0.592		27718	31660	34765	30259	37319	29738	25375	32509	29162	35113		1252490	1304961	1494626	1233040	1479789	1290919	1210655	1376351	1328759	1451848	
0.4513	0.1781		21190	22424	17602	23335	22266	34502	19787	19283	21302	28879		1218372	1221468	1131046	1112960	1183697	1342589	1424520	1230470	1258171	1458638	
0.3248	0.7745		30249	37545	24250	26419	34576	29213	25714	24997	36698	24347		1445964	1531532	1365741	1567041	1632970	1373293	1227431	1216564	1568806	1225942	
0.4077	0.8803		28494	33637	38260	39081	31388	38501	33117	29792	33887	30278		1189380	1341030	1316510	1450779	1277556	1484207	1416882	1361339	1263304	1356687	
0.6633	0.7557		32194	35528	42895	34428	32091	32345	33571	32814	32189	33621		1352129	1447525	1518295	1401031	1387603	1306954	1348836	1317928	1239748	1354244	
0.7667	0.2753		46737	41038	33535	24171	33755	24287	26968	34116	26312	35857		1390994	1547639	1563408	1398343	1675604	1293160	1344448	1558905	1701550	1755099	
0.4786	0.473		32530	32578	45414	20644	20277	34955	25783	31701	27945	34840		1625868	1651781	1590206	1267221	1123433	1394831	1326609	1430760	1528246	1675083	
0.5627	0.3675		33437	25067	23012	22223	25600	27082	26631	29552	33946	20000		1704219	1306385	1169524	1217125	1303974	1388704	1449789	1450209	1306056	1220320	
0.7491	0.866		40208	38543	46084	36059	31362	33451	47982	30904	33279	33927		1397733	1402057	1478182	1183508	1031937	1109127	1467491	1145895	1128394	1101854	
0.3722	0.9613		25670	31513	27726	30814	31400	30427	32502	27523	38758	39402		1184284	1499549	1262769	1276309	1355282	1254768	1336988	1090661	1645257	1511923	
0.299	0.5098		23675	21825	30576	30044	20320	30961	22622	19988	30916	34811		1409370	1380741	1665816	1469321	1290091	1774532	1281747	1203108	1311512	1603843	
0.3007	0.4995		44429	29821	22665	21701	34549	19602	22164	29769	24601	29396		1541810	1459252	1221572	1312992	1471085	1178029	1380677	1353638	1249899	1437922	
0.3197	0.2408		17644	25110	23717	17250	29162	18891	17379	31362	18852	19760		1516694	1443088	1266608	1132223	1562856	1225274	1216727	1509400	1320635	1259785	
0.8895	0.2177		26407	22552	21967	38091	37495	40156	37883	21120	23060	34180		1458494	1220523	1174007	1648293	1727875	1606884	1169255	1259984	1333440	1583058	
0.6649	0.8284		31919	41701	35771	28208	41821	39117	33616	49117	30276	33001		1218969	1463353	1268388	1079629	1456014	1398144	1262686	1175466	1100746	1253055	
0.3415	0.9122		36001	38428	37959	26318	27825	30037	30583	29330	37904	33530		1309248	1442459	1444321	1151599	1178950	1277601	1209133	1225520	1449093	1227492	
0.7059	0.6561		48537	36183	29709	28112	29739	29327	26127	29178	30000	28998		1624008	1348064	1275421	1433122	1352533	1211155	1096639	1214685	1134164	1282830	
0.4533	0.4951		23431	25432	36063	35436	37208	22361	25127	25300	24867	23387		1384133	1398469	1569164	1409200	1449943	1191762	1181090	1460939	1280121	1383975	
0.447	0.3926		33980	42937	23259	23902	26836	24139	22358	31446	30981	21417		1714644	1265705	1422416	1253819	1320848	1197823	1367761	1466491	1442584	1384344	
0.2842	0.6329		24308	19794	21525	35346	28264	23117	23030	28434	20625	23137		1306321	1149506	1263116	1456375	1321377	1309078	1220789	1345941	1184001	1185714	
0.8725	0.182		30938	35366	26509	36464	30238	24981	31326	25968	33684	34108		1288234	1417048	1309156	1538897	1439597	1241072	1434144	1319792	1429858	1371717	
0.9824	0.8663		45507	42553	40000	40754	43503	34919	47793	48012	44042	55280		1169682	1284274	1278992	1315516	1373328	1229756	1463619	1569376	1280518	1461002	
0.3296	0.94		26952	27212	28737	27225	28695	42691	29474	34505	30577	36916		1279177	1279280	1295409	1249654	1327594	1299835	1129011	1272087	1362006	1545770	
0.9547	0.4179		30202	32288	28928	41124	41433	40858	29533	29715	39527	30164		1323656	1194916	1256940	1477492	1528562	1645239	1246713	1271785	1600845	1344129	
0.5753	0.9052		39168	43038	42648	40934	31345	33777	28496	32294	33182	36506		1291741	1664690	1535746	1316502	1405184	1242242	1266143	1266368	1199891	1122590	
0.6156	0.9437		31167	49404	32172	31874	35102	61805	43767	35414	32787	32594		1510343	1349909	1174048	1439868	1240220	1307526	1659306	1324513	1192995	1286715	
0.9696	0.4667		30844	28865	29165	31815	31847	35679	31839	40294	31272	35217		1164146	1264825	1218082	1300541	1464018	1211697	1157861	1531526	1384547	1387343	
0.135	0.9856		35444	26458	27786	32409	27397	23560	22932	26869	24576	28047		1580566	1335386	1481669	1490676	1371310	1285871	1196764	1523944	1481064	1260757	
0.7936	0.5402		38064	33873	41316	29724	35849	32855	34143	39865	30629	30212		1488265	1334661	1407686	1277015	1417033	1594352	1287116	1384023	1395311	1214226	
0.2673	0.63		23138	18864	19121	19763	32100	20944	20912	21972	23845	21102		1289665	1102664	1147134	1007351	1318581	1165719	1201843	1167242	1243047	1178196	
0.9997	0.4771		43052	30925	31161	33271	32546	30743	42972	41241	27556	29598		1344256	1223464	1326351	1291058	1245082	1268422	1551364	1400496	1172074	1298645	
0.548	0.6425		26255	38779	28312	27665	29044	25897	25768	39768	26246	31062		1319753	1322083	1200019	1190417	1278178	1191322	1201110	1404489	1306139	1335786	
0.2236	0.6456		27994	31313	23204	30600	20475	24062	26460	23981	32745	19364		1367858	1407976	1326737	1436725	1204090	1407741	1523668	1216351	1380616	1107938	
0.6511	0.8849		37719	51182	35248	60819	34541	32520	38299	30751	30672	31747		1432007	1271009	1332477	1567856	1261751	1178188	1228387	1263473	1384871	1173873	
0.4666	0.5599		41161	27554	36150	36015	30854	30772	26491	21855	23203	24303		1614174	1419845	1684212	1699142	1369729	1341950	1299835	1255560	1126039	1227103	
0.4697	0.7286		24605	38126	38192	38018	29173	25671	30742	28039	42343	28687		1154921	1452984	1655922	1627740	1297845	1307825	1337453	1182241	1349925	1206193	
0.6168	0.6399		28493	28738	39107	33621	35753	29195	33963	40896	33889	30564		1199032	1101468	1340181	1342193	1385388	1208187	1317980	1384980	1410225	1346074	
0.9196	0.2442		33118	28794	27733	33279	34715	24509	29734	25386	24245	24434		1529576	1406299	1379753	1216785	1323241	1404650	1264144	1261380	1079378	1201694	
0.4379	0.0709		27048	26692	26867	19557	19482	27425	20351	17049	14962	17950		1462652	1282045	1472576	1166079	1162284	1376385	1198282	1038390	918529	1399201	
0.9097	0.1399		24003	26105	22772	23073	26191	26627	26919	25657	20619	27136		1167807	1161363	1110730	1194403	1255026	1341565	1471569	1497218	1335913	1384224	
0.9465	0.0934		25125	32131	42182	35411	29866	21000	21319	25567	22719	34215		1356712	1451871	1595586	1367404	1223328	1189732	1021755	1220013	1169244	1445061	
0.5875	0.4763		33953	26382	33689	23948	26839	28762	25197	29116	32457	30260		1317339	1612558	1514345	1262100	1573785	1427775	1190636	1555829	1426666	1450035	
0.9179	0.7627		34339	35538	34541	34541	46771	38358	31920	34661	46828	55601		1350167	1280234	1164734	1243199	1616687	1391025	1113431	1412544	1519880	1459120	
0.0728	0.5028		20474	17681	32203	21449	20667	25915	16672	16599	25694	19083		1353961	1258151	1329310	1291534	1186469	1415814	1076226	1127847	1333428	1152171	
0.4865	0.0671		17300	17142	19420	23392	22948	18340	31620	17585	18263	22672		1072980	1184703	1381575	1478454	1373530	1239945	1647188	1341713	1331641	1435256	
0.9037	0.5853		44350	44674	41839	42451	36364	36517	33165	29619	35607	29752		1336923	1565908	1352626	1642832	1269440	1425856	1296965	1123085	1328602	1157404	
0.1726	0.9921		33643	37292	25439	25274	30148	24837	24552	25657	34902	38522		1424907	1629351	1341143	1154200	1342169	1220745	1349879	1302365	1575323	1388035	
0.8127	0.0523		43058	17811	25624	32229	21412	21214	32546	32094	22529	18669		1705002	1182623	1133826	1332766	1214270	993990	1655036	1491643	1239685	1188486	
0.9477	0.8913		41307	38093	40376	39353	43057	35877	49588	39702	38126	48221		1301239	1200159	1365214	1192913	1204074	1182318	1490230	1241801	1171453	1415802	
0.4986	0.2721		22305	21349	20690	27255	28292	20216	27994	29958	21396	25710		1291458	1209159	1222204	1449333	1451839	1280889	1455959	1415299	1316640	1381711	
0.6473	0.9282		41771	45483	38705	49144	34957	32571	34832	32003	34431	31545		1232446	1539037	1362970	1199417	1241891	1154807	1125947	1113924	1096280	1213217	
0.6311	0.5361		22369	25174	29115	35557	26103	36200	35714	36372	41863	35634		1367794	1259346	1313797	1460086	1389649	1663787	1609174	1679155	1555196	1732477	
0.2845	0.2284		17070	27074	25194	25002	20339	17167	22382	21766	20167	28118		1146024	1503951	1573671	1406153	1291120	1269130	1347454	1042502	1674599	1567859	
0.2057	0.725		25075	24296	25571	22623	31871	24079	22417	29673	26281	30209		1407411	1397334	1353538	1231892	1355609	1350449	1218815	1396767	1637612	1641004	
0.8608	0.6674		30928	31053	29081	32181	31099	37847	36262	31213	30928	40158		1393855	1196453	1129336	1159257	1147582	1173911	1283060	1158910	1117837	1134724	
0.9833	0.7167		41913	46115	43171	40237	35011	36506	45508	35373	43270	37029		1428381	1626157	1425431	1471818	1392350	1298274	1323122	1322168	1345493	1270250	
0.736	0.682		32201	29627	29040	30941	36714	41982	31603	33436	32895	32313		1237259	1340695	1248988	1307451	1322589	1440912	1177807	1345050	1251261	1205735	
0.1281	0.4934		20243	15164	28693	20324	24603	28419	21493	18214	29260	27730		1077330	961513	1481702	1339071	1297837	1480534	1195892	1263376	1392768	1292471	
0.1036	0.247		15686	24915	16681	24586	21173	24388	15579	15580	24769	24744		1257154	1587088	1263816	1490177	1366534	1389051	1147614	1151488	1289334	1495130	
0.8815	0.6148		41149	32216	39040	32477	32188	32608	32996	36561	40134	30703		1682842	1359956	1355432	1176102	1233344	1308675	1152120	1358910	1488974	1136193	
0.9789	0.7471		37297	31528	47491	38059	35708	48314	46417	45091	50627	49328		1242230	1070975	1537162	1235293	1315973	1595254	1439296	1417414	1579799	1436313	
0.3523	0.2603		16082	18956	24792	20482	17378	20549	20394	20364	19048	19149		1180143	1261520	1320892	1202082	1255964	1250322	1236954	1245270	1154285	1244813	
0.8555	0.6603		33430	34708	54072	36157	39087	34432	34933	40750	32745	30946		1440893	1372017	1682881	1374736	1278447	1357121	1306176	1604330	1402339	1093163	
0.3412	0.3053		22969	19016	28581	20565	21139	23031	32221	28830	16778	19490		1456142	1226513	1531439	1250923	1285832	1298209	1675607	1710681	1143714	1287423	
0.6474	0.3438		28325	20930	33265	28363	37583	23402	33124	22152	27394	35480		1235364	1208653	1427873	1473816	1580565	1251983	1494573	1044736	1230179	1760968	
0.9574	0.9916		36218	49738	73479	35761	38641	39188	41447	42451	44280	41147		1263402	1402944	1280436	1217736	1218921	1367839	1352013	1292572	1270493	1310176	
0.7519	0.7486		41505	45211	42892	48138	48447	37760	36612	32356	33750	33299		1456578	1621215	1615481	1466091	1356977	1562017	1391274	1345820	1317061	1231823	
0.5958	0.1564		19949	31975	21306	38120	28860	32276	32374	27713	23681	26020		1361365	1434575	1147066	1379713	1269180	1416151	1570642	1316385	1388141	1328587	
0.1089	0.8991		24178	30168	22773	33708	23265	20124	19789	29817	33763	21399		1648734	1407390	1254168	1774193	1322886	1082613	1108361	1581124	1494420	1223778	
0.1355	0.095		18229	21371	17631	18656	14819	17915	25760	17401	13049	13009		1497176	1572650	1494327	1366709	1308000	1252844	1727823	1350289	1059883	1166788	
0.2357	0.4399		20217	23839	30208	25245	30211	19390	30060	27728	21418	31926		1298198	1344001	1637850	1378740	1463556	1280592	1604312	1500399	1471946	1565764	
0.1914	0.9437		25827	31450	26403	22020	24725	35978	23964	23499	33749	27502		1245102	1303522	1258004	1051658	1192284	1159594	1384794	1279747	1410543	1499886	
0.748	0.0925		22117	26517	21442	24977	21273	25618	20745	21111	22699	31857		1482132	1514405	1250445	1331187	1159493	1375005	1345743	1127963	1264568	1163971	
0.2313	0.7187		22599	35022	21580	26556	26963	26391	21695	25094	23316	26167		1157604	1239582	1090934	1288754	1305054	1393306	1327351	1273855	1247866	1393422	
0.8527	0.7112		40075	45075	42418	43205	38444	38614	42759	36148	39357	44958		1653604	1386754	1438971	1462948	1331775	1462188	1425836	1335999	1347282	1364307	
0.8891	0.1584		40018	33459	29365	37166	35106	21257	25375	35813	35396	27994		1591859	1496094	1292992	1647244	1529397	1116791	1234282	1498117	1553883	1308547	
0.2739	0.3059		19405	17646	27485	18256	26864	19762	21967	19411	27387	23845		1469621	1324687	1326525	1235877	1407221	1220616	1503448	1253220	1486597	1163025	
0.2209	0.6022		23104	30048	31928	31772	20687	26722	23699	18387	16480	26182		1286797	1406207	1607207	1524538	1154178	1426567	1174438	1034745	1072382	1351075	
0.9625	0.2837		25801	30365	37264	32293	32079	25613	36793	36968	33796	36613		1156887	1543214	1480259	1158102	1218484	1128701	1468829	1508685	1372983	1411562	
0.453	0.4077		42055	32542	29951	20899	22184	23691	33038	31669	23422	23354		1477590	1594131	1534854	1266563	1284792	1316956	1597714	1474568	1335182	1282539	
0.6081	0.6797		28377	26128	30948	40283	37932	38903	28700	28213	28828	28737		1266556	1285386	1171602	1317954	1503620	1493851	1176415	1273417	1301368	1282213	
0.5338	0.463		32927	25636	23281	21954	28796	31106	25761	31952	34058	21222		1666239	1267693	1202499	1058932	1239584	1206156	1209218	1532331	1439158	1374959	
0.3337	0.98		31928	27686	36547	26673	43943	36721	36385	29910	36585	36371		1359168	1160421	1545413	1196987	1267824	1574726	1321652	1275920	1471841	1453799	
