35	36	37	
0.2918	0.6483	0.4713		73214	55079	76129	67148	69570	101127	81653	67307	68601	57618		1533076	1530509	1369030	1388400	1339147	1745137	1258934	1423836	1387569	1395416	
0.6366	0.5891	0.9061		138246	71162	111945	66722	73680	82213	83156	70709	61749	79619		1434165	1179019	1314522	1338167	1212980	1332560	1017751	1349641	1056406	1110653	
0.5302	0.6128	0.8025		107979	67693	66503	72684	67956	76391	56645	71962	56891	58693		1290031	1308338	1466986	1229933	1517916	1381132	1431512	1283545	1117407	1366898	
0.4614	0.3516	0.6027		74118	74145	68714	106287	71159	65510	67138	69536	103334	55033		1410058	1410203	1372097	1722283	1405343	1334753	1378350	1281074	1222992	1227886	
0.8886	0.6405	0.3375		93236	88372	76258	113721	80755	68699	86862	84802	69179	94475		1423223	1384706	1276589	1608933	1584681	1509267	1679538	1318437	1343222	1639462	
0.2807	0.6365	0.3207		62619	72131	66733	59092	60929	87075	58618	111520	47095	57998		1236324	1370966	1384147	1312603	1243600	1474567	1294589	1607957	1207898	1290396	
0.83	0.6808	0.4569		96074	95208	94520	70012	81502	71658	86145	70543	83985	62923		1463915	1693551	1449923	1538380	1588419	1203219	1436459	1551093	1572320	1125148	
0.2027	0.7124	0.0839		63964	35090	51633	39699	55417	48782	44280	49612	53003	43439		1025715	981458	1197574	1006778	979827	1043558	1150074	1184003	1103440	1108094	
0.6276	0.7159	0.5035		67073	67601	66043	69848	90180	59831	87851	67762	86472	77740		1375815	1116685	1104778	1258597	1326663	1257394	1305730	1217071	1300129	1526727	
0.86	0.7659	0.3438		68746	46699	69401	100105	67864	75115	67674	67101	94783	82887		1380227	1159570	1192722	1239160	1418953	1287729	1368384	1273277	1237622	1376987	
0.9965	0.4993	0.8843		93021	74473	76096	75315	75266	62653	75317	80669	74356	83234		1538640	1500307	1391326	1532881	1382852	1331947	1508098	1267466	1461092	1551824	
0.8976	0.0729	0.5285		78301	62675	50060	56890	67010	57293	60502	63112	52674	68417		1284716	1228466	1417724	1042891	1021999	1386707	1039339	1222140	1178890	1294796	
0.1203	0.6884	0.3342		93537	64121	59222	67346	85840	55160	67638	52528	55042	67818		1537494	1527758	1238763	1403123	1249655	1481114	1396757	1408936	1257656	1328119	
0.6117	0.0638	0.3529		97251	65180	60750	47627	60920	43034	55728	52464	52927	67098		1408861	1487661	1480161	1119281	1337789	1059622	1251768	1298760	1428745	1340800	
0.9707	0.3791	0.5161		83280	84438	99172	69077	59860	60627	70502	66298	62319	60107		1172825	1489985	1295905	1501560	1499670	1001344	1329540	1212321	1282666	1234657	
0.3166	0.8794	0.631		75700	62545	78376	78973	61697	107466	62396	63305	67864	72798		1572642	1252963	1341823	1278628	1529205	1175780	1380629	1378501	1452988	1280951	
0.6414	0.625	0.8685		107868	78450	80230	85156	81270	76721	86785	70419	73609	64238		1592699	1593513	1368556	1361463	1467895	1393794	1467570	1315438	1371535	1220347	
0.9981	0.205	0.9497		163339	59341	68000	93994	70684	83587	65433	105445	68892	69474		1421068	1234699	1106506	1180439	1319991	1289896	1153749	1475841	1504802	1056795	
0.4159	0.0895	0.296		83393	74470	62563	57482	76118	53892	63251	53273	49863	52857		1227905	1151843	1271591	1246264	1272912	1326977	1346595	1611657	1187727	1222618	
0.6555	0.2084	0.9419		97432	63802	78787	66553	110172	70116	58156	77619	67718	69047		1669306	1338126	1511154	1362384	1447302	1478103	1283597	1321479	1380570	1506619	
0.5238	0.8499	0.1686		69096	63940	64229	47151	63963	72769	84634	60933	66400	84248		1699277	1343429	1521942	1218614	1373284	1301467	1289106	1298005	1170950	1086457	
0.7714	0.3015	0.4135		72117	72659	51966	63303	66558	75673	67545	58515	62854	73096		1444836	1475901	1347860	1235523	1179999	1244583	1386382	1195236	1278978	1315868	
0.487	0.2802	0.3325		60897	45833	101503	90062	60231	45379	57283	87108	52649	50653		1220212	1270590	1570535	1368453	1187638	1126195	1214969	1353876	1302525	1288396	
0.4081	0.5667	0.4636		62811	63524	67411	64723	72871	63106	72277	72821	58780	57815		1368134	1447885	1529857	1340088	1365637	1329870	1204881	1303858	1387535	1255074	
0.7563	0.6798	0.4043		200213	70253	68876	125425	58683	60244	72741	81147	57571	72169		1505077	1530069	1281361	1765903	1191330	1076401	1237987	1219514	1148132	1480835	
0.4936	0.5566	0.3104		126664	54378	65463	61732	64625	215996	73087	100317	53320	62378		1686585	1405331	2166333	1505240	1389539	1687508	1766446	2340638	1629677	1285272	
0.2026	0.4137	0.202		55630	52964	56420	49251	45580	57040	49026	40944	65917	99233		1450212	1252859	1345372	1571843	1217880	1088387	1226983	1161410	1577809	2008843	
0.5624	0.8848	0.103		131024	80257	109067	79742	113490	67783	58597	85669	271570	51892		2000551	2029084	2135702	2040048	2276354	2348513	1152771	1168165	2276820	1849542	
0.469	0.4808	0.4963		60218	60269	66662	64656	63420	59294	59206	62723	62334	73411		1848059	1466263	1390254	1395563	1508589	1456696	1372512	1361564	1289677	1463456	
0.2947	0.1523	0.5144		50268	43957	44741	70874	57201	93678	59749	54803	80104	55017		1574879	1213972	1086098	1360759	1481064	1323508	1650511	1436826	1430651	1507554	
0.0627	0.4164	0.285		72044	55832	109886	53802	46385	50815	54194	39066	46531	46839		1441681	1317618	1283872	1433321	1063249	1290423	1225633	1211446	1267058	1189687	
0.5174	0.5998	0.1247		116073	49007	56216	61416	56654	97505	83253	80741	59572	58129		1622857	1615218	1279156	1279476	1460286	1456546	1426748	1663170	1269773	1381923	
0.9052	0.0506	0.3238		103689	60677	63677	80328	58318	98235	59318	102381	62781	66944		1578767	1676972	1349588	1423390	1625292	1689303	1645174	1426749	1507784	1247505	
0.3121	0.8338	0.865		66604	69694	56609	66061	89008	112797	70382	69440	80299	79107		2126776	1571849	1121177	1442886	1618960	1529470	1537678	1331730	1558591	1488088	
0.5705	0.6824	0.2232		73767	65653	117232	183148	70340	65627	77826	61711	72544	60970		1364980	1880741	2243332	2435938	1400833	2439309	1858646	1503621	1371533	1429283	
0.757	0.7691	0.714		69201	76072	87023	146952	94910	132766	87608	74603	77919	126991		1743620	1649146	1235829	2019303	1636856	1647762	1458746	1587838	1482317	2618985	
0.8523	0.25	0.0515		105787	66817	62072	49488	48826	51020	95722	57032	89072	61552		1487118	1758868	1365081	1148673	1036024	1014002	1226603	1217447	1526497	1254923	
0.6575	0.6606	0.921		102514	90266	96605	84441	62637	74301	63109	83809	75251	78291		1259225	1250955	1322749	1249534	994822	1207348	1230820	1302980	1492268	1346983	
0.1166	0.5691	0.5464		63824	58024	95724	63543	65185	55596	55589	45907	61557	45540		1665559	1312134	1402958	1453637	1268801	1296437	1199008	1040584	1243466	1486101	
0.4279	0.1902	0.5194		53984	51912	63784	258822	85209	71219	56508	56167	58592	44555		1533154	1295736	2307714	1663044	1654471	1968997	1799027	1333044	1185015	1201365	
0.9091	0.0605	0.7228		55738	61156	78494	65214	55089	67578	64163	98338	64951	102228		1571675	1366771	1385897	1365022	1519594	1308217	1245408	1328861	1130120	1537414	
0.4071	0.0555	0.5651		46719	58088	59612	52603	84372	66525	68029	63666	59099	61934		1315760	1310102	1374947	1449745	1734703	2064621	1715767	1568059	1220204	1521052	
0.9602	0.8758	0.751		71099	104042	86384	85667	69246	95065	83383	83271	80759	87910		1255886	1387913	1475574	1398833	1056714	1327334	1466874	1756056	1206776	1173320	
0.7852	0.7838	0.1892		69797	129775	73664	69425	97476	85479	71784	84896	55929	71652		1278452	1859380	1519029	1282716	1743850	1572298	1509134	1481111	1532169	1191240	
0.5377	0.6167	0.6091		70316	75587	86705	67017	83316	76259	64796	54609	81276	94744		1409874	1498271	1638383	1588360	1691869	1330306	1162483	1176831	1293354	1336490	
0.0891	0.6464	0.356		63334	69414	45069	60032	44013	60073	87721	49902	58838	95080		1750369	1498981	1706904	1203153	1393955	1357301	1815376	1156139	1328231	1503659	
0.3483	0.9432	0.8667		69319	84390	71869	68026	64208	73111	95292	66377	70466	100311		1148770	1385537	1478412	1463417	1492844	1581014	1553024	1161323	1249524	1455840	
0.4866	0.3007	0.9967		70765	63849	57189	72853	61103	75724	79712	68113	62257	70887		1283779	1449906	992675	1306428	1454035	1146816	1246033	1434843	1152779	1232355	
0.1154	0.6705	0.8878		78964	72284	66410	71956	87134	63481	51204	65321	79348	68031		1161307	1309739	1226703	1268772	1345976	1512051	1373917	1257346	1434359	1404070	
0.8829	0.5552	0.3663		88320	79296	71973	67721	111012	68033	73016	63602	90471	65984		1498679	1396253	1450634	1445497	1578165	1415504	1111896	1140282	1192537	1180494	
0.8884	0.9268	0.5315		111997	82230	70789	84370	110396	104393	91089	72794	77356	111143		1437264	1334808	1613285	1524782	1867609	1583174	1305368	1160028	1450212	1543913	
0.4167	0.6754	0.6113		62903	70073	63021	54272	69624	106339	63901	84880	64573	96249		1452547	1357099	1382510	1103215	1269971	1454629	1262880	1072495	1195845	1261340	
0.061	0.7092	0.3827		61764	76235	45249	45250	55400	86950	53943	66179	94723	57586		1413592	1300732	1008951	1200381	1243001	1482056	1199707	1407131	1586859	1468147	
0.7037	0.8798	0.4759		97995	86296	100657	63095	102452	61247	62610	74875	75929	76633		1201561	1267777	1395905	1175070	1183978	1322302	1087722	1266921	1540789	1357267	
0.4195	0.9558	0.1673		97740	87555	71276	70994	59931	62306	76269	133248	113262	63427		1941457	1843329	1354319	1313872	1356027	1305936	1372281	1585393	1507966	1437163	
0.4283	0.2709	0.3535		109125	108438	77535	61009	64312	93739	59141	63044	65760	51935		1902707	1769825	1743560	1499805	1409666	1787642	1341168	1495753	1380896	1281329	
0.6438	0.6297	0.3514		59640	95362	116090	67728	65451	72379	67688	54011	73708	96434		1392236	1612085	1812518	1374434	1343890	1461267	1106774	1081330	1428416	1502389	
0.0749	0.7103	0.9907		64193	54301	54235	65224	60681	61063	74379	64584	68462	70142		1264654	1248023	1221778	1178705	1134518	1250568	1310551	1463750	1368242	1420037	
0.9016	0.1137	0.2851		68472	71545	69746	72513	50433	85819	65236	71449	71413	42963		1498994	1386055	1262878	1237915	1182351	1526714	1325489	1587978	1333034	1038447	
0.9349	0.4397	0.6692		115797	63179	209359	101294	69616	76082	76517	61367	77004	80887		1407128	1366709	1847360	1305916	1640835	2436793	1448858	1504609	1163975	1453678	
0.4314	0.7496	0.6988		68320	70701	56093	77552	82132	67347	107691	68201	56053	71770		1355502	1385146	1347970	1331391	1405815	1404985	1638295	1345503	1284792	1341661	
0.209	0.2204	0.8928		66893	56770	86062	48288	92553	56332	57647	60461	54184	71858		1875285	1317360	1513921	1390835	1207137	1330383	1425691	1654460	1217084	1449658	
0.2512	0.2389	0.6112		52101	71744	50908	66709	67892	99204	60736	94862	57545	56606		1764517	1366349	1210089	1308044	1361461	1294216	1363803	1657443	1438697	1568051	
0.5458	0.6143	0.5687		68382	83099	93206	64987	82742	69388	101349	68990	69289	61116		1437179	1415086	1559099	1496462	1282939	1520677	1418437	1277369	1300765	1181202	
0.584	0.3319	0.6959		106398	77503	62907	61753	63290	62919	94596	67662	116299	77882		1349055	1130820	1534233	1631676	1631628	1367632	1750356	1538228	1591402	1462109	
0.2701	0.4995	0.5174		71004	50987	49448	59400	59069	99579	69913	62446	88776	61165		1481528	1259573	1266360	1270963	1502862	1687123	1238965	1217829	1371763	1356628	
0.3687	0.6791	0.9031		78117	79310	78679	82826	63773	57400	66057	76733	66072	57188		1407667	1468197	1390274	1446400	1388368	1315698	1237047	1332216	1520772	1056592	
0.3001	0.8808	0.2023		59622	61653	52465	59629	58402	62491	55865	57674	79446	59903		1540881	1171933	1024152	1110056	1452129	1293283	1172271	1141937	1363535	1220105	
0.0677	0.9537	0.7285		72892	104279	70220	92772	62780	79135	50337	62525	73723	83906		1244495	1758526	1429489	1670385	1354092	1367149	1081894	1213765	1353774	1453163	
0.8096	0.2831	0.3686		59174	60141	59972	50794	58948	74333	76689	63905	66374	62892		1590055	1253219	1282342	1069375	1151733	1374622	1515014	1329041	1243336	1550674	
0.5019	0.929	0.8153		80369	63885	72804	73982	78489	83357	75241	66358	76752	73159		1315835	1246099	1089114	1129442	1300572	1319944	1421401	1460500	1178914	1157031	
0.4351	0.5733	0.438		67932	51984	73401	103467	60007	59000	61951	67116	85691	105768		1625675	1263572	1499208	1485516	1302041	1430200	1572544	1361414	1604183	1550470	
0.2466	0.3054	0.6524		67694	66121	59423	57259	51023	80484	58566	67763	57206	64746		1291894	1199899	1172057	1251715	1250953	1111794	1359925	1246329	1207821	1405972	
0.5717	0.4174	0.4908		73582	73361	65262	79498	63009	60390	56147	51758	67604	82760		1256078	1430639	1262835	1421266	1301252	1168627	1100542	1293761	1215687	1182996	
0.8596	0.5735	0.8137		76354	71876	102551	74526	91635	74788	73669	62626	74429	93740		1639372	1421518	1299813	1268878	1223528	1321683	1282407	1253093	1220391	1243631	
0.4865	0.9495	0.9275		93721	86809	76840	97488	66637	66269	66393	75894	77741	94263		1350715	1304508	1080608	1215665	1206428	1062961	999413	1284132	1483956	1424789	
0.7574	0.7419	0.4546		168020	70099	70610	68482	80471	69483	78535	70022	101992	79396		1405113	1345192	1437500	1295795	1359795	1353178	1260108	1211684	1223526	1552880	
0.4474	0.6449	0.1438		71281	51459	60193	59761	99173	64803	60256	60893	51304	61078		1394827	1177038	992943	1301523	1561709	1460852	1425347	1236892	1407205	1113239	
0.1247	0.9491	0.1398		50912	56617	51102	70293	62055	53970	50039	50538	49818	58347		1168468	1406356	1152980	1209863	1482872	1209481	1188932	1166130	1330428	1161180	
0.4704	0.8656	0.7225		65007	77972	75077	67027	74323	61626	80081	65396	64812	56318		1252110	1272142	1381187	1429521	1369873	1115801	1426125	1140910	1047008	1039944	
0.7341	0.9637	0.2845		137571	66430	95680	67848	78585	72095	103127	79919	79975	112328		1319388	1150725	1321192	1204772	1398548	1354924	1544722	1421493	1337200	1393934	
0.1962	0.4334	0.3022		79251	54788	69330	67238	64832	66130	61846	60030	48079	49602		1427790	1501222	1527919	1339709	1351798	1274850	1417766	1596618	1076711	1233711	
0.9512	0.2551	0.6192		74198	87583	89901	87084	79716	63134	65793	101508	63264	72272		1509127	1533542	1376434	1518983	1424819	1273194	1182779	1424437	1412167	1423262	
0.8343	0.4973	0.146		105517	80888	80064	51961	59674	67075	62802	64070	88557	60312		1190247	1522036	1249053	1063759	1358348	1313274	1257826	1317802	1297048	1257313	
0.4176	0.8674	0.5095		104376	64224	70085	78982	96687	65123	77580	61088	67842	87343		1648033	1539314	1497229	1394277	1401668	1287369	1273050	1378596	1424528	1721590	
0.2092	0.7758	0.3832		48818	74179	69690	53526	49896	58213	89833	55668	50744	58925		1030667	1327177	1267895	1449105	1567294	1075837	1475547	1417809	1347079	1250461	
0.3751	0.9887	0.5212		73636	68003	90568	74356	58719	69757	110249	77670	76051	68314		1262045	1353892	1611584	1273582	1335458	1523831	1507174	1497332	1416498	1177583	
0.6303	0.2432	0.4402		61012	70370	74656	54108	56236	96427	57532	99312	49818	66931		1233034	1385694	1183358	1179656	1390037	1354865	1537072	1602818	1517422	1353046	
0.3527	0.095	0.6948		59150	52776	53464	55939	56006	67332	65319	56030	85652	56059		1146053	1223342	1461487	1148579	1507992	1559421	1515691	1289329	1329847	1219759	
0.5016	0.1324	0.3574		68601	72607	58456	46874	56051	55803	52643	62678	52280	59500		1572717	1394299	1309472	1175132	1159593	1288908	1425261	1435961	1306385	1179859	
0.7447	0.4225	0.1745		61595	49624	50189	64712	94221	60838	54912	62480	73781	66333		1315267	1149784	1026988	1057158	1331294	1480271	1100597	1364929	1276862	1268127	
0.2232	0.458	0.0508		72478	42732	51031	50402	48302	41711	52163	58182	50478	51413		1381500	1248956	1573265	1401017	1098052	1133086	1202855	1446158	1273643	1359458	
0.3853	0.0933	0.2052		84075	54170	47819	63003	46662	59171	49756	68527	49338	47246		1386571	1332522	1303850	1250622	1370604	1206998	1329049	1539803	1321118	1404492	
0.3474	0.9469	0.584		72823	71849	111947	67517	81447	109491	76357	81666	57631	56984		1399053	1296482	1440058	1577475	1345623	1230419	1575342	1309106	1158757	1073393	
0.0915	0.4197	0.7406		97954	70592	54322	68942	52764	53185	49929	53992	50928	43595		1443358	1637915	1714944	1459701	1131171	1252139	1156008	1311610	1176130	1088922	
0.4132	0.4011	0.9178		90737	65132	62780	64246	58373	87088	61554	62721	60932	51180		1708739	1361277	1339561	1578458	1518914	1262603	1545062	1255987	1248937	1151427	
0.3483	0.6444	0.0644		40958	73225	41376	78163	68506	51749	59151	84171	55538	60577		1160381	1435568	1354648	1261308	1663780	1245387	1081991	1659704	1321284	1295170	
0.1971	0.1234	0.6479		55301	55992	71682	57600	59164	56334	51212	54294	55510	52351		1503882	1253627	1285377	1239321	1297118	1269799	1146168	1239033	1259548	983930	
0.7723	0.7971	0.2696		117156	101098	76936	68868	70382	84348	72883	80887	83756	77299		1486168	1265016	1325081	1687645	1292338	1258438	1405846	1658067	1650161	1172730	
0.8164	0.3934	0.4634		117007	74434	84223	62114	73706	76191	61829	66056	65111	78136		1215101	1230891	1566929	1253440	1569211	1482045	1187157	1280082	1282094	1366889	
0.3239	0.752	0.4174		62110	81629	68640	70494	60683	67540	72945	59348	65283	47567		1533592	1331405	1551136	1360893	1149836	1453590	1325784	1169553	1291468	1189721	
0.5759	0.566	0.4204		68040	97576	68595	59499	62267	57867	72129	64974	89146	63865		1169095	1357552	1475702	1060064	1453065	1212045	1424013	1245488	1496964	1152645	
0.2479	0.7277	0.2676		153919	63582	54079	53564	53313	65062	55773	71181	54230	63705		1212064	1355675	1226827	1047372	1119769	1274670	1238534	1396211	1212433	1267751	
0.0731	0.1128	0.3812		47882	42753	75731	44580	45767	74970	48949	28126	46197	48794		1000451	1445105	1124001	1316450	1107899	1087149	1457518	847535	1130291	1173371	
0.3761	0.8858	0.8252		75477	90540	105338	74986	85726	68883	75517	66123	82583	67833		1314002	1323420	1558654	1271608	1368021	1132628	1287415	1196976	1447221	1614064	
0.9069	0.5517	0.278		68272	93425	84872	73561	68479	118969	69385	76814	73131	68820		1245803	1070641	1259903	1242958	1161000	1219072	1578463	1224162	1169477	1248785	
0.3511	0.2527	0.7054		58571	50495	67878	52218	67569	58765	57402	67348	57650	60956		1226479	1285204	1359491	1251155	1161808	1374709	1273755	1286232	1324128	1220455	
0.5153	0.3324	0.6176		69665	72113	59424	60130	60048	71795	50423	83196	64364	85450		1483563	1670613	1288460	1465817	1454875	1221136	1185268	1190975	1272733	1438874	
0.4132	0.6245	0.9222		55279	86437	64255	67288	66080	88303	56599	65112	70134	73471		1026698	1181451	1268124	1166119	1214740	1485945	1486078	1294120	1223051	1451269	
0.7744	0.647	0.848		95045	85126	69112	72394	75521	73805	92483	79437	88300	75345		1248135	1341839	1167923	1270660	1130361	1318357	1391577	1199466	1371063	1438476	
0.7865	0.386	0.9183		81805	75871	68950	91131	78727	68532	69052	72119	59742	64006		1347696	1527051	1214838	1492792	1302997	1202101	1106113	1143004	1202653	1165796	
0.2496	0.9197	0.7931		65084	54818	78649	64595	65891	87991	80694	68002	71128	107942		1435773	1216221	1131681	1226698	1153939	1391871	1328625	1246797	1634051	1377402	
0.5947	0.2335	0.8405		83441	63393	64729	72706	102518	77056	70249	63351	63594	63958		1213121	1622805	1263848	1265205	1633439	1448041	1287478	1203488	1268562	1286067	
0.2223	0.7672	0.8717		105191	62502	70016	63623	60036	81800	77356	62402	65524	64196		1133294	1479411	1244637	1142426	1252674	1255178	1417825	1255357	1177662	1200437	
0.643	0.6751	0.1951		77730	84308	68371	50169	75054	55554	60617	62640	67880	65787		1456536	1425541	1222263	1191053	1135084	1385362	1240038	1384101	1260474	1305852	
0.6582	0.9377	0.9251		131189	84968	79473	76970	78022	91718	70593	103084	82419	91093		1376572	1657147	1420675	1402005	1203030	1347302	1239424	1390315	1320381	1368859	
0.2474	0.2143	0.6851		60962	57102	58855	50249	59385	46954	61570	56984	57537	66653		1633215	1184980	1147806	1313291	1195533	1224252	1454919	1238420	1335641	1288153	
0.4345	0.0931	0.1185		56478	50958	49089	51661	67575	49513	57451	50713	50468	86348		1242607	1475066	1426633	1286611	1160448	1149159	1379964	1444231	1337532	1617323	
0.9726	0.9016	0.8872		133683	111733	80085	82407	82755	103053	72854	83573	85319	83989		1461634	1295486	1281377	1215460	1403457	1359265	1428254	1318403	1355363	1370307	
0.1721	0.4633	0.3827		80134	53431	65458	87830	92250	72716	55908	70537	55110	72965		1305364	1246060	1295558	1324947	1285100	1542582	1421009	1520621	1244304	1596634	
0.2631	0.3098	0.5969		93112	69841	61945	62075	45550	53904	64555	54414	58096	61868		1517539	1373372	1517332	1186214	1300495	1095151	1343505	1420478	1398013	1162049	
0.642	0.4399	0.7781		103795	86861	57517	88615	69411	72756	71237	68690	68667	71595		1229947	1541888	1295199	1093245	1272834	1334884	1304020	1294748	1439094	1245244	
0.7873	0.2326	0.9615		79158	103024	70084	70000	81166	74707	115147	72259	92477	67745		1375035	1318516	1255842	1369181	1235332	1293586	1379798	1516662	1330028	1366734	
0.6724	0.0937	0.077		57057	98150	74570	55733	46625	50870	81951	49821	49942	48267		1621990	1286179	1178100	1238243	1260777	1279202	1273600	1286188	1189590	1076643	
0.6165	0.6476	0.9912		82537	74870	104165	110879	75292	85305	76907	74709	115624	71949		1332332	1235916	1571155	1612777	1442939	1282473	1298974	1555736	1549095	1480663	
0.8979	0.8998	0.1559		69282	84309	67167	67095	68102	65727	72141	68632	67409	64456		1264898	1403994	1114134	1339505	1280138	1312963	1146828	1285630	1094936	1067635	
0.9178	0.3175	0.4945		148425	59749	77061	101201	97302	69566	73935	62712	64563	76970		1303201	1240613	1369502	1538237	1711976	1186544	1161040	1317092	1224083	1153366	
0.6187	0.1634	0.2869		55245	65725	56366	49643	56892	82893	46439	61048	61315	59866		1231563	1248929	1061534	1226046	1346676	1267331	1048234	1103583	1200699	1169093	
0.1227	0.9685	0.1631		54968	61868	51284	61306	64967	62057	54687	74704	63471	57258		1411382	1594716	1109145	1117582	1246060	1207636	1292242	1275446	1624846	1456473	
0.4865	0.0982	0.1656		45945	60284	52355	49865	55255	44343	50635	49247	56915	48779		1423734	1462291	1443933	1204850	1175865	1345519	1264180	1231383	1359562	1180588	
0.9054	0.7445	0.3933		83657	71549	70116	70134	71419	70128	68208	90318	61749	72977		1644199	1609000	1202417	1259300	1500088	1466155	1131415	1275368	1168915	1041310	
0.3168	0.8658	0.2548		63381	59925	57559	55672	56413	63047	58655	49470	77102	57242		1168597	1388783	1497726	1543464	1155980	1208623	1236069	1006124	1243801	1190832	
0.2818	0.4695	0.1122		53880	56071	52601	42541	56211	59880	63164	43234	60296	43975		1226885	1226729	1169285	1058035	1083985	1232226	1290747	1285847	1200007	1297991	
0.4402	0.5641	0.148		77899	47248	66501	55506	50191	66401	70294	55859	86321	53947		1433740	1022568	1472944	1426299	1148793	1230654	1401263	1237886	1211564	1413809	
0.4249	0.7605	0.7402		118435	66771	62937	86461	54777	70177	59537	112816	68159	74454		1439469	1416670	1507067	1248366	1003245	1151019	1343093	1367504	1709599	1264709	
0.8808	0.5683	0.4416		70526	67124	110933	108803	67285	74362	104202	85613	92419	82575		1439150	1273627	1656841	1725776	1554340	1447261	1663166	1340498	1506843	1186348	
0.2416	0.8776	0.7169		51483	64133	51497	56329	107308	64849	68123	94607	65195	75275		1389565	1215505	1240681	1556497	1149973	1575999	1458665	1418460	1609254	1396446	
0.1403	0.8768	0.0581		69603	72193	52598	44177	64003	60313	52139	45898	52287	52372		1303241	1283692	1407417	1240540	1423214	1605581	1273550	1382764	1693723	1277887	
0.2576	0.9727	0.7592		72849	60765	60366	110795	60858	72122	81103	64391	66945	65733		1578545	1493936	1235655	1379240	1370444	1300250	1473083	1247857	1250621	1212563	
0.1194	0.8011	0.2164		73546	49672	51029	41768	61751	50492	52631	48851	57174	58980		1532708	1528504	1148056	1036010	1095479	1168577	1146909	1204627	1141537	1190412	
0.9138	0.3614	0.8296		79249	88992	57019	69908	69803	77191	59811	110902	67242	91906		1676319	1334982	1196151	1225426	1291126	1387786	1098473	1209432	1365446	1301466	
0.4355	0.8456	0.1105		78163	58725	90695	54736	60005	55301	56635	54770	58619	71512		1214330	1432642	1326491	1586228	1111799	1171283	1182933	1132471	1561095	1361006	
0.4758	0.1822	0.4474		90892	47132	63211	55179	66494	67513	70065	52958	58955	66122		1494305	1498472	1170259	1315608	1281417	1343422	1408917	1416902	1331760	1216591	
0.6103	0.8162	0.4717		103292	74527	66478	57474	65605	63784	77818	104504	70781	76180		1634595	1685434	1200580	1203369	1183422	1294793	1342730	1633417	1312124	1173700	
0.2625	0.303	0.6409		57726	66091	60241	59398	50311	68668	58387	76782	61204	60553		1481720	1551633	1259702	1362193	1063889	1171886	1213611	1189305	1206654	1550742	
0.809	0.3211	0.2057		63057	56868	60376	56624	58005	57900	72317	69990	65356	66055		1638587	1575054	1349117	1143478	1263533	1152642	1160195	1496125	1401868	1350167	
0.6514	0.6873	0.1063		78563	60810	72611	71172	66397	62562	61846	70734	48545	81779		1254466	1501697	1518714	1391822	1219341	1562988	1616721	1519205	1276954	1585244	
0.8864	0.3216	0.3829		64894	64452	74377	94046	54164	66463	78003	74992	72853	64874		1545821	1483869	1309411	1404490	1280097	1232499	1477524	1455735	1207859	1195340	
0.7732	0.8982	0.9341		83303	77568	78644	87395	76711	87341	81020	92962	80558	80759		1503543	1423794	1558110	1214926	1215148	1273581	1256207	1339308	1471585	1309616	
0.7314	0.4948	0.7515		80522	70350	77788	70979	69940	70040	80928	120507	81997	79225		1154434	1380783	1374881	1549734	1322986	1269251	1422625	1684081	1524673	1323586	
0.9187	0.3607	0.7739		119008	66351	62606	69603	83266	67656	89940	74950	69423	78763		1418512	1538424	1397705	1309816	1515604	1270394	1549979	1367090	1196309	1196081	
0.8465	0.1806	0.3869		62229	63882	67010	65572	49159	59045	59194	66607	67711	60659		1521651	1362166	1267082	1143238	1238001	1105691	1224298	1249002	1572611	1329292	
0.4034	0.689	0.1742		67872	65383	65555	60693	54618	59457	54640	63312	77113	55115		1216399	1704428	1241269	1280341	1247600	1285763	1317788	1272569	1238773	1361651	
0.9708	0.0584	0.6135		74635	88359	60353	62006	68724	67469	58664	80804	71432	73490		1327972	1288504	1527501	1203089	1474722	1513654	1303083	1398627	1413911	1463296	
0.3468	0.2452	0.7316		102392	55282	62855	90136	56618	50660	71519	65593	69182	58786		1408626	1526871	1212840	1633246	1517366	1065096	1349507	1463161	1334395	1183264	
0.3987	0.9034	0.3269		61776	71942	63064	72067	85007	72983	64713	53175	63565	63543		1743514	1332902	1543065	1326043	1503863	1400860	1541520	1279505	1311585	1537182	
0.4709	0.491	0.2457		70081	75703	55305	68591	70246	62877	91406	62313	48279	65092		1535656	1426236	1423428	1251327	1363258	1364093	1328297	1254730	1074375	1186063	
0.1059	0.2039	0.4241		78280	45210	52710	46006	47486	51459	70542	45741	46190	75867		1178053	1227712	1130405	1115918	1121928	1190635	1289211	1195917	1316653	1307222	
0.6307	0.9832	0.3414		103155	75631	64337	63996	57905	66747	78653	87903	66560	86969		1234532	1495566	1194414	1124591	1213889	1161040	1527530	1222390	1247322	1406499	
0.5987	0.1343	0.9419		78767	60957	63727	69279	81744	68686	79024	74467	82039	94274		1383174	1213650	1233399	1226141	1588769	1332039	1196554	1642677	1651199	1550673	
0.6339	0.3194	0.4421		71345	61737	66184	55492	68367	65828	62470	71898	57884	58498		1400690	1327162	1485861	1225916	1134443	1288429	1138428	1159993	1374469	1330277	
0.7941	0.7219	0.5315		67457	70441	75170	71692	69571	68016	99150	70303	58981	80578		1510943	1652060	1282132	1199334	1212608	1268295	1139037	1237510	1144543	1502276	
0.3783	0.614	0.6889		70261	110653	65341	76166	63161	63723	76426	75046	68485	63332		1386890	1493534	1518183	1348765	1570571	1280048	1651809	1607028	1631128	1632611	
0.8688	0.773	0.771		79344	75322	101937	116618	102942	65358	98126	69121	77111	89270		1480422	1545371	1484229	1787198	1679450	1374345	1298587	1272749	1160556	1176763	
0.1196	0.074	0.7647		93442	47126	65657	53103	53327	51884	58067	53958	41840	83099		1284903	1498638	1286007	1290297	1254640	1182296	1157722	1493835	1444287	1323285	
0.4651	0.6448	0.1529		84294	55082	98855	65627	56906	54609	56372	99427	68042	61414		1358913	1325385	1172669	1337177	1512739	1487609	1241417	1364404	1279306	1224484	
0.4468	0.4932	0.9459		78468	94573	80443	104858	109519	72202	78012	82926	102599	85121		1397030	1445522	1556034	1413905	1606498	1689708	1414892	1583028	1370751	1508388	
0.3151	0.867	0.3754		129667	55955	67380	71202	92409	60300	57777	66649	58575	56138		1525103	1159226	1411354	1198630	1145438	1337646	1183702	1122404	1180141	1496478	
0.5701	0.8352	0.7432		70392	82204	75532	78592	83928	95885	93768	87908	88646	82531		1243597	1271334	1357120	1392073	1657684	1453767	1386426	1491036	1263217	1400549	
0.3769	0.2466	0.2027		71144	52258	57095	43262	57945	59115	63198	54372	58290	53088		1322808	1480207	1391722	1367292	1250465	1345361	1509840	1477652	1324329	1581468	
0.9739	0.2395	0.3519		85410	77352	80063	94755	77378	75733	74064	81914	54699	56352		1432016	1460020	1625971	1492562	1343717	1450800	1379546	1424930	1263293	1054923	
0.5612	0.4529	0.7539		75387	59324	71333	66023	66961	83656	78003	85545	71744	79552		1473150	1460019	1289194	1402263	1267972	1503112	1438978	1280262	1263689	1301629	
0.1954	0.5504	0.1259		97935	48436	50395	47981	48976	53090	49592	56162	49327	40129		1291681	1274148	1404405	1263603	1129138	1421243	1274907	1466930	1110407	1122007	
0.5449	0.226	0.696		52103	56770	65188	83870	68249	58373	93099	48718	48355	48744		1144362	1098468	1213366	1386862	1217311	1194819	1639506	1354777	1015683	1094936	
0.1224	0.6317	0.6547		88156	58049	71380	54732	88225	84637	80077	54624	52720	171107		1472345	1398646	1348063	1220734	1594464	1584458	1312929	1255678	1231822	1300035	
0.9648	0.2533	0.9306		73044	69733	93475	83508	70069	72677	70610	74237	71207	70717		1225817	1351852	1336139	1323982	1361783	1419799	1284480	1304500	1262119	1315703	
0.5566	0.9668	0.1871		65332	70016	99699	53242	63921	64396	67640	71239	81130	62728		1437243	1570434	1540372	1427820	1228316	1428883	1659425	1242506	1358494	1534320	
0.4034	0.4087	0.8835		74968	65214	82796	57298	79463	63536	86646	70511	69346	68335		1299131	1283303	1241948	1203959	1369159	1252282	1344325	1546969	1508143	1626045	
0.0908	0.4519	0.1482		48959	44861	44990	67840	45606	36101	36268	49824	45381	78660		1253222	1081461	985048	1154221	1434173	1033603	926480	1255055	1239841	1583143	
0.6385	0.4241	0.6477		68891	89409	65496	65600	64783	72749	67721	64813	83748	60490		1159085	1336723	1204624	1105970	1107882	1242281	1437098	1392951	1220260	1278850	
0.9001	0.7274	0.6432		75093	75300	89702	82397	83144	78125	79409	75642	71200	83289		1584980	1704314	1378599	1376407	1228590	1272811	1247628	1221533	1124816	1196512	
0.2254	0.5148	0.4791		78885	56939	62624	53958	57537	56798	54467	55440	46172	54479		1658758	1438143	1503542	1265032	1128962	1204316	1170417	1442213	1190765	1118822	
0.17	0.9321	0.7054		66121	66593	68808	73550	65446	80088	85048	66368	67451	65156		1258022	1336488	1360165	1317610	1291326	1363128	1257891	1210204	1132219	1295537	
0.4769	0.4259	0.4592		70741	65685	60781	61231	60673	67948	69818	61133	82461	70597		1413151	1630478	1210715	1445572	1220654	1380778	1474366	1343907	1227231	1356324	
0.4114	0.0547	0.7787		57195	54967	46204	77115	94890	55737	55401	60011	65754	54201		1418872	1388705	1161630	1134220	1329589	1292596	1233783	1089061	1147512	1388237	
0.5158	0.3194	0.1936		85428	54503	55769	62258	55977	59392	101000	55208	71375	85805		1727282	1219324	1495135	1310522	1510600	1508640	1341528	1550589	1407223	1576649	
0.6208	0.7853	0.9858		113032	74581	105753	84548	74197	77444	101789	73955	73728	73258		1329461	1287939	1246283	1359247	1462262	1309845	1395079	1436539	1562896	1346053	
0.9302	0.8477	0.0805		109527	73047	94307	90177	82006	102884	88681	89974	69394	78213		1619710	1284270	1424328	1572616	1374435	1578085	1443655	1273178	1374691	1185932	
0.9732	0.1176	0.7604		115876	95250	55182	78984	77994	56359	93762	63184	90126	72181		1355100	1250660	967181	1246742	1164385	1103045	1141962	1250425	1320570	1469165	
0.5638	0.4929	0.963		106290	83013	72578	61944	74760	73689	86179	106238	73166	76441		1610450	1550820	1383148	1291907	1385966	1298429	1546919	1273173	1539507	1397043	
0.9156	0.6833	0.7087		84080	74802	61398	89876	77489	62784	94888	60835	70151	95361		1315727	1304600	1013916	1266132	1162389	1106336	1351229	1266671	1155101	1299232	
0.4296	0.39	0.4165		63624	58303	55995	69295	63863	57841	54963	60118	56075	56049		1234307	1152133	1256479	1220149	1388063	1203439	1469442	1340306	1126653	1261920	
0.5626	0.7695	0.8993		149456	107687	84448	82499	74449	88512	95074	77623	74932	74011		1577889	1255221	1412653	1352282	1564795	1335782	1653072	1226869	1238372	1257456	
0.7899	0.8162	0.7659		108559	76002	80558	75226	80083	100562	87780	72371	75262	117114		1509591	1381217	1346791	1342385	1376166	1342737	1431693	1265491	1454151	1547865	
0.4959	0.2196	0.8211		61818	63683	63026	59720	79831	64685	63404	66175	83122	62870		1427530	1484969	1370306	1249198	1354221	1279231	1233960	1419091	1251041	1441778	
0.1474	0.9022	0.5272		59939	63458	71232	61737	60323	79988	74129	73939	54221	58873		1351657	1438335	1354386	1486884	1290175	1372427	1573530	1106195	1244223	1275483	
0.2869	0.2665	0.0712		55137	53664	45714	47881	57830	83509	52825	71426	57088	54452		1316120	1350023	1186046	1208619	1237788	1361344	1409379	1555780	1344859	1286390	
0.5775	0.3648	0.7515		64533	70140	69387	73740	51837	54920	67357	83211	64387	65086		1238493	1618931	1470727	1208023	1039896	1342712	1498513	1324411	1290220	1262377	
0.764	0.3999	0.1801		65631	83937	60942	97267	62399	61852	110316	61845	59935	70438		1394105	1504551	1332737	1233697	1640836	1541811	1707796	1257170	1246335	1480818	
0.2675	0.3728	0.2117		55163	59271	51274	81276	70426	61755	60189	66921	49684	47507		1511986	1478595	1539036	1171149	1373324	1415316	1313508	1591658	1159095	1079426	
0.5432	0.8218	0.5872		67638	72993	77437	67693	82495	59380	72839	71109	71763	58830		1204739	1266776	1241336	1282207	1656763	1157695	1179928	1219566	1198917	1164830	
0.9066	0.9093	0.9431		136406	88585	83329	81489	87656	100339	84647	125046	84973	83036		1439129	1337029	1468095	1385062	1333879	1517453	1570986	1272031	1446203	1631174	
0.9283	0.744	0.6384		85873	73725	88008	86631	66328	86033	71356	60192	104055	86653		1308846	1364763	1135406	1348098	1030968	1261883	1221080	1536322	1042910	1235696	
0.3923	0.6448	0.5094		65182	62615	62695	102046	72026	66912	59212	59439	68444	78396		1435490	1382305	1498747	1681267	1761546	1490723	1189306	1458780	1591777	1504071	
0.5284	0.9385	0.7437		103359	75563	68061	78922	78551	94187	95741	73741	83664	82481		1193473	1420165	1279371	1283593	1491229	1213181	1494121	1543237	1425646	1499410	
0.9099	0.2102	0.4215		73620	63890	103046	83481	81550	81293	55490	65704	69651	68169		1486358	1227126	1677856	1405171	1403007	1265321	1116155	1166278	1237076	1322742	
0.9938	0.6254	0.9747		78105	77143	91971	77151	80978	79138	112047	96023	100848	81253		1459735	1453001	1366383	1198399	1116450	1297428	1370653	1528924	1433164	1303302	
0.501	0.9748	0.9803		98962	94571	79433	79572	79541	79752	90337	90824	74811	74094		1376434	1522117	1414346	1583454	1526549	1570658	1365604	1305654	1372125	1396547	
0.2768	0.6815	0.9419		70928	85672	92980	95559	63825	64224	95229	63300	78677	63556		1227307	1319760	1527201	1644895	1106006	1116488	1306427	1239888	1482552	1476963	
0.5822	0.487	0.2003		93799	61586	58472	55109	85164	57186	57735	57670	53094	70134		1715038	1503045	1314735	1220124	1477424	1478927	1412767	1409250	1392295	1311905	
0.6331	0.2983	0.8808		134597	65537	64033	70127	66910	68047	63253	67088	63125	78293		1415703	1256075	1309217	1405501	1159597	1166119	1156841	1177764	1170624	1254221	
0.5153	0.342	0.5693		62048	57334	66229	57020	95605	56418	58281	71179	60183	60639		1305278	1308319	1204124	1220554	1428614	1085487	1289667	1252186	1156558	1172628	
0.0804	0.2299	0.2823		77605	69485	44335	60408	36595	37100	44798	47614	53037	57294		1776255	1669853	1249680	1566082	1074627	1037693	1084564	1112920	1198021	1321511	
0.1331	0.6628	0.6191		45852	55374	58118	58591	56100	59807	50468	54991	62987	54405		996571	1159050	1276588	1030673	1182910	1176124	1121470	1137198	1269749	1183818	
0.6091	0.4993	0.4873		72479	62185	80347	66460	63476	69693	98131	63021	69961	66861		1411603	1279848	1499355	1106580	1332734	1209893	1608665	1459689	1245332	1314496	
0.1451	0.4432	0.347		62028	53667	59876	61365	40702	61990	79743	48609	48832	50541		1325289	1295233	1385607	1352859	1134878	1166395	1577236	1285682	1233241	1365741	
0.8619	0.7598	0.3073		77427	109579	79280	105393	69733	77662	71945	61795	77051	70160		1260012	1525167	1547107	1436818	1598118	1470742	1329927	1336859	1490996	1605633	
0.3335	0.7921	0.6159		53844	75906	97845	69187	66724	68614	61443	71309	66049	62002		1345480	1579279	1653705	1631610	1233058	1139154	1262880	1266740	1379317	1396661	
0.6511	0.1856	0.8722		77725	68822	69649	61173	60785	50979	66765	62658	60383	69899		1364789	1176021	1247426	1340517	1131103	1288583	1467633	1180220	1180563	1303743	
0.6342	0.9637	0.2511		72638	103895	66921	65823	68299	74331	97717	68808	73526	77373		1220941	1346826	1288190	1261344	1293383	1424338	1468393	1539970	1440184	1275922	
0.8265	0.497	0.2242		60330	60300	78512	74389	88335	63236	64564	55828	74698	54107		1396176	1209081	1412540	1162955	1573598	1195453	1194587	1281120	1096920	1302523	
0.1001	0.5814	0.1611		51703	45962	47457	67126	46328	47023	55760	43987	79034	48262		1506023	1328765	1195504	1227239	1150461	1309947	1212126	1250172	1523598	1564798	
0.216	0.6449	0.1547		41152	53688	49486	49961	62457	52612	62476	49427	48419	47867		1254848	1448963	1185476	1388270	1584810	1278782	1393357	1288350	1234475	1278896	
0.8108	0.1785	0.6514		64238	64771	64697	62908	65674	66439	63767	83063	65091	65137		1575621	1295997	1423957	1176185	1387980	1644609	1246336	1177600	1584709	1393435	
0.3587	0.6101	0.1		75498	51469	50672	58447	53295	52127	51642	51597	83596	47660		1288647	1285790	1150924	1121814	1142278	1286655	1308214	1199731	1504915	1477510	
0.6924	0.7926	0.1797		76551	61946	100519	95369	67487	69517	77676	62494	60842	66489		1271489	1352114	1506825	1561989	1598216	1389407	1291579	1480950	1254563	1543461	
0.1247	0.5603	0.0989		47985	53921	46690	57065	57013	43713	78781	54546	41799	51077		1314885	1472499	1519424	1601723	1134825	1198696	1640995	1357404	1362607	1211397	
0.3452	0.4625	0.6174		58369	60126	76769	50801	58377	57695	55136	79243	56146	57448		1473953	1405063	1728958	1451669	1186896	1382552	1386780	1429368	1143108	1168655	
0.4575	0.9739	0.3067		98585	62495	83077	100755	100352	54577	74025	105035	64479	87013		1455432	1297165	1362958	1574658	1594264	1041256	1094946	1566617	1352367	1372258	
0.4691	0.6391	0.5872		97651	77965	53205	64390	53569	64063	63791	65641	64189	62307		1171913	1383383	1112029	1412138	1150666	1166087	1413881	1361857	1339063	1175846	
0.5929	0.6444	0.8006		73582	67936	79699	68955	87810	67422	71219	104273	79091	76527		1581924	1302600	1263758	1240909	1440689	1306518	1425502	1591028	1403501	1259344	
0.4327	0.3974	0.6176		91058	57589	70854	58156	80512	114883	52548	71963	71118	59215		1152335	1187769	1333078	1224583	1271712	1290331	1074535	1123772	1594685	1306651	
0.1565	0.6149	0.6943		70074	63303	58327	53679	64136	94569	56773	68795	55393	81857		1680697	1247326	1335284	1422441	1314192	1258744	1262470	1250417	1260070	1305909	
0.6874	0.5202	0.2918		70919	65692	75496	68724	52052	52598	71658	54312	76925	81381		1475493	1601871	1245592	1357606	1128899	1210844	1332422	1626764	1468193	1115896	
0.8763	0.0938	0.9334		67158	67546	68421	63188	63489	64858	75709	66542	87969	90878		1241803	1402009	1237677	1294334	1297444	1253384	1396612	1192087	1381170	1360209	
0.4502	0.3263	0.3275		78935	58119	91048	58294	56826	47189	67069	57480	71407	52626		1285238	1369358	1463562	1605722	1294891	1128131	1243821	1244821	1278961	1215632	
0.8037	0.2442	0.5483		60060	67807	61955	79108	51244	64653	61682	82001	60559	73651		1580227	1146433	1096059	1446693	1130993	1460178	1226360	1420415	1239427	1250789	
0.1652	0.9199	0.4073		76114	65529	69984	61618	60456	59681	69065	70257	58270	59529		1154402	1439999	1458383	1583738	1417137	1558018	1336021	1184600	1534236	1320742	
0.2407	0.8782	0.837		88043	57406	64637	65223	99142	109335	67385	67304	64983	90149		1407578	1267246	1418572	1266129	1558906	1309797	1253370	1186414	1253342	1677027	
0.5511	0.3122	0.8666		85985	59494	58468	60855	98606	85051	72582	59283	99610	77157		1770330	1270885	1193813	1222921	1454962	1818170	1352564	1243975	1200625	1611483	
0.4903	0.1322	0.9018		67372	74998	57937	54841	64127	69090	58934	58220	63005	70379		1252649	1485635	1439286	1579632	1584624	1456905	1175059	1323640	1322114	1444444	
0.957	0.9094	0.8032		77949	112472	79260	83067	92637	98675	92448	80653	92763	84217		1648430	1292870	1282624	1201546	1551035	1310112	1235844	1107997	1159606	1260590	
0.3897	0.2953	0.5107		64889	53083	57956	58980	66610	57137	84412	53511	65995	55521		1430762	1308828	1608608	1407051	1429812	1243635	1596283	1218020	1505929	1362134	
0.8514	0.5484	0.9735		212215	99343	86404	79003	76560	120003	86882	85515	66050	80103		1612274	1874673	1320440	1394417	1325713	1669132	1807349	1742549	1182668	1278687	
0.6092	0.8126	0.1013		61168	61512	80061	72042	78847	79464	62616	77060	69202	59378		1359516	1191848	1292027	1310179	1370506	1501427	1391401	1536007	1305267	1371143	
0.5903	0.9617	0.4623		69214	76294	69681	67700	67385	69013	69514	67516	109720	83988		1292908	1575240	1309943	1478753	1277256	1321624	1316251	1208276	1805708	1533621	
0.1828	0.8711	0.3445		59952	54738	56119	48606	54510	72049	60521	54872	61965	56442		1449382	1492927	1458735	1465418	1285453	1334659	1489999	1393960	1605037	1212277	
0.631	0.7002	0.6926		107435	69289	95379	103021	74465	76490	76689	65085	75410	65189		1386670	1458617	1553292	1449435	1467212	1616811	1534088	1493905	1335070	1103718	
0.3686	0.2234	0.3944		49398	50227	51154	51604	49788	58847	55968	61869	53127	52834		1140414	1230515	1132666	1119116	1251687	1129070	1221575	1168337	1142445	1080226	
0.6131	0.3573	0.2403		83988	84759	62717	55813	55689	56299	56371	57400	63137	57875		1399626	1312942	1528928	1290675	1189245	1124628	1131345	1280368	1347853	1262452	
0.7015	0.7122	0.5631		122544	66754	78029	68306	74129	77328	67878	73043	79184	72287		1222268	1475197	1363688	1193788	1229402	1213931	1262555	1215551	1427244	1495163	
0.4933	0.3661	0.3474		66918	56270	76449	65691	79754	46556	54829	57709	66849	56994		1448049	1307745	1679365	1230786	1556549	1481540	1344126	1426739	1273383	1595156	
0.5216	0.3372	0.522		70239	69985	65140	63893	68783	62829	58571	65938	81744	58922		1234954	1272987	1503525	1181398	1174656	1221612	1268303	1527677	1266282	1377384	
0.6115	0.8036	0.378		92145	98126	76415	70641	73296	83584	66252	52809	65949	72007		1239219	1264161	1318419	1433957	1448765	1186298	1247222	1112485	1265895	1207152	
0.3533	0.8729	0.1947		66150	62213	67639	60399	67697	96637	65520	72007	82261	50623		1173442	1415233	1250735	1157306	1272310	1344864	1658106	1404320	1352169	1350271	
0.153	0.6127	0.2827		49727	54572	49145	54583	58747	50539	50559	58280	58022	60897		1157062	1366855	1354457	1411183	1508702	1368903	1219411	1465253	1148782	1282010	
0.4716	0.2175	0.1695		51793	71815	69081	76158	79459	74516	64719	67744	64949	59716		1408061	1826791	1477213	1392431	1346836	1449585	1618149	1318561	1418492	1222662	
0.6199	0.9594	0.8353		75373	81919	114704	91461	108123	80804	74206	73976	86573	74052		1394736	1237074	1587522	1734721	1636182	1527253	1236005	1516091	1579956	1343565	
0.1845	0.4123	0.2726		123967	51562	63596	75681	63759	116373	77446	64694	85328	43588		1391715	1771280	1375177	1409183	1581238	1448779	1355160	1250451	1377349	1193127	
0.8729	0.3702	0.5211		68001	67039	67487	78449	66584	55365	81781	76313	71391	69662		1381610	1301371	1526207	1455138	1350085	1285931	1202368	1768106	1697607	1340800	
0.7463	0.4621	0.4267		85934	79525	84227	67999	58356	54807	73876	69464	64797	65291		1492226	1325519	1231110	987410	1086476	1035966	1364372	1275121	1497048	1332267	
0.1929	0.1181	0.2291		48249	56528	50899	46855	44411	37525	36116	51845	64002	53493		1499106	1269565	1315868	1393487	1340650	1140425	1027924	1100651	1336016	1069558	
0.8041	0.4504	0.7375		110700	65546	102853	73494	66323	58103	72899	76840	68501	65726		1425845	1548078	1676701	1334544	1338954	1105040	1351831	1498827	1210100	1188512	
0.9236	0.147	0.5518		66415	64039	70917	76016	100473	71817	69571	84161	60869	79752		1444987	1324295	1344189	1330180	1459495	1271689	1653562	1754792	1394965	1424560	
0.2727	0.2201	0.4411		52276	51659	76953	93917	82246	57781	48008	53964	52892	64945		1196736	1476617	1218817	1534483	1320714	1267575	1220449	1398744	1216517	1503405	
0.4134	0.8593	0.1955		70318	67028	96337	86700	56477	51645	60220	77187	61185	65151		1226884	1244494	1347617	1308349	1175469	1126367	1148159	1357471	1278564	1581433	
0.0797	0.1613	0.3645		47417	42359	53167	49707	77703	53017	36488	47399	50933	56622		1411418	1491860	1366464	1270865	1396496	1364247	1061022	1250593	1076623	1087518	
0.6832	0.7736	0.7649		79327	85040	73987	72630	73446	71289	61683	61579	78915	71346		1635867	1571120	1489924	1322136	1265836	1255679	1220786	973743	1158310	1335541	
0.9869	0.8088	0.9921		92466	88199	95604	89114	86973	79577	79890	80871	138052	96780		1120711	1231394	1332683	1262432	1453562	1129005	1138816	1273200	1395187	1555154	
0.0659	0.6503	0.3973		51306	40229	40818	64058	59641	85084	51565	51135	83410	51218		1250574	1145393	1159600	1121741	1340345	1408334	1265770	1148091	1320711	1541039	
0.5305	0.8192	0.8697		121189	72301	78412	99313	79825	78074	79023	78932	74159	87814		1223755	1266894	1283343	1242043	1195789	1158915	1214433	1268666	1343831	1545039	
0.6761	0.1408	0.2805		62369	53239	53809	77392	72425	65781	84899	69386	83639	40117		1540328	1427032	1261481	1523743	1495298	1434026	1322419	1545157	1539016	1403679	
0.6555	0.5495	0.3055		92498	73438	77609	64225	105528	63504	74413	50318	52513	94293		1779742	1260367	1311892	1237024	1618508	1619962	1156808	1017133	1011503	1185152	
0.7947	0.5869	0.2084		96916	90543	71815	90997	70044	85664	75388	90022	72285	134898		1471042	1589707	1301687	1523083	1416726	1487898	1394388	1413840	1517660	1431559	
0.873	0.6594	0.6238		88344	95868	76433	85342	95029	76128	76891	88785	116141	75321		1146483	1270837	1246063	1331599	1305147	1217472	1379371	1456448	1572722	1475261	
0.7414	0.7597	0.1644		67262	70634	89159	57524	59873	52042	50657	67733	54533	67974		1540417	1445151	1661688	1134420	1031472	1151916	976792	1203768	1315698	1041519	
0.7382	0.8037	0.4364		67076	69388	87157	74709	65868	65811	64129	103001	86122	138227		1495885	1197321	1514107	1279833	1493916	1190324	1214552	1370926	1273293	1794304	
0.5607	0.5423	0.9402		84471	84041	84838	85032	63849	69510	70464	77037	85454	93309		1466395	1746303	1454546	1588383	1387105	1134062	1151671	1359916	1490191	1240256	
0.819	0.237	0.3158		64757	72468	61457	61358	60741	63626	77667	75192	50938	63519		1452651	1222713	1354683	1371453	1411405	1382772	1572628	1431460	1294573	1142644	
0.1896	0.382	0.5559		61965	60301	55785	50142	60328	52917	61667	54866	54146	52979		1109326	1369297	1365555	1427664	1268734	1154093	1121496	1190792	1512522	1420480	
0.0839	0.7438	0.4545		52558	55488	50713	43288	72395	43282	52595	53183	66476	75681		1035496	1140985	997349	1107297	1106555	1069864	1166257	1435711	1082491	1341431	
0.2415	0.7709	0.9246		58263	75343	66202	99217	69009	62880	62270	58617	55092	75142		1298568	1393983	1263476	1677272	1424841	1478294	1175431	1045131	1077372	1202465	
0.4591	0.6238	0.1852		56929	56419	66399	52712	71150	71670	76283	73522	64283	64305		1138952	1261117	1183152	1059749	1127987	1413501	1424400	1589222	1269993	1362224	
0.4515	0.2714	0.7135		79569	62165	62970	68369	61656	50543	66705	88472	58920	80726		1308466	1495036	1476231	1192164	1476168	1165050	1430202	1249922	1299424	1477243	
0.4675	0.8819	0.6792		68919	79181	75508	66730	74202	80340	68272	68459	67207	56567		1126138	1422213	1359015	1368269	1227202	1372893	1322298	1241566	1310132	1241312	
0.1889	0.6206	0.9981		72057	102856	61243	80386	57780	74322	54009	71246	75893	73080		1344010	1365175	1360294	1166544	1043539	1574463	1065483	1149550	1316892	1575807	
0.4574	0.4048	0.6244		59487	67260	97355	55921	59333	67756	62685	93401	60781	70256		1460906	1406175	1376272	1515091	1281077	1255202	1346275	1664793	1472276	1352476	
0.0816	0.4471	0.6243		52226	79286	51373	53978	66292	63920	61597	58687	84610	56801		1323837	1474250	1285293	1348817	1552670	1329562	1330044	1258227	1382966	1240755	
0.2501	0.4716	0.6805		50417	97249	57431	56300	95437	60530	64356	71428	58715	57239		1128017	1288751	1406702	1154439	1313488	1419083	1114802	1320223	1281101	1158133	
0.2979	0.6514	0.5213		66825	96157	98291	66353	50359	54104	56797	57120	56622	76191		1242134	1503154	1616855	1336175	1165572	1266861	1179193	1230114	1121597	1277631	
0.5882	0.6208	0.7238		64822	87950	57380	59878	85894	69481	66900	65090	66875	76379		1497459	1449752	1327817	1085390	1256083	1243015	1293340	1334409	1400547	1317193	
0.2909	0.1976	0.8724		153449	53535	56167	69173	64095	70892	47341	60829	54718	80227		1336235	1187067	1575635	1254271	1513415	1642580	1297886	1378034	1500470	1474964	
0.707	0.2558	0.5724		69410	61506	54541	59295	60088	59352	49412	52972	57470	61595		1522415	1409096	1477271	1195766	1192823	1115414	1104126	1157698	1335313	1216950	
0.1446	0.7921	0.4709		62187	62283	54280	60068	68066	56301	85791	40111	40701	84900		1475466	1239003	1577197	1374319	1420182	1435137	1616927	877745	852322	1249560	
0.783	0.1214	0.9075		70521	78395	73284	73423	64916	81354	69484	86965	61749	75513		1309367	1194735	1304555	1277690	1268819	1277542	1287816	1409848	1336330	1412370	
0.0585	0.5011	0.9771		54788	58286	82985	103428	116617	79766	91380	70035	57922	71625		1499648	1260442	1669052	1647271	1832998	1668772	1374927	1375064	1302358	1447275	
0.3994	0.0919	0.9148		63938	63378	71728	69016	64609	75822	58696	89645	73159	57650		1089638	1296099	1415694	1598431	1343768	1298535	1512176	1322060	1348289	1518486	
0.6873	0.4622	0.3294		79223	67168	66251	71376	62302	52713	80842	65837	51943	49758		1412045	1299799	1393961	1388351	1340015	1313982	1251770	1236111	1028223	1003039	
0.6086	0.6217	0.7087		112344	64871	74282	73389	64488	74263	91824	74671	83340	75315		1430318	1435545	1405723	1400584	1405162	1237751	1371679	1480735	1382504	1285629	
0.2183	0.693	0.4856		93590	60963	60255	60153	69115	56035	70124	76710	80055	58746		1548844	1433033	1275734	1397852	1443420	1291030	1343375	1398294	1592764	1225337	
0.4983	0.8736	0.7701		69199	74629	65266	71769	104579	91612	68444	67911	66189	69179		1242774	1611550	1234116	1257135	1686934	1543343	1379276	1589631	1333475	1372151	
0.6328	0.8202	0.6138		102602	103888	94164	80487	82580	63781	83499	60256	68134	90714		1524617	1452859	1274136	1241386	1320304	1345566	1412236	1074647	1189580	1203346	
0.1548	0.1678	0.9257		86963	61012	56536	65244	58328	74816	57864	59085	47931	60090		1519443	1543857	1464263	1267941	1378876	1182323	1226301	1569661	1208191	1274704	
0.5101	0.6287	0.5558		74780	66708	94482	100760	64343	65043	67699	67481	56276	69704		1427032	1459510	1521976	1567874	1641623	1531474	1219996	1190990	1061418	1228329	
0.749	0.7504	0.5689		71088	85201	60900	71132	125327	72006	74714	71285	61617	83729		1293275	1375761	1199496	1182976	1453922	1257959	1470942	1245962	1160747	1434266	
0.1792	0.8564	0.5764		59533	58631	71867	59872	74088	61237	65572	70582	55577	65211		1322297	1380839	1498854	1599594	1661971	1273672	1158887	1341464	1315952	1216897	
0.5001	0.0873	0.2829		94189	81938	53764	105481	60102	51738	54493	63917	54181	43945		1636470	1695519	1269138	1368224	1509178	1160797	1552708	1347953	1582368	1152185	
0.8375	0.282	0.3984		51698	68272	53963	92765	53780	73720	82532	92701	60176	64575		1082177	1420014	1194995	1220471	1192055	1236430	1532485	1716097	1504346	1382830	
0.5011	0.2598	0.2329		61015	78183	54869	64424	64606	56863	61471	54179	98676	56697		1309992	1316555	1460037	1369590	1275282	1244402	1624979	1422984	1673954	1557512	
0.1521	0.1832	0.7319		49906	43292	66646	52876	58409	50753	47189	64635	50489	62400		1432616	1168691	1319761	1300118	1300413	1565092	1233829	1409692	1342113	1401458	
0.7331	0.3039	0.9058		64937	56314	71295	104767	68392	83094	94841	71106	83345	69497		1179307	1327168	1221011	1163912	1538673	1357698	1437778	1207130	1121977	1262331	
0.7174	0.7457	0.5582		84425	69788	81563	57210	64158	73829	56221	68270	105994	66952		1531203	1266212	1434285	1101441	1079976	1321540	1121700	1305631	1458821	1439973	
0.8646	0.6918	0.2267		75579	76278	64532	64217	74617	71119	71648	63045	89274	70979		1364244	1613424	1296623	1291649	1347619	1400100	1292142	1251572	1114070	1237691	
0.5826	0.2828	0.0603		71689	68412	67861	87685	63624	56642	61793	51474	51292	85612		1474327	1333485	1385593	1190454	1393529	1233515	1540381	1516491	1383076	1614370	
0.9845	0.3946	0.1253		113136	73113	64337	71213	55865	70425	53090	71336	61972	63972		1533010	1210970	1157170	1300384	1195743	1198380	1083915	1363802	1404218	1149891	
0.3899	0.2167	0.5508		48753	56959	47042	57776	63830	58919	58157	46469	56352	62281		1211067	1375173	1263386	1471939	1515417	1352143	1239035	1046353	1171553	1122493	
0.7728	0.1841	0.1231		68512	43895	62500	88443	54019	56533	88634	44191	54753	63689		1571945	1141685	1173184	1558603	1591905	1387207	1320575	1168680	1136947	1306582	
0.7888	0.4592	0.9191		60464	92185	62016	88162	71111	70454	67978	61728	64862	129545		1411132	1284827	1287159	1097854	1179802	1370472	1230439	1169739	1127090	1393440	
0.1174	0.3768	0.8511		79611	47971	58040	72612	97567	60081	48570	61701	67457	57305		1421923	1430622	1073184	1532642	1523026	1331930	1039945	1127924	1127744	1282170	
0.6311	0.6947	0.3985		61629	100284	71572	64886	52543	64662	63196	70499	64415	62855		1404557	1398460	1396458	1342969	1188139	1486533	1431298	1433131	1477906	1534608	
0.2461	0.0875	0.4608		68947	49163	51494	59514	52692	49229	48656	39044	46692	54440		1443253	1495575	1203633	1326740	1444420	1150668	1313329	1045531	1346634	1143516	
0.6807	0.6623	0.4315		53075	58629	103976	67010	65202	131943	74099	67578	83514	84739		1221981	1401782	1278523	1652469	1365378	1482401	1661267	1288970	1540165	1412201	
0.149	0.8839	0.272		80175	52850	58002	57594	49050	57755	60648	57238	75338	66626		1501306	1241142	1134990	1415195	1121626	1275619	1413620	1189104	1328343	1320216	
0.7322	0.6559	0.7748		71819	96012	76649	82949	70768	71819	65415	81150	84215	84631		1250706	1574668	1335320	1239510	1208796	1079004	1127704	1495060	1205878	1612906	
0.8141	0.2908	0.6437		75236	75275	73286	105664	66413	69746	59596	61532	64029	65138		1445122	1252467	1289664	1480215	1691690	1442142	1477471	1132094	1326436	1221752	
0.1396	0.744	0.176		55128	71258	59188	52382	52757	49182	64513	79082	58738	56062		1394486	1266257	1315662	1319004	1228992	1391337	1390706	1403961	1276793	1362491	
0.4456	0.6244	0.5768		71788	71082	65319	75595	73503	67892	65723	69063	85275	65506		1623238	1291067	1362185	1494909	1525180	1564601	1448638	1180391	1587014	1417359	
0.9252	0.2212	0.9038		74596	66371	86170	67609	59094	56365	70339	66932	79315	67536		1520566	1209216	1258645	1477217	1216721	1354789	1186325	1383851	1375131	1245732	
0.6569	0.1974	0.4131		66378	55326	57589	56983	56040	56060	95089	65049	59080	58191		1590249	1270165	1400502	1338665	1000969	1088072	1465370	1304980	1257423	1146633	
0.8436	0.1726	0.2195		88604	56459	56202	63122	82314	67572	109313	60946	59248	81044		1664299	1245333	1334126	1516867	1514715	1399773	1312703	1461177	1513220	1285424	
0.5969	0.3225	0.2225		65816	96140	60047	60944	69707	58335	58982	48164	58651	82338		1202025	1743508	1609774	1491120	1235963	1057010	1125889	1388146	1178989	1539837	
0.5318	0.9967	0.0762		137015	99046	77214	94708	64001	57161	50408	75258	66662	93667		1346406	1325066	1426200	1315096	1360351	1241444	1048410	1077238	1223851	1287700	
0.9524	0.698	0.9733		103977	81520	93433	79843	68522	111560	111400	106300	83769	93638		1565927	1387980	1222304	1258447	1264252	1173571	1311605	1169983	1511425	1370874	
0.5805	0.3552	0.9129		77269	64451	63177	66326	66769	84345	76216	75712	64102	64870		1503470	1523875	1293930	1469797	1517542	1535975	1387322	1304441	1475239	1358991	
0.217	0.4439	0.2349		46149	78957	63862	63308	52535	43403	55630	50427	44491	69943		1433936	1241767	1625489	1303992	1344476	1091539	1144346	1195887	1462824	978752	
0.7951	0.8127	0.5903		63126	84658	75745	74043	77213	82394	85824	68902	95555	74942		1222828	1243744	1319157	1605935	1555901	1485958	1223869	1255352	1259930	1584690	
0.4726	0.2905	0.5974		68864	82676	65568	58460	57975	56084	57849	58097	47788	48215		1369801	1634979	1520896	1324658	1165024	1194532	1242674	1383507	1168781	1032831	
0.6426	0.9849	0.276		136179	74093	68557	96585	72942	99838	72399	65815	66250	67826		1399305	1313023	1473625	1419783	1391756	1388234	1241793	1100031	1117105	1276979	
0.9812	0.4482	0.9324		132989	88523	78862	89535	68311	104826	75797	68387	107929	78822		1303756	1524088	1433750	1418109	1437975	1209863	1208213	1615433	1437419	1583256	
0.7999	0.6615	0.5244		77819	76235	104696	68383	74458	124650	107107	68305	67685	66076		1478506	1611221	1663013	1325482	1231319	1200860	1320151	1424744	1350087	1176272	
0.5436	0.5016	0.5608		67643	67533	67598	69749	59285	85876	71247	82097	99362	66198		1273627	1247807	1268328	1162716	1184397	1193018	1248251	1335794	1287273	1470550	
0.8758	0.0965	0.0763		60519	59645	55547	85481	89804	53849	61003	54580	80049	51408		1358085	1324351	1249092	1506014	1732433	1416240	1365501	1213556	1412804	1225642	
0.5699	0.1317	0.6027		68529	59320	60131	69983	72032	59029	58762	59496	54747	57453		1069401	1467431	1611706	1561291	1564840	1265413	1352472	1274632	1193739	1196231	
0.9617	0.6764	0.757		123113	78898	71799	88327	79003	111441	79299	79327	75874	79493		1385137	1528545	1248037	1262655	1524777	1465569	1597285	1576302	1478352	1602509	
0.7689	0.4922	0.9487		168393	79242	116650	71964	73334	73709	97560	92438	75768	71929		1489677	1497497	1404194	1280797	1552572	1272520	1399063	1548182	1389712	1296092	
0.5368	0.7355	0.3002		69624	69481	54915	68044	68072	72431	59502	61959	73999	53227		1556442	1275055	1155249	1129271	1202218	1194901	1112413	1043311	1259824	1062451	
0.8028	0.6752	0.2461		100524	70760	80093	87977	70004	73288	69044	65137	68403	67669		1279067	1352044	1281123	1323251	1320644	1140224	1185088	1402718	1147916	1203802	
0.4372	0.1875	0.9945		97858	68410	61173	61288	103878	66785	77505	79352	76469	63855		1392660	1541946	1149297	1653134	1264659	1475715	1342787	1413151	1307007	1286052	
0.1605	0.1372	0.7475		84222	54977	82458	56575	57697	52816	52635	53867	53396	54751		1281177	1575293	1592812	1302187	1472092	1495496	1361764	1443358	1344419	1294674	
0.9736	0.4577	0.1431		95745	115327	101525	78724	75260	107034	100080	77400	130434	57145		1577240	1681666	1777887	1465722	1391584	2123741	1804683	1332900	1290884	1216920	
0.2721	0.1658	0.3071		51848	50788	48271	57860	63028	52833	50812	47858	47815	47175		1167713	1234396	1073208	1399934	1354797	1484687	1242206	1535358	1256426	1083886	
0.4285	0.1466	0.0941		47738	68773	44579	55888	55229	47499	80593	49531	47507	52162		1206588	1499616	1688419	1265720	1378868	1352223	1295096	1233375	1413657	1583091	
0.4096	0.7583	0.7345		80575	89537	71470	68156	75426	55982	72651	75860	79535	87557		1472420	1456633	1401686	1134484	1353862	1398705	1123299	1318473	1451329	1476749	
0.8278	0.35	0.5465		173458	74594	63736	68158	66655	71684	85040	64856	64492	62396		1493542	1290779	1334910	1356872	1438012	1319648	1535446	1295381	1208600	1156876	
0.7045	0.1144	0.9896		68802	69367	60585	59145	71968	59729	67816	61055	69041	67888		1275956	1684133	1612883	1270980	1178455	1191275	1190927	1221781	1265591	1244931	
0.421	0.3702	0.351		62124	72728	80201	68196	56525	56115	53269	91808	58908	55370		1172071	1394862	1103494	1258107	1424086	1260974	1216995	1262713	1473582	1421649	
0.2084	0.8954	0.2445		65967	58649	58967	59469	68505	57854	59104	64613	58460	60485		1537018	1606509	1344853	1181874	1391519	1573047	1351979	1641589	1333498	1218923	
0.7452	0.3032	0.7449		78358	66560	66423	70755	62805	60625	60351	71903	63416	95587		1474842	1467066	1224051	1130328	1187999	1114865	1343354	1430963	1260648	1304692	
0.1327	0.6928	0.2473		60519	50522	69592	60716	51706	57912	52437	51280	50299	42919		1138244	1174987	1390096	1157400	1358632	1436241	1374279	1244206	1187492	1144698	
0.1602	0.531	0.2706		49474	50693	55490	54078	71196	49281	54626	62851	54852	51145		1226316	1404492	1520685	1274228	1459004	1242738	1280378	1236673	1311374	1432655	
0.2134	0.8998	0.0766		60865	55412	48584	57852	84265	81675	50270	56630	55511	62989		1308221	1574244	1635800	1398479	1632870	1481852	1560992	1625929	1477672	1277209	
0.2822	0.7086	0.2427		65956	66446	97683	57053	66752	67914	58811	59250	58418	50035		1450562	1302531	1596521	1245410	1259234	1349624	1393861	1428040	1253522	1366435	
0.3056	0.604	0.0699		33361	91431	52123	67919	66361	53768	54447	58700	51507	50820		1229443	1311934	1313053	1603656	1717187	1424359	1559481	1357889	1574969	1441836	
0.3154	0.9802	0.5439		63471	69799	66871	64853	66170	64872	100090	64800	63141	62021		1463971	1445883	1094162	1435513	1484350	1337303	1682884	1518709	1249737	1091987	
0.6571	0.5038	0.5875		64736	72978	66988	64562	64246	65398	65075	57206	83580	54921		1624066	1540152	1579848	1407205	1390294	1334478	1376821	1023823	1222842	1266602	
0.9158	0.7337	0.1837		71682	64981	65288	73428	83903	72099	66363	75385	78388	75790		1361695	1279071	1234352	1126497	1268807	1374017	1192113	1299337	1530012	1335220	
0.6743	0.9422	0.9934		93077	100580	81101	97795	101237	82290	96173	80899	68222	88353		904910	1235340	1334265	1244411	1471021	1361581	1378140	1170148	1461441	1157400	
0.605	0.7153	0.3737		80667	66237	107959	70363	87142	63436	103940	61654	63744	66304		1021602	1324198	1426441	1545083	1345104	1169722	1533899	1320995	1483483	1240501	
0.7781	0.7816	0.7735		79386	81178	74690	93249	84372	70401	72602	88405	81544	76146		1306897	1448819	1368160	1337983	1275829	1195519	1203712	1543001	1584487	1544606	
0.6923	0.7895	0.7084		89960	68975	84857	83728	81636	81559	73472	79580	70831	69112		1426924	1335470	1282276	1632234	1407390	1464063	1456209	1421896	1399228	1437874	
0.8517	0.9786	0.7739		83911	172356	104181	77158	80665	91264	81760	84982	95803	81032		1493211	1744521	1403208	1597414	1224195	1270606	1536093	1237930	1537824	1292330	
0.9525	0.7446	0.2256		76006	80994	73196	102983	81784	106707	81634	74001	71247	71386		1517677	1325357	1256475	1465591	1362040	1604249	1246050	1299618	1392564	1428669	
0.6122	0.7547	0.8055		71073	76579	68358	79825	77512	77005	67260	79371	79831	81651		1586652	1216558	1391187	1310590	1572527	1435365	1209987	1277697	1079755	1371785	
0.8631	0.2156	0.6217		73535	66995	70449	61290	96776	97070	86859	80254	88633	61356		1317328	1566831	1440706	1285498	1396090	1271878	1486568	1325103	1384336	1607144	
0.1621	0.709	0.6929		65075	92603	77174	48289	86816	69665	59427	53503	76705	79746		1538585	1344283	1302389	1209744	1607174	1203954	1172329	1196972	1302515	1346062	
0.9456	0.4401	0.5933		83469	75673	73131	87923	74140	73896	93375	82637	70771	76364		1138936	1193793	1234795	1343326	1056778	1282454	1413554	1200720	1132417	1235255	
0.1547	0.7816	0.4505		106519	60980	62243	57445	54981	54311	59444	75394	56400	54151		1369416	1339957	1150143	1489168	1303036	1210134	1180593	1596337	1430656	1200289	
0.2749	0.7262	0.4395		56243	91315	57125	64501	82375	57501	58616	56287	63607	56865		1131191	1323094	1324677	1352907	1139694	1477697	1214678	1560865	1415698	1165402	
0.6357	0.782	0.5201		55341	72969	67185	66006	63771	62182	67985	105644	68125	76595		1034635	1219497	1221383	1273113	1201300	1167177	1454762	1722442	1393516	1173925	
0.2793	0.5532	0.5257		81254	67527	70260	49590	49912	79483	58691	61490	65924	62463		1223587	1226871	1276686	1183522	1096785	1134303	1076472	1219753	1273515	1229189	
0.6625	0.8704	0.0865		114477	75178	80847	108510	86812	70619	53907	60660	62831	64457		1414110	1506769	1331300	1406187	1619713	1172165	1314623	1226984	1675960	1259028	
0.252	0.7714	0.4697		75281	92101	66010	59427	58769	61411	54223	67824	58773	60079		1558214	1615791	1155054	1491213	1542730	1447647	1129499	1190487	1396782	1340046	
0.7109	0.8393	0.1689		70869	68632	61381	60978	95926	62015	59953	60880	63586	61528		1399686	1209788	1126390	1125928	1355075	1358087	1267938	1231141	1290972	1422562	
0.4961	0.3865	0.4273		50503	46919	66399	56695	82779	68293	50238	79167	61441	59551		1346769	998334	1138368	1404173	1665706	1473348	1263265	1295967	1472214	1682381	
0.3618	0.5508	0.5253		56579	74654	82986	63027	67970	59312	85099	66669	106164	61319		1137850	1484489	1245930	1306943	1460104	1474906	1639441	1239086	1379257	1504774	
0.232	0.2975	0.1581		47513	47157	63676	47016	77950	52129	49386	48287	47885	47319		1524159	1355639	1191493	1529302	1408363	1212030	1330987	1307892	1422129	1260575	
0.2621	0.9105	0.0994		57860	42831	53073	62913	58985	87512	45699	52228	66517	60644		1511658	1344118	1421875	1476314	1518376	1544557	1306692	1167958	1221156	1513785	
0.097	0.8461	0.8145		81582	87355	52089	60847	81182	64220	63626	54393	63047	64941		1602848	1398507	1496397	1425507	1554454	1183319	1599832	1232813	1407492	1555600	
0.2207	0.3669	0.3515		56211	60676	66722	51202	45313	64471	49610	51093	56747	68087		1190416	1229615	1242065	1232595	1185005	1132786	1179368	1185202	1285036	1230257	
0.0758	0.0872	0.5911		45952	82565	73606	48719	52587	57150	85753	49506	49703	49024		1154747	1143451	1253770	1538643	1291327	1398804	1453214	1219716	1559495	1356130	
0.2874	0.3863	0.6038		56587	61032	64886	57654	68310	68894	77412	84128	58301	70184		1189268	1281233	1315989	1242300	1184541	1247302	1328805	1256218	1196771	1522052	
0.1332	0.699	0.9827		145193	60300	63846	67499	65354	72705	74403	65326	60946	76416		1448025	1299243	1213129	1218223	1248001	1413173	1194136	1220996	1266193	1366730	
0.2623	0.7019	0.394		72967	60921	99115	62390	66714	67591	68004	81418	60641	60829		1336714	1283485	1303844	1425012	1518387	1409757	1215709	1462744	1151608	1205082	
0.0799	0.7465	0.0559		55824	46627	58186	36614	45083	44076	45841	52244	46521	50124		1269769	1229795	1454007	1148133	1135007	1402118	1525767	1529742	1408587	1421989	
0.9224	0.5285	0.8204		63562	80362	84244	74224	75993	81532	92979	76221	77930	70491		999969	1286271	1213259	1475254	1156337	1379642	1314672	1271749	1224265	1331714	
0.9312	0.3622	0.9656		75660	90942	88845	92834	98368	80421	81107	77281	78865	72720		1499297	1418854	1493487	1404981	1434008	1435838	1476822	1360896	1107415	1589271	
0.9141	0.881	0.5025		75854	62871	80311	72161	97103	83724	115850	280340	86072	79771		1249075	1086674	1205682	1168091	1396832	1366563	1227163	1646477	2038869	1746368	
0.6289	0.217	0.9677		66477	63668	67227	67175	89512	63758	67949	76135	79278	63212		1294893	1276703	1501930	1235376	1402476	1217879	1460595	1457643	1660098	1158470	
0.5228	0.5303	0.1899		102216	55793	68505	52927	56852	54743	54835	58860	74430	56673		1269442	1457755	1480546	1143830	1124098	1275596	1027651	1365157	1475513	1141477	
0.7644	0.3992	0.5477		93255	57619	62184	88838	85901	94612	87895	109292	78249	54708		1312704	1149556	1243769	1376119	1703985	1392282	1318210	1453563	1498316	1333466	
0.564	0.6004	0.4543		71093	61550	57021	108507	75795	55432	60740	59014	55534	82992		1180824	1507554	1277093	1334636	1479447	1229642	1099217	1010505	942363	1231872	
0.3301	0.2425	0.1736		69986	60081	70958	66113	50928	51476	51749	43248	51014	52839		1445585	1439801	1240663	1395763	1488584	1455186	1317260	1361613	1242646	1174262	
0.8757	0.7496	0.7171		85127	88502	64856	94084	85050	65169	76265	64092	78502	85033		1215832	1355571	1227083	1308624	1219664	1092854	1186291	1048871	1239741	1639861	
0.7359	0.1949	0.4955		74776	82120	66256	62178	51873	61866	63399	73249	68812	82161		1567926	1532032	1323442	1246209	1276025	1138063	1588979	1402960	1321609	1435380	
0.6682	0.5615	0.1745		64726	71380	104359	61082	52670	64041	69783	69067	96846	71989		1560364	1259531	1305435	1428607	1185062	1155246	1248866	1451891	1391698	1347164	
0.5471	0.1569	0.2457		81208	51494	52703	64089	69828	72181	50427	89899	65506	57600		1345932	1351194	1189662	1297993	1439880	1397877	1278761	1348651	1378398	1337930	
0.4356	0.4711	0.523		63701	69226	65584	75286	61786	57909	71078	60094	59151	69296		1265566	1247596	1343457	1571296	1488113	1239467	1478716	1333202	1197639	1192401	
0.9008	0.1568	0.2323		97562	61714	71787	64108	72788	61301	78056	59660	66736	73003		1306949	1519985	1455527	1108759	1412786	1395717	1351579	1401681	1406662	1162418	
0.9132	0.6929	0.166		106311	58432	67733	79147	90389	64152	54429	54955	77758	69895		1628415	1520555	1036091	1157582	1301746	1147744	1187649	1016139	1015267	1194179	
0.7854	0.6797	0.562		72022	70387	69144	79345	70822	96150	77603	92682	85177	93354		1519046	1450502	1592417	1319722	1277860	1332519	1433732	1611868	1507677	1466925	
0.9248	0.4824	0.4737		76032	71608	80468	68236	71834	77184	72659	69820	81386	70229		1300778	1166255	1139395	1106798	1136641	1159603	1113955	998084	1228687	1440573	
0.9822	0.3203	0.2184		53375	52429	67210	55341	55762	77188	61467	61298	88216	67820		986823	1266028	1481662	1087812	1252016	1376377	1090856	1084594	1437751	1348380	
0.88	0.0574	0.6945		130903	108001	67867	79590	88340	84207	63430	56637	60305	71440		1277218	1663936	1393212	1391482	1182449	1409375	1217736	1247073	1269940	1351537	
0.4383	0.5367	0.1016		64616	59248	59387	51449	86667	61923	52277	52370	65921	56721		1513503	1208443	1230797	1194485	1296767	1643518	1316635	1254452	1490520	1347539	
0.5716	0.4293	0.8137		63471	65173	109830	70602	75312	66548	59536	77825	77841	82107		1307265	1165421	1585649	1215919	1333833	1244922	1278876	1522949	1333619	1294480	
0.9026	0.3362	0.7858		83456	111510	112725	82231	90592	76592	93276	59069	81331	115873		1267302	1361840	1524794	1425119	1259037	1212067	1334365	1163689	1203358	1348433	
0.2001	0.6244	0.7315		96349	69480	58959	66575	80268	69573	101650	69318	71419	67666		1327798	1481553	1283935	1171082	1440076	1262591	1544784	1507050	1243692	1258480	
0.5351	0.7658	0.3658		70090	68050	71427	72328	61214	69246	84092	72421	62725	65096		1252490	1304961	1494626	1233040	1479789	1290919	1210655	1376351	1328759	1451848	
0.1769	0.8466	0.3799		68405	56780	51152	52182	59370	73867	71700	64246	49721	68592		1218372	1221468	1131046	1112960	1183697	1342589	1424520	1230470	1258171	1458638	
0.7888	0.2956	0.906		69608	78697	68049	78435	68167	70055	66889	65541	81880	77169		1445964	1531532	1365741	1567041	1632970	1373293	1227431	1216564	1568806	1225942	
0.6594	0.4985	0.4262		62052	79573	62013	61642	92791	63397	86328	60895	61998	73467		1189380	1341030	1316510	1450779	1277556	1484207	1416882	1361339	1263304	1356687	
0.9759	0.5754	0.2659		74139	86191	75280	80064	78272	63655	70974	83999	67036	60183		1352129	1447525	1518295	1401031	1387603	1306954	1348836	1317928	1239748	1354244	
0.8653	0.192	0.9218		77945	66185	83347	75508	84033	67265	91237	74543	124217	91683		1390994	1547639	1563408	1398343	1675604	1293160	1344448	1558905	1701550	1755099	
0.0965	0.9395	0.0515		62502	60823	66056	41408	53678	49673	52980	56661	85252	59463		1625868	1651781	1590206	1267221	1123433	1394831	1326609	1430760	1528246	1675083	
0.1212	0.8947	0.6655		92246	63732	55498	66730	62942	69184	66610	57187	59277	58431		1704219	1306385	1169524	1217125	1303974	1388704	1449789	1450209	1306056	1220320	
0.9335	0.0983	0.8594		78456	56506	91901	53938	68636	62100	104669	62058	64746	54414		1397733	1402057	1478182	1183508	1031937	1109127	1467491	1145895	1128394	1101854	
0.4235	0.9971	0.8923		75595	75948	107426	89667	83434	81983	86699	71018	75916	103239		1184284	1499549	1262769	1276309	1355282	1254768	1336988	1090661	1645257	1511923	
0.1559	0.5555	0.9937		63034	64148	77624	67056	62084	85536	52690	67912	60240	79404		1409370	1380741	1665816	1469321	1290091	1774532	1281747	1203108	1311512	1603843	
0.0638	0.209	0.0597		40932	40414	44566	59507	42847	45294	55940	39587	45921	46414		1541810	1459252	1221572	1312992	1471085	1178029	1380677	1353638	1249899	1437922	
0.7416	0.1995	0.3805		114381	59568	63021	66737	69787	50268	54190	92738	61953	61344		1516694	1443088	1266608	1132223	1562856	1225274	1216727	1509400	1320635	1259785	
0.7906	0.7947	0.4112		65919	73026	80455	76618	80261	90606	66669	66414	111518	64535		1458494	1220523	1174007	1648293	1727875	1606884	1169255	1259984	1333440	1583058	
0.5458	0.1263	0.6189		56917	62490	55388	62658	70872	55997	55508	65336	57681	56757		1218969	1463353	1268388	1079629	1456014	1398144	1262686	1175466	1100746	1253055	
0.6249	0.424	0.3291		68320	59702	70141	62126	61376	96289	68396	60267	62922	63727		1309248	1442459	1444321	1151599	1178950	1277601	1209133	1225520	1449093	1227492	
0.8684	0.35	0.2284		61029	69014	66037	95513	73015	66723	59432	61151	58230	86263		1624008	1348064	1275421	1433122	1352533	1211155	1096639	1214685	1134164	1282830	
0.5034	0.099	0.7271		61305	59216	68284	60314	63028	65135	48699	58342	72960	58204		1384133	1398469	1569164	1409200	1449943	1191762	1181090	1460939	1280121	1383975	
0.4891	0.7975	0.6055		101755	88456	73421	77633	67343	68710	73595	67440	79410	95590		1714644	1265705	1422416	1253819	1320848	1197823	1367761	1466491	1442584	1384344	
0.5474	0.2727	0.4034		57702	77284	65837	60018	59872	61624	63233	55478	64483	70127		1306321	1149506	1263116	1456375	1321377	1309078	1220789	1345941	1184001	1185714	
0.8517	0.1477	0.8272		63878	73250	90027	104958	65943	63117	74578	79094	62084	61872		1288234	1417048	1309156	1538897	1439597	1241072	1434144	1319792	1429858	1371717	
0.5067	0.6903	0.6854		62870	64535	72560	64160	60351	64191	64161	72872	66935	94585		1169682	1284274	1278992	1315516	1373328	1229756	1463619	1569376	1280518	1461002	
0.7277	0.262	0.8113		80014	61768	63120	60802	70889	67988	53191	74540	88470	83458		1279177	1279280	1295409	1249654	1327594	1299835	1129011	1272087	1362006	1545770	
0.6242	0.0666	0.5336		56607	45816	73448	57653	58952	67468	61325	58782	76383	77469		1323656	1194916	1256940	1477492	1528562	1645239	1246713	1271785	1600845	1344129	
0.7321	0.1342	0.5815		62177	86163	76096	61949	61339	62534	68970	59736	40638	63738		1291741	1664690	1535746	1316502	1405184	1242242	1266143	1266368	1199891	1122590	
0.0786	0.1578	0.1519		66327	50690	41727	53977	41670	45386	80341	44761	49312	44374		1510343	1349909	1174048	1439868	1240220	1307526	1659306	1324513	1192995	1286715	
0.4052	0.0634	0.4975		52880	62402	48725	54076	64752	43487	57691	65920	75241	90424		1164146	1264825	1218082	1300541	1464018	1211697	1157861	1531526	1384547	1387343	
0.7675	0.0855	0.424		57197	61125	63953	53829	53251	71673	56167	70397	70261	53601		1580566	1335386	1481669	1490676	1371310	1285871	1196764	1523944	1481064	1260757	
0.2276	0.1687	0.5128		60834	44357	76557	57874	53716	81792	50456	59367	49248	49510		1488265	1334661	1407686	1277015	1417033	1594352	1287116	1384023	1395311	1214226	
0.9817	0.6177	0.8433		76271	88613	75565	76880	85031	62901	85240	64875	76767	81084		1289665	1102664	1147134	1007351	1318581	1165719	1201843	1167242	1243047	1178196	
0.5277	0.719	0.6494		102727	78315	68515	72456	68891	74621	73729	73098	70484	113541		1344256	1223464	1326351	1291058	1245082	1268422	1551364	1400496	1172074	1298645	
0.6396	0.9631	0.5097		76341	81823	74356	61814	82426	79202	120450	81428	79470	89643		1319753	1322083	1200019	1190417	1278178	1191322	1201110	1404489	1306139	1335786	
0.7282	0.965	0.9474		77122	76541	120194	85015	82009	128598	79858	90886	82174	80555		1367858	1407976	1326737	1436725	1204090	1407741	1523668	1216351	1380616	1107938	
0.4097	0.6617	0.8047		62783	67689	76360	75974	63190	80278	63939	75818	99562	75380		1432007	1271009	1332477	1567856	1261751	1178188	1228387	1263473	1384871	1173873	
0.6871	0.7737	0.8647		77558	109840	78699	86765	75460	80000	87278	81932	64969	82947		1614174	1419845	1684212	1699142	1369729	1341950	1299835	1255560	1126039	1227103	
0.9592	0.7073	0.4704		71564	82275	75536	83297	63630	95884	85115	73580	88361	61859		1154921	1452984	1655922	1627740	1297845	1307825	1337453	1182241	1349925	1206193	
0.7742	0.1305	0.4408		106261	64421	60942	56071	66606	59241	65323	60062	63642	66993		1199032	1101468	1340181	1342193	1385388	1208187	1317980	1384980	1410225	1346074	
0.2053	0.3272	0.5563		51373	76314	75055	53129	46056	67473	57837	58910	44538	54337		1529576	1406299	1379753	1216785	1323241	1404650	1264144	1261380	1079378	1201694	
0.8346	0.4763	0.0876		63154	59288	105617	66337	57578	65091	65402	48301	47637	96741		1462652	1282045	1472576	1166079	1162284	1376385	1198282	1038390	918529	1399201	
0.0976	0.2213	0.4535		87493	48053	68156	65151	61223	60356	52461	91073	70076	51609		1167807	1161363	1110730	1194403	1255026	1341565	1471569	1497218	1335913	1384224	
0.7615	0.1104	0.3348		65870	75426	58494	71373	58080	46869	47130	68478	45441	61067		1356712	1451871	1595586	1367404	1223328	1189732	1021755	1220013	1169244	1445061	
0.3113	0.7362	0.0836		69697	86383	42522	52778	72607	51379	52875	82191	56205	73729		1317339	1612558	1514345	1262100	1573785	1427775	1190636	1555829	1426666	1450035	
0.2296	0.1749	0.4279		94054	42534	60425	77027	76393	54597	62787	53778	53077	51866		1350167	1280234	1164734	1243199	1616687	1391025	1113431	1412544	1519880	1459120	
0.684	0.8445	0.597		86765	130177	86580	67583	70363	76308	65981	66888	90300	70868		1353961	1258151	1329310	1291534	1186469	1415814	1076226	1127847	1333428	1152171	
0.8261	0.4303	0.8165		63658	83948	100445	71805	70592	87206	105989	70533	83480	61308		1072980	1184703	1381575	1478454	1373530	1239945	1647188	1341713	1331641	1435256	
0.469	0.9524	0.9732		76015	78523	90099	76513	93190	82275	122321	78430	79840	66412		1336923	1565908	1352626	1642832	1269440	1425856	1296965	1123085	1328602	1157404	
0.0915	0.7383	0.8123		62029	60752	69711	56001	55022	57410	58813	57549	60112	61341		1424907	1629351	1341143	1154200	1342169	1220745	1349879	1302365	1575323	1388035	
0.2867	0.1628	0.3885		71158	89019	42461	52117	50777	51015	65650	53030	52995	49576		1705002	1182623	1133826	1332766	1214270	993990	1655036	1491643	1239685	1188486	
0.3072	0.9901	0.6895		73050	77625	80641	69511	72108	73021	78565	79480	63504	55179		1301239	1200159	1365214	1192913	1204074	1182318	1490230	1241801	1171453	1415802	
0.1748	0.0722	0.6807		53344	77199	45937	72131	74850	41163	71901	49460	88036	53126		1291458	1209159	1222204	1449333	1451839	1280889	1455959	1415299	1316640	1381711	
0.8797	0.5355	0.2662		71272	63757	53662	72345	74207	74209	62516	65078	62820	74957		1232446	1539037	1362970	1199417	1241891	1154807	1125947	1113924	1096280	1213217	
0.8328	0.4921	0.8095		69791	65190	76547	80457	69451	70766	116628	69781	72079	93373		1367794	1259346	1313797	1460086	1389649	1663787	1609174	1679155	1555196	1732477	
0.267	0.9337	0.1291		75169	62939	75484	66164	55569	58658	54475	46344	74923	66185		1146024	1503951	1573671	1406153	1291120	1269130	1347454	1042502	1674599	1567859	
0.6956	0.5439	0.8082		69674	110572	76640	66548	72601	60206	71537	78764	88932	83270		1407411	1397334	1353538	1231892	1355609	1350449	1218815	1396767	1637612	1641004	
0.3183	0.609	0.3112		79002	54820	56122	54967	59928	53124	63305	54407	53250	54586		1393855	1196453	1129336	1159257	1147582	1173911	1283060	1158910	1117837	1134724	
0.9976	0.174	0.1845		97048	68318	49006	61858	82344	61892	84581	59138	59334	63877		1428381	1626157	1425431	1471818	1392350	1298274	1323122	1322168	1345493	1270250	
0.3963	0.4176	0.7294		60828	63364	74794	73569	74411	57488	61223	71714	55030	58622		1237259	1340695	1248988	1307451	1322589	1440912	1177807	1345050	1251261	1205735	
0.6738	0.6316	0.251		61920	51691	62624	72823	65864	63637	76221	88235	68740	61922		1077330	961513	1481702	1339071	1297837	1480534	1195892	1263376	1392768	1292471	
0.8023	0.2825	0.6355		168029	87638	103751	69228	66992	60397	56705	63538	67198	69580		1257154	1587088	1263816	1490177	1366534	1389051	1147614	1151488	1289334	1495130	
0.9494	0.3286	0.2523		95989	80590	61387	55248	73259	68770	63383	70728	70448	53707		1682842	1359956	1355432	1176102	1233344	1308675	1152120	1358910	1488974	1136193	
0.9295	0.1084	0.2347		85458	133429	49693	52900	104589	61368	65965	68862	61412	74852		1242230	1070975	1537162	1235293	1315973	1595254	1439296	1417414	1579799	1436313	
0.3888	0.2668	0.1407		44684	51741	55506	52662	57652	60844	65826	50985	50812	60513		1180143	1261520	1320892	1202082	1255964	1250322	1236954	1245270	1154285	1244813	
0.5119	0.5429	0.7658		84207	79708	69919	75425	93261	69498	69250	68339	63827	54835		1440893	1372017	1682881	1374736	1278447	1357121	1306176	1604330	1402339	1093163	
0.9953	0.3506	0.8342		73206	68854	69834	69150	64805	64685	108612	71050	61085	94398		1456142	1226513	1531439	1250923	1285832	1298209	1675607	1710681	1143714	1287423	
0.221	0.7591	0.6501		88101	79235	76215	94197	95297	63976	61803	63434	51969	101899		1235364	1208653	1427873	1473816	1580565	1251983	1494573	1044736	1230179	1760968	
0.4665	0.3929	0.3568		87787	64311	57803	65404	64675	71867	83140	59839	58211	98852		1263402	1402944	1280436	1217736	1218921	1367839	1352013	1292572	1270493	1310176	
0.3859	0.1683	0.767		61095	68147	78908	73143	69033	140708	97874	93696	68467	58567		1456578	1621215	1615481	1466091	1356977	1562017	1391274	1345820	1317061	1231823	
0.4153	0.4912	0.3327		70708	78338	49602	50453	68155	59742	73750	71001	81726	71681		1361365	1434575	1147066	1379713	1269180	1416151	1570642	1316385	1388141	1328587	
0.1255	0.1379	0.298		62158	56952	48855	69163	41110	49748	60570	57498	68677	47904		1648734	1407390	1254168	1774193	1322886	1082613	1108361	1581124	1494420	1223778	
0.531	0.793	0.3291		92552	86739	76312	77440	86312	75305	93091	68489	58312	82629		1497176	1572650	1494327	1366709	1308000	1252844	1727823	1350289	1059883	1166788	
0.3332	0.1917	0.4818		78745	66344	68907	55789	58549	44555	55237	56920	104554	47242		1298198	1344001	1637850	1378740	1463556	1280592	1604312	1500399	1471946	1565764	
0.5012	0.5867	0.8132		64780	65254	71383	58267	53945	63928	115705	67751	75513	70389		1245102	1303522	1258004	1051658	1192284	1159594	1384794	1279747	1410543	1499886	
0.6933	0.5394	0.472		116827	69481	78945	66897	107211	92936	67987	69373	66977	55874		1482132	1514405	1250445	1331187	1159493	1375005	1345743	1127963	1264568	1163971	
0.1782	0.0514	0.2695		43939	45371	44312	55294	43905	43462	46772	43752	48120	69082		1157604	1239582	1090934	1288754	1305054	1393306	1327351	1273855	1247866	1393422	
0.449	0.9649	0.7657		92125	69583	91399	73327	77615	71065	85152	87206	87976	77761		1653604	1386754	1438971	1462948	1331775	1462188	1425836	1335999	1347282	1364307	
0.7409	0.546	0.2533		83901	70301	62046	100167	61558	81705	67133	82912	100982	74300		1591859	1496094	1292992	1647244	1529397	1116791	1234282	1498117	1553883	1308547	
0.1653	0.4927	0.8416		96189	68300	59937	56680	57608	58028	73681	74805	60676	60747		1469621	1324687	1326525	1235877	1407221	1220616	1503448	1253220	1486597	1163025	
0.9567	0.3412	0.0618		82900	72903	61896	55956	67645	96718	50139	52315	60823	64940		1286797	1406207	1607207	1524538	1154178	1426567	1174438	1034745	1072382	1351075	
0.3227	0.6303	0.4034		48525	97920	63642	56203	56704	59442	93807	56104	60539	54979		1156887	1543214	1480259	1158102	1218484	1128701	1468829	1508685	1372983	1411562	
0.546	0.7772	0.5065		75681	73491	112251	65986	95909	61198	102246	66885	69891	59591		1477590	1594131	1534854	1266563	1284792	1316956	1597714	1474568	1335182	1282539	
0.9319	0.6649	0.661		68793	90775	62112	64106	85732	78790	69471	69679	97265	81542		1266556	1285386	1171602	1317954	1503620	1493851	1176415	1273417	1301368	1282213	
0.1287	0.9674	0.582		93647	71289	78001	59474	61596	59136	60029	60672	67890	65474		1666239	1267693	1202499	1058932	1239584	1206156	1209218	1532331	1439158	1374959	
0.8094	0.2409	0.3037		57142	88198	56627	75946	69734	61449	57067	65179	55551	69483		1359168	1160421	1545413	1196987	1267824	1574726	1321652	1275920	1471841	1453799	
