20	21	
0.8392	0.649		17140	17609	17998		673889	700388	612693	
0.7885	0.4732		13484	13735	14213		551702	555216	585124	
0.4705	0.8959		16118	16024	15987		654474	652269	665543	
0.4505	0.6067		13069	12494	12582		683593	648626	626777	
0.6027	0.5174		13289	13441	14255		631736	615181	665026	
0.8478	0.7185		18978	17977	18123		678457	585899	583507	
0.9484	0.8606		22191	21781	21295		654610	628706	599338	
0.254	0.2292		7142	7580	8547		599957	647455	639708	
0.8009	0.4285		15854	15216	14438		697510	726720	696014	
0.9093	0.1428		12072	12145	12774		712429	684067	657151	
0.1593	0.7409		9860	10267	9847		552969	657099	562893	
0.236	0.7023		10966	10586	10049		654117	611305	595469	
0.2158	0.3146		8053	7007	7919		591871	571940	665263	
0.1393	0.8524		10811	9889	10890		675162	598790	690384	
0.9642	0.909		23624	23161	23042		710677	704319	725772	
0.5472	0.9855		17411	16360	16491		640609	571299	585237	
0.2681	0.7846		12140	11987	12191		637245	669442	678868	
0.5386	0.7374		14454	13948	14866		567367	603834	655331	
0.08	0.0519		5175	5109	5133		642066	651019	661581	
0.8221	0.1406		11820	10577	11272		707593	718767	722766	
0.3269	0.6036		11376	11830	11207		677185	690891	703049	
0.6573	0.2082		9674	10259	10739		559426	649703	667133	
0.721	0.9896		20101	19581	22142		644667	587755	663801	
0.3991	0.8794		14879	14918	13953		671151	674899	590879	
0.6809	0.9279		18022	18549	19475		590243	622979	686549	
0.534	0.539		12358	13750	13140		572339	681001	687349	
0.4292	0.2655		9105	8801	8801		588906	597960	600567	
0.3057	0.3812		9502	9129	9035		696719	658562	658132	
0.4591	0.113		7887	7825	8072		670660	683383	677153	
0.8622	0.8029		20151	20076	20279		654256	685567	704491	
0.3812	0.3547		9357	9322	9462		616476	628344	648680	
0.4499	0.3762		11036	9904	10533		645439	562933	573234	
0.2414	0.883		12603	12651	11631		676061	688429	596656	
0.3108	0.2493		7934	7933	7117		645394	655949	580710	
0.4843	0.2565		10144	10625	10208		649132	631945	674519	
0.2357	0.3685		8386	8387	8518		720514	751372	743729	
0.2467	0.9481		12843	12927	13299		657978	683798	692015	
0.4458	0.7059		13706	13771	13665		697294	702774	704630	
0.8768	0.9986		21893	22395	22466		588378	693263	698569	
0.2585	0.9722		13912	14002	13520		668193	655141	652829	
0.6562	0.7612		16930	16914	17102		677511	696348	680075	
0.3492	0.8259		13585	13614	13669		667128	675188	697289	
0.7977	0.983		21215	21210	21337		693505	665482	679213	
0.431	0.9371		15320	15275	15396		734511	731047	755461	
0.1746	0.5084		9064	9096	9061		683609	690460	661011	
0.1718	0.5219		9079	9608	9048		693396	710506	718391	
0.8698	0.769		20064	20399	20089		724739	724645	739021	
0.6954	0.4887		13941	13866	12965		669040	684666	588302	
0.6009	0.9524		18357	18266	18263		666067	677912	698804	
0.5402	0.8173		15941	16097	16071		654525	654359	672266	
0.1284	0.1797		7029	6075	5871		653026	571668	581338	
0.1206	0.8392		9391	10440	10859		607770	715439	745672	
0.1908	0.0617		5919	5940	6473		654104	646809	645685	
0.6149	0.0625		8841	7830	7842		641188	587246	603956	
0.8814	0.2072		11121	12270	12191		549832	584298	595252	
0.5332	0.5454		12295	13357	12887		589957	620983	625413	
0.7173	0.6251		16346	16252	16371		676386	696716	694734	
0.3118	0.7763		12589	12537	12528		648863	671490	661738	
0.5972	0.9662		18661	18198	17641		659796	647304	621802	
0.8489	0.7762		19408	19952	19940		592766	601704	601676	
0.3682	0.8264		13597	13131	12628		654513	605081	579933	
0.7273	0.2807		12213	12259	12139		639183	641312	662951	
0.8541	0.2371		11617	12236	11738		586461	601404	617846	
0.2912	0.8554		12197	12541	12618		599816	632208	636841	
0.9986	0.8958		23523	23590	23560		688864	707746	728591	
0.5801	0.1241		8261	8774	8792		590466	677138	707769	
0.1022	0.62		8929	8973	8971		669148	658077	724825	
0.4641	0.4062		10929	10968	11477		597363	624268	657718	
0.7855	0.3544		13350	13322	13374		601619	642103	666684	
0.6108	0.1326		9998	10364	10335		566232	585953	610472	
0.3447	0.578		11455	11687	11626		635408	667917	692112	
0.6041	0.7972		17221	17232	16729		593615	647375	639658	
0.4848	0.5919		12853	12859	12958		649409	668827	658962	
0.2699	0.4313		9344	8956	9768		641606	609691	672074	
0.4567	0.7201		13818	13343	12938		612731	576923	551750	
0.3912	0.0905		6282	7852	7380		543639	636926	651054	
0.475	0.2624		10776	10151	10714		618531	628491	665782	
0.9548	0.803		21768	21481	21394		628600	675129	673296	
0.3452	0.6048		11619	11133	11180		601103	600973	597856	
0.4787	0.1079		8206	8168	8205		608320	595952	616838	
0.9818	0.8853		23891	23504	23868		686463	692452	684744	
0.2594	0.7691		12570	11724	12043		704987	708291	716549	
0.5465	0.7463		13915	14401	15455		557469	555354	646209	
0.7747	0.2116		10858	10851	11332		596560	601433	661290	
0.4226	0.9501		14641	15189	15088		581070	619672	598980	
0.253	0.3631		7723	8252	7732		524349	534396	535429	
0.2482	0.6618		9845	9887	9857		590941	590630	590658	
0.5359	0.1607		8634	8512	8486		560693	561003	572261	
0.2006	0.6647		9584	9725	10679		546650	558011	664029	
0.8293	0.5084		16417	16424	16423		643175	629046	637970	
0.3393	0.5849		11156	10766	10764		624922	575878	575696	
0.4791	0.7695		14067	15091	14525		567890	647442	566264	
0.5055	0.3399		10769	9742	10655		649487	567624	685167	
0.5843	0.5316		12832	13227	12843		546332	576228	551705	
0.0634	0.3796		6426	6888	7363		523471	523468	629556	
0.5233	0.6849		14410	14297	14255		658420	655381	693401	
0.8782	0.8604		21103	20472	20332		629133	591666	593654	
0.7459	0.8949		19196	19701	19192		594349	592485	620123	
0.0991	0.9476		11134	10113	11140		625748	547569	645291	
0.1859	0.1925		6049	6348	6331		514195	525006	542991	
0.3133	0.0522		6661	6705	6750		562241	566011	569623	
0.1218	0.9263		10885	10989	10922		565842	560125	605805	
0.3981	0.7863		13600	13712	13996		581518	577523	637145	
0.8982	0.5806		16419	17625	17196		555587	620649	636699	
0.1524	0.5033		7860	8818	8804		568896	651374	649828	
0.472	0.4275		12021	10475	11546		646455	566691	669254	
0.1346	0.9899		10716	11703	11694		562719	644822	642909	
0.6547	0.6785		15809	15741	15715		658035	675596	674148	
0.6117	0.6894		15577	15534	15627		620866	607152	588162	
0.4596	0.073		7158	7145	7186		580572	597174	594810	
0.1813	0.6231		9568	8588	9573		598984	531646	621151	
0.6524	0.9848		18721	18834	18811		639022	657809	665493	
0.7503	0.9312		20495	20472	20443		606818	628863	606809	
0.8502	0.4528		15407	15830	15416		640476	668161	674403	
0.4286	0.5593		12454	12051	12087		651968	687213	629818	
0.8574	0.9932		22217	22310	22157		641462	678356	707743	
0.5692	0.8007		16573	16484	16548		652585	698447	706942	
0.2659	0.7152		11359	11974	12040		625948	636181	695209	
0.9209	0.788		21035	20412	19939		637614	610330	597348	
0.9918	0.3969		16283	16369	15691		609133	618431	596203	
0.2002	0.4248		8421	8347	8293		539179	578898	600292	
0.6497	0.7984		16729	17254	17306		571887	664793	686288	
0.0643	0.0897		5429	5427	5819		592578	598383	632736	
0.6631	0.5651		14507	14572	14526		628479	632899	642835	
0.7219	0.3979		12777	13847	12723		525042	633822	543101	
0.8458	0.3721		13860	13824	13922		636175	654382	670469	
0.2971	0.6772		11700	11837	11771		656935	662599	697806	
0.8434	0.5907		16488	16892	16512		628257	634702	682896	
0.9761	0.9295		23747	23785	23780		628921	699990	721808	
0.4227	0.8588		15011	14694	14761		698939	725518	710726	
0.6279	0.4957		13346	12818	13690		623743	587886	645495	
0.9518	0.1107		11190	11150	11156		612508	655647	678586	
0.5865	0.7409		14975	14822	14901		594733	616733	622319	
0.3614	0.8704		12763	13189	13289		519158	518324	536563	
0.7547	0.3598		13260	12605	13337		581897	605573	623148	
0.4819	0.9989		16619	16059	16099		636034	564822	639720	
0.9074	0.1293		12032	11541	11653		599952	612650	623338	
0.9754	0.1276		12458	12622	11714		590824	658188	570261	
0.1212	0.0968		5420	5868	6183		556053	647455	668397	
0.6441	0.5921		14664	14463	14565		682440	686321	716544	
0.2471	0.6029		10310	10258	10253		629748	655488	671889	
0.5647	0.25		10049	10096	10606		657602	657294	657931	
0.5363	0.1196		8482	8364	8443		623409	647147	647224	
0.9425	0.7572		21512	21326	21286		679019	673209	691074	
0.4806	0.4267		11573	11086	11080		570396	570870	547975	
0.0706	0.3114		6219	6815	6841		604524	678266	688805	
0.9967	0.2887		14520	14539	14605		617282	661682	673571	
0.537	0.9614		17515	17810	17320		648873	636958	644445	
0.8781	0.7232		19312	19381	18372		613244	650204	677674	
0.5014	0.6547		13546	13559	13682		592661	598432	596304	
0.2357	0.9913		13090	12544	12691		646114	587740	629511	
0.6258	0.5782		14705	13598	13608		653337	564350	568916	
0.9655	0.9301		23210	22143	23142		628310	545367	643345	
0.3792	0.6192		11578	12012	12090		580090	587088	643994	
0.5028	0.2558		10506	10505	10481		667472	697312	688122	
0.8004	0.4623		14657	14663	14911		674552	677175	661287	
0.9111	0.914		22679	22272	22750		594272	606495	627505	
0.1338	0.3886		7950	8040	8027		682228	693488	697321	
0.2581	0.56		10215	10346	10253		615385	599168	587957	
0.517	0.1541		9179	9192	9176		669707	693755	717627	
0.0634	0.709		9178	9242	9302		673688	665557	665988	
0.3046	0.242		8040	8046	8153		624129	626910	625104	
0.5206	0.1764		9224	8775	8791		588038	558452	571131	
0.0613	0.1124		4518	5780	4483		566431	668647	580222	
0.1598	0.4563		8579	8535	8532		636626	658228	661568	
0.455	0.9861		16151	16659	16240		590840	587083	606336	
0.5035	0.6623		14785	14387	14758		602129	603100	623909	
0.3681	0.9958		14862	14866	14945		631204	611074	592816	
0.6665	0.8749		17852	17998	17932		656106	645159	673792	
0.3602	0.9948		14798	14808	14749		612078	609328	621250	
0.471	0.6922		14095	14222	14152		615020	617832	615937	
0.3645	0.1044		7306	7299	7289		658348	626388	650271	
0.9444	0.1514		12384	12421	12486		631263	643498	667286	
0.7477	0.7197		17669	17197	17188		611377	618873	667494	
0.2512	0.3793		9237	9155	9307		602804	610195	654265	
0.9847	0.5586		18157	18147	18667		622494	650055	652342	
0.5433	0.5416		13319	13464	12973		634455	622564	606528	
0.3904	0.1043		8060	7591	6580		616624	673232	578304	
0.2523	0.5119		9175	9718	9587		546845	547247	589565	
0.998	0.1584		12063	13112	12968		612650	684704	680167	
0.2651	0.3934		8741	8714	8649		584921	608508	620277	
0.783	0.8468		19649	19178	19124		636460	597318	606738	
0.6046	0.4021		11560	11497	11660		583737	591639	604476	
0.618	0.6305		15258	15688	15310		635240	630261	642952	
0.3991	0.8194		14071	14155	14214		577242	609779	599445	
0.4235	0.4017		10679	10744	10765		614201	617173	647464	
0.2156	0.2208		7362	7331	7541		630359	630985	675524	
0.7461	0.5168		15263	14598	15292		593413	550507	641914	
0.4341	0.1149		6620	7260	7752		541498	547542	641093	
0.2589	0.3347		8006	9091	7581		513115	623471	542223	
0.3722	0.7048		12545	12520	12546		631572	632495	648928	
0.6953	0.8992		19817	19417	19803		581802	645575	628475	
0.8681	0.4875		15461	15479	15844		604610	606068	597901	
0.5243	0.3452		10917	10851	10929		586066	588589	627962	
0.577	0.7774		16278	16341	15837		588192	606846	581727	
0.2557	0.2609		8154	8773	8435		584441	614300	619270	
0.6757	0.8985		18445	18636	18528		565347	572877	575596	
0.5027	0.879		15766	17233	16698		525521	623317	612454	
0.9711	0.6017		18637	18555	18544		659684	643722	661301	
0.8587	0.1633		11883	11868	11974		614775	626656	689638	
0.2799	0.9849		13364	13494	13927		587200	587972	605652	
0.2827	0.6089		11038	11169	11067		591789	597601	622074	
0.5871	0.1998		9899	10516	10492		606209	608738	627274	
0.9665	0.9937		23919	23447	23104		621419	655936	659622	
0.9083	0.5992		16774	16908	16873		503424	500079	506590	
0.7223	0.794		17950	17981	17771		563731	564818	581243	
0.2498	0.4234		9449	7986	8944		593594	541156	622894	
0.3699	0.2734		8078	9041	8538		524533	594805	584875	
0.1391	0.9305		11390	11464	11423		607970	628892	649005	
0.5717	0.6587		15011	15074	14632		587759	590355	593454	
0.7152	0.3336		11762	11900	11795		564940	579618	606975	
0.7222	0.2842		12333	12455	11365		590742	586914	538311	
0.2955	0.9555		13343	13370	13456		594507	609096	634883	
0.553	0.6983		14829	14869	14758		607132	639066	668303	
0.5422	0.3859		11417	11397	11884		589135	598099	633933	
0.3552	0.8757		14321	14022	14413		607510	585203	643989	
0.4667	0.4429		11308	11385	10872		584556	573001	542773	
0.9156	0.91		22248	22218	22738		578906	582023	616747	
0.4742	0.2167		8681	9798	9215		605499	635590	658728	
0.3566	0.5646		11523	11496	11490		582285	605819	640139	
0.2689	0.1056		6267	6202	6222		562593	571607	630385	
0.7852	0.9632		20072	20662	20607		594746	624714	650950	
0.5751	0.2792		11411	10193	10949		550271	576949	593865	
0.2844	0.0658		6782	5862	6811		626156	558564	655084	
0.365	0.6288		11691	11712	11723		550968	558885	561588	
0.9605	0.9078		22523	23285	22747		567565	691140	608196	
0.3587	0.1089		7294	6859	7592		592812	587790	627796	
0.1875	0.9339		11718	11794	10691		625325	651533	573493	
0.7056	0.3268		12270	12377	12324		642708	664266	685676	
0.5343	0.0506		7908	8375	7924		597507	627045	626883	
0.7504	0.9247		20590	20100	20492		592917	592785	618435	
0.7406	0.6846		17408	16288	15866		615054	566101	555495	
0.2612	0.3538		8691	8725	8700		596292	608820	620265	
0.8154	0.5556		16394	16631	16362		562991	603153	645622	
0.3699	0.1573		8111	8119	8107		621845	624072	633315	
0.8606	0.5273		17276	16792	16824		619241	633084	647517	
0.7738	0.0526		9306	9282	9288		565667	569303	555285	
0.0777	0.6543		9299	8801	8810		615631	618518	636830	
0.3805	0.4208		9530	10620	10617		553300	639221	649238	
0.1551	0.7162		8855	8879	9891		520776	525980	629366	
0.6487	0.5247		14327	13728	13746		624679	590092	604809	
0.9794	0.7158		19198	20111	20035		585714	667007	675451	
0.2273	0.9487		12458	12913	11931		538402	576636	516519	
0.1501	0.7589		10932	10520	10426		592103	599014	617453	
0.3461	0.8343		13119	13152	13659		563657	573759	614185	
0.0559	0.4128		6701	6792	6721		587733	588656	613315	
0.8563	0.1857		11803	11352	11244		590099	555560	562661	
0.73	0.2721		12359	12292	12296		634812	644123	685137	
0.2874	0.3867		9021	9055	9029		589341	580492	597329	
0.384	0.31		8984	9012	9538		546144	519089	583285	
0.6884	0.9195		19163	19121	19039		567726	572807	583160	
0.7675	0.1184		9500	9332	9982		583109	580464	652336	
0.9499	0.0629		10771	10714	10773		643126	639553	666370	
0.9017	0.4717		15687	15734	15808		600479	599174	644514	
0.7871	0.838		19557	19486	19643		665579	700539	709779	
0.9787	0.7102		20657	20193	20309		642728	681373	667030	
0.4826	0.398		11432	11487	11466		629743	652365	652800	
0.3984	0.3562		9954	10015	9916		625304	618041	674151	
0.682	0.2619		11334	11322	11320		562465	561879	564102	
0.8236	0.3199		12850	12848	12947		583051	582415	604255	
0.1901	0.0926		5364	6222	5287		578285	661940	592881	
0.5362	0.1611		9472	8421	8974		616416	540442	589813	
0.7486	0.7298		17220	17208	17322		635947	644302	678012	
0.718	0.493		13788	13780	13808		627737	626803	636088	
0.8752	0.2518		13713	13667	13706		624640	614111	659326	
0.2499	0.8531		11988	12213	12153		615777	624239	668460	
0.4498	0.4394		11457	11550	11534		623244	634635	632335	
0.8168	0.8851		21385	21278	21289		627870	638694	656323	
0.5899	0.8038		16589	16472	16452		630956	635591	626499	
0.2812	0.8449		11942	11962	11990		553242	552168	551223	
0.6468	0.5448		14491	14305	14434		621663	629099	644888	
0.7024	0.3018		11635	12204	12158		570399	604736	610224	
0.2148	0.4981		9081	9516	9119		605087	594101	621243	
0.6082	0.9131		17124	17094	17159		564372	575926	582308	
0.626	0.3619		10928	11135	11363		577609	586846	594589	
0.8649	0.4274		15229	14669	14644		571499	550840	556515	
0.3938	0.2687		9447	9394	8389		639289	641713	568173	
0.9576	0.4578		16278	16310	15362		596644	602436	557054	
0.3891	0.7411		12762	12608	13225		585714	560955	608676	
0.6038	0.5373		14145	14079	14182		654629	640781	687868	
0.0915	0.0569		5166	5232	5738		587476	618139	625607	
0.1571	0.2671		7439	7943	7422		610608	633005	631102	
0.9397	0.6969		19870	19896	20081		602102	646180	631998	
0.954	0.2309		12860	12778	12854		669646	630444	648715	
0.4676	0.1848		8778	8750	8672		599541	603252	608530	
0.1696	0.6176		9647	9609	9613		583783	602419	648147	
0.6268	0.2048		10387	10472	10369		607804	629209	662080	
0.1425	0.2105		6783	6733	6759		605638	612333	612805	
0.5269	0.8561		16012	15979	15431		628600	619106	602916	
0.1559	0.2577		7145	6243	7165		611374	550817	620815	
0.2165	0.973		11670	12158	12209		577026	586238	585423	
0.3617	0.6605		11333	12518	11912		548833	655892	562563	
0.3192	0.6379		11488	11574	11589		597775	602382	597782	
0.2615	0.1421		6702	7234	6740		565643	592197	568298	
0.8326	0.0594		9584	9617	9077		616554	640314	574134	
0.8793	0.9553		22477	22453	22999		653861	660388	668621	
0.9849	0.8565		22161	22008	22000		630407	622563	636306	
0.4394	0.2261		9081	9212	9834		664552	665606	691663	
0.91	0.7233		18537	18544	18568		550468	549728	552468	
0.2251	0.3829		8857	7892	7870		657438	561681	561911	
0.2136	0.7912		11960	10511	11618		617034	565263	647073	
0.5592	0.5478		12833	12803	12941		587556	584066	588270	
0.3018	0.9828		14479	14036	14007		633146	634112	681396	
0.736	0.6497		16843	16718	16707		621782	650445	651528	
0.2977	0.3429		8836	8360	8814		625980	622424	641503	
0.7752	0.8063		18397	18391	18364		597081	594678	591611	
0.6693	0.5284		14645	14077	14091		661796	618771	628550	
0.3722	0.3148		8777	9463	9320		601478	630422	651502	
0.1049	0.2358		6618	6693	6615		587576	595518	627643	
0.4099	0.3687		10066	10624	10069		650609	636421	630918	
0.7819	0.1802		10902	10877	11394		610085	618748	649594	
0.2787	0.2561		8711	8242	8229		635532	655244	697236	
0.5172	0.6105		13293	13473	13367		591336	613278	632643	
0.9604	0.9987		23986	23464	23485		638023	636879	689327	
0.7057	0.0751		9192	9816	9282		617119	615410	655469	
0.4538	0.7432		13856	13903	13941		639427	670629	654462	
0.6564	0.7628		17573	17476	17143		642938	659312	622363	
0.6491	0.9791		19344	19315	18830		615208	626942	625197	
0.8298	0.2022		11761	10758	10767		649431	575460	590536	
0.1579	0.1019		6130	6182	5265		636197	644244	585834	
0.1056	0.2861		7155	6152	6159		625814	571055	569911	
0.4414	0.5386		11912	11912	11520		614506	597250	578368	
0.658	0.7334		16464	16606	16577		612236	618990	631410	
0.7558	0.4267		14292	14315	14302		651837	690409	698747	
0.5587	0.6581		13990	14536	14570		589128	633664	672149	
0.534	0.7394		15457	15432	14487		679597	685429	637173	
0.1724	0.5505		8259	8311	8365		536530	541558	540961	
0.1721	0.7442		9865	9930	10359		577727	622536	680830	
0.7685	0.7321		18188	17842	17775		691394	707385	712732	
0.1215	0.8575		10551	10653	10664		700381	705323	723769	
0.277	0.8797		13172	13211	13043		613201	636280	636687	
0.2016	0.7491		10868	10865	10981		603648	637735	683323	
0.9894	0.3867		16132	16286	16199		617787	626964	605465	
0.8001	0.1358		11255	11784	11505		649264	636225	633132	
0.1492	0.4045		7947	8001	8016		664505	669318	708592	
0.4628	0.5576		12459	12511	12265		627673	634977	630229	
0.133	0.4463		8390	7385	8525		621423	547652	635621	
0.2848	0.6455		11613	11078	11743		640111	595788	655056	
0.1966	0.681		9712	10299	10120		560347	603818	606888	
0.6191	0.9477		18258	17342	18363		620448	543250	644945	
0.063	0.5101		7179	7182	8174		591019	563929	644508	
0.3432	0.5266		10869	10801	10281		619295	622952	586356	
0.3047	0.5905		10865	10882	10791		654476	685870	679867	
0.8935	0.1532		11929	12117	11900		592299	604415	611982	
0.8142	0.6955		18429	18465	18256		694427	704365	714160	
0.8549	0.6358		18477	18504	18439		642201	600877	649064	
0.9408	0.8314		21706	21739	21713		655958	687850	714503	
0.199	0.3006		7458	7438	7852		571513	582790	633630	
0.7515	0.222		10500	10508	10411		529819	547206	538510	
0.1944	0.5218		9578	9557	9604		715005	734555	740808	
0.4891	0.4168		11120	11044	10569		588428	584305	564503	
0.7008	0.1736		9719	10651	10776		559319	668761	662596	
0.422	0.1717		8630	9209	8680		648662	666156	645460	
0.9081	0.9651		21686	21552	21773		543983	554356	543493	
0.8842	0.1152		10217	9869	10093		550014	561852	570118	
0.1707	0.521		8130	8374	8131		558522	565158	579903	
0.9019	0.7522		19335	20481	20546		603578	691222	720350	
0.864	0.1911		12015	11166	11126		644627	556582	555153	
0.6838	0.9139		18430	18337	18528		573482	598863	607214	
0.73	0.4371		12831	13314	12927		563597	585835	591959	
0.9498	0.4535		15772	15734	15858		588982	599405	599991	
0.7704	0.8666		18716	18640	18756		611057	610818	660829	
0.2231	0.6974		11195	11164	11318		654300	703716	698897	
0.2037	0.779		10765	11205	11332		611789	623665	666180	
0.1192	0.3207		7280	7302	7254		666040	658014	679451	
0.9221	0.3175		13660	14147	14160		593881	633563	617226	
0.1182	0.5367		8717	8913	8728		611129	644885	666627	
0.4482	0.4354		10291	10143	11447		558318	558944	655555	
0.0675	0.4931		7866	7880	7886		603542	625998	614158	
0.8252	0.7778		19463	19597	19698		653575	677551	700560	
0.7914	0.5876		16317	16375	16380		649745	658310	671066	
0.7711	0.9519		20524	20700	20658		657559	667108	676104	
0.2609	0.3968		9184	9345	9239		620844	655519	658291	
0.6332	0.9239		18632	18602	18549		638093	669116	665803	
0.3862	0.5609		11711	11710	11705		640412	655292	625436	
0.7056	0.5885		15428	15420	15400		651231	688478	679831	
0.116	0.4547		8055	7983	8047		661665	691182	693534	
0.5613	0.7761		15769	15806	15720		678621	669511	696717	
0.9855	0.6506		19880	19917	20259		685860	708882	717080	
0.1048	0.5672		8832	8812	9480		659744	687697	707392	
0.4523	0.16		8801	8771	8069		621745	635648	546382	
0.9624	0.5645		18235	17140	18218		666648	583067	676069	
0.9167	0.6406		18104	18494	18048		559158	604700	574517	
0.6025	0.6785		15584	15530	15592		628314	657088	653029	
0.9126	0.433		15252	14793	15860		555050	553229	621436	
0.9822	0.8379		20974	20958	22055		591782	588764	671004	
0.8723	0.1623		11923	12483	11891		661841	702640	690655	
0.1387	0.9697		11778	11788	11848		601620	606856	619347	
0.3856	0.2364		8799	8785	8780		637214	632351	605108	
0.2174	0.4244		7765	8791	8911		557069	659228	677884	
0.8191	0.7353		17387	18369	18383		573030	663967	681302	
0.1144	0.4987		7681	7709	8313		594825	616110	683628	
0.5281	0.7901		15625	14596	16222		660383	581005	692928	
0.2302	0.3518		8458	8539	8477		679705	687694	693069	
0.4203	0.399		10316	10766	10832		585998	645718	639986	
0.0617	0.3662		5900	5923	6899		516590	516667	639085	
0.6914	0.2881		12234	12154	12206		615772	622376	652664	
0.23	0.9234		12756	12758	13253		615098	639353	651933	
0.4634	0.8103		14887	14753	15294		636808	656600	676818	
0.26	0.1503		7307	7911	7331		640023	677389	671331	
0.1801	0.4358		8427	8422	8586		626959	630710	672869	
0.5919	0.7385		15437	15564	15894		645574	700043	717972	
0.7085	0.7786		17895	17940	17883		654867	692917	683493	
0.8102	0.1923		11366	11471	11421		607200	653464	662877	
0.8068	0.87		19643	18572	19702		608468	559752	654081	
0.2802	0.8888		13016	13080	13028		582998	607409	609835	
0.9219	0.1553		12053	11534	12083		623771	602638	663284	
0.7702	0.6521		17427	16764	16683		633559	598733	605738	
0.5984	0.0704		9126	8672	8648		635117	624485	666031	
0.1692	0.6421		10469	10499	10008		610531	633585	640328	
0.6247	0.4996		11872	12931	12972		517065	563257	615835	
0.2056	0.8653		11781	11834	10808		640427	672528	567521	
0.0919	0.9951		9838	9846	10824		538157	557533	675647	
0.4814	0.9093		16396	15881	16967		697390	691205	718366	
0.5028	0.8761		15778	15741	16707		560606	568028	691366	
0.9046	0.3605		14065	12908	13026		694784	587861	593716	
0.2002	0.3803		8664	8668	8610		685950	677743	690152	
0.714	0.4736		13390	13938	13903		624494	672815	668978	
0.7219	0.9614		20099	20044	20115		647762	647643	670319	
0.093	0.2292		6333	6333	6551		616421	616517	648993	
0.6599	0.2934		11952	12013	11998		620245	663985	657244	
0.6093	0.3965		12590	12626	12647		621667	648079	631210	
0.8345	0.1525		11384	10966	10942		583114	567656	565258	
0.7701	0.6034		15752	16194	15713		568452	566804	594651	
0.1268	0.5166		8858	8366	8815		601283	534529	617024	
0.8774	0.8235		20189	20212	20147		590618	590616	614226	
0.9055	0.2592		13584	12568	12502		661371	571246	589483	
0.8692	0.8734		20450	20553	21098		633680	636134	653718	
0.6389	0.8028		17214	17268	17115		632006	682115	679479	
0.6616	0.9801		19502	19420	19447		618795	616508	655739	
0.1884	0.1237		6486	6607	6534		609392	648750	660802	
0.1132	0.6829		9498	9454	9448		591774	611135	628573	
0.5046	0.5669		13463	13299	13381		625896	596098	626884	
0.5246	0.9051		16072	16051	16142		552569	554677	569249	
0.6459	0.3768		12418	12325	12253		569792	572882	585870	
0.8241	0.0584		9542	9620	8614		621916	626141	555892	
0.193	0.7349		10480	10868	10430		588486	581462	611884	
0.0907	0.5527		8240	7731	7909		574252	597952	599905	
0.9322	0.8067		20924	20511	21109		639073	650697	714955	
0.5567	0.838		15633	15593	15107		589078	609100	575051	
0.5672	0.0606		8166	8285	8251		588955	605927	656983	
0.8281	0.6443		17934	17850	17933		638074	631401	672851	
0.6139	0.3444		11589	11702	11177		629216	629508	586747	
0.4577	0.5333		11849	11939	11781		563895	565542	569623	
0.9099	0.4551		15473	15441	15406		579347	581841	594865	
0.185	0.0583		4941	5696	5300		615328	636246	555801	
0.6342	0.7716		17003	16114	16030		602541	522947	543616	
0.9516	0.3229		14568	13595	14126		636735	573141	588052	
0.9838	0.4237		16487	15887	15898		633192	632963	604222	
0.8222	0.4856		14643	14622	14588		584928	587150	587336	
0.3303	0.7875		12597	13105	12611		548756	574957	573440	
0.227	0.5115		10367	9022	8867		654524	555477	574404	
0.8932	0.4856		14712	15726	14729		550669	627302	559257	
0.1633	0.1312		6644	6629	6615		616606	625239	673972	
0.7657	0.8442		19267	19733	19398		637258	656846	698732	
0.0573	0.2017		5996	6290	5976		648617	672233	626463	
0.9276	0.5633		17750	16945	16644		662747	569700	576702	
0.5649	0.5775		13508	13564	13489		593100	614342	627060	
0.833	0.9041		21614	21040	21197		676414	690230	703518	
0.8366	0.4332		13834	14905	13802		572603	692231	582886	
0.8796	0.8739		20443	20394	20625		601426	616637	627307	
0.5277	0.1322		8519	8441	8541		574712	604976	600190	
0.4473	0.7732		15107	14703	14756		641594	660245	703056	
0.3984	0.759		13870	13893	13934		636079	664894	678577	
0.6265	0.8771		18486	18505	18342		656615	695702	694545	
0.3604	0.0741		7238	7131	7151		673178	650152	647495	
0.51	0.5964		12413	12436	12454		537648	537330	546012	
0.5923	0.7029		14250	14215	14339		575618	576757	582531	
0.5391	0.9072		16489	16807	17182		595824	608861	622961	
0.0613	0.9523		9234	9317	10217		580053	582819	687714	
0.2261	0.2243		7064	8055	7506		562793	651157	659411	
0.7751	0.6584		17498	17376	16477		610160	645197	559008	
0.3213	0.0588		6752	6273	6725		605305	568809	653796	
0.671	0.2897		12041	12055	12001		651937	699142	697211	
0.1365	0.9211		11511	11482	11532		623358	622001	696007	
0.3683	0.9074		14001	13989	13999		603897	615946	607238	
0.9834	0.1064		10693	11351	11333		602484	640943	696445	
0.3727	0.215		7163	7197	8142		565099	566715	672212	
0.7166	0.7308		15841	15836	15830		596490	587716	608693	
0.9056	0.8327		20800	20707	20772		670465	661127	665631	
0.3963	0.2728		9450	9568	9395		649161	655577	661919	
0.2609	0.5018		10255	10258	10180		644460	688328	666286	
0.3387	0.7347		12469	12372	12381		657772	675453	696127	
0.7278	0.6016		15285	15214	15272		556938	578285	596049	
0.5353	0.9868		17719	17444	17537		692789	669149	690664	
0.1781	0.7903		11033	11027	11059		664423	628509	698248	
0.9295	0.5172		17909	17875	17457		618528	631511	669586	
0.8272	0.5986		16797	16799	16789		636110	668628	695607	
0.96	0.5465		17522	17458	17461		589409	589391	600732	
0.5405	0.6612		14731	14704	14707		626660	608254	639222	
0.6048	0.0512		8232	8324	8358		608011	626462	666100	
0.7589	0.4973		14738	14548	14477		606997	607037	610146	
0.9403	0.0718		10735	10845	11105		671167	669055	686175	
0.2649	0.4138		9412	9358	9374		646828	698158	698412	
0.1528	0.1529		6872	6324	6370		630770	655739	674255	
0.1485	0.7947		10649	10642	10625		681158	704331	708808	
0.467	0.123		8503	7907	7964		608361	661733	678468	
0.2423	0.7445		11285	11315	11423		649025	660672	687272	
0.2769	0.9701		13516	13564	13556		644857	672828	689631	
0.7799	0.7377		17675	17655	17914		679892	674653	700167	
0.1704	0.6139		9641	9817	9284		618156	652734	607574	
0.6494	0.8906		17470	18522	18044		557568	617640	596635	
0.1067	0.6954		9140	9132	9113		621852	642728	655149	
0.6106	0.1615		10047	9452	9543		654113	590098	610854	
0.298	0.9716		13515	14082	12987		588388	634530	556730	
0.8301	0.7326		18376	18388	18477		661836	678237	730775	
0.0651	0.7815		10245	10411	9791		595600	616864	660577	
0.0537	0.3556		6911	7005	7076		654234	650478	690783	
0.8058	0.5054		16042	16611	16567		673475	701573	713564	
0.4851	0.5345		11859	12268	12355		560414	577869	639147	
0.9434	0.0728		10268	10301	10226		623063	619350	628206	
0.8153	0.7788		18619	19474	20000		567589	659944	675103	
0.0654	0.651		8909	8933	8946		637047	642609	652430	
0.1585	0.591		9446	9410	9303		625816	680696	675470	
0.3788	0.9503		15277	14128	14702		663502	581204	617920	
0.4739	0.8636		14514	15644	14531		553614	662213	582030	
0.9495	0.8395		21798	21223	20481		676862	626495	597251	
0.6418	0.4558		12148	12684	12637		555242	609986	609551	
0.4987	0.7699		14918	15042	15019		660553	675048	682396	
0.583	0.8721		16859	16766	19871		684462	707878	688762	
0.5561	0.9909		17716	17630	17762		642466	657752	678632	
0.4627	0.5984		12771	12762	12777		625111	662066	700254	
0.4565	0.1705		8867	8925	8851		626562	651991	668746	
0.817	0.2481		11931	11999	12285		629127	679048	697581	
0.4032	0.4401		10827	10830	10937		608188	650537	664294	
0.2179	0.5285		10001	9563	9521		664526	636241	691612	
0.6498	0.7678		17092	17128	17207		613983	670653	683267	
0.7545	0.4888		14023	14121	14126		607977	632891	633079	
0.334	0.2482		7726	7712	7721		558253	581877	592119	
0.7873	0.3164		12629	12518	12739		583758	606722	620104	
0.2768	0.3362		8558	8100	8615		558224	580018	664280	
0.9606	0.271		13711	13682	13743		602301	607466	610285	
0.8666	0.5363		16415	17022	15948		593637	643899	562776	
0.6683	0.6938		15457	15373	15880		540628	559096	592108	
0.8337	0.7034		17247	17305	17186		584550	594177	594796	
0.8079	0.6125		16479	16521	16395		631110	656680	656421	
0.4085	0.3382		9995	8849	8938		646447	589939	592362	
0.2648	0.1677		7446	6384	6743		634511	565032	649077	
0.1987	0.8424		10575	10584	10724		570706	574398	592772	
0.2344	0.9781		12575	13130	12586		580496	620596	586164	
0.9958	0.6262		19685	19878	19809		620613	630866	689463	
0.4914	0.8653		15612	15597	16040		636334	605676	648341	
0.1539	0.7564		10997	10478	10573		644158	654974	680985	
0.0942	0.7381		9868	9752	10011		619779	652950	650682	
0.8797	0.5177		17230	17248	16270		647371	685605	592556	
0.4782	0.7658		14060	14688	14708		570635	620428	660859	
0.4991	0.5058		12506	12584	12706		648936	657815	695690	
0.7435	0.1546		10712	11206	10688		657984	683823	708255	
0.6355	0.308		11734	11668	11586		634337	657721	663877	
0.1343	0.3408		7477	8033	7519		657982	681902	697076	
0.0794	0.8285		10417	9944	10008		648442	656802	688979	
0.1952	0.0941		6459	6545	6328		623682	666258	687970	
0.282	0.7407		12654	12018	12007		673561	689795	710375	
0.9522	0.9144		23346	23270	23237		645093	641643	655936	
0.633	0.3765		11836	12323	12815		568876	596772	664735	
0.0958	0.9329		11000	11090	9980		644042	670162	568261	
0.4354	0.4677		10471	11032	10992		620185	671281	667636	
0.3845	0.9236		15207	14100	15126		669720	591580	676305	
0.1963	0.4601		9007	8197	8033		659355	575100	581141	
0.1891	0.2161		7126	6159	6169		652811	572164	579182	
0.1769	0.9373		11813	11897	11866		671502	706966	690019	
0.205	0.3242		7110	8154	8314		542752	646075	660732	
0.6057	0.7878		16318	16853	16523		559821	576845	580189	
0.3577	0.6571		12492	11860	12535		609272	572636	646800	
0.8676	0.8524		20736	20690	19572		650320	684930	577053	
0.664	0.7858		17963	16749	17756		655397	585864	696620	
0.5033	0.9363		16778	16767	16751		625779	648973	612034	
0.3025	0.6066		10065	11059	10556		564792	598361	584250	
0.186	0.1806		6682	6749	5983		644071	668699	570073	
0.4281	0.4289		10497	10475	10916		540682	544305	557887	
0.4183	0.884		15308	14797	15467		607152	578940	647672	
0.1184	0.4213		7897	7909	7899		603103	602124	612284	
0.0994	0.6112		9022	8041	9476		626681	546295	663743	
0.1941	0.4936		8657	9091	8637		608259	613068	612961	
0.3205	0.2535		8350	8329	8847		582978	592097	670103	
0.1572	0.318		7775	7758	6765		621512	622261	570235	
0.6486	0.0899		8728	7733	8727		607439	552627	590119	
0.8177	0.5533		15964	16173	16040		576596	576759	580501	
0.667	0.1248		9347	8369	8307		680750	601002	617481	
0.5094	0.5814		13352	13330	13310		614300	629361	673269	
0.3405	0.1167		7186	6696	6871		615253	579987	599296	
0.3136	0.2		8139	8103	8092		614650	631332	678328	
0.067	0.8873		10494	10431	10400		584496	600807	654561	
0.839	0.3923		14815	14706	14667		640287	644091	681033	
0.1242	0.1869		6358	6371	6331		623179	666148	687570	
0.0562	0.611		8960	8272	8316		606545	607153	603874	
0.5903	0.4748		12638	12265	12274		577219	572642	574638	
0.4452	0.5916		11641	12600	12579		568935	655591	643034	
0.8054	0.9793		20172	21329	20710		551369	626546	592299	
0.1082	0.1032		5818	5820	5833		649523	658311	673327	
0.2662	0.9659		13377	13384	13407		625071	626827	624426	
0.2465	0.8107		11871	11778	11778		627012	614930	619723	
0.3955	0.8805		15154	15039	15144		649679	650548	678493	
0.6275	0.2273		10493	10482	10475		612363	620722	614090	
0.3286	0.4438		10233	10208	10188		632445	630704	636777	
0.6117	0.7349		15742	14749	14760		639125	554382	572777	
0.4737	0.7652		14041	14022	14563		531840	528033	585292	
0.9945	0.5315		17852	18331	18292		588957	622792	625333	
0.3164	0.8671		13536	13949	13510		607997	612304	667612	
0.4828	0.4903		11857	11921	11824		643072	637151	669572	
0.3388	0.655		11257	11390	11926		583034	583986	613854	
0.8974	0.9452		22465	22493	22430		619816	623504	639812	
0.1864	0.8022		10000	9983	9970		561247	565401	581263	
0.6415	0.2133		9392	10508	10347		551652	619930	673129	
0.2698	0.8568		13004	13109	12667		625358	616852	664066	
0.5633	0.3788		11808	12403	12317		575903	627723	651668	
0.6796	0.2089		10761	10766	10765		650493	708533	690186	
0.7086	0.0614		7966	7908	8955		535292	588627	648170	
0.5557	0.3747		11147	11095	11018		638764	651604	700378	
0.2513	0.4451		9538	8550	8551		612900	538630	564672	
0.1699	0.7201		10474	10541	10586		584705	589537	629338	
0.3394	0.6968		12396	11291	11228		619799	560091	561477	
0.096	0.2164		6429	5531	5993		577156	514047	581718	
0.48	0.0625		7700	7721	8580		624065	665203	669014	
0.5654	0.9962		18014	18004	17670		605406	637440	590996	
0.1769	0.7032		9727	9833	9842		566795	568196	590266	
0.8906	0.1059		10809	10829	10967		599507	602343	614640	
0.7181	0.7872		17453	17547	18093		560298	589280	656353	
0.768	0.2074		11530	11469	11420		630581	632886	643183	
0.4507	0.3189		9829	9799	9776		584628	587561	607268	
0.3881	0.5557		11243	10792	11884		561125	561188	673871	
0.3634	0.9355		13992	14717	13558		602756	647627	601046	
0.2755	0.3475		8792	8867	7975		630927	617417	566184	
0.1552	0.5469		9072	9216	9037		601386	606614	649941	
0.2586	0.6629		10861	10823	10294		573129	569286	568715	
0.8081	0.2146		11427	10715	12232		625017	573044	677706	
0.3156	0.236		8258	8218	8301		633369	631954	692815	
0.5426	0.423		11596	12040	11232		570624	595659	572051	
0.96	0.9182		23336	23183	22332		601075	646175	558501	
0.2119	0.1605		6564	7098	7089		578774	639830	640286	
0.0844	0.7546		9654	10016	8664		614431	661951	570710	
0.5553	0.2121		8558	9634	9714		524168	614709	652298	
0.4433	0.4304		11248	10831	11304		596806	562635	627972	
0.6207	0.9361		17538	17522	17580		564242	564913	579450	
0.796	0.9214		20328	20429	20469		554496	556259	561963	
0.4069	0.8743		14641	13613	14631		666036	570368	670523	
0.7355	0.218		10020	10549	11051		547984	612640	665903	
0.626	0.2367		9956	10670	10065		592411	620313	646745	
0.5787	0.7705		16558	16489	16379		649742	708466	705720	
0.4346	0.204		8212	7736	8775		580604	538359	668502	
0.6511	0.7957		17293	17427	16180		624175	661142	586515	
0.6219	0.768		16802	16671	16722		654326	687495	713410	
0.645	0.6066		13711	14310	13820		552911	565510	580099	
0.1498	0.7464		10180	10172	9172		612810	641785	571919	
0.2562	0.3844		9271	9335	9264		613377	644782	649079	
0.8701	0.2775		13397	13433	13404		664103	682837	716755	
0.6538	0.6588		15858	15831	15818		632239	644165	689241	
0.8055	0.4797		14733	14972	14839		612516	646602	676284	
0.2431	0.7581		11744	12223	11678		643766	686642	710421	
0.3606	0.4116		9717	10318	9707		651175	673421	623968	
0.126	0.472		7985	7497	7533		594714	593089	580468	
0.9304	0.4018		15180	15651	15700		614024	693661	700992	
0.5643	0.9954		18086	18175	18100		644976	677055	688844	
0.471	0.2472		9483	9531	9663		622935	641438	676757	
0.8708	0.3789		14569	14580	14571		578147	587286	580094	
0.7271	0.8888		18792	19874	19885		559348	632725	667889	
0.118	0.4789		8150	7758	7710		659776	601784	625282	
0.4767	0.9527		16740	17044	15781		690990	672092	607982	
0.8005	0.6336		16931	17692	17612		563077	620805	663282	
0.5419	0.9077		17712	17383	17389		603781	636871	667204	
0.4958	0.0567		7212	7189	7164		563751	582889	589292	
0.1448	0.533		8110	8095	9093		576310	583772	686510	
0.7303	0.9222		20183	20035	20061		625823	660847	691716	
0.9969	0.1032		11171	11222	11195		625155	655146	670446	
0.7767	0.519		15850	15859	15982		673133	654449	696740	
0.771	0.0965		10088	10045	10572		621832	605624	692421	
0.6041	0.3621		11828	11744	11701		645047	655043	652644	
0.8982	0.8627		21063	21109	21007		653719	622486	691415	
0.7052	0.2554		12142	12120	12564		619568	661558	688293	
0.3797	0.4031		10568	10655	10712		680687	703162	713271	
0.5431	0.2603		10659	10726	10883		628911	650179	642439	
0.8438	0.9097		22108	21947	21343		638944	668879	634992	
0.7411	0.9326		19934	18929	20430		614352	553115	646913	
0.7824	0.1047		10179	9597	9747		557349	572709	580849	
0.0755	0.4101		7724	7578	7599		577897	592284	638037	
0.07	0.3965		7347	6875	7060		618556	574342	583013	
0.2673	0.3351		8587	8628	8612		615228	619781	643890	
0.3348	0.2975		8476	8509	8514		646076	654582	660119	
0.1687	0.3389		8299	7824	7800		610109	662134	644633	
0.1818	0.2603		7458	6471	6904		618403	542839	591647	
0.084	0.1274		5906	5890	5917		602505	632237	688947	
0.9198	0.5646		18181	17813	17912		647997	658894	692769	
0.7592	0.9849		21445	20889	20592		618681	679119	679419	
0.084	0.3974		7407	7440	7947		584407	628905	634978	
0.0921	0.2004		6204	6268	6244		603734	620738	655008	
0.5721	0.0908		7968	8988	7445		610129	649676	600323	
0.7077	0.5631		15191	14184	14735		645923	569268	599826	
0.2167	0.4391		8899	9014	7961		666207	674960	601236	
0.5114	0.5928		13379	13239	13232		633107	647119	673327	
0.1013	0.969		11349	11365	10954		634217	659641	700657	
0.9126	0.9797		22939	23037	23059		607331	636929	654809	
0.9003	0.9787		22095	22642	22773		590844	659471	691518	
0.8042	0.3475		12808	12893	13340		589564	604699	668576	
0.4009	0.5668		11010	11962	11092		569141	667394	586082	
0.4348	0.5795		11136	11233	11160		564807	565459	578302	
0.6455	0.3847		12867	12948	12911		594001	620655	638467	
0.7306	0.9732		20222	20269	20314		639230	625681	665412	
0.4478	0.2339		9158	9178	9669		620094	641910	636209	
0.2696	0.4045		9269	9663	9693		621433	637184	657677	
0.1395	0.2685		7822	7338	7265		662930	665024	649292	
0.3028	0.3341		9436	9004	8981		681444	697954	706797	
0.8651	0.721		18959	18927	18892		654623	681957	680681	
0.8251	0.5826		16692	16650	16797		656026	688671	689297	
0.5493	0.0983		8571	8620	8829		633764	664455	660841	
0.2644	0.4172		9404	9371	9506		646903	654276	661851	
0.6143	0.9913		18557	18515	18615		673154	683978	705846	
0.1235	0.5594		8634	8564	8598		646109	643605	676355	
0.3247	0.1775		8061	7958	8235		634279	629001	656347	
0.5386	0.5294		13293	13326	13377		651051	657761	689666	
0.9501	0.6456		19901	19630	19656		632421	649236	667892	
0.1987	0.4459		9052	8985	9035		680763	702403	732812	
0.9121	0.0745		10558	11112	10562		603228	638052	630193	
0.2104	0.2268		6837	6855	7045		546956	557373	575895	
0.3417	0.3394		9097	9121	9148		610461	656083	671143	
0.7583	0.2708		12068	12140	12828		595606	622978	680791	
0.2616	0.2501		7727	7801	8304		596704	626786	689624	
0.1112	0.8217		10462	10496	10183		578045	633412	618059	
0.5812	0.933		17891	17892	17778		708220	712991	711983	
0.2533	0.2626		8341	8367	8328		681576	686253	680991	
0.8156	0.3106		13178	13310	13316		647197	652713	671329	
0.8912	0.9806		22663	22118	22186		645976	597090	608863	
0.8019	0.9597		21280	20079	20165		655213	596486	599714	
0.4374	0.2479		8999	8942	7714		596769	643679	553239	
0.4638	0.776		14691	14202	14061		617999	585160	607428	
0.4035	0.1148		8156	7079	7612		683972	670817	713008	
0.6103	0.1173		9521	7933	9167		658626	568296	654158	
0.2319	0.9795		13230	13159	12603		605651	607642	582572	
0.7534	0.9514		20853	19709	20217		672878	586419	608146	
0.6255	0.4155		11901	13065	13038		537082	653917	653672	
0.6388	0.2223		10426	10635	10059		580217	642530	597051	
0.4792	0.3747		10705	10785	10811		629162	641288	642111	
0.6128	0.389		11551	11508	12083		605713	601530	643450	
0.6075	0.0792		7613	9447	8093		577177	683300	615034	
0.2427	0.3531		7549	8547	7497		548331	641854	551279	
0.9903	0.3549		14945	13897	13911		684438	563196	581422	
0.8975	0.1224		9630	9628	10021		531579	547451	554424	
0.2012	0.1532		5911	5934	5938		540406	563298	568049	
0.7434	0.0847		8879	8793	8817		580529	587182	589920	
0.7846	0.1478		11365	11485	11373		612180	614516	636480	
0.7293	0.2353		11294	11304	11232		631840	658770	680361	
0.0877	0.0657		5488	5431	4857		646469	620183	560352	
0.5324	0.9393		16996	16882	17674		612091	606413	698470	
0.0657	0.0784		4433	4477	5429		570106	550708	675313	
0.7746	0.8354		18789	19859	19334		602476	647160	674004	
0.8931	0.7931		21113	20665	20744		651748	650622	686891	
0.8224	0.8944		21204	21631	21356		673466	684855	705560	
0.7442	0.3306		12648	12627	12529		617507	627350	651162	
0.85	0.4787		15662	15598	15476		686610	693464	723284	
0.7885	0.1418		11334	11265	11247		684307	692082	705564	
0.9633	0.3552		14732	14795	14764		608279	637580	679647	
0.3137	0.8279		13462	13415	13367		622053	644191	667484	
0.1729	0.7879		11042	11033	11137		620271	671860	699301	
0.4568	0.3478		10455	10365	10887		664508	653472	642059	
0.4654	0.4052		9962	9954	11017		562077	565010	677372	
0.4917	0.1563		8587	8551	8119		584580	605744	591210	
0.702	0.066		9272	8254	9299		603017	554494	649544	
0.9582	0.6051		18428	18561	18324		610622	628316	612100	
0.2258	0.7535		11811	11894	11793		626623	652292	663380	
0.0656	0.6953		9307	9400	9264		624880	649899	649544	
0.6024	0.1773		9970	10054	10095		635017	683768	688600	
0.5409	0.9525		17530	17569	17458		672080	667949	691743	
0.237	0.1867		7243	7198	7196		651093	666413	667919	
0.5824	0.4942		12825	12852	12332		651936	634978	588786	
0.3854	0.6871		11814	12896	12876		578451	644980	642591	
0.3287	0.2544		8819	9387	8907		627780	644512	642764	
0.1354	0.2946		7460	7594	7414		657071	699331	698742	
0.3828	0.7409		13191	13714	13311		647965	644821	655446	
0.5406	0.3533		11253	11650	11331		689770	688894	673906	
0.7163	0.0867		9213	9189	9466		632976	677520	664914	
0.9341	0.802		21233	21031	21010		729604	734812	752421	
0.602	0.165		10103	10075	10054		653289	661847	684301	
0.7394	0.7848		18706	18626	18651		656360	693517	657270	
0.0774	0.8776		10476	10915	9903		685113	670436	624501	
0.1599	0.6673		10185	10226	10243		673037	672282	697324	
0.7163	0.7769		18477	17936	18103		656194	672572	682827	
0.0522	0.7888		9468	9404	9420		645755	650481	645485	
0.9322	0.0677		9869	9989	9599		583338	591753	572047	
0.1457	0.9087		10483	11526	11480		534548	634842	672627	
0.5411	0.8122		15938	15932	16031		643372	660243	651758	
0.5262	0.5509		13199	13248	13284		621625	641072	652347	
0.6044	0.0925		8643	8637	8647		577684	595969	595296	
0.166	0.9936		11182	12211	11208		506278	578311	521927	
0.2451	0.5157		9977	8915	9903		583255	533452	603960	
0.3424	0.209		7563	8106	8065		575962	607855	647812	
0.7385	0.2046		11125	11098	11080		649571	631233	631658	
0.6237	0.2151		10180	9103	9127		692930	587860	584988	
0.558	0.9132		16266	16801	17325		548832	580813	637070	
0.8751	0.0738		9373	9371	9397		582323	581120	590158	
0.0644	0.385		7451	7326	7402		623654	643638	658663	
0.4548	0.189		9134	9152	9159		639514	647947	656455	
0.4195	0.1359		8469	8484	8482		661986	660733	670900	
0.1299	0.8242		10791	10875	11380		667685	676995	675284	
0.2491	0.41		9214	9146	9110		697058	705659	697535	
0.907	0.4875		16017	16102	16065		652183	656935	677838	
0.925	0.9703		23015	23043	23051		639559	646264	668120	
0.122	0.4508		8080	8583	8057		674162	675166	670839	
0.1298	0.7331		10674	10229	10240		653108	645547	653413	
0.8834	0.7541		20535	19923	19912		620791	579918	584355	
0.6781	0.2611		12044	11903	11861		580123	577993	572822	
0.8878	0.8024		21200	20720	20787		600986	619262	611244	
0.5671	0.4806		12839	12873	12831		646395	643529	631408	
0.2679	0.9134		13315	13223	13511		639198	637625	637921	
0.6739	0.1461		10388	9394	9348		628627	543178	559539	
0.7773	0.9894		19802	19869	20917		572263	568602	671251	
0.2439	0.5489		10129	10280	10147		693398	702567	714565	
0.3565	0.7972		13521	13636	13560		663059	655700	656328	
0.2658	0.3238		8038	8113	8102		565937	563947	565166	
0.336	0.1211		7166	7286	7213		636077	638780	672729	
0.9068	0.4802		16092	16146	16112		643142	647666	657334	
0.5529	0.9587		17492	17703	17529		622757	635805	619534	
0.0576	0.2392		6164	6247	6166		600924	628483	625297	
0.4014	0.6257		12738	12865	12809		672527	676569	677586	
0.5481	0.2036		9748	9719	9650		677587	678581	672790	
0.64	0.4645		13228	13328	13202		635727	678776	657630	
0.8544	0.7151		18789	19319	18763		664700	670898	667483	
0.3844	0.2613		9465	9486	9495		691880	698263	707063	
0.5062	0.7473		14855	14681	15138		622543	652897	669281	
0.0526	0.4333		7332	7310	7347		638798	683537	666183	
0.456	0.8602		15163	15102	15570		625175	660900	671003	
0.1823	0.3192		7797	8336	7768		626853	634412	645110	
0.1121	0.2034		6569	6523	6581		661208	663667	680098	
0.4148	0.4727		11244	11248	11213		616849	617325	603523	
0.262	0.7245		11726	11737	11738		606637	621721	596795	
0.8562	0.8028		20277	20237	20369		636181	626919	662403	
0.9731	0.5273		18167	18183	18191		597130	614003	637368	
0.3229	0.9093		14647	14301	14227		630935	654296	673283	
0.7372	0.7773		18171	18459	18457		605819	621236	644132	
0.3079	0.3675		8045	8024	8081		570293	569578	561792	
0.1828	0.8616		10299	10368	10430		542435	546761	561982	
0.4375	0.9324		15514	15550	15540		624494	632727	677655	
0.6172	0.4181		12681	12230	12784		634923	596761	632042	
0.1239	0.5128		7579	7599	7561		572409	575397	573279	
0.2056	0.066		6369	6290	6359		658324	654610	620647	
0.5764	0.5237		13679	14127	13689		667164	645551	659737	
0.3587	0.2123		8322	8332	7776		676225	638355	602726	
0.2249	0.4064		9099	9079	9202		649103	680465	685637	
0.8338	0.3239		12815	12922	12902		582404	605574	599645	
0.1123	0.4112		6946	6939	7028		543031	562116	567489	
0.4356	0.5515		11511	11538	12119		583126	577589	634416	
0.2002	0.3649		7236	8076	8443		551766	639262	656668	
0.6251	0.5238		14423	14439	14397		639690	662146	670355	
0.8457	0.7213		18956	18967	18984		641476	647161	655741	
0.5706	0.8324		15654	15647	16756		553253	539935	621200	
0.9088	0.8841		22580	22107	22180		622719	633753	632980	
0.2628	0.195		7630	7668	6560		640364	677126	582559	
0.3573	0.3493		9071	9025	9177		566451	600687	590077	
0.275	0.4806		8606	8622	8582		553558	571336	571771	
0.485	0.344		10709	9753	10831		640759	573498	667423	
0.1856	0.5919		9466	9507	8459		614907	638059	543045	
0.5073	0.5166		12679	12585	12034		570316	590168	556703	
0.9262	0.2723		13415	13497	13335		559605	580591	571506	
0.0889	0.3357		6023	6495	6505		557179	585940	583896	
0.9613	0.077		10889	9835	10714		649839	560814	638290	
0.6427	0.935		18037	18512	18356		582393	668047	670480	
0.7821	0.5531		16154	16382	16065		630722	662041	658209	
0.3167	0.5931		11243	11255	11321		667305	659948	668513	
0.5801	0.8693		15872	16877	16310		566410	645194	606899	
0.4474	0.9378		15116	16248	15035		605278	675133	619801	
0.2859	0.9991		14003	13973	14007		658791	659445	672277	
0.7493	0.1981		10999	11015	10995		629691	656638	665000	
0.902	0.8104		20417	20673	20659		628141	629353	648258	
0.9907	0.8667		22256	22081	22361		658989	635295	662279	
0.7411	0.4869		14200	14114	13926		630630	638291	645157	
0.9292	0.9381		23078	23038	22977		639896	681869	673920	
0.5377	0.1705		9734	9586	9595		654027	696477	691890	
0.8723	0.6457		18425	18480	18046		658456	682625	675348	
0.899	0.9045		22219	21960	22192		635187	683544	687320	
0.572	0.9586		18270	18045	18294		673529	704449	684030	
0.4777	0.1897		9354	9338	8965		634302	661472	607689	
0.7691	0.387		14187	13178	13248		643021	582611	585607	
0.6296	0.6188		14739	14960	14565		666881	646264	674924	
0.4956	0.8995		16417	15747	16330		670384	616531	680157	
0.2769	0.9557		12961	12917	12347		581284	579560	579512	
0.861	0.1544		11783	11468	11698		658899	673529	677629	
0.252	0.3063		8426	8472	8551		619932	643248	642002	
0.0949	0.8129		10932	9927	10443		661422	608088	653182	
0.5085	0.8044		15737	15407	15747		619644	627386	648026	
0.9718	0.6189		18724	18652	18674		623903	632765	629019	
0.7275	0.593		16192	15665	14567		661670	662322	565330	
0.157	0.557		9317	8379	8344		634816	570386	585268	
0.3838	0.8187		13697	13883	13674		598724	597042	601187	
0.5755	0.5709		14042	14172	13043		673128	674767	586158	
0.1498	0.8404		10809	10841	10861		665241	668269	675674	
0.4924	0.0728		8100	8123	8100		636667	658067	662982	
0.6242	0.7889		17363	16835	16937		622833	616331	654023	
0.5369	0.4904		12382	12474	12344		670633	661669	688198	
0.924	0.6176		17851	17925	18437		638723	629601	682886	
0.0907	0.2217		6441	6380	6423		636954	657118	682343	
0.5058	0.9563		17131	17124	17056		661617	658022	647240	
0.9986	0.0881		11019	10962	10931		649563	647027	662010	
0.8127	0.2705		13224	13216	13284		650270	668169	676933	
0.0885	0.2874		6871	6865	7037		657552	689321	690467	
0.3548	0.8829		14513	15142	14571		663351	679880	708620	
0.4526	0.5737		12216	12174	12121		607177	624576	609033	
0.3827	0.0963		7673	7684	8164		672833	689896	695105	
0.8788	0.2107		12420	12413	12476		652587	654961	661059	
0.4082	0.815		14812	14002	14051		655082	602384	606201	
0.2392	0.5006		10011	9939	9927		634955	640690	660537	
0.4533	0.4455		10913	11537	11501		601982	699953	706637	
0.2201	0.5239		9916	9967	10019		688607	691814	699490	
0.8815	0.3224		14094	14016	14122		678309	686409	690412	
0.666	0.0697		9232	9166	9181		612297	625856	633665	
0.4503	0.3855		11173	11214	11128		669603	657992	672942	
0.4284	0.4813		11258	11208	11167		630749	629970	615093	
0.5014	0.074		8250	8569	8196		641975	648556	654083	
0.8471	0.1365		11897	11928	11876		642720	649984	682358	
0.8156	0.8322		19680	19490	19711		550539	570677	570944	
0.2899	0.9083		13786	12796	13918		622045	564305	655366	
0.1469	0.4049		7982	7014	8244		633887	594501	662212	
0.4612	0.2599		9792	9575	8869		619203	638210	609336	
0.5582	0.3066		10825	9779	9796		629393	554704	550586	
0.7359	0.3834		14235	13768	13947		652325	637114	651867	
0.146	0.1975		6690	5792	6753		629207	556757	646973	
0.2061	0.7334		11396	10966	10993		623794	598235	638636	
0.8571	0.5582		16446	16444	16051		612729	625692	597487	
0.661	0.1547		10384	10428	10483		610925	613854	641318	
0.2633	0.9702		13534	12998	13608		663097	568902	639578	
0.6119	0.9065		18280	18346	18244		687331	677685	688859	
0.1681	0.778		10860	10843	10841		609363	608261	617787	
0.8038	0.0675		10108	9787	9910		639812	642339	660272	
0.5624	0.3295		10951	11001	11030		688039	653913	696105	
0.9196	0.5476		17666	16775	17072		662688	600227	604074	
0.4116	0.5197		12005	10924	11074		642871	547792	549699	
0.9116	0.694		19532	19543	18426		677622	682987	589648	
0.7616	0.5674		15988	15067	16259		683461	589321	667677	
0.7975	0.186		11500	10414	10284		609140	549231	553152	
0.5836	0.1996		10105	9603	10053		610188	567314	577656	
0.4926	0.7251		14358	14460	14359		678332	654731	680786	
0.6776	0.6102		15302	15403	15158		648895	677229	682369	
0.242	0.5749		10221	10305	10236		684710	696067	666901	
0.2983	0.8029		12763	12845	12836		626909	624739	635232	
0.6587	0.6796		16324	16317	16332		628743	612100	620585	
0.1789	0.2206		6037	7109	6569		588904	669013	617211	
0.7133	0.4978		12916	13182	13457		561608	591675	592623	
0.2569	0.7935		11732	11735	11847		587013	576590	578780	
0.8826	0.9644		22542	22547	22520		636761	657951	660539	
0.2922	0.1039		7078	7096	7415		640937	687656	679408	
0.7014	0.9522		20012	19812	19892		662635	706000	715200	
0.2927	0.9918		14103	14109	13495		632834	671960	606050	
0.1333	0.4649		7849	8439	7841		554532	619848	580994	
0.6622	0.3673		12689	12325	11241		647781	680810	591455	
0.4065	0.7291		13617	13602	12589		657380	635843	573107	
0.6323	0.2529		11540	10563	10712		694584	602188	607668	
0.6287	0.3558		11468	11435	12038		576928	603557	646619	
0.222	0.5761		10282	10353	10376		698624	700178	683351	
0.9713	0.3691		14399	14936	14935		596344	599868	608668	
0.3805	0.4072		10715	10184	10186		642739	589072	582434	
0.3987	0.1932		8700	8632	8813		632646	655244	665785	
0.7802	0.258		12539	12671	11481		625246	650271	568552	
0.7188	0.2465		10820	10687	11271		555705	576506	638332	
0.4964	0.532		12834	12875	11796		683174	675941	591124	
0.7308	0.6979		16182	16139	17201		585081	594787	670981	
0.8215	0.9884		21633	21765	21652		644401	658962	695135	
0.8032	0.1852		11513	11431	11435		690636	662182	650860	
0.4941	0.6247		12599	12616	12694		592404	619327	615576	
0.5606	0.5231		12034	12791	12828		555603	596548	606787	
0.83	0.6327		17525	17889	17451		580490	582876	583274	
0.2947	0.1686		7881	6814	6681		609503	544610	548880	
0.7592	0.4522		14009	14651	13499		553025	630700	563905	
0.7783	0.2476		11501	10364	10376		634034	567954	566299	
0.4059	0.3437		10270	9194	9311		638651	584476	586405	
0.9794	0.4429		17032	16821	15459		649643	663982	566835	
0.7725	0.7027		17995	17666	17587		645083	624772	652642	
0.3659	0.5965		11627	11194	11733		589461	593347	638647	
0.4217	0.2698		9688	9652	9874		565028	588516	626190	
0.9864	0.9025		23468	23525	23528		605002	634214	626814	
0.7812	0.293		12811	12735	12680		602988	597269	620187	
0.5021	0.4875		12601	12239	12275		642877	649603	645001	
0.1072	0.1483		6186	6180	6213		627987	647694	645341	
0.9737	0.4086		15521	15409	15875		590915	578272	578136	
0.4593	0.2895		10294	10675	10091		635915	650206	637407	
0.8712	0.3092		12451	12818	12555		559730	573121	571827	
0.4417	0.146		7728	8254	7879		569832	575305	586628	
0.0919	0.1654		5581	5559	5664		556524	563914	534458	
0.7623	0.3696		12130	13110	13624		558166	653580	654929	
0.6176	0.33		11666	10526	10834		620963	538346	537262	
0.6142	0.3477		11144	11222	11248		596074	596737	594862	
0.6052	0.2601		10183	11384	10259		559510	646588	572129	
0.7099	0.7316		16123	15784	16382		558069	575753	571345	
0.7652	0.6345		16248	16331	17384		544785	558473	672620	
0.267	0.7375		11781	11810	10609		677104	675089	573329	
0.9409	0.0556		10560	9499	10488		692235	601904	714395	
0.3573	0.2126		7283	8343	8564		536336	621659	620923	
0.3328	0.8943		14045	14183	14122		634842	635379	630473	
0.0564	0.3218		6856	6806	6784		609515	649413	653302	
0.0954	0.9796		10815	10858	10792		568338	591539	591416	
0.3603	0.5027		10842	11215	11183		588620	672830	667622	
0.1342	0.1704		6559	6618	6096		618800	668351	603314	
0.8795	0.509		17148	16618	16568		663970	615973	625320	
0.3407	0.3426		9101	9108	9086		654007	664184	654325	
0.234	0.9243		12831	12478	12960		650008	599677	673448	
0.1939	0.4199		8823	8185	8945		636255	664847	671747	
0.3198	0.766		12995	13075	13087		663263	644186	663947	
0.2441	0.5025		9934	9410	9995		628697	590243	650521	
0.7485	0.6341		16806	16772	16751		626992	617871	614363	
0.1753	0.249		6235	6052	7033		544468	544765	654957	
0.8928	0.0512		10067	9057	10507		608222	535994	616090	
0.629	0.7625		16650	17163	17131		560144	606236	622850	
0.535	0.4606		11723	11769	12335		562366	565097	613047	
0.4548	0.1149		7017	8218	8401		534940	609442	594301	
