28	29	
0.7994	0.7253		15683	16393	15696		673889	700388	612693	
0.5138	0.7174		11755	11648	11998		551702	555216	585124	
0.8225	0.8108		17649	17986	17964		654474	652269	665543	
0.4483	0.2896		7988	7839	8091		683593	648626	626777	
0.9964	0.1742		10237	10245	10770		631736	615181	665026	
0.1835	0.6848		8223	7404	7540		678457	585899	583507	
0.6603	0.3749		10429	10549	10069		654610	628706	599338	
0.6331	0.9378		16618	17035	25331		599957	647455	639708	
0.0863	0.2365		5014	4041	4800		697510	726720	696014	
0.9279	0.4276		14034	13933	13138		712429	684067	657151	
0.3123	0.2699		5659	6483	5729		552969	657099	562893	
0.8086	0.6568		16128	15172	15026		654117	611305	595469	
0.8415	0.4373		12265	11819	12976		591871	571940	665263	
0.3339	0.7835		11356	10203	11351		675162	598790	690384	
0.4563	0.1202		6215	6142	6277		710677	704319	725772	
0.5774	0.1932		8143	6894	7092		640609	571299	585237	
0.2488	0.6168		8783	8599	8644		637245	669442	678868	
0.0841	0.4461		5131	4883	5808		567367	603834	655331	
0.8875	0.1244		8755	8791	8805		642066	651019	661581	
0.6012	0.2432		8599	8402	8804		707593	718767	722766	
0.3973	0.5099		9531	9567	9808		677185	690891	703049	
0.6174	0.5203		11041	11998	12234		559426	649703	667133	
0.4698	0.6756		12166	11028	12156		644667	587755	663801	
0.3548	0.8841		12396	12428	11521		671151	674899	590879	
0.9867	0.4558		14024	14521	15045		590243	622979	686549	
0.7654	0.8166		16473	17414	17404		572339	681001	687349	
0.7264	0.9412		17542	17574	17485		588906	597960	600567	
0.513	0.6622		12327	11989	11648		696719	658562	658132	
0.7295	0.3286		10971	10668	10804		670660	683383	677153	
0.3111	0.7009		10142	10038	10400		654256	685567	704491	
0.8081	0.7815		17156	17134	17973		616476	628344	648680	
0.2197	0.6429		8998	7947	7943		645439	562933	573234	
0.0817	0.2997		5308	4973	4406		676061	688429	596656	
0.8855	0.3334		12515	12357	11425		645394	655949	580710	
0.3455	0.2437		6608	6563	6613		649132	631945	674519	
0.6393	0.4171		11094	10798	10912		720514	751372	743729	
0.5	0.4514		10000	9761	9812		657978	683798	692015	
0.5152	0.1822		7223	7279	7169		697294	702774	704630	
0.5919	0.2062		7161	8310	8355		588378	693263	698569	
0.9213	0.9646		21341	21300	21545		668193	655141	652829	
0.2977	0.1963		6172	6050	6193		677511	696348	680075	
0.6515	0.4961		11901	11928	11888		667128	675188	697289	
0.6643	0.6578		14186	14360	14416		693505	665482	679213	
0.7441	0.7138		15750	15653	15651		734511	731047	755461	
0.9354	0.6001		16464	16374	16340		683609	690460	661011	
0.9928	0.4643		15005	15014	15137		693396	710506	718391	
0.7196	0.8788		17824	17802	17831		724739	724645	739021	
0.4827	0.5799		11127	11084	10337		669040	684666	588302	
0.5268	0.1008		6914	6575	6763		666067	677912	698804	
0.5342	0.5465		11737	11475	11512		654525	654359	672266	
0.788	0.6435		15739	14588	14778		653026	571668	581338	
0.7501	0.9865		18242	19004	19109		607770	715439	745672	
0.5311	0.3699		9121	9365	9284		654104	646809	645685	
0.0964	0.0571		3916	3085	3440		641188	587246	603956	
0.981	0.491		13994	14366	14593		549832	584298	595252	
0.6841	0.8733		15522	16138	16211		589957	620983	625413	
0.3522	0.3524		7672	7674	7759		676386	696716	694734	
0.4701	0.0536		5847	5817	5824		648863	671490	661738	
0.9728	0.4141		14328	14452	13668		659796	647304	621802	
0.5842	0.4505		10422	10296	10526		592766	601704	601676	
0.8504	0.6728		16737	15911	15838		654513	605081	579933	
0.7536	0.8762		18422	18229	18379		639183	641312	662951	
0.0684	0.3316		4577	4565	4843		586461	601404	617846	
0.3152	0.9741		11541	12324	12213		599816	632208	636841	
0.863	0.0616		8079	8247	8440		688864	707746	728591	
0.7094	0.4572		11897	12423	12399		590466	677138	707769	
0.1936	0.8386		9810	9779	9911		669148	658077	724825	
0.2925	0.6045		8470	9172	9357		597363	624268	657718	
0.1058	0.4526		6108	6065	6090		601619	642103	666684	
0.4414	0.796		12771	12595	12637		566232	585953	610472	
0.9037	0.3175		12299	12306	12522		635408	667917	692112	
0.0578	0.2475		4604	4414	4578		593615	647375	639658	
0.6426	0.5557		12704	12551	12552		649409	668827	658962	
0.6604	0.6244		13551	12812	13516		641606	609691	672074	
0.2611	0.2293		6046	5311	5410		612731	576923	551750	
0.0864	0.7883		7289	8142	8090		543639	636926	651054	
0.2085	0.6595		8948	8724	8882		618531	628491	665782	
0.4872	0.9194		14603	14566	14712		628600	675129	673296	
0.2081	0.1484		4499	4706	4525		601103	600973	597856	
0.7536	0.102		8157	8014	8240		608320	595952	616838	
0.8214	0.9454		20198	20146	19786		686463	692452	684744	
0.5416	0.6496		12600	12545	12804		704987	708291	716549	
0.4929	0.0576		5069	4835	5891		557469	555354	646209	
0.5114	0.3026		8025	8129	8556		596560	601433	661290	
0.5733	0.1748		7070	7460	6870		581070	619672	598980	
0.3277	0.82		10385	10311	10442		524349	534396	535429	
0.6477	0.9373		15813	15892	16068		590941	590630	590658	
0.1482	0.4803		5784	5777	5749		560693	561003	572261	
0.5803	0.2471		7370	7457	8455		546650	558011	664029	
0.9618	0.5093		15865	16013	15982		643175	629046	637970	
0.4998	0.5087		10724	10033	10017		624922	575878	575696	
0.6124	0.4566		10381	11366	10289		567890	647442	566264	
0.5058	0.9791		15331	14650	15487		649487	567624	685167	
0.556	0.0875		5948	6107	5870		546332	576228	551705	
0.8881	0.6519		15970	15931	16878		523471	523468	629556	
0.5131	0.4689		10390	10287	10516		658420	655381	693401	
0.1949	0.7542		9314	8713	8660		629133	591666	593654	
0.9349	0.8201		19179	19101	19080		594349	592485	620123	
0.5103	0.4081		9819	8589	9748		625748	547569	645291	
0.6615	0.3917		10527	10705	10564		514195	525006	542991	
0.1214	0.305		5552	5601	5444		562241	566011	569623	
0.4402	0.3831		9107	9059	9126		565842	560125	605805	
0.1453	0.9505		9438	9332	10036		581518	577523	637145	
0.063	0.2471		3871	4674	4695		555587	620649	636699	
0.7783	0.7462		15416	16243	16449		568896	651374	649828	
0.7233	0.9604		18647	17521	18581		646455	566691	669254	
0.7183	0.8823		16769	17720	17750		562719	644822	642909	
0.9038	0.795		18035	18737	18641		658035	675596	674148	
0.2819	0.664		10061	10103	9273		620866	607152	588162	
0.9555	0.5225		15396	15585	15446		580572	597174	594810	
0.7211	0.9293		18317	17369	18250		598984	531646	621151	
0.4749	0.3454		8919	9032	9000		639022	657809	665493	
0.1611	0.9602		10091	10345	10526		606818	628863	606809	
0.2662	0.9581		12016	11879	11962		640476	668161	674403	
0.9608	0.7684		19621	19531	19752		651968	687213	629818	
0.6074	0.3846		10742	10750	10574		641462	678356	707743	
0.2899	0.2308		6418	6397	6219		652585	698447	706942	
0.7132	0.7877		16417	16588	16568		625948	636181	695209	
0.2543	0.8526		11160	10393	9640		637614	610330	597348	
0.144	0.0914		4437	4182	3639		609133	618431	596203	
0.794	0.8269		17005	17219	17485		539179	578898	600292	
0.9311	0.9156		20540	21023	21040		571887	664793	686288	
0.3329	0.6711		10456	10470	10323		592578	598383	632736	
0.676	0.8982		17102	16775	16542		628479	632899	642835	
0.8196	0.134		8436	9341	8417		525042	633822	543101	
0.2139	0.3964		6812	7248	7124		636175	654382	670469	
0.91	0.6073		16387	16365	16293		656935	662599	697806	
0.1708	0.9066		9837	9852	10010		628257	634702	682896	
0.9554	0.3999		14238	14281	14172		628921	699990	721808	
0.1397	0.8818		9254	9203	9513		698939	725518	710726	
0.6048	0.0928		6972	6386	7078		623743	587886	645495	
0.7151	0.2736		10214	10200	10168		612508	655647	678586	
0.6858	0.5829		12795	12963	12860		594733	616733	622319	
0.3047	0.7166		9367	9324	9417		519158	518324	536563	
0.0638	0.3827		4885	4876	5610		581897	605573	623148	
0.5836	0.8468		15234	14155	14791		636034	564822	639720	
0.4716	0.9542		14582	14246	14462		599952	612650	623338	
0.2041	0.8462		9650	10088	9227		590824	658188	570261	
0.5629	0.6262		11825	12954	12953		556053	647455	668397	
0.9279	0.4118		14128	13986	13932		682440	686321	716544	
0.9531	0.1425		10383	10385	10313		629748	655488	671889	
0.4144	0.1574		6771	6717	6713		657602	657294	657931	
0.9632	0.2949		12472	12489	12474		623409	647147	647224	
0.9182	0.085		9168	9159	9245		679019	673209	691074	
0.1112	0.4799		6560	5965	5971		570396	570870	547975	
0.7764	0.0692		7415	8046	8006		604524	678266	688805	
0.1773	0.9804		10750	10503	10703		617282	661682	673571	
0.6581	0.5202		12662	12604	12628		648873	636958	644445	
0.3271	0.6621		10149	10113	10190		613244	650204	677674	
0.4402	0.4433		8925	9139	8946		592661	598432	596304	
0.4802	0.7257		12645	12131	12634		646114	587740	629511	
0.2891	0.2964		7033	5939	5936		653337	564350	568916	
0.2487	0.8733		10500	9608	10684		628310	545367	643345	
0.1794	0.2605		5168	5127	5709		580090	587088	643994	
0.6399	0.9562		17176	17132	17344		667472	697312	688122	
0.4506	0.3369		8621	8342	7633		674552	677175	661287	
0.4278	0.7513		11685	11704	12324		594272	606495	627505	
0.888	0.9075		20151	20048	20223		682228	693488	697321	
0.6308	0.3929		10814	10933	10808		615385	599168	587957	
0.2309	0.4547		7440	7544	7475		669707	693755	717627	
0.2758	0.3082		6684	6667	6842		673688	665557	665988	
0.3779	0.9517		13513	13320	13512		624129	626910	625104	
0.5621	0.2633		8979	8055	8269		588038	558452	571131	
0.5289	0.2133		6978	8179	6811		566431	668647	580222	
0.5345	0.491		10680	10701	10675		636626	658228	661568	
0.4497	0.7527		12605	12571	12604		590840	587083	606336	
0.6886	0.6821		14714	14621	14641		602129	603100	623909	
0.1488	0.1143		4282	4296	3957		631204	611074	592816	
0.7921	0.9211		18640	18613	18667		656106	645159	673792	
0.088	0.0556		3509	3508	3689		612078	609328	621250	
0.8179	0.954		19827	19931	19989		615020	617832	615937	
0.613	0.3583		10007	10012	10005		658348	626388	650271	
0.1891	0.4322		6895	6896	6955		631263	643498	667286	
0.9248	0.2324		10984	11138	11147		611377	618873	667494	
0.4524	0.4686		9647	9620	9652		602804	610195	654265	
0.1723	0.5578		7509	7478	7550		622494	650055	652342	
0.3894	0.2959		7398	7401	6915		634455	622564	606528	
0.857	0.5547		15046	15046	13646		616624	673232	578304	
0.5614	0.5931		10855	10796	11410		546845	547247	589565	
0.7897	0.8035		16839	17454	17485		612650	684704	680167	
0.8082	0.946		19039	18886	18952		584921	608508	620277	
0.459	0.5215		10437	9773	9951		636460	597318	606738	
0.4887	0.7448		11876	11627	11975		583737	591639	604476	
0.5524	0.8602		15214	15084	14955		635240	630261	642952	
0.0761	0.2332		4785	4771	4635		577242	609779	599445	
0.5945	0.5047		11817	11817	11864		614201	617173	647464	
0.894	0.3977		13568	13629	13616		630359	630985	675524	
0.4779	0.1909		7419	6722	7417		593413	550507	641914	
0.5693	0.5558		10813	10871	12111		541498	547542	641093	
0.4056	0.5118		8647	9672	8787		513115	623471	542223	
0.1889	0.3715		6419	6388	6484		631572	632495	648928	
0.9373	0.3678		12671	12619	12890		581802	645575	628475	
0.5121	0.1784		7252	7303	7478		604610	606068	597901	
0.4553	0.142		6767	6676	6531		586066	588589	627962	
0.8549	0.5872		15389	15407	15022		588192	606846	581727	
0.6517	0.3756		10901	11043	11030		584441	614300	619270	
0.5375	0.9526		15113	14984	15019		565347	572877	575596	
0.5425	0.4594		9481	10559	10654		525521	623317	612454	
0.808	0.9503		19630	19614	19629		659684	643722	661301	
0.75	0.7332		15748	15851	15781		614775	626656	689638	
0.3261	0.235		6455	6544	6356		587200	587972	605652	
0.6369	0.8416		15785	15762	15874		591789	597601	622074	
0.4114	0.9346		13349	13361	13440		606209	608738	627274	
0.9957	0.8641		21047	20960	20564		621419	655936	659622	
0.6302	0.5381		11638	11379	11572		503424	500079	506590	
0.1501	0.3745		5399	5612	5409		563731	564818	581243	
0.2131	0.8752		10455	9273	10299		593594	541156	622894	
0.2627	0.391		6358	7381	6943		524533	594805	584875	
0.2798	0.6142		9032	9102	9147		607970	628892	649005	
0.8337	0.4356		12976	12962	12229		587759	590355	593454	
0.2825	0.3466		6598	6564	6679		564940	579618	606975	
0.0588	0.4034		5381	5390	4425		590742	586914	538311	
0.214	0.5121		7109	7101	7166		594507	609096	634883	
0.7847	0.226		10009	9802	9945		607132	639066	668303	
0.382	0.3586		7413	7361	8067		589135	598099	633933	
0.8486	0.8332		19093	18057	18692		607510	585203	643989	
0.0828	0.3768		5679	5624	5136		584556	573001	542773	
0.271	0.7086		9239	9266	9795		578906	582023	616747	
0.5537	0.2968		8195	8812	8838		605499	635590	658728	
0.4969	0.6496		12055	12067	12076		582285	605819	640139	
0.1167	0.4194		5487	5437	6273		562593	571607	630385	
0.3475	0.6936		9864	10094	10327		594746	624714	650950	
0.4228	0.9872		14496	14285	14219		550271	576949	593865	
0.4443	0.434		9465	8214	9390		626156	558564	655084	
0.8462	0.9189		19440	19460	19531		550968	558885	561588	
0.8521	0.9026		18886	19992	18779		567565	691140	608196	
0.3318	0.3349		6873	6880	7458		592812	587790	627796	
0.5351	0.9977		15905	15942	14980		625325	651533	573493	
0.6791	0.8374		16399	16422	16418		642708	664266	685676	
0.7715	0.1262		8910	8915	8967		597507	627045	626883	
0.4487	0.5803		10794	10761	10906		592917	592785	618435	
0.644	0.9695		17723	16823	16499		615054	566101	555495	
0.6464	0.4419		11669	11599	11624		596292	608820	620265	
0.4392	0.4762		9099	9686	9687		562991	603153	645622	
0.3814	0.5658		10139	10040	10033		621845	624072	633315	
0.5867	0.722		13892	13817	14087		619241	633084	647517	
0.2596	0.6783		9437	9458	8864		565667	569303	555285	
0.4978	0.3954		9473	9464	9530		615631	618518	636830	
0.5056	0.6648		11362	12221	12467		553300	639221	649238	
0.7095	0.1581		7639	7663	8630		520776	525980	629366	
0.481	0.9286		14553	13943	13936		624679	590092	604809	
0.6202	0.0796		6145	7076	7120		585714	667007	675451	
0.4469	0.1962		6610	7177	6093		538402	576636	516519	
0.7171	0.3036		10233	10274	10195		592103	599014	617453	
0.3182	0.2311		5806	5774	6342		563657	573759	614185	
0.3175	0.7451		9994	9963	10040		587733	588656	613315	
0.4052	0.4793		9267	8755	8737		590099	555560	562661	
0.4318	0.3289		8284	8279	8340		634812	644123	685137	
0.2393	0.3213		5983	5966	6158		589341	580492	597329	
0.3421	0.7503		10534	10030	11060		546144	519089	583285	
0.9038	0.3623		11985	12014	12203		567726	572807	583160	
0.6793	0.6431		13757	13819	14455		583109	580464	652336	
0.684	0.4607		12231	12212	12160		643126	639553	666370	
0.1312	0.169		4547	4586	4558		600479	599174	644514	
0.4754	0.399		9395	9373	9396		665579	700539	709779	
0.0584	0.295		4881	4736	4915		642728	681373	667030	
0.384	0.409		8635	8564	8732		629743	652365	652800	
0.6885	0.7693		16001	15951	15984		625304	618041	674151	
0.5907	0.8463		14699	14512	14570		562465	561879	564102	
0.2631	0.9669		10910	10916	10921		583051	582415	604255	
0.2242	0.9426		9989	11004	10034		578285	661940	592881	
0.48	0.6849		12019	10927	11441		616416	540442	589813	
0.9568	0.6918		18500	18442	18450		635947	644302	678012	
0.8777	0.667		16993	16765	16805		627737	626803	636088	
0.1217	0.4652		6277	6301	6305		624640	614111	659326	
0.2503	0.6098		8952	8883	8897		615777	624239	668460	
0.8263	0.5917		14915	15078	15174		623244	634635	632335	
0.9964	0.6043		17128	17099	17172		627870	638694	656323	
0.3305	0.6094		9737	9801	9685		630956	635591	626499	
0.0898	0.8562		7961	7746	7909		553242	552168	551223	
0.7512	0.9635		19097	18984	19112		621663	629099	644888	
0.2596	0.2527		5853	6233	6346		570399	604736	610224	
0.757	0.057		7541	7713	7499		605087	594101	621243	
0.7456	0.7288		14729	15004	14963		564372	575926	582308	
0.7106	0.7935		15247	15666	15728		577609	586846	594589	
0.0773	0.997		8931	8540	8492		571499	550840	556515	
0.856	0.908		20164	19767	18808		639289	641713	568173	
0.6906	0.1942		9008	9059	7929		596644	602436	557054	
0.7308	0.2389		9389	8868	9537		585714	560955	608676	
0.3912	0.3609		8154	8082	8236		654629	640781	687868	
0.6356	0.7335		14548	14527	14281		587476	618139	625607	
0.0853	0.3261		5179	5192	5171		610608	633005	631102	
0.3852	0.7421		11410	11364	11303		602102	646180	631998	
0.8099	0.2345		10370	10056	10336		669646	630444	648715	
0.7677	0.1243		8294	8252	8307		599541	603252	608530	
0.6927	0.3462		10692	10591	10663		583783	602419	648147	
0.8783	0.7512		18405	18335	18415		607804	629209	662080	
0.5738	0.1661		7720	7701	7746		605638	612333	612805	
0.1432	0.3885		6182	6393	5763		628600	619106	602916	
0.1949	0.1511		4965	4021	5109		611374	550817	620815	
0.6379	0.54		11398	11756	11833		577026	586238	585423	
0.2078	0.2946		5073	6069	5210		548833	655892	562563	
0.9301	0.9487		21003	21099	21196		597775	602382	597782	
0.4316	0.4631		9102	9429	9159		565643	592197	568298	
0.7204	0.9177		18079	18090	17460		616554	640314	574134	
0.7802	0.588		14519	14406	14414		653861	660388	668621	
0.142	0.6897		8186	8260	8298		630407	622563	636306	
0.5174	0.295		8709	8636	8703		664552	665606	691663	
0.8868	0.1741		9089	9104	9083		550468	549728	552468	
0.7653	0.2937		10861	9433	9663		657438	561681	561911	
0.4258	0.7782		12546	11412	12487		617034	565263	647073	
0.5086	0.1857		6774	6732	6830		587556	584066	588270	
0.3536	0.6369		10290	10227	10388		633146	634112	681396	
0.9037	0.4509		14106	14134	14037		621782	650445	651528	
0.9826	0.644		17893	17183	17818		625980	622424	641503	
0.1552	0.1756		4254	4182	4193		597081	594678	591611	
0.6078	0.4289		10731	10113	10167		661796	618771	628550	
0.2783	0.6469		8862	9475	9498		601478	630422	651502	
0.4948	0.679		12303	12110	12172		587576	595518	627643	
0.4176	0.7285		11709	11796	11675		650609	636421	630918	
0.7554	0.8215		16996	17216	17068		610085	618748	649594	
0.0547	0.1005		3775	3745	3892		635532	655244	697236	
0.9194	0.2762		11994	11850	11857		591336	613278	632643	
0.3762	0.1408		6280	6245	6454		638023	636879	689327	
0.4191	0.53		9973	9765	9868		617119	615410	655469	
0.4208	0.2004		6836	6738	6932		639427	670629	654462	
0.4744	0.1846		7152	7209	6535		642938	659312	622363	
0.4708	0.959		14831	14825	14956		615208	626942	625197	
0.2788	0.8704		11230	10129	10152		649431	575460	590536	
0.7761	0.989		19200	19214	18335		636197	644244	585834	
0.6745	0.115		7511	6848	6664		625814	571055	569911	
0.9433	0.7172		17723	17666	17328		614506	597250	578368	
0.9564	0.9752		22278	22363	22284		612236	618990	631410	
0.4072	0.4697		9241	9360	9515		651837	690409	698747	
0.7105	0.2269		8753	9510	9362		589128	633664	672149	
0.2725	0.1506		5397	5407	4918		679597	685429	637173	
0.3628	0.244		6015	5859	6103		536530	541558	540961	
0.5487	0.6542		11937	12447	12724		577727	622536	680830	
0.3181	0.5967		9457	9474	9435		691394	707385	712732	
0.6225	0.9426		16873	16926	16983		700381	705323	723769	
0.2895	0.7521		10646	10936	10785		613201	636280	636687	
0.3496	0.498		8849	8829	8865		603648	637735	683323	
0.269	0.821		10834	10698	10937		617787	626964	605465	
0.9981	0.4232		14912	14639	14657		649264	636225	633132	
0.4177	0.4144		9228	9163	8917		664505	669318	708592	
0.3117	0.7514		10945	10820	10865		627673	634977	630229	
0.4165	0.8869		13359	12286	13454		621423	547652	635621	
0.2145	0.8369		10300	9543	10155		640111	595788	655056	
0.6657	0.8228		15103	15508	15596		560347	603818	606888	
0.2806	0.2038		5856	4861	5863		620448	543250	644945	
0.8233	0.2221		9079	9359	10270		591019	563929	644508	
0.6009	0.2197		8420	8421	7929		619295	622952	586356	
0.6893	0.5466		12977	13035	13122		654476	685870	679867	
0.3801	0.4432		9216	9184	9060		592299	604415	611982	
0.5665	0.163		7918	7983	7851		694427	704365	714160	
0.9372	0.8208		19625	18884	19514		642201	600877	649064	
0.3282	0.7577		11396	11523	11394		655958	687850	714503	
0.9195	0.5589		14926	15048	15293		571513	582790	633630	
0.365	0.3667		6864	6938	6876		529819	547206	538510	
0.9393	0.8672		20430	20385	20170		715005	734555	740808	
0.9813	0.2368		10962	10772	10534		588428	584305	564503	
0.7059	0.861		16277	17058	17315		559319	668761	662596	
0.656	0.7755		15439	15268	15264		648662	666156	645460	
0.3817	0.7353		10271	10558	10548		543983	554356	543493	
0.7881	0.0545		7039	7202	7065		550014	561852	570118	
0.7975	0.3014		10122	10363	10354		558522	565158	579903	
0.3988	0.6378		9776	10884	10792		603578	691222	720350	
0.0614	0.1703		4024	3083	3283		644627	556582	555153	
0.5479	0.8417		14151	14295	14265		573482	598863	607214	
0.987	0.6688		17088	17140	17355		563597	585835	591959	
0.0792	0.5433		6073	6236	5920		588982	599405	599991	
0.7324	0.3757		11225	11059	12022		611057	610818	660829	
0.0518	0.7983		7869	7283	7897		654300	703716	698897	
0.6324	0.2541		8833	9483	9501		611789	623665	666180	
0.8165	0.0826		8538	8380	8379		666040	658014	679451	
0.3545	0.8724		11718	12059	12067		593881	633563	617226	
0.1643	0.4942		7295	7188	6988		611129	644885	666627	
0.6878	0.402		10311	10479	11524		558318	558944	655555	
0.3745	0.3426		7663	7798	7548		603542	625998	614158	
0.4906	0.6908		12437	12747	12735		653575	677551	700560	
0.8079	0.1741		9456	9697	9637		649745	658310	671066	
0.5942	0.724		14244	13999	13896		657559	667108	676104	
0.9976	0.0838		9614	9446	9662		620844	655519	658291	
0.2315	0.46		7842	7684	7430		638093	669116	665803	
0.6807	0.4997		12136	12233	12228		640412	655292	625436	
0.083	0.8048		8255	8080	8020		651231	688478	679831	
0.2369	0.7696		10044	10181	10137		661665	691182	693534	
0.0838	0.9181		8992	8693	8938		678621	669511	696717	
0.9363	0.5098		15268	15482	15513		685860	708882	717080	
0.7635	0.098		8079	8130	8104		659744	687697	707392	
0.9417	0.0809		9198	9153	8494		621745	635648	546382	
0.1406	0.1339		4561	3513	4416		666648	583067	676069	
0.8449	0.1248		7893	8169	7961		559158	604700	574517	
0.2334	0.0909		4741	4595	4729		628314	657088	653029	
0.2546	0.8446		10125	9649	10897		555050	553229	621436	
0.6534	0.1969		7616	7609	8817		591782	588764	671004	
0.6067	0.4872		11285	11271	11367		661841	702640	690655	
0.7039	0.5049		13475	13410	13353		601620	606856	619347	
0.3054	0.6763		9995	9978	10000		637214	632351	605108	
0.6092	0.8405		14154	15568	15367		557069	659228	677884	
0.2221	0.0569		3363	4669	4642		573030	663967	681302	
0.9752	0.9257		21431	21041	21749		594825	616110	683628	
0.7794	0.1054		8314	7279	8336		660383	581005	692928	
0.5598	0.7365		13534	13559	13499		679705	687694	693069	
0.781	0.8936		17679	18803	18586		585998	645718	639986	
0.7589	0.5747		13307	13362	14397		516590	516667	639085	
0.7269	0.1572		8810	9107	8759		615772	622376	652664	
0.6301	0.2166		8931	8813	8823		615098	639353	651933	
0.2164	0.951		10872	10841	11000		636808	656600	676818	
0.9104	0.6365		17097	17114	17024		640023	677389	671331	
0.7082	0.9793		18551	18241	18297		626959	630710	672869	
0.6643	0.4627		11997	11732	11748		645574	700043	717972	
0.3385	0.2587		6503	7089	7029		654867	692917	683493	
0.4547	0.1182		6438	6433	6386		607200	653464	662877	
0.3456	0.146		5975	5158	6187		608468	559752	654081	
0.3426	0.1303		5877	6231	6005		582998	607409	609835	
0.8044	0.4563		13253	12711	13276		623771	602638	663284	
0.1753	0.9796		10473	10062	9898		633559	598733	605738	
0.676	0.5936		13546	13487	13454		635117	624485	666031	
0.7922	0.5516		14365	14330	14329		610531	633585	640328	
0.4548	0.1135		5242	5848	6404		517065	563257	615835	
0.4107	0.7528		12193	12270	11147		640427	672528	567521	
0.0797	0.087		2812	2782	3826		538157	557533	675647	
0.5528	0.2579		8723	8747	7701		697390	691205	718366	
0.8732	0.4896		13069	13115	14037		560606	568028	691366	
0.228	0.2075		5516	4552	4659		694784	587861	593716	
0.3663	0.7039		10554	10945	11015		685950	677743	690152	
0.2809	0.8207		10109	10728	10681		624494	672815	668978	
0.2098	0.9003		10624	10445	10752		647762	647643	670319	
0.7314	0.456		12387	12524	12662		616421	616517	648993	
0.6892	0.0656		7508	7450	7644		620245	663985	657244	
0.3898	0.2258		6897	7121	7064		621667	648079	631210	
0.6317	0.0539		6897	6100	6326		583114	567656	565258	
0.2096	0.2907		5525	5436	5575		568452	566804	594651	
0.1453	0.8117		8915	7848	9148		601283	534529	617024	
0.1096	0.9163		8597	8635	8830		590618	590616	614226	
0.6815	0.5145		12849	11821	11827		661371	571246	589483	
0.743	0.2917		10761	10380	10381		633680	636134	653718	
0.319	0.8408		11270	11645	11521		632006	682115	679479	
0.3036	0.9284		12282	12271	12041		618795	616508	655739	
0.2775	0.2053		5918	5932	6093		609392	648750	660802	
0.1196	0.2519		5291	5283	5337		591774	611135	628573	
0.4028	0.3135		7937	8054	7978		625896	596098	626884	
0.3868	0.4784		8465	8553	8652		552569	554677	569249	
0.4056	0.7593		11469	11269	11575		569792	572882	585870	
0.5482	0.7993		14453	14132	13211		621916	626141	555892	
0.4753	0.6974		11894	11904	12033		588486	581462	611884	
0.75	0.3051		10002	9816	10179		574252	597952	599905	
0.9867	0.9714		22482	22507	22848		639073	650697	714955	
0.4686	0.1305		6220	6065	5621		589078	609100	575051	
0.5643	0.6775		13378	13298	13299		588955	605927	656983	
0.3977	0.3841		8560	8642	8539		638074	631401	672851	
0.6083	0.216		8333	8550	7955		629216	629508	586747	
0.2275	0.9218		10235	10350	10311		563895	565542	569623	
0.9057	0.1201		8598	8647	8611		579347	581841	594865	
0.4369	0.6881		11645	11583	10695		615328	636246	555801	
0.4355	0.8187		12851	11942	11995		602541	522947	543616	
0.3212	0.9829		12443	11446	11774		636735	573141	588052	
0.9821	0.1934		11390	10512	10597		633192	632963	604222	
0.4187	0.7786		12001	11665	11762		584928	587150	587336	
0.9405	0.6707		17090	17149	17178		548756	574957	573440	
0.8171	0.8488		18697	17376	17267		654524	555477	574404	
0.2744	0.6726		8494	9565	8626		550669	627302	559257	
0.5981	0.3008		9107	9416	9704		616606	625239	673972	
0.6964	0.8053		16212	16173	16233		637258	656846	698732	
0.6777	0.2987		9984	10398	9809		648617	672233	626463	
0.526	0.4554		10394	9352	9541		662747	569700	576702	
0.1483	0.9085		9562	9272	9219		593100	614342	627060	
0.1825	0.4894		7399	7285	7441		676414	690230	703518	
0.2419	0.4635		6834	7542	6658		572603	692231	582886	
0.538	0.6863		12427	12350	12342		601426	616637	627307	
0.6547	0.6037		12802	12855	12638		574712	604976	600190	
0.6714	0.6747		14546	14494	14453		641594	660245	703056	
0.4675	0.4513		9768	9802	9971		636079	664894	678577	
0.7421	0.283		10438	10414	10679		656615	695702	694545	
0.343	0.4022		8287	7992	8027		673178	650152	647495	
0.4324	0.0588		4802	4626	4752		537648	537330	546012	
0.582	0.6631		12155	12241	12224		575618	576757	582531	
0.94	0.8973		20820	20509	20665		595824	608861	622961	
0.268	0.3007		5834	5640	6814		580053	582819	687714	
0.6749	0.4936		11257	12161	12247		562793	651157	659411	
0.0536	0.215		4593	4477	3525		610160	645197	559008	
0.855	0.4533		13695	12623	13957		605305	568809	653796	
0.3821	0.3487		7998	7928	8089		651937	699142	697211	
0.3917	0.2364		6981	7027	7063		623358	622001	696007	
0.7666	0.8179		17242	17272	17472		603897	615946	607238	
0.7983	0.8968		18438	18506	19062		602484	640943	696445	
0.4671	0.4781		8673	8657	9641		565099	566715	672212	
0.6526	0.8143		15148	14926	14950		596490	587716	608693	
0.8787	0.9747		20840	20873	20647		670465	661127	665631	
0.6355	0.772		15176	14948	15207		649161	655577	661919	
0.1859	0.0652		4509	4528	4415		644460	688328	666286	
0.6137	0.8069		15373	15328	15354		657772	675453	696127	
0.8394	0.4103		12423	12278	12499		556938	578285	596049	
0.1267	0.768		8806	8577	8787		692789	669149	690664	
0.8781	0.5209		15030	15188	15135		664423	628509	698248	
0.2402	0.0933		4968	4659	4899		618528	631511	669586	
0.5089	0.7239		12848	12846	12970		636110	668628	695607	
0.8398	0.5772		14713	14816	14634		589409	589391	600732	
0.2905	0.3897		7784	7532	7807		626660	608254	639222	
0.2016	0.9709		10891	10798	10784		608011	626462	666100	
0.4782	0.083		6551	6353	6401		606997	607037	610146	
0.5835	0.3374		9720	9796	9839		671167	669055	686175	
0.7424	0.4712		12720	12588	12645		646828	698158	698412	
0.886	0.8044		18501	18491	18440		630770	655739	674255	
0.7297	0.9433		18626	18568	18284		681158	704331	708808	
0.5177	0.1718		7409	7311	7500		608361	661733	678468	
0.3641	0.6258		10417	10627	10421		649025	660672	687272	
0.5347	0.979		15986	15856	15859		644857	672828	689631	
0.8848	0.9404		20097	20981	21064		679892	674653	700167	
0.7175	0.5961		13915	13978	13128		618156	652734	607574	
0.2357	0.1696		4502	5190	4882		557568	617640	596635	
0.5542	0.8596		14344	14344	14392		621852	642728	655149	
0.2893	0.3148		7214	6457	6463		654113	590098	610854	
0.4278	0.8802		12978	13573	12527		588388	634530	556730	
0.4941	0.2172		7735	7795	7777		661836	678237	730775	
0.2928	0.7294		10158	10269	10351		595600	616864	660577	
0.0822	0.1314		4121	4159	4246		654234	650478	690783	
0.1649	0.8982		9848	9937	10003		673475	701573	713564	
0.9095	0.7739		18029	17536	18482		560414	577869	639147	
0.8671	0.4122		12855	12676	12792		623063	619350	628206	
0.6693	0.9253		16955	17655	17425		567589	659944	675103	
0.5991	0.8727		15860	15857	15723		637047	642609	652430	
0.3925	0.9089		13358	13354	13540		625816	680696	675470	
0.1825	0.5873		7950	7007	7407		663502	581204	617920	
0.469	0.2685		7392	8179	7349		553614	662213	582030	
0.2593	0.0888		4905	4327	4076		676862	626495	597251	
0.7566	0.6127		13721	13981	14120		555242	609986	609551	
0.2454	0.2462		5935	5890	6070		660553	675048	682396	
0.661	0.4155		11561	11562	10472		684462	707878	688762	
0.842	0.0564		7825	7852	8122		642466	657752	678632	
0.2961	0.6701		9583	9940	9838		625111	662066	700254	
0.7261	0.54		13590	13555	13678		626562	651991	668746	
0.1949	0.8348		10090	10061	10021		629127	679048	697581	
0.5509	0.1873		7960	7621	7785		608188	650537	664294	
0.2212	0.1609		5452	5169	5153		664526	636241	691612	
0.3996	0.2521		7615	7878	7683		613983	670653	683267	
0.9479	0.6986		17630	17632	17843		607977	632891	633079	
0.3584	0.0684		4900	5053	4905		558253	581877	592119	
0.3812	0.6214		9861	9618	10036		583758	606722	620104	
0.4375	0.6414		10745	10792	11347		558224	580018	664280	
0.0797	0.7163		7113	6940	6916		602301	607466	610285	
0.9772	0.2459		10773	11357	10345		593637	643899	562776	
0.9844	0.0648		8586	8540	9067		540628	559096	592108	
0.3234	0.5892		8519	8394	8526		584550	594177	594796	
0.5861	0.1018		7300	7125	7207		631110	656680	656421	
0.858	0.9642		20303	19083	19038		646447	589939	592362	
0.6665	0.6345		14307	13397	14263		634511	565032	649077	
0.9092	0.2777		11100	11023	11062		570706	574398	592772	
0.07	0.9379		8306	8810	8340		580496	620596	586164	
0.9823	0.9766		22682	22680	22687		620613	630866	689463	
0.8125	0.2876		11159	11024	11207		636334	605676	648341	
0.9484	0.383		14092	13994	13768		644158	654974	680985	
0.181	0.727		8899	8713	8827		619779	652950	650682	
0.5114	0.6153		11739	11661	10904		647371	685605	592556	
0.7549	0.1362		7769	8486	8282		570635	620428	660859	
0.3436	0.8736		12126	12033	11967		648936	657815	695690	
0.8906	0.8678		19496	19237	19298		657984	683823	708255	
0.3049	0.5286		9183	9053	8932		634337	657721	663877	
0.4448	0.6532		11695	11737	11629		657982	681902	697076	
0.4936	0.7011		12621	12638	12674		648442	656802	688979	
0.9971	0.8264		20608	20502	20136		623682	666258	687970	
0.798	0.3069		11377	11200	11236		673561	689795	710375	
0.2738	0.3715		7322	6835	7118		645093	641643	655936	
0.299	0.0704		4290	4513	5215		568876	596772	664735	
0.7928	0.5279		14024	14352	13115		644042	670162	568261	
0.2664	0.3015		6257	7112	6763		620185	671281	667636	
0.787	0.7526		17189	16290	17301		669720	591580	676305	
0.4689	0.3812		9521	8537	8415		659355	575100	581141	
0.8946	0.0604		8685	7257	7212		652811	572164	579182	
0.1666	0.9803		10403	10421	10296		671502	706966	690019	
0.5407	0.4455		9667	10746	10845		542752	646075	660732	
0.3831	0.4752		8834	8834	8663		559821	576845	580189	
0.3525	0.4545		8927	8366	8796		609272	572636	646800	
0.7922	0.3688		11894	11875	10710		650320	684930	577053	
0.6237	0.3752		10599	9894	10681		655397	585864	696620	
0.2293	0.1412		5450	5144	5333		625779	648973	612034	
0.4633	0.4623		9018	9533	9456		564792	598361	584250	
0.6245	0.506		12257	12364	11199		644071	668699	570073	
0.8293	0.0977		8005	8080	8211		540682	544305	557887	
0.8551	0.6219		15732	15065	15752		607152	578940	647672	
0.1445	0.1715		5009	4888	4898		603103	602124	612284	
0.7186	0.1502		8760	7779	8729		626681	546295	663743	
0.5042	0.8746		13749	13626	13764		608259	613068	612961	
0.8641	0.2538		10878	10917	11600		582978	592097	670103	
0.0643	0.0871		3859	3855	2903		621512	622261	570235	
0.583	0.9182		16277	15130	15549		607439	552627	590119	
0.6841	0.5002		12151	12375	12293		576596	576759	580501	
0.8954	0.3556		12533	11477	11644		680750	601002	617481	
0.0699	0.3552		5512	5297	5416		614300	629361	673269	
0.3869	0.5124		9760	9123	9340		615253	579987	599296	
0.3166	0.9379		12421	12748	12635		614650	631332	678328	
0.2582	0.102		4947	5114	5124		584496	600807	654561	
0.5786	0.3263		9720	9530	9725		640287	644091	681033	
0.8265	0.3655		12103	12127	11985		623179	666148	687570	
0.7808	0.8537		17946	18044	17948		606545	607153	603874	
0.6057	0.3597		9665	9702	9539		577219	572642	574638	
0.6195	0.9147		15336	16435	16777		568935	655591	643034	
0.8778	0.6766		15967	16950	16518		551369	626546	592299	
0.689	0.9202		17727	17846	17893		649523	658311	673327	
0.8781	0.0788		8957	8946	8941		625071	626827	624426	
0.8687	0.7808		18494	18431	18409		627012	614930	619723	
0.5966	0.9823		17005	16957	17011		649679	650548	678493	
0.3773	0.1618		6654	6765	6610		612363	620722	614090	
0.9482	0.3602		13221	13327	13260		632445	630704	636777	
0.8286	0.3214		11967	10747	10911		639125	554382	572777	
0.6145	0.4995		10777	10727	10874		531840	528033	585292	
0.0536	0.8808		7750	8186	8348		588957	622792	625333	
0.1898	0.6778		8953	8659	8880		607997	612304	667612	
0.3774	0.4325		8666	8784	8910		643072	637151	669572	
0.6287	0.9272		16290	16301	16972		583034	583986	613854	
0.8603	0.3816		13261	13041	13272		619816	623504	639812	
0.9892	0.3862		13192	13439	13187		561247	565401	581263	
0.138	0.2668		4370	5504	5488		551652	619930	673129	
0.5326	0.128		7400	7210	7175		625358	616852	664066	
0.4313	0.1719		6430	6754	6715		575903	627723	651668	
0.3229	0.9517		12509	12713	12504		650493	708533	690186	
0.4423	0.5718		9971	9687	10900		535292	588627	648170	
0.5666	0.19		8271	8120	8131		638764	651604	700378	
0.3176	0.8904		11829	10878	10792		612900	538630	564672	
0.1806	0.3886		6543	6371	6582		584705	589537	629338	
0.5342	0.5632		11976	11201	10716		619799	560091	561477	
0.7694	0.1919		9663	8574	9227		577156	514047	581718	
0.4916	0.296		8526	8340	8373		624065	665203	669014	
0.7476	0.112		8356	8322	7750		605406	637440	590996	
0.9424	0.2369		10777	10745	10762		566795	568196	590266	
0.54	0.3875		9836	9901	10060		599507	602343	614640	
0.6769	0.5657		12789	12959	13574		560298	589280	656353	
0.9364	0.4223		13920	13820	13780		630581	632886	643183	
0.465	0.5809		10530	10370	10261		584628	587561	607268	
0.9622	0.8322		19287	19440	20279		561125	561188	673871	
0.7632	0.8288		17197	17638	16731		602756	647627	601046	
0.7954	0.8827		18691	18433	17521		630927	617417	566184	
0.0511	0.0777		3713	3725	3727		601386	606614	649941	
0.8303	0.644		15628	15595	15522		573129	569286	568715	
0.5482	0.5596		11936	10613	11865		625017	573044	677706	
0.9499	0.3625		13200	12988	13471		633369	631954	692815	
0.5142	0.4634		9750	9710	9198		570624	595659	572051	
0.1943	0.3997		6704	6904	5719		601075	646175	558501	
0.6015	0.5614		11648	12368	12242		578774	639830	640286	
0.4676	0.1071		6391	6270	5252		614431	661951	570710	
0.3896	0.1838		5310	6444	6378		524168	614709	652298	
0.7953	0.2638		10705	10360	10863		596806	562635	627972	
0.9608	0.1276		10038	9632	10011		564242	564913	579450	
0.503	0.3947		9321	9090	9227		554496	556259	561963	
0.3748	0.5077		9502	8353	9465		666036	570368	670523	
0.3527	0.6163		8806	9307	10032		547984	612640	665903	
0.1936	0.7576		8746	9052	8794		592411	620313	646745	
0.4992	0.5012		10747	10604	10723		649742	708466	705720	
0.4583	0.5646		10520	9930	11074		580604	538359	668502	
0.6969	0.5165		13169	13232	12044		624175	661142	586515	
0.9797	0.8799		21919	21634	21676		654326	687495	713410	
0.1421	0.2027		3926	4207	4103		552911	565510	580099	
0.3655	0.2918		7597	7642	6369		612810	641785	571919	
0.1581	0.6195		8024	8004	7997		613377	644782	649079	
0.8861	0.769		18621	18472	18248		664103	682837	716755	
0.5665	0.324		9644	9712	9501		632239	644165	689241	
0.1101	0.2052		4936	4801	4964		612516	646602	676284	
0.1103	0.3785		5940	6040	6077		643766	686642	710421	
0.8219	0.4697		13109	13828	13147		651175	673421	623968	
0.4927	0.9597		14713	13996	14207		594714	593089	580468	
0.3144	0.2819		6390	6997	7175		614024	693661	700992	
0.4914	0.1247		6613	6704	6731		644976	677055	688844	
0.0545	0.1947		4435	4421	4241		622935	641438	676757	
0.7971	0.6071		14601	14564	14317		578147	587286	580094	
0.9015	0.7053		17027	18071	17990		559348	632725	667889	
0.8683	0.1649		10012	9460	9357		659776	601784	625282	
0.6809	0.4504		12101	11858	10872		690990	672092	607982	
0.3231	0.8899		11527	11881	12037		563077	620805	663282	
0.3575	0.9458		13079	12817	13030		603781	636871	667204	
0.1397	0.9717		9511	9299	9353		563751	582889	589292	
0.0547	0.6216		5787	5623	6779		576310	583772	686510	
0.1388	0.1144		4307	4155	4340		625823	660847	691716	
0.6497	0.8308		16090	16187	16394		625155	655146	670446	
0.1454	0.5973		7882	7754	7736		673133	654449	696740	
0.2849	0.991		12457	11995	9931		621832	605624	692421	
0.315	0.549		9261	9218	9204		645047	655043	652644	
0.9266	0.4561		14530	14453	14607		653719	622486	691415	
0.6377	0.3185		10198	10210	10358		619568	661558	688293	
0.1121	0.7154		8158	7919	8159		680687	703162	713271	
0.3603	0.9061		13076	12752	12756		628911	650179	642439	
0.6803	0.3241		10734	10676	9950		638944	668879	634992	
0.2548	0.7032		9694	8649	9692		614352	553115	646913	
0.4406	0.6271		10695	10868	10923		557349	572709	580849	
0.8128	0.1008		8459	8797	8519		577897	592284	638037	
0.9675	0.3755		13954	13563	13439		618556	574342	583013	
0.7951	0.2372		10321	10082	10085		615228	619781	643890	
0.8431	0.9146		18943	18906	18990		646076	654582	660119	
0.0815	0.6654		7066	7271	7255		610109	662134	644633	
0.201	0.5432		8052	6658	7296		618403	542839	591647	
0.2843	0.7385		10350	10277	10429		602505	632237	688947	
0.3808	0.1145		6108	6243	6020		647997	658894	692769	
0.3129	0.5998		9652	9645	9754		618681	679119	679419	
0.4452	0.6142		11045	10977	10855		584407	628905	634978	
0.0713	0.8996		8469	8468	8680		603734	620738	655008	
0.277	0.5579		8051	8646	7652		610129	649676	600323	
0.9909	0.2739		12246	11701	11999		645923	569268	599826	
0.9362	0.3375		12719	12744	11648		666207	674960	601236	
0.938	0.8486		20323	20042	19924		633107	647119	673327	
0.784	0.3645		11782	11774	11771		634217	659641	700657	
0.588	0.2757		9174	9294	9457		607331	636929	654809	
0.707	0.5241		12795	13183	13170		590844	659471	691518	
0.7372	0.8537		16748	16849	17885		589564	604699	668576	
0.4844	0.8959		13613	14697	13631		569141	667394	586082	
0.5745	0.5492		10770	10879	10983		564807	565459	578302	
0.6669	0.8453		16507	16419	16224		594001	620655	638467	
0.3756	0.8802		13019	13166	13103		639230	625681	665412	
0.4983	0.7886		13599	13556	13553		620094	641910	636209	
0.6	0.7949		14824	14788	15041		621433	637184	657677	
0.9633	0.9436		22151	22107	22454		662930	665024	649292	
0.0683	0.2597		4954	4790	4950		681444	697954	706797	
0.1825	0.8789		9961	9949	10104		654623	681957	680681	
0.9057	0.7816		18854	18527	18922		656026	688671	689297	
0.2945	0.3364		7255	7250	7075		633764	664455	660841	
0.9632	0.1409		10395	10395	10503		646903	654276	661851	
0.236	0.448		7538	7491	7930		673154	683978	705846	
0.9301	0.098		9390	9415	9621		646109	643605	676355	
0.9118	0.2182		11304	10713	11000		634279	629001	656347	
0.9	0.9777		21278	21425	21534		651051	657761	689666	
0.5543	0.2492		8551	8499	8309		632421	649236	667892	
0.3559	0.7351		11090	11231	11103		680763	702403	732812	
0.423	0.86		13396	13520	13343		603228	638052	630193	
0.9644	0.372		12589	12915	12898		546956	557373	575895	
0.5854	0.7777		14628	14666	14713		610461	656083	671143	
0.636	0.545		12130	11933	12564		595606	622978	680791	
0.9636	0.9878		22134	21905	22473		596704	626786	689624	
0.6757	0.6397		14136	14203	14483		578045	633412	618059	
0.9053	0.2127		11090	11012	10793		708220	712991	711983	
0.5026	0.3506		9054	9035	9224		681576	686253	680991	
0.9501	0.699		18431	18259	18521		647197	652713	671329	
0.6954	0.9972		18154	17807	17784		645976	597090	608863	
0.6252	0.2695		9688	8419	8395		655213	596486	599714	
0.5059	0.7089		12815	12848	11916		596769	643679	553239	
0.0862	0.0735		3331	3342	3112		617999	585160	607428	
0.426	0.0661		6092	5482	6125		683972	670817	713008	
0.5365	0.976		16127	15150	16269		658626	568296	654158	
0.8354	0.9212		19581	19694	19249		605651	607642	582572	
0.7845	0.6439		15961	14900	15318		672878	586419	608146	
0.195	0.209		4547	5532	5553		537082	653917	653672	
0.6616	0.4268		11050	11660	10976		580217	642530	597051	
0.5016	0.5805		11657	11468	11714		629162	641288	642111	
0.9818	0.065		8467	8418	8891		605713	601530	643450	
0.723	0.7347		14924	15675	15291		577177	683300	615034	
0.631	0.2789		8462	9495	8862		548331	641854	551279	
0.6556	0.2694		9854	8319	8809		684438	563196	581422	
0.6118	0.1089		6170	6337	6396		531579	547451	554424	
0.1693	0.9558		9334	9330	9297		540406	563298	568049	
0.7967	0.9288		18225	18393	18344		580529	587182	589920	
0.9187	0.1511		10110	10088	10260		612180	614516	636480	
0.9423	0.6268		17636	17895	17971		631840	658770	680361	
0.073	0.1647		4293	4126	3424		646469	620183	560352	
0.805	0.955		19395	18969	19750		612091	606413	698470	
0.4759	0.9531		14352	13862	14923		570106	550708	675313	
0.83	0.5846		14867	15180	15372		602476	647160	674004	
0.6248	0.1917		8584	8626	8393		651748	650622	686891	
0.0874	0.8763		8575	8633	8704		673466	684855	705560	
0.6751	0.1725		8771	8849	8483		617507	627350	651162	
0.348	0.6128		10035	9882	10048		686610	693464	723284	
0.5135	0.3908		9678	9786	9821		684307	692082	705564	
0.8219	0.6828		16388	16277	16459		608279	637580	679647	
0.9406	0.1028		9318	9388	9631		622053	644191	667484	
0.8453	0.1014		9084	9137	8865		620271	671860	699301	
0.209	0.234		5730	5643	5698		664508	653472	642059	
0.1764	0.7774		8313	8152	9163		562077	565010	677372	
0.9368	0.2086		10370	10511	9703		584580	605744	591210	
0.7072	0.5501		13761	12547	13615		603017	554494	649544	
0.7703	0.3053		11142	11073	11142		610622	628316	612100	
0.4702	0.8649		14143	14031	14113		626623	652292	663380	
0.8902	0.2869		11902	11851	11882		624880	649899	649544	
0.6146	0.3432		10131	10020	10066		635017	683768	688600	
0.1433	0.4007		6514	6383	6481		672080	667949	691743	
0.7131	0.715		15667	15675	15642		651093	666413	667919	
0.3969	0.4807		9375	9305	8831		651936	634978	588786	
0.1303	0.9833		8970	10082	9913		578451	644980	642591	
0.4784	0.6792		12529	12234	12240		627780	644512	642764	
0.4021	0.6314		10855	10850	10866		657071	699331	698742	
0.1353	0.6448		8020	7904	7988		647965	644821	655446	
0.3545	0.5783		9869	9720	9897		689770	688894	673906	
0.9568	0.2977		12441	12564	12546		632976	677520	664914	
0.7749	0.9668		19046	19233	19783		729604	734812	752421	
0.9351	0.6575		17442	17816	17605		653289	661847	684301	
0.21	0.5175		7917	7779	7990		656360	693517	657270	
0.2275	0.8137		10507	10151	9908		685113	670436	624501	
0.2938	0.9856		12299	12307	12379		673037	672282	697324	
0.8881	0.9134		20068	20161	20434		656194	672572	682827	
0.8793	0.5822		15819	15816	15782		645755	650481	645485	
0.9226	0.846		19422	19586	18697		583338	591753	572047	
0.1462	0.8012		8320	8977	9424		534548	634842	672627	
0.807	0.6579		16040	15938	16274		643372	660243	651758	
0.6851	0.9481		17879	18104	17868		621625	641072	652347	
0.6755	0.7845		15855	16067	16092		577684	595969	595296	
0.5148	0.1083		5442	6426	5647		506278	578311	521927	
0.904	0.2756		11972	10963	11979		583255	533452	603960	
0.8287	0.5828		14668	15553	15374		575962	607855	647812	
0.1454	0.1466		4588	4992	4626		649571	631233	631658	
0.2099	0.8426		10073	8849	8954		692930	587860	584988	
0.9784	0.3248		12114	12732	13217		548832	580813	637070	
0.2257	0.3786		6157	5974	6027		582323	581120	590158	
0.438	0.4321		9378	9169	9424		623654	643638	658663	
0.2985	0.0629		5266	5224	5361		639514	647947	656455	
0.2048	0.7624		9650	9750	9572		661986	660733	670900	
0.3602	0.1537		6136	5381	6304		667685	676995	675284	
0.4145	0.5888		10592	10548	10598		697058	705659	697535	
0.8171	0.6153		15403	15186	15515		652183	656935	677838	
0.5932	0.7906		14663	14390	14796		639559	646264	668120	
0.9883	0.4786		15688	15589	15428		674162	675166	670839	
0.3445	0.7322		11274	11253	11254		653108	645547	653413	
0.8048	0.7328		16787	15988	16255		620791	579918	584355	
0.7008	0.5888		13828	13998	13864		580123	577993	572822	
0.8804	0.2209		10882	10889	10951		600986	619262	611244	
0.6627	0.1454		8317	8570	8466		646395	643529	631408	
0.8697	0.9483		20657	20862	20824		639198	637625	637921	
0.2614	0.761		10176	9083	9361		628627	543178	559539	
0.2385	0.09		3828	3794	4816		572263	568602	671251	
0.8238	0.5356		14791	14716	14778		693398	702567	714565	
0.3604	0.9129		13089	12989	12998		663059	655700	656328	
0.0868	0.1396		3759	3892	3545		565937	563947	565166	
0.2522	0.3555		7043	7143	7043		636077	638780	672729	
0.7632	0.1099		8542	8542	8251		643142	647666	657334	
0.3798	0.3068		7833	7982	7617		622757	635805	619534	
0.2667	0.5793		8927	8956	9136		600924	628483	625297	
0.7784	0.1425		9369	9316	9262		672527	676569	677586	
0.4784	0.1084		6397	6315	6396		677587	678581	672790	
0.9135	0.1547		9967	10114	10048		635727	678776	657630	
0.0622	0.5365		6368	6447	6388		664700	670898	667483	
0.8684	0.5057		14918	14661	14943		691880	698263	707063	
0.1165	0.8689		9238	9039	9055		622543	652897	669281	
0.1775	0.4992		7201	7051	7191		638798	683537	666183	
0.2731	0.7668		10579	10598	10631		625175	660900	671003	
0.4781	0.1507		6934	6909	6344		626853	634412	645110	
0.351	0.584		9803	9361	10070		661208	663667	680098	
0.241	0.6809		9324	9233	9449		616849	617325	603523	
0.5486	0.203		8035	7927	8219		606637	621721	596795	
0.1553	0.9039		9692	9785	9913		636181	626919	662403	
0.172	0.1695		4843	5042	5015		597130	614003	637368	
0.8033	0.8784		18802	19169	19329		630935	654296	673283	
0.3535	0.9829		13115	13011	13218		605819	621236	644132	
0.817	0.8535		17200	17532	17434		570293	569578	561792	
0.3005	0.2283		5262	5439	5437		542435	546761	561982	
0.7296	0.827		16991	17092	17042		624494	632727	677655	
0.7392	0.8908		18403	18242	18440		634923	596761	632042	
0.3967	0.8392		11834	11785	11725		572409	575397	573279	
0.9975	0.5147		16193	16602	16486		658324	654610	620647	
0.5706	0.769		14528	14399	14154		667164	645551	659737	
0.7563	0.1164		8163	7749	7801		676225	638355	602726	
0.2556	0.4771		8087	8083	7994		649103	680465	685637	
0.8263	0.4322		12360	12450	12419		582404	605574	599645	
0.155	0.2532		4570	4405	4522		543031	562116	567489	
0.7108	0.1422		8224	8027	8867		583126	577589	634416	
0.2384	0.4372		6584	7581	7348		551766	639262	656668	
0.5672	0.4193		10566	10465	10407		639690	662146	670355	
0.9606	0.5811		16735	17015	16781		641476	647161	655741	
0.5909	0.9859		15797	15709	16673		553253	539935	621200	
0.8594	0.2669		10952	11154	11107		622719	633753	632980	
0.443	0.5691		10153	10755	9884		640364	677126	582559	
0.6917	0.5374		12660	12635	12638		566451	600687	590077	
0.2587	0.0663		3802	3766	3971		553558	571336	571771	
0.7437	0.9052		18401	17049	18157		640759	573498	667423	
0.3821	0.8014		12211	12136	11201		614907	638059	543045	
0.463	0.0946		5653	5651	5366		570316	590168	556703	
0.6155	0.0938		6885	6710	6861		559605	580591	571506	
0.1186	0.9652		8765	9194	9113		557179	585940	583896	
0.3993	0.8997		13384	12309	13401		649839	560814	638290	
0.483	0.6531		11449	12016	12022		582393	668047	670480	
0.1803	0.4066		6800	6729	6799		630722	662041	658209	
0.4794	0.9398		15150	15005	14981		667305	659948	668513	
0.6899	0.5358		12180	13356	12619		566410	645194	606899	
0.4546	0.2521		7123	7925	7175		605278	675133	619801	
0.7122	0.7427		15557	15541	15681		658791	659445	672277	
0.4532	0.7978		13014	12998	13092		629691	656638	665000	
0.4612	0.6744		11901	11960	12046		628141	629353	648258	
0.6119	0.9451		17097	17451	17097		658989	635295	662279	
0.3187	0.8811		11891	11949	12096		630630	638291	645157	
0.1551	0.223		5394	5056	5147		639896	681869	673920	
0.5844	0.5215		11901	11804	11828		654027	696477	691890	
0.2715	0.2944		6626	6809	6847		658456	682625	675348	
0.5171	0.9176		15320	15237	15304		635187	683544	687320	
0.59	0.9752		16813	16914	16831		673529	704449	684030	
0.5656	0.6137		12694	12699	12122		634302	661472	607689	
0.1538	0.0537		4184	3178	3213		643021	582611	585607	
0.3705	0.4122		8556	8401	8676		666881	646264	674924	
0.8856	0.5259		15079	14303	15203		670384	616531	680157	
0.1454	0.0975		3899	3720	3487		581284	579560	579512	
0.3455	0.6977		11022	10745	10806		658899	673529	677629	
0.1048	0.0858		4151	4101	4256		619932	643248	642002	
0.4257	0.7688		12514	11792	12569		661422	608088	653182	
0.5504	0.6164		12305	12576	12345		619644	627386	648026	
0.1644	0.8243		9676	9554	9656		623903	632765	629019	
0.1398	0.9895		10021	10010	8980		661670	662322	565330	
0.0514	0.1029		4037	3104	2956		634816	570386	585268	
0.7194	0.8688		17080	16959	16982		598724	597042	601187	
0.4423	0.7923		13051	13010	11767		673128	674767	586158	
0.2455	0.5009		8266	7986	8208		665241	668269	675674	
0.0674	0.2948		5202	5193	5256		636667	658067	662982	
0.2938	0.1711		5914	6082	5627		622833	616331	654023	
0.7453	0.4147		12345	12226	12095		670633	661669	688198	
0.4093	0.136		6687	6706	6389		638723	629601	682886	
0.2152	0.9836		11204	11229	11260		636954	657118	682343	
0.0875	0.8261		8181	8435	8366		661617	658022	647240	
0.5017	0.9118		15243	15092	15106		649563	647027	662010	
0.862	0.6993		17382	17531	17470		650270	668169	676933	
0.9073	0.7889		18994	19010	19047		657552	689321	690467	
0.8496	0.4072		13307	13288	13567		663351	679880	708620	
0.0991	0.4797		5873	5961	6075		607177	624576	609033	
0.8737	0.5687		15870	15580	15627		672833	689896	695105	
0.2202	0.5621		8149	8277	8309		652587	654961	661059	
0.1912	0.6405		8505	7854	8020		655082	602384	606201	
0.6602	0.5202		12931	12937	12878		634955	640690	660537	
0.5989	0.8044		14108	15046	15081		601982	699953	706637	
0.5907	0.8769		15987	15868	16028		688607	691814	699490	
0.6288	0.5713		13094	12997	13067		678309	686409	690412	
0.4788	0.737		12755	12788	12936		612297	625856	633665	
0.8932	0.4809		14753	14482	14529		669603	657992	672942	
0.2924	0.8758		11960	11831	11789		630749	629970	615093	
0.5945	0.2465		8752	8650	8754		641975	648556	654083	
0.3099	0.7606		10988	10762	10924		642720	649984	682358	
0.81	0.9499		18951	18930	19016		550539	570677	570944	
0.1046	0.991		9624	8677	9553		622045	564305	655366	
0.4192	0.6029		10720	9671	10753		633887	594501	662212	
0.8139	0.7534		16985	17296	16695		619203	638210	609336	
0.3457	0.4546		8831	7589	7834		629393	554704	550586	
0.4724	0.8604		13931	14127	14090		652325	637114	651867	
0.5163	0.2726		8617	7884	8943		629207	556757	646973	
0.0674	0.8173		8378	8369	8076		623794	598235	638636	
0.7657	0.6769		15230	15201	14831		612729	625692	597487	
0.989	0.5838		17239	17006	17313		610925	613854	641318	
0.6602	0.1278		8325	7090	8147		663097	568902	639578	
0.6772	0.4689		12378	12077	12275		687331	677685	688859	
0.4682	0.1072		6195	6216	6285		609363	608261	617787	
0.9203	0.8552		20023	20212	19718		639812	642339	660272	
0.302	0.2718		7012	6972	6945		688039	653913	696105	
0.7108	0.8203		17044	16538	16446		662688	600227	604074	
0.3875	0.6574		11020	9942	10016		642871	547792	549699	
0.5487	0.2403		8436	8468	7357		677622	682987	589648	
0.3809	0.8824		13420	12173	12958		683461	589321	667677	
0.674	0.9779		18261	17139	17069		609140	549231	553152	
0.5672	0.9867		16773	15890	16045		610188	567314	577656	
0.9778	0.3408		13276	13252	13259		678332	654731	680786	
0.1549	0.222		5396	5260	5347		648895	677229	682369	
0.3046	0.0538		5166	4866	4763		684710	696067	666901	
0.4079	0.9498		14077	13863	13906		626909	624739	635232	
0.4099	0.6281		11168	11139	11216		628743	612100	620585	
0.9707	0.9703		21714	22582	22283		588904	669013	617211	
0.6283	0.1699		7265	7601	7684		561608	591675	592623	
0.9539	0.885		20704	20660	20883		587013	576590	578780	
0.1465	0.9091		9984	9968	9918		636761	657951	660539	
0.8271	0.8833		19199	19473	19281		640937	687656	679408	
0.211	0.7145		9463	9310	9328		662635	706000	715200	
0.1016	0.691		7919	8014	7297		632834	671960	606050	
0.1339	0.9081		9043	9758	8982		554532	619848	580994	
0.4252	0.7188		12104	12082	11144		647781	680810	591455	
0.7944	0.6289		15684	15885	14698		657380	635843	573107	
0.7266	0.2223		9679	8789	8714		694584	602188	607668	
0.5085	0.4553		9815	10552	10388		576928	603557	646619	
0.4168	0.15		6715	6688	6664		698624	700178	683351	
0.6317	0.8909		16132	16029	16136		596344	599868	608668	
0.8407	0.2383		10635	9730	9867		642739	589072	582434	
0.3914	0.6945		11357	11429	11523		632646	655244	665785	
0.8643	0.2165		10548	10445	9383		625246	650271	568552	
0.4398	0.2162		6755	6593	7200		555705	576506	638332	
0.249	0.9467		11347	11316	10466		683174	675941	591124	
0.2039	0.7664		8567	8607	9678		585081	594787	670981	
0.741	0.1925		9443	9430	9367		644401	658962	695135	
0.2203	0.5631		8371	8267	8333		690636	662182	650860	
0.6205	0.245		8123	8142	8285		592404	619327	615576	
0.5653	0.8487		14047	14462	14733		555603	596548	606787	
0.1702	0.1279		4043	4080	4028		580490	582876	583274	
0.3344	0.176		6406	5427	5344		609503	544610	548880	
0.9775	0.632		16773	17846	16794		553025	630700	563905	
0.3496	0.9927		13170	12339	12108		634034	567954	566299	
0.6627	0.3526		10480	9914	9948		638651	584476	586405	
0.7466	0.2137		9277	9508	8333		649643	663982	566835	
0.0839	0.6138		6934	6906	7089		645083	624772	652642	
0.9267	0.3428		12263	12081	13025		589461	593347	638647	
0.3757	0.3253		7857	7933	7821		565028	588516	626190	
0.0831	0.8395		8312	8462	8348		605002	634214	626814	
0.3876	0.1198		5892	5841	6112		602988	597269	620187	
0.3084	0.2169		6171	6464	6388		642877	649603	645001	
0.8786	0.4166		13416	13646	13626		627987	647694	645341	
0.3309	0.1585		5212	5339	5225		590915	578272	578136	
0.5147	0.3479		9209	9205	9219		635915	650206	637407	
0.5905	0.5408		11101	11154	11088		559730	573121	571827	
0.6168	0.83		14677	14656	14686		569832	575305	586628	
0.5208	0.362		8737	8911	8395		556524	563914	534458	
0.8874	0.2004		9634	10384	10723		558166	653580	654929	
0.4947	0.0563		6311	5211	5147		620963	538346	537262	
0.2351	0.2994		6109	6036	6117		596074	596737	594862	
0.3761	0.9464		12497	13427	12566		559510	646588	572129	
0.6775	0.8367		15707	15444	15600		558069	575753	571345	
0.5246	0.276		7700	7862	8791		544785	558473	672620	
0.8131	0.056		8182	8174	6985		677104	675089	573329	
0.929	0.6467		17790	16477	17560		692235	601904	714395	
0.6658	0.845		15348	16385	16461		536336	621659	620923	
0.6276	0.1751		8261	8289	8268		634842	635379	630473	
0.4195	0.4009		8271	8704	8759		609515	649413	653302	
0.6109	0.5099		11685	11440	11515		568338	591539	591416	
0.4428	0.6932		11545	11919	12156		588620	672830	667622	
0.3894	0.7571		12003	12052	11162		618800	668351	603314	
0.609	0.6176		12793	12114	12201		663970	615973	625320	
0.5212	0.5246		11284	11284	11267		654007	664184	654325	
0.6997	0.4611		12097	11537	12345		650008	599677	673448	
0.0907	0.484		6240	6068	6110		636255	664847	671747	
0.3165	0.5593		8834	9236	9384		663263	644186	663947	
0.5066	0.3559		9394	8705	9363		628697	590243	650521	
0.9259	0.2373		11202	11130	11371		626992	617871	614363	
0.8318	0.3016		10358	10440	11534		544468	544765	654957	
0.2813	0.59		9150	8096	9138		608222	535994	616090	
0.1387	0.333		5252	5691	5914		560144	606236	622850	
0.6543	0.7765		14690	14798	15545		562366	565097	613047	
0.4851	0.1299		6425	7125	6969		534940	609442	594301	
