26	27	
0.1465	0.2479		44971	47551	40213	40671	41627	46837	36403	43168	39169	48853		1533076	1530509	1369030	1388400	1339147	1745137	1258934	1423836	1387569	1395416	
0.4183	0.2886		45163	38509	42301	43344	45029	52560	37291	54826	38899	50732		1434165	1179019	1314522	1338167	1212980	1332560	1017751	1349641	1056406	1110653	
0.708	0.3329		49952	42968	58926	45676	66092	46540	51379	44846	43186	46665		1290031	1308338	1466986	1229933	1517916	1381132	1431512	1283545	1117407	1366898	
0.6987	0.3879		48420	64465	51468	61773	47458	46872	52595	48283	43624	48454		1410058	1410203	1372097	1722283	1405343	1334753	1378350	1281074	1222992	1227886	
0.3844	0.8257		59774	44888	45217	63783	59261	49708	62761	45718	48222	60371		1423223	1384706	1276589	1608933	1584681	1509267	1679538	1318437	1343222	1639462	
0.1354	0.4667		35070	48141	41911	40081	41744	39347	46081	49900	38487	37579		1236324	1370966	1384147	1312603	1243600	1474567	1294589	1607957	1207898	1290396	
0.6501	0.5475		54871	63454	55723	65279	63853	45518	61928	57346	65181	47305		1463915	1693551	1449923	1538380	1588419	1203219	1436459	1551093	1572320	1125148	
0.2463	0.1628		32502	28950	37998	31823	32279	34345	40279	35528	36968	34905		1025715	981458	1197574	1006778	979827	1043558	1150074	1184003	1103440	1108094	
0.5571	0.3901		50541	44656	44053	44759	48959	46829	48351	44341	47517	60164		1375815	1116685	1104778	1258597	1326663	1257394	1305730	1217071	1300129	1526727	
0.4919	0.8659		103748	52917	50881	52871	52353	55763	62325	50551	50825	54434		1380227	1159570	1192722	1239160	1418953	1287729	1368384	1273277	1237622	1376987	
0.9021	0.3445		64715	64509	61370	65966	67634	64946	63946	50230	73221	64342		1538640	1500307	1391326	1532881	1382852	1331947	1508098	1267466	1461092	1551824	
0.1663	0.1804		36497	37672	43879	39775	30672	43929	29866	37229	34495	43333		1284716	1228466	1417724	1042891	1021999	1386707	1039339	1222140	1178890	1294796	
0.8202	0.1911		44673	68219	46225	72488	46991	57117	48408	61850	45909	61846		1537494	1527758	1238763	1403123	1249655	1481114	1396757	1408936	1257656	1328119	
0.7873	0.9332		73642	72582	71098	57285	73916	67690	73374	110919	76055	57966		1408861	1487661	1480161	1119281	1337789	1059622	1251768	1298760	1428745	1340800	
0.4438	0.9371		48854	62570	52707	60093	66544	48243	52082	50109	52364	66084		1172825	1489985	1295905	1501560	1499670	1001344	1329540	1212321	1282666	1234657	
0.7664	0.4132		53545	54077	51468	57620	61970	45549	55330	70600	55548	49849		1572642	1252963	1341823	1278628	1529205	1175780	1380629	1378501	1452988	1280951	
0.589	0.3127		59889	57542	45728	44175	47439	57517	46276	64825	49968	52576		1592699	1593513	1368556	1361463	1467895	1393794	1467570	1315438	1371535	1220347	
0.2751	0.144		45453	40030	35381	35393	39511	35259	37071	46997	47166	33722		1421068	1234699	1106506	1180439	1319991	1289896	1153749	1475841	1504802	1056795	
0.4807	0.1074		39692	35274	38063	41846	40217	39258	39425	53527	41100	39506		1227905	1151843	1271591	1246264	1272912	1326977	1346595	1611657	1187727	1222618	
0.6778	0.2122		58241	81961	62838	49892	47253	55051	48219	64032	48032	60586		1669306	1338126	1511154	1362384	1447302	1478103	1283597	1321479	1380570	1506619	
0.7731	0.9501		78619	80551	81969	62665	99444	68471	66582	61115	62248	60506		1699277	1343429	1521942	1218614	1373284	1301467	1289106	1298005	1170950	1086457	
0.5255	0.1509		50167	56891	52104	57689	42977	42064	56823	44937	45077	53303		1444836	1475901	1347860	1235523	1179999	1244583	1386382	1195236	1278978	1315868	
0.082	0.2328		35116	36058	45157	35883	33889	34449	31038	48539	36593	51115		1220212	1270590	1570535	1368453	1187638	1126195	1214969	1353876	1302525	1288396	
0.186	0.6425		40768	60536	52275	38310	43031	48865	60888	39673	46239	45073		1368134	1447885	1529857	1340088	1365637	1329870	1204881	1303858	1387535	1255074	
0.9394	0.7842		67550	69820	68810	89025	65323	59621	67596	64872	62221	81958		1505077	1530069	1281361	1765903	1191330	1076401	1237987	1219514	1148132	1480835	
0.1854	0.3575		39341	34936	57988	45353	43703	50713	69565	105546	41696	38783		1686585	1405331	2166333	1505240	1389539	1687508	1766446	2340638	1629677	1285272	
0.4644	0.7421		69733	48616	51996	58686	47501	43536	49735	47087	93903	101019		1450212	1252859	1345372	1571843	1217880	1088387	1226983	1161410	1577809	2008843	
0.9389	0.8984		146932	147594	135250	134144	80561	118207	60946	60577	118806	117502		2000551	2029084	2135702	2040048	2276354	2348513	1152771	1168165	2276820	1849542	
0.7981	0.8849		133303	75879	71828	71504	70190	59287	78763	58201	57633	63605		1848059	1466263	1390254	1395563	1508589	1456696	1372512	1361564	1289677	1463456	
0.9249	0.4277		66292	55140	52290	57107	56032	57779	70288	57895	57846	61721		1574879	1213972	1086098	1360759	1481064	1323508	1650511	1436826	1430651	1507554	
0.4095	0.2598		61696	52783	42951	46012	37014	43740	39748	54086	47584	39376		1441681	1317618	1283872	1433321	1063249	1290423	1225633	1211446	1267058	1189687	
0.6781	0.2657		61625	60277	47530	47023	57334	57652	47374	59720	53427	45613		1622857	1615218	1279156	1279476	1460286	1456546	1426748	1663170	1269773	1381923	
0.5821	0.3966		49961	61419	51053	62097	62939	61080	60934	49415	50596	49147		1578767	1676972	1349588	1423390	1625292	1689303	1645174	1426749	1507784	1247505	
0.8166	0.3401		149523	70354	54961	86454	62755	62871	52527	46728	71421	58951		2126776	1571849	1121177	1442886	1618960	1529470	1537678	1331730	1558591	1488088	
0.5588	0.2392		47512	96423	42071	57324	43226	67839	45702	44041	56856	50398		1364980	1880741	2243332	2435938	1400833	2439309	1858646	1503621	1371533	1429283	
0.4245	0.5376		52858	42182	42500	48212	46677	42450	48078	81058	47315	83583		1743620	1649146	1235829	2019303	1636856	1647762	1458746	1587838	1482317	2618985	
0.4032	0.6033		43978	72128	46166	43808	58349	40666	42628	55966	54478	44449		1487118	1758868	1365081	1148673	1036024	1014002	1226603	1217447	1526497	1254923	
0.628	0.8872		55626	51714	48540	51995	50651	52649	58499	64257	63977	79746		1259225	1250955	1322749	1249534	994822	1207348	1230820	1302980	1492268	1346983	
0.3711	0.9024		58118	47600	52526	61342	47058	47000	53019	42136	52051	59356		1665559	1312134	1402958	1453637	1268801	1296437	1199008	1040584	1243466	1486101	
0.1988	0.2222		45075	37833	82166	32301	44152	63228	48016	38121	34464	39395		1533154	1295736	2307714	1663044	1654471	1968997	1799027	1333044	1185015	1201365	
0.3611	0.7618		43824	54884	46539	46245	64089	46213	45511	49246	40735	60660		1571675	1366771	1385897	1365022	1519594	1308217	1245408	1328861	1130120	1537414	
0.3093	0.0865		39620	37116	36488	42546	48056	84428	41711	40989	35570	33925		1315760	1310102	1374947	1449745	1734703	2064621	1715767	1568059	1220204	1521052	
0.4246	0.1018		43343	52216	43940	39211	36939	40304	52769	53844	35542	39106		1255886	1387913	1475574	1398833	1056714	1327334	1466874	1756056	1206776	1173320	
0.0535	0.3874		36346	39628	36545	37470	55617	47440	36660	49335	42915	35245		1278452	1859380	1519029	1282716	1743850	1572298	1509134	1481111	1532169	1191240	
0.8022	0.1957		46956	54865	120499	67960	62643	60418	49537	48269	54648	46890		1409874	1498271	1638383	1588360	1691869	1330306	1162483	1176831	1293354	1336490	
0.2022	0.7601		60292	42913	57587	42348	55119	43770	56247	39421	42544	43946		1750369	1498981	1706904	1203153	1393955	1357301	1815376	1156139	1328231	1503659	
0.8141	0.635		50525	55668	68527	63252	71234	77014	62060	52136	57351	68542		1148770	1385537	1478412	1463417	1492844	1581014	1553024	1161323	1249524	1455840	
0.7711	0.9072		61511	67224	54405	68567	73539	57173	66885	70679	60676	61969		1283779	1449906	992675	1306428	1454035	1146816	1246033	1434843	1152779	1232355	
0.0905	0.7794		35829	39274	37018	41609	37221	50794	49788	60924	38447	39829		1161307	1309739	1226703	1268772	1345976	1512051	1373917	1257346	1434359	1404070	
0.224	0.1215		46859	36883	47169	59201	46547	48456	33112	34117	36250	36689		1498679	1396253	1450634	1445497	1578165	1415504	1111896	1140282	1192537	1180494	
0.4899	0.5613		46965	48607	56746	56862	59460	55653	47018	43119	57410	58585		1437264	1334808	1613285	1524782	1867609	1583174	1305368	1160028	1450212	1543913	
0.9355	0.678		137215	61996	72307	60368	66372	76368	60023	58305	67413	60227		1452547	1357099	1382510	1103215	1269971	1454629	1262880	1072495	1195845	1261340	
0.4959	0.1494		56027	39302	37545	44186	44181	45165	44717	58572	63469	52727		1413592	1300732	1008951	1200381	1243001	1482056	1199707	1407131	1586859	1468147	
0.2435	0.4031		40874	39997	39400	39519	37695	45203	39800	47736	53919	41085		1201561	1267777	1395905	1175070	1183978	1322302	1087722	1266921	1540789	1357267	
0.354	0.1267		54992	56814	44973	39570	36881	38814	39479	51430	45287	40167		1941457	1843329	1354319	1313872	1356027	1305936	1372281	1585393	1507966	1437163	
0.312	0.8068		63681	57931	57180	58871	63420	47569	42386	60288	45905	42758		1902707	1769825	1743560	1499805	1409666	1787642	1341168	1495753	1380896	1281329	
0.0967	0.3335		39080	51336	92824	33958	36440	34241	45042	30803	46228	43592		1392236	1612085	1812518	1374434	1343890	1461267	1106774	1081330	1428416	1502389	
0.8086	0.7478		120519	56954	61765	60648	57658	60016	86168	72915	67517	72706		1264654	1248023	1221778	1178705	1134518	1250568	1310551	1463750	1368242	1420037	
0.1081	0.8799		55810	42620	45170	35457	35843	42373	40425	56653	38275	35387		1498994	1386055	1262878	1237915	1182351	1526714	1325489	1587978	1333034	1038447	
0.8804	0.474		49320	51124	61074	57524	97515	104019	67259	70385	59413	71549		1407128	1366709	1847360	1305916	1640835	2436793	1448858	1504609	1163975	1453678	
0.4784	0.6701		56196	70919	50159	55555	47927	51091	51817	57486	49763	51453		1355502	1385146	1347970	1331391	1405815	1404985	1638295	1345503	1284792	1341661	
0.9101	0.5834		120471	59563	65228	56821	58014	63214	70876	72085	56553	73322		1875285	1317360	1513921	1390835	1207137	1330383	1425691	1654460	1217084	1449658	
0.8841	0.2678		68921	59733	57056	58483	53400	57809	58198	63760	52103	64334		1764517	1366349	1210089	1308044	1361461	1294216	1363803	1657443	1438697	1568051	
0.4703	0.8913		61045	59196	56254	114585	47758	51570	54365	49261	48362	51024		1437179	1415086	1559099	1496462	1282939	1520677	1418437	1277369	1300765	1181202	
0.5967	0.2349		50788	53494	61172	117728	54217	67017	57242	55682	52432	48510		1349055	1130820	1534233	1631676	1631628	1367632	1750356	1538228	1591402	1462109	
0.8978	0.3782		64181	64917	74171	50091	67640	67432	48492	54045	54647	51353		1481528	1259573	1266360	1270963	1502862	1687123	1238965	1217829	1371763	1356628	
0.281	0.2206		41180	61342	40989	46793	43472	45034	38269	35867	50511	35398		1407667	1468197	1390274	1446400	1388368	1315698	1237047	1332216	1520772	1056592	
0.8495	0.4126		73830	50865	48465	52532	71410	56578	68201	50908	66246	75371		1540881	1171933	1024152	1110056	1452129	1293283	1172271	1141937	1363535	1220105	
0.9824	0.2319		49856	67189	59249	65705	62179	69312	49325	58299	50930	63636		1244495	1758526	1429489	1670385	1354092	1367149	1081894	1213765	1353774	1453163	
0.5315	0.3979		64847	46770	51670	41207	44495	48838	55770	44709	43796	56989		1590055	1253219	1282342	1069375	1151733	1374622	1515014	1329041	1243336	1550674	
0.4453	0.4691		46544	42624	47608	42474	40304	50098	58722	59700	43716	45297		1315835	1246099	1089114	1129442	1300572	1319944	1421401	1460500	1178914	1157031	
0.2477	0.1163		48073	32999	43344	46839	33814	45233	44677	36671	44797	37847		1625675	1263572	1499208	1485516	1302041	1430200	1572544	1361414	1604183	1550470	
0.2076	0.6067		43189	41024	37366	41172	45505	39548	54058	39977	40894	51872		1291894	1199899	1172057	1251715	1250953	1111794	1359925	1246329	1207821	1405972	
0.0523	0.091		33457	33007	33258	45224	29923	30889	32493	38320	35852	28738		1256078	1430639	1262835	1421266	1301252	1168627	1100542	1293761	1215687	1182996	
0.2881	0.9953		89778	53496	51509	45033	41862	60009	49672	48924	46792	49157		1639372	1421518	1299813	1268878	1223528	1321683	1282407	1253093	1220391	1243631	
0.3923	0.2847		40118	41165	36132	40757	39402	36246	36133	40065	51165	43112		1350715	1304508	1080608	1215665	1206428	1062961	999413	1284132	1483956	1424789	
0.8478	0.1913		47678	46769	60536	60046	63058	59827	50091	48727	44589	62785		1405113	1345192	1437500	1295795	1359795	1353178	1260108	1211684	1223526	1552880	
0.9206	0.8018		62894	64204	55276	66848	76543	63116	91248	61982	76348	72894		1394827	1177038	992943	1301523	1561709	1460852	1425347	1236892	1407205	1113239	
0.0707	0.1943		29715	39990	32624	31452	43579	32229	35963	34019	34749	32613		1168468	1406356	1152980	1209863	1482872	1209481	1188932	1166130	1330428	1161180	
0.395	0.6325		43883	40198	66178	55504	56042	48821	52630	46306	44413	44780		1252110	1272142	1381187	1429521	1369873	1115801	1426125	1140910	1047008	1039944	
0.1697	0.6762		41139	39257	37200	42055	52514	42819	53547	36620	42783	51147		1319388	1150725	1321192	1204772	1398548	1354924	1544722	1421493	1337200	1393934	
0.5141	0.749		63721	64593	68160	56026	50007	45872	67094	67157	48641	59510		1427790	1501222	1527919	1339709	1351798	1274850	1417766	1596618	1076711	1233711	
0.4572	0.7914		60471	52852	50033	52881	50273	53654	48186	47618	64906	60011		1509127	1533542	1376434	1518983	1424819	1273194	1182779	1424437	1412167	1423262	
0.6703	0.9361		55254	61476	69728	52967	69069	58095	61936	64519	57597	54988		1190247	1522036	1249053	1063759	1358348	1313274	1257826	1317802	1297048	1257313	
0.7122	0.4133		49043	58295	59203	51063	51918	57183	53299	62410	65451	65999		1648033	1539314	1497229	1394277	1401668	1287369	1273050	1378596	1424528	1721590	
0.9819	0.1222		43526	47364	54132	62013	66456	43357	52256	60207	59565	60262		1030667	1327177	1267895	1449105	1567294	1075837	1475547	1417809	1347079	1250461	
0.9342	0.2646		51473	73753	64927	64805	57754	65025	64278	76190	65332	49319		1262045	1353892	1611584	1273582	1335458	1523831	1507174	1497332	1416498	1177583	
0.0713	0.9275		56630	44106	38984	45782	45460	39376	48966	47636	49108	48154		1233034	1385694	1183358	1179656	1390037	1354865	1537072	1602818	1517422	1353046	
0.9177	0.723		53900	60062	72320	60779	74306	73505	83160	63788	63547	57701		1146053	1223342	1461487	1148579	1507992	1559421	1515691	1289329	1329847	1219759	
0.261	0.9756		56390	52374	46699	46672	46722	47718	57302	55431	46042	40470		1572717	1394299	1309472	1175132	1159593	1288908	1425261	1435961	1306385	1179859	
0.9449	0.6569		59258	55858	54774	55849	69564	68010	54429	71642	61492	60676		1315267	1149784	1026988	1057158	1331294	1480271	1100597	1364929	1276862	1268127	
0.488	0.7636		46122	51235	62588	70094	47488	54740	51483	61678	50221	53789		1381500	1248956	1573265	1401017	1098052	1133086	1202855	1446158	1273643	1359458	
0.0856	0.8671		42168	54091	38301	39307	39230	38252	38115	43969	44444	48624		1386571	1332522	1303850	1250622	1370604	1206998	1329049	1539803	1321118	1404492	
0.901	0.1101		52775	54553	47398	61694	52395	45827	61153	48343	42853	43270		1399053	1296482	1440058	1577475	1345623	1230419	1575342	1309106	1158757	1073393	
0.0697	0.6664		49315	49047	60990	48040	35687	40719	39766	48973	38421	34313		1443358	1637915	1714944	1459701	1131171	1252139	1156008	1311610	1176130	1088922	
0.0591	0.2901		44138	41956	50139	44280	45426	32647	52715	32758	34002	38419		1708739	1361277	1339561	1578458	1518914	1262603	1545062	1255987	1248937	1151427	
0.9203	0.6322		57125	66784	60370	64839	71606	60224	53281	72607	58152	58503		1160381	1435568	1354648	1261308	1663780	1245387	1081991	1659704	1321284	1295170	
0.2824	0.6773		55216	44508	42445	49764	45837	43711	39294	45259	47032	38809		1503882	1253627	1285377	1239321	1297118	1269799	1146168	1239033	1259548	983930	
0.6291	0.1882		44508	46481	45572	57021	45943	41321	52247	57882	54349	42268		1486168	1265016	1325081	1687645	1292338	1258438	1405846	1658067	1650161	1172730	
0.5682	0.7416		61825	52202	74320	52689	71194	73768	66634	55605	50136	62702		1215101	1230891	1566929	1253440	1569211	1482045	1187157	1280082	1282094	1366889	
0.3099	0.8534		46380	56161	55711	52612	44374	57241	47183	43561	42913	43186		1533592	1331405	1551136	1360893	1149836	1453590	1325784	1169553	1291468	1189721	
0.1969	0.6248		40027	45774	49695	35635	51236	41053	49793	45848	54831	54181		1169095	1357552	1475702	1060064	1453065	1212045	1424013	1245488	1496964	1152645	
0.9576	0.9145		59688	69812	65886	59772	68565	67778	63395	69488	64521	68533		1212064	1355675	1226827	1047372	1119769	1274670	1238534	1396211	1212433	1267751	
0.8075	0.6815		52053	79490	59271	69210	54353	51920	58738	47674	63446	55942		1000451	1445105	1124001	1316450	1107899	1087149	1457518	847535	1130291	1173371	
0.0587	0.1086		34289	34563	42063	31381	39761	31434	35571	32073	42181	50615		1314002	1323420	1558654	1271608	1368021	1132628	1287415	1196976	1447221	1614064	
0.8624	0.4253		59370	51924	69049	54247	50686	50501	62537	67366	51875	56014		1245803	1070641	1259903	1242958	1161000	1219072	1578463	1224162	1169477	1248785	
0.7378	0.3478		47298	50024	50975	50758	40127	72888	50703	61026	54488	45772		1226479	1285204	1359491	1251155	1161808	1374709	1273755	1286232	1324128	1220455	
0.2038	0.8087		53088	53253	40011	51427	51238	39816	42486	47234	44807	44097		1483563	1670613	1288460	1465817	1454875	1221136	1185268	1190975	1272733	1438874	
0.0926	0.4623		31237	65226	44237	34655	36020	55251	45781	42211	37683	45553		1026698	1181451	1268124	1166119	1214740	1485945	1486078	1294120	1223051	1451269	
0.6586	0.401		50276	90857	55168	53900	46570	53276	57510	42818	68106	54026		1248135	1341839	1167923	1270660	1130361	1318357	1391577	1199466	1371063	1438476	
0.9254	0.3107		56458	69456	55266	70922	56587	53313	53339	54580	56926	57293		1347696	1527051	1214838	1492792	1302997	1202101	1106113	1143004	1202653	1165796	
0.483	0.1653		53106	41421	39911	40300	40793	48374	43045	44597	55040	51901		1435773	1216221	1131681	1226698	1153939	1391871	1328625	1246797	1634051	1377402	
0.7611	0.4668		51673	65349	50583	50826	64392	59181	53708	51038	53675	52150		1213121	1622805	1263848	1265205	1633439	1448041	1287478	1203488	1268562	1286067	
0.38	0.2061		38035	44677	53260	39349	51945	49187	49575	58360	55674	40082		1133294	1479411	1244637	1142426	1252674	1255178	1417825	1255357	1177662	1200437	
0.7157	0.5749		68720	51668	49658	49185	51263	62782	51574	67404	53022	65814		1456536	1425541	1222263	1191053	1135084	1385362	1240038	1384101	1260474	1305852	
0.5341	0.8162		50373	66614	57599	65058	56793	55156	52394	54825	49084	53885		1376572	1657147	1420675	1402005	1203030	1347302	1239424	1390315	1320381	1368859	
0.4733	0.6351		60565	47210	45173	59225	46200	50677	47011	50930	63240	45866		1633215	1184980	1147806	1313291	1195533	1224252	1454919	1238420	1335641	1288153	
0.7096	0.6374		52932	54821	52050	52752	51880	48805	66088	55687	55928	63956		1242607	1475066	1426633	1286611	1160448	1149159	1379964	1444231	1337532	1617323	
0.3811	0.414		49912	40850	48335	39405	47164	40981	57283	60108	53998	41477		1461634	1295486	1281377	1215460	1403457	1359265	1428254	1318403	1355363	1370307	
0.4822	0.5791		48543	53047	48684	50029	46884	59737	57131	60946	45554	59874		1305364	1246060	1295558	1324947	1285100	1542582	1421009	1520621	1244304	1596634	
0.6398	0.2342		53548	66668	57516	45289	67020	42906	50589	58782	52536	45135		1517539	1373372	1517332	1186214	1300495	1095151	1343505	1420478	1398013	1162049	
0.8129	0.1584		41774	48345	56499	43790	47989	49704	45682	45111	59004	47256		1229947	1541888	1295199	1093245	1272834	1334884	1304020	1294748	1439094	1245244	
0.8919	0.2624		53074	48014	53357	59114	50047	59897	52631	62145	64391	60071		1375035	1318516	1255842	1369181	1235332	1293586	1379798	1516662	1330028	1366734	
0.9116	0.1852		73308	50864	47858	50379	55732	53578	47268	47346	48259	47172		1621990	1286179	1178100	1238243	1260777	1279202	1273600	1286188	1189590	1076643	
0.9849	0.143		52069	51908	62579	62382	63295	66391	53780	67290	56685	59959		1332332	1235916	1571155	1612777	1442939	1282473	1298974	1555736	1549095	1480663	
0.2486	0.2439		47207	41665	33344	39453	38662	41500	34820	40995	35665	49492		1264898	1403994	1114134	1339505	1280138	1312963	1146828	1285630	1094936	1067635	
0.931	0.134		48533	48876	65418	51917	59265	46244	46346	54944	47731	43460		1303201	1240613	1369502	1538237	1711976	1186544	1161040	1317092	1224083	1153366	
0.2532	0.7314		43903	42035	37857	44202	51381	42059	39722	38753	41589	45358		1231563	1248929	1061534	1226046	1346676	1267331	1048234	1103583	1200699	1169093	
0.3038	0.9619		45411	58605	43449	41463	45395	46252	47420	46129	49194	51558		1411382	1594716	1109145	1117582	1246060	1207636	1292242	1275446	1624846	1456473	
0.3634	0.3887		50656	50656	43691	42363	42143	51205	39675	45992	47446	39599		1423734	1462291	1443933	1204850	1175865	1345519	1264180	1231383	1359562	1180588	
0.2797	0.4296		51595	51968	43407	39090	53602	48950	36053	49659	37392	34839		1644199	1609000	1202417	1259300	1500088	1466155	1131415	1275368	1168915	1041310	
0.3521	0.7054		44318	59008	55210	54594	48346	46155	48291	40251	54235	47595		1168597	1388783	1497726	1543464	1155980	1208623	1236069	1006124	1243801	1190832	
0.7945	0.0578		50984	45603	49982	41709	46180	44473	42804	43508	42905	50171		1226885	1226729	1169285	1058035	1083985	1232226	1290747	1285847	1200007	1297991	
0.1062	0.7942		36737	34294	51927	47399	38155	35278	49035	37980	36545	46082		1433740	1022568	1472944	1426299	1148793	1230654	1401263	1237886	1211564	1413809	
0.846	0.7747		78367	81346	59513	60971	54894	56821	57042	65010	83565	60953		1439469	1416670	1507067	1248366	1003245	1151019	1343093	1367504	1709599	1264709	
0.7894	0.7772		80064	60660	72050	72011	69749	69432	70037	57989	76534	51031		1439150	1273627	1656841	1725776	1554340	1447261	1663166	1340498	1506843	1186348	
0.8508	0.0742		46036	43945	43516	57918	41652	58881	52204	59559	60533	56197		1389565	1215505	1240681	1556497	1149973	1575999	1458665	1418460	1609254	1396446	
0.9484	0.8778		66728	66771	72619	67659	72034	88507	72403	87842	82330	72455		1303241	1283692	1407417	1240540	1423214	1605581	1273550	1382764	1693723	1277887	
0.9195	0.4976		73866	73808	61525	58633	57412	77402	70853	58594	61034	59553		1578545	1493936	1235655	1379240	1370444	1300250	1473083	1247857	1250621	1212563	
0.655	0.1894		54799	57167	45302	42956	39777	39582	48162	45321	42510	46675		1532708	1528504	1148056	1036010	1095479	1168577	1146909	1204627	1141537	1190412	
0.8652	0.56		73401	54913	53847	49855	68768	60026	58992	55431	58470	57966		1676319	1334982	1196151	1225426	1291126	1387786	1098473	1209432	1365446	1301466	
0.5148	0.1982		40081	42679	49461	59320	38854	39534	41268	42096	58605	47251		1214330	1432642	1326491	1586228	1111799	1171283	1182933	1132471	1561095	1361006	
0.3305	0.5109		41600	51513	43464	52495	43092	39349	52270	53796	42978	42461		1494305	1498472	1170259	1315608	1281417	1343422	1408917	1416902	1331760	1216591	
0.1786	0.6906		50185	47646	39514	39432	42833	44611	51704	51682	40300	48323		1634595	1685434	1200580	1203369	1183422	1294793	1342730	1633417	1312124	1173700	
0.8909	0.2651		81643	65311	67648	73653	51763	70743	56330	47385	52554	67398		1481720	1551633	1259702	1362193	1063889	1171886	1213611	1189305	1206654	1550742	
0.8889	0.5758		72546	75539	66385	57154	61201	55427	56437	77694	58671	61873		1638587	1575054	1349117	1143478	1263533	1152642	1160195	1496125	1401868	1350167	
0.5375	0.3159		46421	56466	56123	56536	43324	59439	60273	57390	57876	54143		1254466	1501697	1518714	1391822	1219341	1562988	1616721	1519205	1276954	1585244	
0.6744	0.274		48429	64266	62388	44392	53057	73600	59285	71319	46589	59614		1545821	1483869	1309411	1404490	1280097	1232499	1477524	1455735	1207859	1195340	
0.4903	0.8205		87192	63036	61215	45871	47613	46276	49518	49173	61812	52658		1503543	1423794	1558110	1214926	1215148	1273581	1256207	1339308	1471585	1309616	
0.3157	0.1694		33399	43563	45669	49208	39639	39789	51754	50939	49952	41401		1154434	1380783	1374881	1549734	1322986	1269251	1422625	1684081	1524673	1323586	
0.486	0.848		52995	69464	49210	53095	66153	52496	64129	65784	54185	47744		1418512	1538424	1397705	1309816	1515604	1270394	1549979	1367090	1196309	1196081	
0.3296	0.6335		55759	54269	47866	45674	57584	46622	48458	51198	56717	56248		1521651	1362166	1267082	1143238	1238001	1105691	1224298	1249002	1572611	1329292	
0.8584	0.5831		53716	75474	57266	62412	55223	68782	59408	56265	57807	68860		1216399	1704428	1241269	1280341	1247600	1285763	1317788	1272569	1238773	1361651	
0.8671	0.7961		57693	58841	73474	56450	71195	72114	59832	71630	86608	69743		1327972	1288504	1527501	1203089	1474722	1513654	1303083	1398627	1413911	1463296	
0.558	0.5068		45821	59810	45574	58197	54275	44759	47875	52379	52285	47681		1408626	1526871	1212840	1633246	1517366	1065096	1349507	1463161	1334395	1183264	
0.7399	0.9678		83566	72321	72672	59382	78057	64848	73570	59936	88453	61831		1743514	1332902	1543065	1326043	1503863	1400860	1541520	1279505	1311585	1537182	
0.7871	0.9561		73526	91927	73691	60161	66883	64498	65988	86563	61482	62269		1535656	1426236	1423428	1251327	1363258	1364093	1328297	1254730	1074375	1186063	
0.3276	0.6427		42445	50435	42388	44957	41982	44638	43837	52489	50935	48559		1178053	1227712	1130405	1115918	1121928	1190635	1289211	1195917	1316653	1307222	
0.9513	0.7765		64312	71740	59856	58740	62956	75993	74113	61239	63433	74517		1234532	1495566	1194414	1124591	1213889	1161040	1527530	1222390	1247322	1406499	
0.6637	0.7435		49948	51173	55459	54119	59120	55080	52219	74194	68241	62886		1383174	1213650	1233399	1226141	1588769	1332039	1196554	1642677	1651199	1550673	
0.0876	0.9368		44373	40205	51831	41336	39821	38991	38908	39222	50751	45433		1400690	1327162	1485861	1225916	1134443	1288429	1138428	1159993	1374469	1330277	
0.2271	0.4294		48720	45865	39017	36387	38436	39562	35499	37243	37762	50504		1510943	1652060	1282132	1199334	1212608	1268295	1139037	1237510	1144543	1502276	
0.1048	0.3949		39657	37825	42527	38564	48251	39058	48602	55438	48663	72665		1386890	1493534	1518183	1348765	1570571	1280048	1651809	1607028	1631128	1632611	
0.2863	0.3884		49251	49428	48992	81155	59976	40758	42169	38417	39374	34346		1480422	1545371	1484229	1787198	1679450	1374345	1298587	1272749	1160556	1176763	
0.3664	0.8272		49907	58090	48346	48994	45155	45494	45488	66529	55989	45074		1284903	1498638	1286007	1290297	1254640	1182296	1157722	1493835	1444287	1323285	
1.0	0.5349		60542	60207	59122	64808	76756	73469	57195	58932	58818	61115		1358913	1325385	1172669	1337177	1512739	1487609	1241417	1364404	1279306	1224484	
0.8807	0.5289		56470	54268	70196	59273	70089	68783	58361	54166	70784	58645		1397030	1445522	1556034	1413905	1606498	1689708	1414892	1583028	1370751	1508388	
0.7156	0.2642		50020	46443	58362	47334	46977	60469	49678	41354	49016	54549		1525103	1159226	1411354	1198630	1145438	1337646	1183702	1122404	1180141	1496478	
0.5869	0.1932		38373	44591	51878	47133	54255	53966	42977	56096	47046	56623		1243597	1271334	1357120	1392073	1657684	1453767	1386426	1491036	1263217	1400549	
0.1207	0.3517		35527	45385	43686	36990	38329	44838	37648	40732	36517	51302		1322808	1480207	1391722	1367292	1250465	1345361	1509840	1477652	1324329	1581468	
0.1936	0.7591		45176	45405	61864	46016	43826	51317	42081	52383	50740	40240		1432016	1460020	1625971	1492562	1343717	1450800	1379546	1424930	1263293	1054923	
0.4555	0.7663		50989	62872	53914	57496	66304	53893	55482	49312	49984	53525		1473150	1460019	1289194	1402263	1267972	1503112	1438978	1280262	1263689	1301629	
0.2594	0.3535		40642	37797	48341	52095	36947	47742	41674	48816	37117	36803		1291681	1274148	1404405	1263603	1129138	1421243	1274907	1466930	1110407	1122007	
0.2138	0.3997		36814	35893	38251	40720	39299	37945	49031	43127	36621	35387		1144362	1098468	1213366	1386862	1217311	1194819	1639506	1354777	1015683	1094936	
0.6592	0.5474		109554	64919	61069	62959	61182	61124	47294	48066	55013	47643		1472345	1398646	1348063	1220734	1594464	1584458	1312929	1255678	1231822	1300035	
0.1847	0.8268		39874	41505	38935	40974	50546	56425	45127	42177	40783	50447		1225817	1351852	1336139	1323982	1361783	1419799	1284480	1304500	1262119	1315703	
0.8529	0.8317		76644	72033	71325	74299	63355	69971	85217	59441	65663	72600		1437243	1570434	1540372	1427820	1228316	1428883	1659425	1242506	1358494	1534320	
0.3153	0.7926		44171	44450	44615	68159	46766	48663	45593	52348	61481	56989		1299131	1283303	1241948	1203959	1369159	1252282	1344325	1546969	1508143	1626045	
0.9191	0.2931		52881	48553	48869	49322	62375	63532	52034	59774	59963	64413		1253222	1081461	985048	1154221	1434173	1033603	926480	1255055	1239841	1583143	
0.3647	0.1082		36576	45622	36773	37043	37035	36912	50048	56633	37705	48261		1159085	1336723	1204624	1105970	1107882	1242281	1437098	1392951	1220260	1278850	
0.1711	0.2821		47473	48424	37335	38409	38098	37717	35283	37186	32740	34179		1584980	1704314	1378599	1376407	1228590	1272811	1247628	1221533	1124816	1196512	
0.2696	0.2885		58909	44865	47472	39295	35448	39051	36969	49452	35493	38806		1658758	1438143	1503542	1265032	1128962	1204316	1170417	1442213	1190765	1118822	
0.6805	0.4081		44100	50045	56726	50036	53802	46213	48693	49210	49497	46328		1258022	1336488	1360165	1317610	1291326	1363128	1257891	1210204	1132219	1295537	
0.0894	0.6393		50982	51275	37054	49004	36833	52898	49839	38044	40139	40482		1413151	1630478	1210715	1445572	1220654	1380778	1474366	1343907	1227231	1356324	
0.6857	0.8633		69109	65882	71884	49750	58626	56181	54489	51508	55436	68724		1418872	1388705	1161630	1134220	1329589	1292596	1233783	1089061	1147512	1388237	
0.9842	0.9224		80487	64168	81495	70668	79171	67022	67857	77612	69135	79819		1727282	1219324	1495135	1310522	1510600	1508640	1341528	1550589	1407223	1576649	
0.2459	0.3459		33615	42186	35792	37347	44575	42957	37738	43937	47395	41581		1329461	1287939	1246283	1359247	1462262	1309845	1395079	1436539	1562896	1346053	
0.3601	0.4139		58181	44230	45743	50775	44965	51446	60646	40209	50257	40525		1619710	1284270	1424328	1572616	1374435	1578085	1443655	1273178	1374691	1185932	
0.2481	0.0967		43097	34068	31243	47553	31338	32899	33299	43553	43502	47286		1355100	1250660	967181	1246742	1164385	1103045	1141962	1250425	1320570	1469165	
0.9541	0.7365		64714	72491	70232	61703	74000	70381	81343	56377	94597	58923		1610450	1550820	1383148	1291907	1385966	1298429	1546919	1273173	1539507	1397043	
0.9411	0.6013		58481	72562	53916	60069	56074	56376	71665	92349	57230	65820		1315727	1304600	1013916	1266132	1162389	1106336	1351229	1266671	1155101	1299232	
0.7536	0.1571		45852	43801	54762	48753	55596	43783	64037	52658	43466	59590		1234307	1152133	1256479	1220149	1388063	1203439	1469442	1340306	1126653	1261920	
0.9605	0.7207		79541	62867	76608	63668	75760	63265	75831	63218	60390	62486		1577889	1255221	1412653	1352282	1564795	1335782	1653072	1226869	1238372	1257456	
0.9098	0.6601		57646	63289	59925	63460	65757	62935	61714	74328	74599	73493		1509591	1381217	1346791	1342385	1376166	1342737	1431693	1265491	1454151	1547865	
0.1451	0.0862		35206	44433	45111	31567	54134	50632	30050	44760	33748	46594		1427530	1484969	1370306	1249198	1354221	1279231	1233960	1419091	1251041	1441778	
0.6333	0.2936		46855	77668	47685	68177	52653	47308	64036	43505	52731	45406		1351657	1438335	1354386	1486884	1290175	1372427	1573530	1106195	1244223	1275483	
0.2096	0.4134		39302	36383	36837	38692	39327	55636	36929	50260	38109	44606		1316120	1350023	1186046	1208619	1237788	1361344	1409379	1555780	1344859	1286390	
0.0503	0.1074		33348	40680	40955	35204	27449	47053	40308	34754	36952	32180		1238493	1618931	1470727	1208023	1039896	1342712	1498513	1324411	1290220	1262377	
0.6664	0.503		50632	55212	52497	49973	69162	68865	66058	52932	62525	62639		1394105	1504551	1332737	1233697	1640836	1541811	1707796	1257170	1246335	1480818	
0.6902	0.2893		61810	62889	60074	49173	56153	58920	59410	67255	48345	47281		1511986	1478595	1539036	1171149	1373324	1415316	1313508	1591658	1159095	1079426	
0.7707	0.9273		58237	109729	58064	63527	71888	69356	57419	59363	60108	59065		1204739	1266776	1241336	1282207	1656763	1157695	1179928	1219566	1198917	1164830	
0.9275	0.1659		51394	50324	49010	51215	50556	58786	73863	46829	62637	62927		1439129	1337029	1468095	1385062	1333879	1517453	1570986	1272031	1446203	1631174	
0.5377	0.8965		48656	65453	52395	52589	47715	55298	56432	71703	48666	53363		1308846	1364763	1135406	1348098	1030968	1261883	1221080	1536322	1042910	1235696	
0.1966	0.9544		56991	43002	58694	54806	54154	54372	41595	52041	53391	59418		1435490	1382305	1498747	1681267	1761546	1490723	1189306	1458780	1591777	1504071	
0.2705	0.4179		37339	52088	38086	38126	46626	37363	45598	50553	40766	49552		1193473	1420165	1279371	1283593	1491229	1213181	1494121	1543237	1425646	1499410	
0.2612	0.327		49792	40655	52302	38044	50905	42349	36440	36162	39971	42693		1486358	1227126	1677856	1405171	1403007	1265321	1116155	1166278	1237076	1322742	
0.6356	0.2163		110660	60761	44057	42072	39554	47357	39526	54382	49900	78360		1459735	1453001	1366383	1198399	1116450	1297428	1370653	1528924	1433164	1303302	
0.6299	0.8536		57041	69400	63209	66416	66780	60953	55371	51888	66294	66124		1376434	1522117	1414346	1583454	1526549	1570658	1365604	1305654	1372125	1396547	
0.423	0.0815		38475	35775	48065	47788	35857	35405	61278	37020	46557	55525		1227307	1319760	1527201	1644895	1106006	1116488	1306427	1239888	1482552	1476963	
0.5667	0.1006		55702	46336	41351	39647	51351	51424	54346	58318	51196	37787		1715038	1503045	1314735	1220124	1477424	1478927	1412767	1409250	1392295	1311905	
0.7734	0.9938		70116	61463	61551	64791	60704	59574	62043	59297	61563	67569		1415703	1256075	1309217	1405501	1159597	1166119	1156841	1177764	1170624	1254221	
0.1647	0.5925		48012	48020	39907	62356	40247	35677	46891	43301	38372	38911		1305278	1308319	1204124	1220554	1428614	1085487	1289667	1252186	1156558	1172628	
0.2525	0.2039		46932	46296	38480	46485	31899	34366	32297	34152	38210	35508		1776255	1669853	1249680	1566082	1074627	1037693	1084564	1112920	1198021	1321511	
0.2172	0.3637		35548	38416	55835	35053	34349	37460	38813	44129	43105	40484		996571	1159050	1276588	1030673	1182910	1176124	1121470	1137198	1269749	1183818	
0.154	0.7717		61163	38668	49462	38351	39874	39737	49276	56139	37963	37960		1411603	1279848	1499355	1106580	1332734	1209893	1608665	1459689	1245332	1314496	
0.4953	0.2016		52121	42966	49267	46982	43114	42396	51629	51909	41191	46808		1325289	1295233	1385607	1352859	1134878	1166395	1577236	1285682	1233241	1365741	
0.7668	0.4117		51106	64602	64366	64253	65248	56414	50417	55592	60978	68975		1260012	1525167	1547107	1436818	1598118	1470742	1329927	1336859	1490996	1605633	
0.1585	0.3975		48089	48012	45746	45256	37606	35475	48178	35774	42082	46484		1345480	1579279	1653705	1631610	1233058	1139154	1262880	1266740	1379317	1396661	
0.1201	0.3176		38624	30261	37526	45644	33924	41686	44214	34321	51850	41406		1364789	1176021	1247426	1340517	1131103	1288583	1467633	1180220	1180563	1303743	
0.3821	0.0916		38505	40340	39682	39000	40278	49073	54706	49925	49712	39366		1220941	1346826	1288190	1261344	1293383	1424338	1468393	1539970	1440184	1275922	
0.5789	0.8182		61117	52538	63781	50395	66559	51912	56629	65485	55542	61988		1396176	1209081	1412540	1162955	1573598	1195453	1194587	1281120	1096920	1302523	
0.2122	0.3949		48191	65934	44503	38837	37703	49422	36440	50907	47181	52124		1506023	1328765	1195504	1227239	1150461	1309947	1212126	1250172	1523598	1564798	
0.9885	0.7297		102801	74783	59387	74583	74111	64475	69216	60599	60442	63361		1254848	1448963	1185476	1388270	1584810	1278782	1393357	1288350	1234475	1278896	
0.8557	0.751		74713	62106	78654	61277	75664	81934	60166	60369	78112	75456		1575621	1295997	1423957	1176185	1387980	1644609	1246336	1177600	1584709	1393435	
0.2363	0.8152		48525	47367	44284	41103	41706	46027	53021	48921	52330	52415		1288647	1285790	1150924	1121814	1142278	1286655	1308214	1199731	1504915	1477510	
0.7206	0.7465		55592	56260	68192	65431	69479	56639	56489	70922	64615	70155		1271489	1352114	1506825	1561989	1598216	1389407	1291579	1480950	1254563	1543461	
0.8386	0.0839		47982	62002	56897	64319	42829	48516	59726	49176	50539	45162		1314885	1472499	1519424	1601723	1134825	1198696	1640995	1357404	1362607	1211397	
0.1549	0.4696		48702	46484	46911	47019	37354	44164	48228	40370	37004	36351		1473953	1405063	1728958	1451669	1186896	1382552	1386780	1429368	1143108	1168655	
0.6571	0.8045		65612	58192	66420	65676	70115	51411	52247	65164	73324	54431		1455432	1297165	1362958	1574658	1594264	1041256	1094946	1566617	1352367	1372258	
0.1612	0.3438		47903	40307	33913	47549	32307	38331	43811	46598	38762	33107		1171913	1383383	1112029	1412138	1150666	1166087	1413881	1361857	1339063	1175846	
0.3423	0.5667		56156	56236	44993	67702	55571	43927	56450	55934	48859	45090		1581924	1302600	1263758	1240909	1440689	1306518	1425502	1591028	1403501	1259344	
0.967	0.3879		56452	58705	61444	55873	59423	55644	51882	54799	70500	65064		1152335	1187769	1333078	1224583	1271712	1290331	1074535	1123772	1594685	1306651	
0.0681	0.4253		43930	35839	34370	43770	39849	31172	38395	41207	35156	32298		1680697	1247326	1335284	1422441	1314192	1258744	1262470	1250417	1260070	1305909	
0.6071	0.6459		48777	84469	51580	54000	52699	46029	52999	65430	50431	47616		1475493	1601871	1245592	1357606	1128899	1210844	1332422	1626764	1468193	1115896	
0.9079	0.2745		50608	62268	56971	59593	60067	57834	58836	52390	55978	55879		1241803	1402009	1237677	1294334	1297444	1253384	1396612	1192087	1381170	1360209	
0.2481	0.5691		50903	55237	44943	54428	41468	40665	42794	49464	49317	40951		1285238	1369358	1463562	1605722	1294891	1128131	1243821	1244821	1278961	1215632	
0.5779	0.2369		62883	39807	42226	57505	49607	62369	43468	54033	43670	54703		1580227	1146433	1096059	1446693	1130993	1460178	1226360	1420415	1239427	1250789	
0.2373	0.1544		36781	49356	41712	48921	46227	45441	42097	34983	48432	37464		1154402	1439999	1458383	1583738	1417137	1558018	1336021	1184600	1534236	1320742	
0.0893	0.2093		34354	33892	45035	34521	42910	36038	39748	34416	33064	43382		1407578	1267246	1418572	1266129	1558906	1309797	1253370	1186414	1253342	1677027	
0.5691	0.5297		58157	47882	46002	46063	52772	58739	45945	47856	42196	61761		1770330	1270885	1193813	1222921	1454962	1818170	1352564	1243975	1200625	1611483	
0.2961	0.6687		40329	54394	53691	52863	51397	48225	49123	45306	49753	70184		1252649	1485635	1439286	1579632	1584624	1456905	1175059	1323640	1322114	1444444	
0.3861	0.239		52762	44159	42149	39368	56531	42279	39569	40157	36564	40513		1648430	1292870	1282624	1201546	1551035	1310112	1235844	1107997	1159606	1260590	
0.0954	0.9787		51383	35539	52579	50860	46345	39598	57264	39607	49210	44386		1430762	1308828	1608608	1407051	1429812	1243635	1596283	1218020	1505929	1362134	
0.7166	0.2605		61634	65976	46567	60396	41902	60275	60878	60477	44121	47745		1612274	1874673	1320440	1394417	1325713	1669132	1807349	1742549	1182668	1278687	
0.8912	0.5829		67256	55267	67548	59388	64400	66320	60599	66682	54000	67972		1359516	1191848	1292027	1310179	1370506	1501427	1391401	1536007	1305267	1371143	
0.9246	0.3777		56357	67377	57143	64978	52733	60626	59914	55877	69042	69878		1292908	1575240	1309943	1478753	1277256	1321624	1316251	1208276	1805708	1533621	
0.4408	0.9673		57500	63048	63427	65826	56230	53891	71571	63855	63047	47551		1449382	1492927	1458735	1465418	1285453	1334659	1489999	1393960	1605037	1212277	
0.1336	0.8796		44557	45621	49773	41699	65359	52605	61316	54984	40997	39104		1386670	1458617	1553292	1449435	1467212	1616811	1534088	1493905	1335070	1103718	
0.9551	0.4092		51775	53898	54251	54331	55400	52894	63412	49538	55973	53744		1140414	1230515	1132666	1119116	1251687	1129070	1221575	1168337	1142445	1080226	
0.7224	0.5675		54673	51939	67695	53761	51247	50740	50647	53532	64117	53779		1399626	1312942	1528928	1290675	1189245	1124628	1131345	1280368	1347853	1262452	
0.1747	0.8919		41625	57969	54003	51070	43130	38816	45795	42903	50660	52943		1222268	1475197	1363688	1193788	1229402	1213931	1262555	1215551	1427244	1495163	
0.5557	0.0956		38560	39042	50567	38536	52125	50778	41833	50735	39846	50393		1448049	1307745	1679365	1230786	1556549	1481540	1344126	1426739	1273383	1595156	
0.5049	0.936		51268	52821	62811	48729	50389	50420	51569	62004	51694	49680		1234954	1272987	1503525	1181398	1174656	1221612	1268303	1527677	1266282	1377384	
0.1458	0.4355		35030	34306	35331	36963	46910	36200	37523	34793	51622	32427		1239219	1264161	1318419	1433957	1448765	1186298	1247222	1112485	1265895	1207152	
0.8204	0.5985		53539	69713	55040	50955	68573	62728	73612	67425	62567	75957		1173442	1415233	1250735	1157306	1272310	1344864	1658106	1404320	1352169	1350271	
0.8826	0.8508		63143	65821	67925	78155	76599	77957	64057	78485	63720	76387		1157062	1366855	1354457	1411183	1508702	1368903	1219411	1465253	1148782	1282010	
0.2075	0.3004		48676	57519	44610	51791	41943	55569	44119	41967	41449	38649		1408061	1826791	1477213	1392431	1346836	1449585	1618149	1318561	1418492	1222662	
0.794	0.4587		112528	55899	67209	65767	64834	65404	55687	59400	59362	55717		1394736	1237074	1587522	1734721	1636182	1527253	1236005	1516091	1579956	1343565	
0.651	0.7606		57173	75334	60003	60518	77340	69334	59227	51293	56663	55500		1391715	1771280	1375177	1409183	1581238	1448779	1355160	1250451	1377349	1193127	
0.3446	0.8711		45893	46239	58737	51663	52088	44810	45356	60050	59162	44868		1381610	1301371	1526207	1455138	1350085	1285931	1202368	1768106	1697607	1340800	
0.1496	0.2443		36963	34073	34764	30797	31209	32792	43109	36384	47858	54581		1492226	1325519	1231110	987410	1086476	1035966	1364372	1275121	1497048	1332267	
0.2805	0.0956		40818	43829	47380	53933	44918	36732	33641	34691	43062	37208		1499106	1269565	1315868	1393487	1340650	1140425	1027924	1100651	1336016	1069558	
0.4457	0.8933		49560	64233	61891	48813	50674	47889	52027	58443	57456	48037		1425845	1548078	1676701	1334544	1338954	1105040	1351831	1498827	1210100	1188512	
0.4525	0.7568		49676	60213	47826	52324	52789	47638	62216	60520	50180	55006		1444987	1324295	1344189	1330180	1459495	1271689	1653562	1754792	1394965	1424560	
0.4539	0.4114		47032	57121	42142	50192	47823	53387	47956	60025	45434	52560		1196736	1476617	1218817	1534483	1320714	1267575	1220449	1398744	1216517	1503405	
0.9186	0.8396		63644	58328	64257	64533	60505	62878	66411	60405	64698	82572		1226884	1244494	1347617	1308349	1175469	1126367	1148159	1357471	1278564	1581433	
0.4253	0.3637		46737	52746	43087	39522	45829	44721	36627	52966	40638	38147		1411418	1491860	1366464	1270865	1396496	1364247	1061022	1250593	1076623	1087518	
0.6104	0.6225		63518	64237	69752	54537	65517	53369	50355	46140	61456	53570		1635867	1571120	1489924	1322136	1265836	1255679	1220786	973743	1158310	1335541	
0.7306	0.8111		54302	61305	57685	55078	76076	55900	57280	54757	65876	75348		1120711	1231394	1332683	1262432	1453562	1129005	1138816	1273200	1395187	1555154	
0.5276	0.6926		66844	49051	51743	49115	60247	59760	47314	47230	52928	59653		1250574	1145393	1159600	1121741	1340345	1408334	1265770	1148091	1320711	1541039	
0.5851	0.6248		46814	63923	54291	49847	51400	49409	61650	60502	50424	71115		1223755	1266894	1283343	1242043	1195789	1158915	1214433	1268666	1343831	1545039	
0.7239	0.6957		116823	66689	64051	63458	53978	75828	48978	74265	74316	61755		1540328	1427032	1261481	1523743	1495298	1434026	1322419	1545157	1539016	1403679	
0.7831	0.5472		70038	52901	61386	55954	67069	66846	51377	52866	49086	47816		1779742	1260367	1311892	1237024	1618508	1619962	1156808	1017133	1011503	1185152	
0.814	0.6683		75154	78487	66791	75690	66435	62094	77268	66662	74657	60425		1471042	1589707	1301687	1523083	1416726	1487898	1394388	1413840	1517660	1431559	
0.8586	0.4074		48133	52328	54349	52440	47772	61330	54295	52026	67707	65885		1146483	1270837	1246063	1331599	1305147	1217472	1379371	1456448	1572722	1475261	
0.4712	0.364		71351	58041	55286	42542	38759	52140	40495	44378	54412	43286		1540417	1445151	1661688	1134420	1031472	1151916	976792	1203768	1315698	1041519	
0.3418	0.5166		50628	40232	54922	43752	52316	41356	42185	43563	39751	61135		1495885	1197321	1514107	1279833	1493916	1190324	1214552	1370926	1273293	1794304	
0.2327	0.1875		43383	56423	39471	44426	44126	36837	40764	41270	44934	35432		1466395	1746303	1454546	1588383	1387105	1134062	1151671	1359916	1490191	1240256	
0.7106	0.3747		59268	46671	47473	57516	67559	60118	63209	49094	49058	45134		1452651	1222713	1354683	1371453	1411405	1382772	1572628	1431460	1294573	1142644	
0.6554	0.9293		53072	59482	66074	67236	57406	56268	54720	54691	68189	75386		1109326	1369297	1365555	1427664	1268734	1154093	1121496	1190792	1512522	1420480	
0.1304	0.4476		34425	35022	30916	34148	41238	35238	37917	45213	33360	35534		1035496	1140985	997349	1107297	1106555	1069864	1166257	1435711	1082491	1341431	
0.1425	0.595		50704	46101	43412	50295	45499	51313	36682	36511	34750	41535		1298568	1393983	1263476	1677272	1424841	1478294	1175431	1045131	1077372	1202465	
0.6932	0.1441		41805	44069	41811	38667	42351	49556	56138	51055	42397	60543		1138952	1261117	1183152	1059749	1127987	1413501	1424400	1589222	1269993	1362224	
0.7901	0.0692		47304	45923	57581	41495	50294	39186	58569	42120	44250	55669		1308466	1495036	1476231	1192164	1476168	1165050	1430202	1249922	1299424	1477243	
0.5684	0.8143		52526	68606	63749	60293	49256	58606	49563	49920	47788	48893		1126138	1422213	1359015	1368269	1227202	1372893	1322298	1241566	1310132	1241312	
0.1132	0.2242		45861	43904	46023	38637	30930	45827	31635	37575	36683	48191		1344010	1365175	1360294	1166544	1043539	1574463	1065483	1149550	1316892	1575807	
0.9798	0.239		63299	56292	70135	63688	61710	59731	70303	63287	64341	63966		1460906	1406175	1376272	1515091	1281077	1255202	1346275	1664793	1472276	1352476	
0.6241	0.2661		46151	53529	41237	43366	55989	54064	53095	44811	41919	47409		1323837	1474250	1285293	1348817	1552670	1329562	1330044	1258227	1382966	1240755	
0.5833	0.1367		51137	50474	61104	46003	40596	45364	36157	46635	43125	39894		1128017	1288751	1406702	1154439	1313488	1419083	1114802	1320223	1281101	1158133	
0.3657	0.2481		38961	59972	54419	40421	38697	48444	40443	42632	37929	40588		1242134	1503154	1616855	1336175	1165572	1266861	1179193	1230114	1121597	1277631	
0.6438	0.1632		69192	56257	45687	40687	40996	41454	47772	43823	56264	42740		1497459	1449752	1327817	1085390	1256083	1243015	1293340	1334409	1400547	1317193	
0.8898	0.7644		71886	61535	75304	59024	76042	74385	63454	70785	74225	79156		1336235	1187067	1575635	1254271	1513415	1642580	1297886	1378034	1500470	1474964	
0.5651	0.298		54598	47334	54663	45943	45771	41029	41756	48735	51291	45076		1522415	1409096	1477271	1195766	1192823	1115414	1104126	1157698	1335313	1216950	
0.8626	0.5899		78399	53565	69473	58408	68510	62560	68234	46488	48080	52449		1475466	1239003	1577197	1374319	1420182	1435137	1616927	877745	852322	1249560	
0.2988	0.7776		44513	44340	59502	46102	47849	46751	44818	44446	49604	54110		1309367	1194735	1304555	1277690	1268819	1277542	1287816	1409848	1336330	1412370	
0.6112	0.7856		59878	75810	75226	67215	75114	83866	52841	62349	58956	65254		1499648	1260442	1669052	1647271	1832998	1668772	1374927	1375064	1302358	1447275	
0.4064	0.8647		45490	53987	60837	60153	43760	48939	54414	50295	56425	60311		1089638	1296099	1415694	1598431	1343768	1298535	1512176	1322060	1348289	1518486	
0.3492	0.7145		47000	54357	51919	44764	56505	52469	46070	42789	40313	46252		1412045	1299799	1393961	1388351	1340015	1313982	1251770	1236111	1028223	1003039	
0.0524	0.0811		34836	42191	40046	37211	40396	32356	33473	40125	40348	38626		1430318	1435545	1405723	1400584	1405162	1237751	1371679	1480735	1382504	1285629	
0.1655	0.8914		57831	48729	45162	52548	54783	39727	55957	42506	52231	53751		1548844	1433033	1275734	1397852	1443420	1291030	1343375	1398294	1592764	1225337	
0.6225	0.5799		45443	67654	52081	48121	61293	60605	57923	60647	47410	60633		1242774	1611550	1234116	1257135	1686934	1543343	1379276	1589631	1333475	1372151	
0.6442	0.9664		55372	56940	53961	55256	62598	61937	69976	60272	54349	54292		1524617	1452859	1274136	1241386	1320304	1345566	1412236	1074647	1189580	1203346	
0.3427	0.942		50158	59496	57077	51127	48503	45458	54938	69449	42823	59011		1519443	1543857	1464263	1267941	1378876	1182323	1226301	1569661	1208191	1274704	
0.1852	0.7412		41113	49409	50608	49412	49748	47465	39308	38961	36570	35101		1427032	1459510	1521976	1567874	1641623	1531474	1219996	1190990	1061418	1228329	
0.2883	0.9475		45298	52479	45010	45701	50441	42861	44089	46286	46916	55979		1293275	1375761	1199496	1182976	1453922	1257959	1470942	1245962	1160747	1434266	
0.762	0.809		63134	61791	78095	73413	72822	59087	60539	78550	68108	68358		1322297	1380839	1498854	1599594	1661971	1273672	1158887	1341464	1315952	1216897	
0.8921	0.6149		71398	85389	59456	66592	97983	56172	75847	63077	75355	63507		1636470	1695519	1269138	1368224	1509178	1160797	1552708	1347953	1582368	1152185	
0.2655	0.4434		37242	55342	56440	41765	41414	39838	58479	56066	56301	50376		1082177	1420014	1194995	1220471	1192055	1236430	1532485	1716097	1504346	1382830	
0.6694	0.3835		48408	47575	58107	52164	50011	50965	62878	54661	50174	65809		1309992	1316555	1460037	1369590	1275282	1244402	1624979	1422984	1673954	1557512	
0.0597	0.5748		43995	48582	34555	39148	39109	47488	36199	40514	39636	38122		1432616	1168691	1319761	1300118	1300413	1565092	1233829	1409692	1342113	1401458	
0.9202	0.156		46488	48995	50316	46477	62281	46748	58971	45897	47587	51092		1179307	1327168	1221011	1163912	1538673	1357698	1437778	1207130	1121977	1262331	
0.4706	0.3797		55881	46157	56387	43243	41866	52138	42291	53732	50463	54034		1531203	1266212	1434285	1101441	1079976	1321540	1121700	1305631	1458821	1439973	
0.1059	0.5761		46205	51262	38176	41121	37826	46558	50686	35448	40842	33996		1364244	1613424	1296623	1291649	1347619	1400100	1292142	1251572	1114070	1237691	
0.4211	0.5133		60076	43081	47917	43491	45361	44826	60879	54679	50840	54001		1474327	1333485	1385593	1190454	1393529	1233515	1540381	1516491	1383076	1614370	
0.2972	0.4148		49855	51291	41829	41387	39636	43158	38085	53521	39166	39717		1533010	1210970	1157170	1300384	1195743	1198380	1083915	1363802	1404218	1149891	
0.8534	0.0609		60499	67439	43667	65244	59332	60042	57121	41998	48379	42948		1211067	1375173	1263386	1471939	1515417	1352143	1239035	1046353	1171553	1122493	
0.8544	0.4905		65792	52320	51712	66095	73453	64812	55196	51731	51301	65852		1571945	1141685	1173184	1558603	1591905	1387207	1320575	1168680	1136947	1306582	
0.9888	0.7592		64458	64024	61105	56335	64817	79023	64958	67167	65891	66272		1411132	1284827	1287159	1097854	1179802	1370472	1230439	1169739	1127090	1393440	
0.669	0.5213		65074	64505	52486	62907	49973	68102	46567	64591	49185	55581		1421923	1430622	1073184	1532642	1523026	1331930	1039945	1127924	1127744	1282170	
0.9877	1.0		70282	81212	69639	93868	65716	80786	79656	72813	80770	78955		1404557	1398460	1396458	1342969	1188139	1486533	1431298	1433131	1477906	1534608	
0.0663	0.147		40698	43976	30865	35934	41663	27456	48807	30954	41619	35616		1443253	1495575	1203633	1326740	1444420	1150668	1313329	1045531	1346634	1143516	
0.6102	0.4219		49919	57449	41365	64018	47947	42073	61431	47087	49554	45768		1221981	1401782	1278523	1652469	1365378	1482401	1661267	1288970	1540165	1412201	
0.408	0.9471		51185	76678	45657	56812	45831	47788	62646	49046	53669	60436		1501306	1241142	1134990	1415195	1121626	1275619	1413620	1189104	1328343	1320216	
0.7804	0.1859		48165	59905	53868	61593	51501	47396	44752	60835	44982	59747		1250706	1574668	1335320	1239510	1208796	1079004	1127704	1495060	1205878	1612906	
0.7292	0.1173		56208	42618	43169	57013	57896	56858	64831	39575	42165	42356		1445122	1252467	1289664	1480215	1691690	1442142	1477471	1132094	1326436	1221752	
0.967	0.1947		50318	63641	51908	50867	53763	63858	48199	57582	46636	61424		1394486	1266257	1315662	1319004	1228992	1391337	1390706	1403961	1276793	1362491	
0.193	0.2377		47597	39225	41181	47823	43618	49833	46653	36597	44728	49079		1623238	1291067	1362185	1494909	1525180	1564601	1448638	1180391	1587014	1417359	
0.7286	0.7246		66909	54228	53092	69329	55164	67888	52755	64146	66672	53336		1520566	1209216	1258645	1477217	1216721	1354789	1186325	1383851	1375131	1245732	
0.6269	0.405		58374	54631	54903	50992	43155	45565	47897	45547	45326	42200		1590249	1270165	1400502	1338665	1000969	1088072	1465370	1304980	1257423	1146633	
0.8648	0.6026		74229	57848	54744	77121	85410	60945	56211	70433	73269	60454		1664299	1245333	1334126	1516867	1514715	1399773	1312703	1461177	1513220	1285424	
0.7915	0.364		48135	65304	68343	63870	49973	45550	48137	62592	52131	54845		1202025	1743508	1609774	1491120	1235963	1057010	1125889	1388146	1178989	1539837	
0.1815	0.8019		45655	39729	53061	59471	50431	41488	38041	37522	39356	37979		1346406	1325066	1426200	1315096	1360351	1241444	1048410	1077238	1223851	1287700	
0.6483	0.5637		60114	50296	46261	51941	52171	45041	50067	45870	64341	48850		1565927	1387980	1222304	1258447	1264252	1173571	1311605	1169983	1511425	1370874	
0.4684	0.1245		49641	49624	37371	42174	49994	47399	39191	37981	49992	37193		1503470	1523875	1293930	1469797	1517542	1535975	1387322	1304441	1475239	1358991	
0.2911	0.7572		54042	44710	62421	45471	63721	47409	44267	44168	54014	38287		1433936	1241767	1625489	1303992	1344476	1091539	1144346	1195887	1462824	978752	
0.6487	0.6955		50196	67293	59096	65841	68057	69431	56156	58077	51347	67942		1222828	1243744	1319157	1605935	1555901	1485958	1223869	1255352	1259930	1584690	
0.3425	0.0944		58599	50354	44235	47652	36445	38218	48242	43768	35461	32342		1369801	1634979	1520896	1324658	1165024	1194532	1242674	1383507	1168781	1032831	
0.1692	0.8742		51085	41519	56699	38681	42572	49965	42548	39824	38808	40634		1399305	1313023	1473625	1419783	1391756	1388234	1241793	1100031	1117105	1276979	
0.094	0.7318		36695	50824	53162	74460	43748	38134	36805	51298	40380	51972		1303756	1524088	1433750	1418109	1437975	1209863	1208213	1615433	1437419	1583256	
0.6139	0.274		43227	73445	57270	57865	44450	41902	41765	53847	46089	42289		1478506	1611221	1663013	1325482	1231319	1200860	1320151	1424744	1350087	1176272	
0.776	0.7779		81009	59645	66217	64669	55978	56015	59967	63490	61353	68501		1273627	1247807	1268328	1162716	1184397	1193018	1248251	1335794	1287273	1470550	
0.6873	0.8534		54398	65994	57402	72910	68877	68823	57205	54456	70298	56618		1358085	1324351	1249092	1506014	1732433	1416240	1365501	1213556	1412804	1225642	
0.3307	0.3907		36883	66440	52359	52154	53449	52456	51884	42955	39864	38435		1069401	1467431	1611706	1561291	1564840	1265413	1352472	1274632	1193739	1196231	
0.9525	0.5984		56646	60831	58738	54438	88473	73341	89231	72587	72550	73204		1385137	1528545	1248037	1262655	1524777	1465569	1597285	1576302	1478352	1602509	
0.1432	0.2216		40358	36573	41267	34343	48120	37498	40058	42324	36834	45365		1489677	1497497	1404194	1280797	1552572	1272520	1399063	1548182	1389712	1296092	
0.4598	0.102		50703	46258	39238	37985	39433	37031	34497	36058	39712	35061		1556442	1275055	1155249	1129271	1202218	1194901	1112413	1043311	1259824	1062451	
0.6589	0.4532		49073	52528	49539	51083	51310	47153	48152	62817	48445	49900		1279067	1352044	1281123	1323251	1320644	1140224	1185088	1402718	1147916	1203802	
0.9482	0.4099		57921	76650	52005	66601	48635	60993	54879	65731	53001	64236		1392660	1541946	1149297	1653134	1264659	1475715	1342787	1413151	1307007	1286052	
0.1393	0.2926		34657	46059	46237	34453	48169	46758	34680	43375	37616	43188		1281177	1575293	1592812	1302187	1472092	1495496	1361764	1443358	1344419	1294674	
0.1592	0.8496		41750	58298	50120	49781	46394	72709	72487	43525	39080	45873		1577240	1681666	1777887	1465722	1391584	2123741	1804683	1332900	1290884	1216920	
0.2274	0.4167		44661	37746	43751	53599	41875	50361	38944	50494	40272	36441		1167713	1234396	1073208	1399934	1354797	1484687	1242206	1535358	1256426	1083886	
0.4899	0.2682		45185	47108	63509	40678	42463	40861	45257	40769	51633	51984		1206588	1499616	1688419	1265720	1378868	1352223	1295096	1233375	1413657	1583091	
0.0729	0.3864		35446	33094	61365	33688	40768	46135	33682	37500	39586	39599		1472420	1456633	1401686	1134484	1353862	1398705	1123299	1318473	1451329	1476749	
0.0958	0.62		52459	40918	52323	50432	51481	48474	49849	40719	39951	37975		1493542	1290779	1334910	1356872	1438012	1319648	1535446	1295381	1208600	1156876	
0.5155	0.4348		43244	65495	62777	42834	42354	42261	42905	43393	47334	44040		1275956	1684133	1612883	1270980	1178455	1191275	1190927	1221781	1265591	1244931	
0.4538	0.4064		42861	48296	38063	43803	46023	44237	45190	40430	57057	53858		1172071	1394862	1103494	1258107	1424086	1260974	1216995	1262713	1473582	1421649	
0.8402	0.6748		56553	71074	64909	75301	62980	72765	56635	60597	65198	58143		1537018	1606509	1344853	1181874	1391519	1573047	1351979	1641589	1333498	1218923	
0.543	0.3889		59968	59157	47878	43254	45725	44024	56407	56375	55766	55832		1474842	1467066	1224051	1130328	1187999	1114865	1343354	1430963	1260648	1304692	
0.6566	0.0741		40874	38842	54346	41527	45912	54036	46018	40223	40446	40522		1138244	1174987	1390096	1157400	1358632	1436241	1374279	1244206	1187492	1144698	
0.1799	0.9774		40808	52337	53771	41191	48902	43071	42929	47676	46200	59458		1226316	1404492	1520685	1274228	1459004	1242738	1280378	1236673	1311374	1432655	
0.7674	0.242		59295	67302	60963	59059	58628	48071	59584	58924	58344	47137		1308221	1574244	1635800	1398479	1632870	1481852	1560992	1625929	1477672	1277209	
0.1551	0.5746		40896	45613	38118	37906	34311	40625	50435	49547	62580	61090		1450562	1302531	1596521	1245410	1259234	1349624	1393861	1428040	1253522	1366435	
0.878	0.2739		56993	48214	60058	80874	73133	67980	66749	50606	67010	64960		1229443	1311934	1313053	1603656	1717187	1424359	1559481	1357889	1574969	1441836	
0.3207	0.1776		50146	49796	37760	50327	52933	39138	49957	44013	39954	39259		1463971	1445883	1094162	1435513	1484350	1337303	1682884	1518709	1249737	1091987	
0.2744	0.7052		54697	55150	56631	57158	55712	45488	49823	39555	44409	42809		1624066	1540152	1579848	1407205	1390294	1334478	1376821	1023823	1222842	1266602	
0.2604	0.1189		34926	38502	34074	34657	49464	37253	40861	51553	44930	39426		1361695	1279071	1234352	1126497	1268807	1374017	1192113	1299337	1530012	1335220	
0.4814	0.2616		38327	50761	41497	41289	63979	56313	46778	39444	49868	41529		904910	1235340	1334265	1244411	1471021	1361581	1378140	1170148	1461441	1157400	
0.6399	0.4708		43806	44582	52601	64451	50974	47415	60336	53759	60121	60028		1021602	1324198	1426441	1545083	1345104	1169722	1533899	1320995	1483483	1240501	
0.8352	0.2455		49054	62048	60395	52123	50690	46499	49841	56173	60751	59928		1306897	1448819	1368160	1337983	1275829	1195519	1203712	1543001	1584487	1544606	
0.3829	0.8552		48425	47379	42391	60963	60339	56005	59449	54060	55381	49569		1426924	1335470	1282276	1632234	1407390	1464063	1456209	1421896	1399228	1437874	
0.2813	0.1029		49138	47176	37515	41464	37863	34893	49062	41352	51874	38366		1493211	1744521	1403208	1597414	1224195	1270606	1536093	1237930	1537824	1292330	
0.4293	0.4984		62678	48884	42284	62194	53350	54736	42144	46889	58902	55866		1517677	1325357	1256475	1465591	1362040	1604249	1246050	1299618	1392564	1428669	
0.0552	0.2074		44519	32906	44494	31743	41994	39128	50535	44644	28071	46611		1586652	1216558	1391187	1310590	1572527	1435365	1209987	1277697	1079755	1371785	
0.189	0.8792		46161	76453	48152	45730	49053	39948	50793	47230	51706	51629		1317328	1566831	1440706	1285498	1396090	1271878	1486568	1325103	1384336	1607144	
0.0523	0.9062		47397	38550	38895	41520	69903	37210	37056	37123	40666	40266		1538585	1344283	1302389	1209744	1607174	1203954	1172329	1196972	1302515	1346062	
0.1651	0.4462		40180	58802	35693	42955	32987	39703	49560	52541	36857	36523		1138936	1193793	1234795	1343326	1056778	1282454	1413554	1200720	1132417	1235255	
0.9348	0.7382		63367	67601	57709	71621	61472	63163	63545	73734	74990	58283		1369416	1339957	1150143	1489168	1303036	1210134	1180593	1596337	1430656	1200289	
0.1775	0.316		37420	35399	37190	46013	34145	40724	34589	45754	45342	48440		1131191	1323094	1324677	1352907	1139694	1477697	1214678	1560865	1415698	1165402	
0.8659	0.1057		40770	48616	57972	45206	48255	44846	61977	58036	59139	77390		1034635	1219497	1221383	1273113	1201300	1167177	1454762	1722442	1393516	1173925	
0.8491	0.4582		50504	52070	54476	62420	59577	61542	49882	55832	53309	55193		1223587	1226871	1276686	1183522	1096785	1134303	1076472	1219753	1273515	1229189	
0.4523	0.1193		53526	47440	43770	40577	49165	36413	43364	37508	51198	39305		1414110	1506769	1331300	1406187	1619713	1172165	1314623	1226984	1675960	1259028	
0.2224	0.2857		47224	46613	36006	46581	46294	47963	34257	39212	46586	47149		1558214	1615791	1155054	1491213	1542730	1447647	1129499	1190487	1396782	1340046	
0.3709	0.5366		55247	42762	43003	41184	39397	47747	43317	49186	52033	52839		1399686	1209788	1126390	1125928	1355075	1358087	1267938	1231141	1290972	1422562	
0.4719	0.7725		51232	59024	45266	56701	64109	58714	48382	48572	67089	61555		1346769	998334	1138368	1404173	1665706	1473348	1263265	1295967	1472214	1682381	
0.156	0.6143		35421	61489	40981	38376	43985	50601	47906	36819	37722	41838		1137850	1484489	1245930	1306943	1460104	1474906	1639441	1239086	1379257	1504774	
0.593	0.9335		77473	66581	53132	65668	58202	52537	75348	59269	65076	55270		1524159	1355639	1191493	1529302	1408363	1212030	1330987	1307892	1422129	1260575	
0.741	0.0613		54620	47966	54592	55645	52753	54463	43732	57421	44520	54339		1511658	1344118	1421875	1476314	1518376	1544557	1306692	1167958	1221156	1513785	
0.4703	0.5054		59475	52574	59358	59034	57396	45614	50063	49857	44170	58074		1602848	1398507	1496397	1425507	1554454	1183319	1599832	1232813	1407492	1555600	
0.3585	0.6214		42630	44318	45206	41758	47619	43958	42921	60582	45891	45085		1190416	1229615	1242065	1232595	1185005	1132786	1179368	1185202	1285036	1230257	
0.4186	0.0901		37392	32925	35461	52894	45564	51601	50121	39906	50188	37378		1154747	1143451	1253770	1538643	1291327	1398804	1453214	1219716	1559495	1356130	
0.4525	0.2564		41371	42895	41509	48821	41982	38685	41968	41289	56696	91585		1189268	1281233	1315989	1242300	1184541	1247302	1328805	1256218	1196771	1522052	
0.0596	0.1879		50770	32012	31964	32598	33092	45655	29707	29082	34283	37658		1448025	1299243	1213129	1218223	1248001	1413173	1194136	1220996	1266193	1366730	
0.6291	0.8697		55884	52099	60801	54194	68296	64957	56729	59692	55016	59193		1336714	1283485	1303844	1425012	1518387	1409757	1215709	1462744	1151608	1205082	
0.6757	0.4369		47455	46758	59366	46120	47373	62791	60388	60299	54079	69158		1269769	1229795	1454007	1148133	1135007	1402118	1525767	1529742	1408587	1421989	
0.1579	0.5186		34779	38520	38381	48994	36630	48265	40231	41347	39800	51404		999969	1286271	1213259	1475254	1156337	1379642	1314672	1271749	1224265	1331714	
0.374	0.0761		41098	39078	45590	38744	46888	41663	60505	41162	34494	48099		1499297	1418854	1493487	1404981	1434008	1435838	1476822	1360896	1107415	1589271	
0.6831	0.2939		54716	42196	47721	44271	49411	49555	53872	55967	88848	67199		1249075	1086674	1205682	1168091	1396832	1366563	1227163	1646477	2038869	1746368	
0.2739	0.2874		34372	50779	59103	41488	37029	33677	51777	50712	52957	36001		1294893	1276703	1501930	1235376	1402476	1217879	1460595	1457643	1660098	1158470	
0.4215	0.1879		37558	56942	50368	38969	37824	46274	37357	52271	60243	41004		1269442	1457755	1480546	1143830	1124098	1275596	1027651	1365157	1475513	1141477	
0.1286	0.1542		31651	30903	31426	31421	49808	33391	40115	34209	34668	37441		1312704	1149556	1243769	1376119	1703985	1392282	1318210	1453563	1498316	1333466	
0.3264	0.716		44726	55980	45627	54533	52848	47324	39477	41699	39549	39138		1180824	1507554	1277093	1334636	1479447	1229642	1099217	1010505	942363	1231872	
0.7413	0.8522		72800	67322	53151	55852	70339	73228	57230	65348	51873	56275		1445585	1439801	1240663	1395763	1488584	1455186	1317260	1361613	1242646	1174262	
0.2981	0.3579		40096	44191	42594	44919	40120	37802	35496	38697	46825	51007		1215832	1355571	1227083	1308624	1219664	1092854	1186291	1048871	1239741	1639861	
0.8058	0.3569		62036	84756	52245	47939	50640	50351	62246	47233	50523	58821		1567926	1532032	1323442	1246209	1276025	1138063	1588979	1402960	1321609	1435380	
0.9905	0.189		67231	45752	51353	61371	49674	46113	49736	66951	65003	66602		1560364	1259531	1305435	1428607	1185062	1155246	1248866	1451891	1391698	1347164	
0.2835	0.6311		42691	45921	46607	46950	47940	45754	46354	39931	45651	48940		1345932	1351194	1189662	1297993	1439880	1397877	1278761	1348651	1378398	1337930	
0.8856	0.1717		49517	48776	58245	60631	58425	46884	59934	60282	49261	45583		1265566	1247596	1343457	1571296	1488113	1239467	1478716	1333202	1197639	1192401	
0.992	0.4675		64066	72293	70254	51846	69419	69737	58487	137547	79657	53751		1306949	1519985	1455527	1108759	1412786	1395717	1351579	1401681	1406662	1162418	
0.2789	0.0932		36102	49976	41815	34288	37039	33799	33783	35004	32645	35975		1628415	1520555	1036091	1157582	1301746	1147744	1187649	1016139	1015267	1194179	
0.948	0.6883		74971	66479	88685	64505	63965	57631	62815	97406	62010	77247		1519046	1450502	1592417	1319722	1277860	1332519	1433732	1611868	1507677	1466925	
0.3932	0.9835		48854	48234	50684	48787	50768	50499	43573	44869	47168	57933		1300778	1166255	1139395	1106798	1136641	1159603	1113955	998084	1228687	1440573	
0.6047	0.8335		51854	74760	69024	51381	58319	55497	50537	48528	59186	64166		986823	1266028	1481662	1087812	1252016	1376377	1090856	1084594	1437751	1348380	
0.6768	0.7514		53566	68860	53195	54061	51269	60376	55815	58873	56161	56666		1277218	1663936	1393212	1391482	1182449	1409375	1217736	1247073	1269940	1351537	
0.1859	0.148		39773	33737	34796	34578	35246	43559	38297	74595	38528	35442		1513503	1208443	1230797	1194485	1296767	1643518	1316635	1254452	1490520	1347539	
0.4702	0.8906		49213	48667	64634	47809	58718	48335	51727	63407	56823	51132		1307265	1165421	1585649	1215919	1333833	1244922	1278876	1522949	1333619	1294480	
0.2499	0.3867		50112	36092	43447	37621	39663	38774	42574	46743	39850	48340		1267302	1361840	1524794	1425119	1259037	1212067	1334365	1163689	1203358	1348433	
0.1645	0.508		39080	37750	39584	36909	40011	40503	51252	51557	37593	39850		1327798	1481553	1283935	1171082	1440076	1262591	1544784	1507050	1243692	1258480	
0.8177	0.9676		61074	72081	72971	68699	73701	63416	63436	64466	60567	60416		1252490	1304961	1494626	1233040	1479789	1290919	1210655	1376351	1328759	1451848	
0.7761	0.8277		57451	61383	52826	60816	61260	71992	87263	58213	59722	69126		1218372	1221468	1131046	1112960	1183697	1342589	1424520	1230470	1258171	1458638	
0.5931	0.7243		57751	64491	50596	85589	62579	52187	50406	50144	62650	50194		1445964	1531532	1365741	1567041	1632970	1373293	1227431	1216564	1568806	1225942	
0.7906	0.1172		44940	54492	56607	59242	51951	58615	67881	45417	48885	57864		1189380	1341030	1316510	1450779	1277556	1484207	1416882	1361339	1263304	1356687	
0.1038	0.8052		39400	47821	53516	45560	51441	50310	47409	41040	37796	39047		1352129	1447525	1518295	1401031	1387603	1306954	1348836	1317928	1239748	1354244	
0.9701	0.5455		67665	81738	78077	74299	75255	60735	64097	74977	60876	80294		1390994	1547639	1563408	1398343	1675604	1293160	1344448	1558905	1701550	1755099	
0.9473	0.9251		122982	84286	74487	69581	73181	83979	68768	75014	72380	83948		1625868	1651781	1590206	1267221	1123433	1394831	1326609	1430760	1528246	1675083	
0.8416	0.2738		69523	50346	48620	47190	51152	64078	85571	57332	48613	47681		1704219	1306385	1169524	1217125	1303974	1388704	1449789	1450209	1306056	1220320	
0.349	0.1525		43339	78187	55308	39301	37566	36780	47338	33191	37383	35755		1397733	1402057	1478182	1183508	1031937	1109127	1467491	1145895	1128394	1101854	
0.3974	0.1995		36267	42583	38688	41540	52415	40215	43573	36764	57256	53701		1184284	1499549	1262769	1276309	1355282	1254768	1336988	1090661	1645257	1511923	
0.6222	0.234		92518	43000	56693	54549	42200	54885	46296	55048	45169	58111		1409370	1380741	1665816	1469321	1290091	1774532	1281747	1203108	1311512	1603843	
0.9647	0.3051		75317	64457	54433	52383	72318	50620	54048	64344	49899	64462		1541810	1459252	1221572	1312992	1471085	1178029	1380677	1353638	1249899	1437922	
0.6118	0.8161		54627	59663	54677	53223	65619	51667	57935	66476	57219	54925		1516694	1443088	1266608	1132223	1562856	1225274	1216727	1509400	1320635	1259785	
0.3552	0.9217		67474	42887	45621	60036	60304	59784	42237	52868	53202	58101		1458494	1220523	1174007	1648293	1727875	1606884	1169255	1259984	1333440	1583058	
0.8183	0.882		58613	73040	64832	61898	72043	67959	69419	57622	55666	58615		1218969	1463353	1268388	1079629	1456014	1398144	1262686	1175466	1100746	1253055	
0.4727	0.3114		50957	54955	56963	47280	44966	42399	44886	42158	54893	44261		1309248	1442459	1444321	1151599	1178950	1277601	1209133	1225520	1449093	1227492	
0.4814	0.8519		94158	51585	65154	48172	51548	47552	54250	48585	51120	48504		1624008	1348064	1275421	1433122	1352533	1211155	1096639	1214685	1134164	1282830	
0.6041	0.6241		77120	57384	63501	54896	62660	48437	64688	52846	53212	50848		1384133	1398469	1569164	1409200	1449943	1191762	1181090	1460939	1280121	1383975	
0.8749	0.0894		57325	45243	51386	48940	50986	45118	45365	57583	57125	43777		1714644	1265705	1422416	1253819	1320848	1197823	1367761	1466491	1442584	1384344	
0.4476	0.6904		51053	44561	46617	63591	54956	47983	48250	56691	46206	48468		1306321	1149506	1263116	1456375	1321377	1309078	1220789	1345941	1184001	1185714	
0.9792	0.2604		72523	65668	56653	65699	57556	59112	60267	59191	64416	64025		1288234	1417048	1309156	1538897	1439597	1241072	1434144	1319792	1429858	1371717	
0.2624	0.3918		36583	40342	40188	41461	43918	36322	49225	48814	37101	48928		1169682	1284274	1278992	1315516	1373328	1229756	1463619	1569376	1280518	1461002	
0.8983	0.2655		51252	52549	51089	60690	51295	48217	50973	53239	52503	62734		1279177	1279280	1295409	1249654	1327594	1299835	1129011	1272087	1362006	1545770	
0.71	0.1248		43782	45184	47656	56511	66580	52611	45399	46941	55365	43728		1323656	1194916	1256940	1477492	1528562	1645239	1246713	1271785	1600845	1344129	
0.0956	0.6136		36860	50844	54003	38533	60106	39574	40597	37322	45735	37166		1291741	1664690	1535746	1316502	1405184	1242242	1266143	1266368	1199891	1122590	
0.6291	0.1036		40788	39942	40515	46238	46476	43781	55221	43784	41096	41210		1510343	1349909	1174048	1439868	1240220	1307526	1659306	1324513	1192995	1286715	
0.6578	0.0873		43872	58480	41862	41131	40451	66895	41396	55820	44933	47896		1164146	1264825	1218082	1300541	1464018	1211697	1157861	1531526	1384547	1387343	
0.8008	0.6965		69326	55182	73802	67190	56134	55713	53562	60281	59571	53243		1580566	1335386	1481669	1490676	1371310	1285871	1196764	1523944	1481064	1260757	
0.7508	0.5946		62517	61083	65595	51741	63283	61683	65183	66048	79889	55969		1488265	1334661	1407686	1277015	1417033	1594352	1287116	1384023	1395311	1214226	
0.663	0.3832		48276	42532	43443	42877	53608	46221	46613	46609	48149	46423		1289665	1102664	1147134	1007351	1318581	1165719	1201843	1167242	1243047	1178196	
0.3888	0.4301		52559	43224	45667	58193	56034	45273	53798	54950	41467	43226		1344256	1223464	1326351	1291058	1245082	1268422	1551364	1400496	1172074	1298645	
0.2538	0.5248		38402	43309	40711	40373	42798	38011	38963	45635	38304	44013		1319753	1322083	1200019	1190417	1278178	1191322	1201110	1404489	1306139	1335786	
0.3692	0.4658		40689	56587	42266	51078	40431	44433	43421	43924	54637	42580		1367858	1407976	1326737	1436725	1204090	1407741	1523668	1216351	1380616	1107938	
0.3334	0.6144		50959	43691	46496	55714	42641	52630	41569	41071	42267	37629		1432007	1271009	1332477	1567856	1261751	1178188	1228387	1263473	1384871	1173873	
0.5508	0.2622		111483	48020	58615	58532	61676	61693	44096	40966	41915	44640		1614174	1419845	1684212	1699142	1369729	1341950	1299835	1255560	1126039	1227103	
0.0828	0.2482		31682	44729	45466	45190	35328	33619	37396	33238	36799	37935		1154921	1452984	1655922	1627740	1297845	1307825	1337453	1182241	1349925	1206193	
0.3833	0.5247		54901	44570	56803	51041	50721	57410	43866	64734	49936	46446		1199032	1101468	1340181	1342193	1385388	1208187	1317980	1384980	1410225	1346074	
0.2881	0.8399		51707	72206	46730	42421	52293	62237	45176	46765	41654	42471		1529576	1406299	1379753	1216785	1323241	1404650	1264144	1261380	1079378	1201694	
0.5153	0.9927		57430	56851	63779	54475	53212	62924	63705	52022	47329	50154		1462652	1282045	1472576	1166079	1162284	1376385	1198282	1038390	918529	1399201	
0.7098	0.4406		44279	47230	50676	47829	52526	51248	65243	59022	54841	63866		1167807	1161363	1110730	1194403	1255026	1341565	1471569	1497218	1335913	1384224	
0.7955	0.2961		49306	57411	67376	57501	52797	47485	42939	47684	47173	60453		1356712	1451871	1595586	1367404	1223328	1189732	1021755	1220013	1169244	1445061	
0.8935	0.5159		66530	67720	68139	71346	68438	71745	53823	71449	65634	62207		1317339	1612558	1514345	1262100	1573785	1427775	1190636	1555829	1426666	1450035	
0.3451	0.8914		47248	45546	48544	45482	58781	49504	42100	71249	58747	59637		1350167	1280234	1164734	1243199	1616687	1391025	1113431	1412544	1519880	1459120	
0.0759	0.0543		35822	27565	44800	33108	35162	42042	30903	34113	43937	32373		1353961	1258151	1329310	1291534	1186469	1415814	1076226	1127847	1333428	1152171	
0.9247	0.9984		65619	64745	66408	77744	79891	65378	79162	70337	64481	84142		1072980	1184703	1381575	1478454	1373530	1239945	1647188	1341713	1331641	1435256	
0.8854	0.2818		58862	63662	53795	70032	48509	56218	51341	47585	56038	54631		1336923	1565908	1352626	1642832	1269440	1425856	1296965	1123085	1328602	1157404	
0.9936	0.5913		101019	80261	60713	61033	64941	60841	68240	71953	75478	64610		1424907	1629351	1341143	1154200	1342169	1220745	1349879	1302365	1575323	1388035	
0.8469	0.3915		63727	50411	51457	67018	51331	46731	67867	67278	50769	49667		1705002	1182623	1133826	1332766	1214270	993990	1655036	1491643	1239685	1188486	
0.193	0.6958		42475	44473	40214	42596	42412	36554	50511	40759	38554	51222		1301239	1200159	1365214	1192913	1204074	1182318	1490230	1241801	1171453	1415802	
0.5724	0.4991		47843	46361	44441	56812	47841	46445	58414	59670	47198	49433		1291458	1209159	1222204	1449333	1451839	1280889	1455959	1415299	1316640	1381711	
0.1338	0.0723		32319	41548	33759	35487	33590	32008	32976	31210	31500	32045		1232446	1539037	1362970	1199417	1241891	1154807	1125947	1113924	1096280	1213217	
0.9394	0.3982		59418	55521	55298	67884	53765	65464	66908	66243	67840	65248		1367794	1259346	1313797	1460086	1389649	1663787	1609174	1679155	1555196	1732477	
0.642	0.7075		50338	63100	61180	62087	56775	65926	58155	48666	98327	65331		1146024	1503951	1573671	1406153	1291120	1269130	1347454	1042502	1674599	1567859	
0.4623	0.0845		41602	41629	40774	37842	50725	38388	52814	64311	52045	46632		1407411	1397334	1353538	1231892	1355609	1350449	1218815	1396767	1637612	1641004	
0.6136	0.0959		52863	39880	38999	40765	41098	49074	45919	40047	40095	39676		1393855	1196453	1129336	1159257	1147582	1173911	1283060	1158910	1117837	1134724	
0.2207	0.3431		41273	48276	40136	62286	36536	35646	47876	35082	36837	38804		1428381	1626157	1425431	1471818	1392350	1298274	1323122	1322168	1345493	1270250	
0.4598	0.569		50007	50477	49021	45215	45023	56459	44903	49467	44457	49002		1237259	1340695	1248988	1307451	1322589	1440912	1177807	1345050	1251261	1205735	
0.4947	0.7013		49123	42898	61663	49418	54872	66191	50213	46797	56174	47918		1077330	961513	1481702	1339071	1297837	1480534	1195892	1263376	1392768	1292471	
0.5368	0.9535		52382	74701	53321	61162	58039	64321	68812	52975	65074	64356		1257154	1587088	1263816	1490177	1366534	1389051	1147614	1151488	1289334	1495130	
0.589	0.1237		53789	41806	48471	39480	40704	44685	39213	45829	48061	36775		1682842	1359956	1355432	1176102	1233344	1308675	1152120	1358910	1488974	1136193	
0.9639	0.6962		56615	55787	74871	69715	66811	86343	87430	70462	77760	61052		1242230	1070975	1537162	1235293	1315973	1595254	1439296	1417414	1579799	1436313	
0.4411	0.1235		33981	41037	52873	38330	40512	39417	42159	39224	37345	37589		1180143	1261520	1320892	1202082	1255964	1250322	1236954	1245270	1154285	1244813	
0.6608	0.5457		49725	63185	65544	49599	49369	55981	60340	72647	53294	48305		1440893	1372017	1682881	1374736	1278447	1357121	1306176	1604330	1402339	1093163	
0.4291	0.5723		79086	43777	59714	44264	46453	48864	61274	56031	40615	45881		1456142	1226513	1531439	1250923	1285832	1298209	1675607	1710681	1143714	1287423	
0.684	0.4419		49329	50529	58244	72681	59303	53296	57556	47654	54425	68799		1235364	1208653	1427873	1473816	1580565	1251983	1494573	1044736	1230179	1760968	
0.5568	0.7531		46810	60788	54676	69578	49509	49354	52302	48717	49302	59303		1263402	1402944	1280436	1217736	1218921	1367839	1352013	1292572	1270493	1310176	
0.2557	0.3479		48240	59639	49309	39652	43223	50328	42164	38719	40611	38940		1456578	1621215	1615481	1466091	1356977	1562017	1391274	1345820	1317061	1231823	
0.9705	0.6066		60935	73037	61876	77247	66377	78287	80871	68589	67956	65647		1361365	1434575	1147066	1379713	1269180	1416151	1570642	1316385	1388141	1328587	
0.059	0.8825		74313	43808	39173	51769	39629	35573	35357	48297	49147	38984		1648734	1407390	1254168	1774193	1322886	1082613	1108361	1581124	1494420	1223778	
0.3133	0.3184		46019	57735	41304	41538	36505	42262	53395	51112	35643	37253		1497176	1572650	1494327	1366709	1308000	1252844	1727823	1350289	1059883	1166788	
0.5407	0.7194		49042	49014	66907	50725	71090	48199	62812	60643	47868	65117		1298198	1344001	1637850	1378740	1463556	1280592	1604312	1500399	1471946	1565764	
0.8863	0.9547		73585	72704	64518	67314	62748	62737	60958	66656	75958	72927		1245102	1303522	1258004	1051658	1192284	1159594	1384794	1279747	1410543	1499886	
0.6872	0.3106		45084	58519	45774	55337	63745	45744	47548	41289	57873	49628		1482132	1514405	1250445	1331187	1159493	1375005	1345743	1127963	1264568	1163971	
0.1505	0.2344		35973	35668	30252	44970	38449	36506	32652	35585	37112	41827		1157604	1239582	1090934	1288754	1305054	1393306	1327351	1273855	1247866	1393422	
0.8382	0.5833		113580	67523	76889	67517	66349	70849	70469	59430	69592	67345		1653604	1386754	1438971	1462948	1331775	1462188	1425836	1335999	1347282	1364307	
0.8017	0.3132		60506	61928	61334	61413	61532	44361	50198	61778	62122	52018		1591859	1496094	1292992	1647244	1529397	1116791	1234282	1498117	1553883	1308547	
0.735	0.3816		57242	46417	59616	48026	60114	49233	67223	55341	59404	43612		1469621	1324687	1326525	1235877	1407221	1220616	1503448	1253220	1486597	1163025	
0.7698	0.6103		57504	66182	68935	70569	53458	53379	55891	58557	48179	61032		1286797	1406207	1607207	1524538	1154178	1426567	1174438	1034745	1072382	1351075	
0.9635	0.5161		56619	65370	69145	57461	55794	56215	68692	70896	82170	71345		1156887	1543214	1480259	1158102	1218484	1128701	1468829	1508685	1372983	1411562	
0.1413	0.9114		52000	52033	48651	39868	40397	43165	51445	51684	43373	41639		1477590	1594131	1534854	1266563	1284792	1316956	1597714	1474568	1335182	1282539	
0.1768	0.7479		39204	37365	34726	50045	49905	51721	39329	38924	40303	40553		1266556	1285386	1171602	1317954	1503620	1493851	1176415	1273417	1301368	1282213	
0.6887	0.2974		57892	53785	50058	48983	52095	51393	47512	61128	60308	45145		1666239	1267693	1202499	1058932	1239584	1206156	1209218	1532331	1439158	1374959	
0.741	0.955		87401	57787	71437	57168	59613	72117	72238	58288	70711	70268		1359168	1160421	1545413	1196987	1267824	1574726	1321652	1275920	1471841	1453799	
