32	33	34	
0.3273	0.0845	0.271		49434	44784	59153	67865	81876	98395	57849	57025	51076	49159		1533076	1530509	1369030	1388400	1339147	1745137	1258934	1423836	1387569	1395416	
0.9102	0.6324	0.9728		82490	70399	103687	73664	85837	80925	72698	76727	64981	84209		1434165	1179019	1314522	1338167	1212980	1332560	1017751	1349641	1056406	1110653	
0.2914	0.8521	0.2511		82991	59319	59589	65651	56008	64871	50292	61587	47617	55461		1290031	1308338	1466986	1229933	1517916	1381132	1431512	1283545	1117407	1366898	
0.0517	0.9968	0.3725		81890	56480	77626	102205	62856	83380	63869	68112	69758	51767		1410058	1410203	1372097	1722283	1405343	1334753	1378350	1281074	1222992	1227886	
0.8577	0.7283	0.545		74350	90720	79423	124322	85791	91208	81810	92308	71090	97001		1423223	1384706	1276589	1608933	1584681	1509267	1679538	1318437	1343222	1639462	
0.5921	0.0912	0.9189		82439	74321	68359	63820	62229	80046	68600	86094	56255	60332		1236324	1370966	1384147	1312603	1243600	1474567	1294589	1607957	1207898	1290396	
0.232	0.4229	0.0545		55648	81993	60450	49967	49078	50461	59700	51043	49218	41375		1463915	1693551	1449923	1538380	1588419	1203219	1436459	1551093	1572320	1125148	
0.0648	0.2724	0.5203		70023	35259	56841	42467	39059	48567	42900	48905	49346	42185		1025715	981458	1197574	1006778	979827	1043558	1150074	1184003	1103440	1108094	
0.4257	0.2377	0.885		64851	54201	59199	64764	62860	54767	84135	58126	72399	82077		1375815	1116685	1104778	1258597	1326663	1257394	1305730	1217071	1300129	1526727	
0.8372	0.9232	0.6133		73632	56278	91532	86772	80014	87725	81479	74043	71615	70049		1380227	1159570	1192722	1239160	1418953	1287729	1368384	1273277	1237622	1376987	
0.821	0.3922	0.9078		80411	66319	66484	66922	67527	55142	67742	71575	75542	84501		1538640	1500307	1391326	1532881	1382852	1331947	1508098	1267466	1461092	1551824	
0.5869	0.5942	0.5418		144006	63108	56381	62678	59848	64962	63034	65725	55838	77289		1284716	1228466	1417724	1042891	1021999	1386707	1039339	1222140	1178890	1294796	
0.4232	0.5228	0.9028		109620	77897	65727	75935	90757	67470	84621	64766	67512	78031		1537494	1527758	1238763	1403123	1249655	1481114	1396757	1408936	1257656	1328119	
0.0669	0.5797	0.9686		108502	67771	64609	51243	75265	45934	59839	55674	57031	67840		1408861	1487661	1480161	1119281	1337789	1059622	1251768	1298760	1428745	1340800	
0.6383	0.4872	0.9304		57388	70710	69226	72973	79374	62077	98296	59245	68227	59986		1172825	1489985	1295905	1501560	1499670	1001344	1329540	1212321	1282666	1234657	
0.5587	0.3985	0.9893		90806	67715	72725	60543	75005	77261	77386	66033	83364	65659		1572642	1252963	1341823	1278628	1529205	1175780	1380629	1378501	1452988	1280951	
0.98	0.3441	0.0766		96456	73717	79546	86207	90846	71172	68809	61321	66820	54752		1592699	1593513	1368556	1361463	1467895	1393794	1467570	1315438	1371535	1220347	
0.391	0.2459	0.631		80081	46264	53716	58303	57513	55419	54261	89573	69969	71892		1421068	1234699	1106506	1180439	1319991	1289896	1153749	1475841	1504802	1056795	
0.9658	0.05	0.3282		68628	49119	72998	60691	66038	61224	67995	63511	68708	55594		1227905	1151843	1271591	1246264	1272912	1326977	1346595	1611657	1187727	1222618	
0.8834	0.3345	0.2926		94965	52653	74226	65409	113037	64591	58169	84422	72130	66257		1669306	1338126	1511154	1362384	1447302	1478103	1283597	1321479	1380570	1506619	
0.2107	0.9399	0.4572		72862	74796	70192	53891	59001	73165	77448	63791	65849	55592		1699277	1343429	1521942	1218614	1373284	1301467	1289106	1298005	1170950	1086457	
0.6396	0.2103	0.3474		63581	76090	48290	59294	57297	62998	64544	60984	69663	58305		1444836	1475901	1347860	1235523	1179999	1244583	1386382	1195236	1278978	1315868	
0.3738	0.7812	0.3325		63895	46120	103084	106950	61593	47594	63580	83915	58755	57141		1220212	1270590	1570535	1368453	1187638	1126195	1214969	1353876	1302525	1288396	
0.6164	0.0808	0.6385		60360	60650	60554	59465	67137	58634	61481	79553	54869	54467		1368134	1447885	1529857	1340088	1365637	1329870	1204881	1303858	1387535	1255074	
0.9146	0.9324	0.416		110181	74390	77698	161188	65817	76681	69361	79105	67344	85709		1505077	1530069	1281361	1765903	1191330	1076401	1237987	1219514	1148132	1480835	
0.2921	0.2246	0.2339		59416	43013	71027	54051	58592	54339	41129	66783	42469	51319		1686585	1405331	2166333	1505240	1389539	1687508	1766446	2340638	1629677	1285272	
0.8121	0.0763	0.5109		59238	66655	63005	55758	54333	65028	58624	45909	65944	134417		1450212	1252859	1345372	1571843	1217880	1088387	1226983	1161410	1577809	2008843	
0.0532	0.9381	0.816		180695	91419	133918	66900	220244	91310	55003	65900	135738	79732		2000551	2029084	2135702	2040048	2276354	2348513	1152771	1168165	2276820	1849542	
0.9586	0.6528	0.7622		74500	83813	81290	74152	75408	70701	72412	71545	77485	94897		1848059	1466263	1390254	1395563	1508589	1456696	1372512	1361564	1289677	1463456	
0.4169	0.9392	0.2721		60983	49552	53576	70012	78277	104642	61330	73778	92285	70235		1574879	1213972	1086098	1360759	1481064	1323508	1650511	1436826	1430651	1507554	
0.6753	0.1386	0.3441		76211	55052	57158	67854	56036	56559	54150	45780	54820	53651		1441681	1317618	1283872	1433321	1063249	1290423	1225633	1211446	1267058	1189687	
0.5996	0.0745	0.4501		61399	44750	52438	58203	56252	54043	60514	76701	56142	52550		1622857	1615218	1279156	1279476	1460286	1456546	1426748	1663170	1269773	1381923	
0.7777	0.9398	0.8057		108204	81084	108180	83808	88580	121558	81640	134150	80686	81524		1578767	1676972	1349588	1423390	1625292	1689303	1645174	1426749	1507784	1247505	
0.9217	0.4379	0.4767		66364	65262	55821	66790	88492	118468	73900	76721	74006	79489		2126776	1571849	1121177	1442886	1618960	1529470	1537678	1331730	1558591	1488088	
0.6972	0.6316	0.4928		79193	67127	182942	227151	78547	86560	93420	87209	77259	67374		1364980	1880741	2243332	2435938	1400833	2439309	1858646	1503621	1371533	1429283	
0.3089	0.9514	0.6054		63008	73625	66753	66477	78818	94793	74149	79329	66799	144787		1743620	1649146	1235829	2019303	1636856	1647762	1458746	1587838	1482317	2618985	
0.6455	0.9474	0.0985		106322	85450	65730	54802	53912	53874	71270	60044	78180	83504		1487118	1758868	1365081	1148673	1036024	1014002	1226603	1217447	1526497	1254923	
0.9432	0.2519	0.1059		82349	95051	75643	70172	51619	71024	52214	79545	71344	62104		1259225	1250955	1322749	1249534	994822	1207348	1230820	1302980	1492268	1346983	
0.9609	0.1483	0.4346		83833	70129	70982	74941	71071	63699	60300	50262	68843	61784		1665559	1312134	1402958	1453637	1268801	1296437	1199008	1040584	1243466	1486101	
0.3367	0.56	0.6751		70994	58609	151907	145545	84515	95221	54362	74094	62438	48912		1533154	1295736	2307714	1663044	1654471	1968997	1799027	1333044	1185015	1201365	
0.2741	0.6887	0.7654		80505	60785	103562	70970	53373	64824	61799	109357	65675	88629		1571675	1366771	1385897	1365022	1519594	1308217	1245408	1328861	1130120	1537414	
0.5324	0.2965	0.7349		52256	71574	67991	68104	94148	120705	70923	71676	59331	68665		1315760	1310102	1374947	1449745	1734703	2064621	1715767	1568059	1220204	1521052	
0.5334	0.7244	0.8		61579	79982	68281	72193	67385	70981	69833	77404	67815	68232		1255886	1387913	1475574	1398833	1056714	1327334	1466874	1756056	1206776	1173320	
0.5675	0.4564	0.9092		70194	180220	105996	66465	99515	83497	97341	82410	63656	77960		1278452	1859380	1519029	1282716	1743850	1572298	1509134	1481111	1532169	1191240	
0.7503	0.9631	0.8238		97387	89009	100208	78661	106107	64541	73121	75954	90437	131936		1409874	1498271	1638383	1588360	1691869	1330306	1162483	1176831	1293354	1336490	
0.4273	0.9771	0.6272		107631	78721	68868	75578	58387	96696	102832	57710	79941	112983		1750369	1498981	1706904	1203153	1393955	1357301	1815376	1156139	1328231	1503659	
0.4445	0.6074	0.1774		58047	57896	54796	54154	53039	55999	62005	53551	55188	72219		1148770	1385537	1478412	1463417	1492844	1581014	1553024	1161323	1249524	1455840	
0.4392	0.5979	0.0835		65870	67261	43948	68067	50958	69544	73934	59664	51526	82323		1283779	1449906	992675	1306428	1454035	1146816	1246033	1434843	1152779	1232355	
0.0832	0.3527	0.1471		45789	62356	39371	56221	49431	50552	34835	46604	52623	54316		1161307	1309739	1226703	1268772	1345976	1512051	1373917	1257346	1434359	1404070	
0.2674	0.605	0.6647		56162	83890	61102	63972	101808	57134	66915	52315	66588	59240		1498679	1396253	1450634	1445497	1578165	1415504	1111896	1140282	1192537	1180494	
0.8581	0.5714	0.8445		79020	73506	105871	89518	109989	94085	83558	68547	77110	91356		1437264	1334808	1613285	1524782	1867609	1583174	1305368	1160028	1450212	1543913	
0.2315	0.9997	0.9292		67789	74715	76840	58343	77922	102349	73471	71156	80556	103142		1452547	1357099	1382510	1103215	1269971	1454629	1262880	1072495	1195845	1261340	
0.2952	0.1575	0.1382		52314	39782	40291	39894	47034	81261	49286	61544	84306	49732		1413592	1300732	1008951	1200381	1243001	1482056	1199707	1407131	1586859	1468147	
0.2464	0.8837	0.9566		70144	105635	111237	60047	77288	58278	58241	70413	70105	82021		1201561	1267777	1395905	1175070	1183978	1322302	1087722	1266921	1540789	1357267	
0.2985	0.2746	0.9703		143578	100936	72498	69931	58319	65738	86710	133039	97079	76275		1941457	1843329	1354319	1313872	1356027	1305936	1372281	1585393	1507966	1437163	
0.5344	0.4128	0.6752		110815	131055	75419	71740	60368	98687	74401	82221	68941	62286		1902707	1769825	1743560	1499805	1409666	1787642	1341168	1495753	1380896	1281329	
0.8918	0.2705	0.3649		64998	104504	101352	68378	66204	72996	69934	54838	60054	94548		1392236	1612085	1812518	1374434	1343890	1461267	1106774	1081330	1428416	1502389	
0.0818	0.5962	0.9846		61039	55177	52506	66807	56842	58275	65225	59172	64702	70611		1264654	1248023	1221778	1178705	1134518	1250568	1310551	1463750	1368242	1420037	
0.8601	0.4049	0.2404		105725	71237	69193	86059	58499	77444	64023	66981	54988	46207		1498994	1386055	1262878	1237915	1182351	1526714	1325489	1587978	1333034	1038447	
0.1252	0.4168	0.1403		86822	40641	183973	47581	52736	45903	47441	41307	50162	45632		1407128	1366709	1847360	1305916	1640835	2436793	1448858	1504609	1163975	1453678	
0.2084	0.9159	0.8185		73148	71278	68750	67768	68910	66061	112889	67886	56072	78892		1355502	1385146	1347970	1331391	1405815	1404985	1638295	1345503	1284792	1341661	
0.4421	0.9124	0.1637		119446	52702	82663	74450	69520	54829	65144	84047	61527	71505		1875285	1317360	1513921	1390835	1207137	1330383	1425691	1654460	1217084	1449658	
0.0949	0.8906	0.9811		70965	88796	64943	78715	77295	66736	79774	107147	75445	67684		1764517	1366349	1210089	1308044	1361461	1294216	1363803	1657443	1438697	1568051	
0.9791	0.3954	0.2272		68606	75091	105126	64011	65182	111022	79126	66358	66890	67464		1437179	1415086	1559099	1496462	1282939	1520677	1418437	1277369	1300765	1181202	
0.8681	0.8741	0.9922		78848	75680	77426	79934	91613	81155	116746	78797	113475	121149		1349055	1130820	1534233	1631676	1631628	1367632	1750356	1538228	1591402	1462109	
0.1307	0.8779	0.6137		74549	52937	50856	59759	61067	106228	63946	61374	74774	62495		1481528	1259573	1266360	1270963	1502862	1687123	1238965	1217829	1371763	1356628	
0.1592	0.5785	0.6985		60487	63633	71444	73029	55624	46112	55542	66914	55161	46009		1407667	1468197	1390274	1446400	1388368	1315698	1237047	1332216	1520772	1056592	
0.4209	0.8628	0.1602		61773	60916	50389	67503	60898	61388	60834	60036	61345	59264		1540881	1171933	1024152	1110056	1452129	1293283	1172271	1141937	1363535	1220105	
0.2555	0.227	0.3457		69571	87995	55711	89559	52908	57345	42948	52432	64764	72662		1244495	1758526	1429489	1670385	1354092	1367149	1081894	1213765	1353774	1453163	
0.7827	0.2194	0.1234		57381	54201	55099	45090	54303	61959	70127	85621	63274	63168		1590055	1253219	1282342	1069375	1151733	1374622	1515014	1329041	1243336	1550674	
0.9099	0.5918	0.4796		60828	62856	71129	70162	82412	81539	75190	74933	71504	71035		1315835	1246099	1089114	1129442	1300572	1319944	1421401	1460500	1178914	1157031	
0.6649	0.8794	0.561		101297	71591	79687	110759	80116	68461	77270	78236	97072	125896		1625675	1263572	1499208	1485516	1302041	1430200	1572544	1361414	1604183	1550470	
0.0881	0.7606	0.7971		127705	57703	60668	62526	50490	74152	60509	68209	59720	61774		1291894	1199899	1172057	1251715	1250953	1111794	1359925	1246329	1207821	1405972	
0.3795	0.7757	0.5205		63471	75136	68411	84488	63737	61052	52375	76216	70560	64378		1256078	1430639	1262835	1421266	1301252	1168627	1100542	1293761	1215687	1182996	
0.1601	0.3456	0.4272		52330	59427	50656	59526	65459	52166	53155	44942	53366	70226		1639372	1421518	1299813	1268878	1223528	1321683	1282407	1253093	1220391	1243631	
0.4082	0.8043	0.8161		62645	77549	65119	68526	56587	66264	66060	81939	66012	76572		1350715	1304508	1080608	1215665	1206428	1062961	999413	1284132	1483956	1424789	
0.1682	0.4998	0.2521		60329	48445	52934	59635	63671	57042	68141	53467	60410	58106		1405113	1345192	1437500	1295795	1359795	1353178	1260108	1211684	1223526	1552880	
0.6255	0.9893	0.6976		74442	61605	74425	77152	127806	93582	75739	74668	83928	73186		1394827	1177038	992943	1301523	1561709	1460852	1425347	1236892	1407205	1113239	
0.9191	0.8439	0.3385		70242	77028	70257	110523	78144	73281	67415	70673	73399	87577		1168468	1406356	1152980	1209863	1482872	1209481	1188932	1166130	1330428	1161180	
0.7625	0.2249	0.2257		53332	67021	64346	64433	68389	62185	60250	51745	54171	48574		1252110	1272142	1381187	1429521	1369873	1115801	1426125	1140910	1047008	1039944	
0.5173	0.4467	0.5619		86729	61362	93801	61695	72981	82327	63911	77885	74385	72416		1319388	1150725	1321192	1204772	1398548	1354924	1544722	1421493	1337200	1393934	
0.8092	0.4264	0.1986		80195	63106	75521	58912	72470	76422	70988	67232	56646	56846		1427790	1501222	1527919	1339709	1351798	1274850	1417766	1596618	1076711	1233711	
0.913	0.8333	0.9826		87846	111884	75206	99768	101856	79384	76631	121161	85803	78288		1509127	1533542	1376434	1518983	1424819	1273194	1182779	1424437	1412167	1423262	
0.4535	0.4356	0.7836		108856	84195	59452	50505	61774	71293	96675	88511	58881	63642		1190247	1522036	1249053	1063759	1358348	1313274	1257826	1317802	1297048	1257313	
0.7214	0.5503	0.6669		77811	70789	69737	78220	76231	57694	77467	65423	68551	89519		1648033	1539314	1497229	1394277	1401668	1287369	1273050	1378596	1424528	1721590	
0.41	0.1168	0.056		40508	55689	51715	49167	40921	49214	78182	46363	47032	48578		1030667	1327177	1267895	1449105	1567294	1075837	1475547	1417809	1347079	1250461	
0.1241	0.9534	0.0916		49245	57876	72864	53831	42351	60776	54738	53962	62018	56323		1262045	1353892	1611584	1273582	1335458	1523831	1507174	1497332	1416498	1177583	
0.6831	0.1539	0.2435		57220	69864	65973	49437	66491	93016	61584	82367	44663	60034		1233034	1385694	1183358	1179656	1390037	1354865	1537072	1602818	1517422	1353046	
0.7498	0.3349	0.5688		66758	60956	68186	59296	71626	62975	73845	67061	68393	64882		1146053	1223342	1461487	1148579	1507992	1559421	1515691	1289329	1329847	1219759	
0.5719	0.9152	0.2401		80282	73582	79569	61490	68792	67260	68856	63843	64354	71467		1572717	1394299	1309472	1175132	1159593	1288908	1425261	1435961	1306385	1179859	
0.8094	0.394	0.559		79711	61204	53911	64796	74659	68755	55010	67058	82890	71563		1315267	1149784	1026988	1057158	1331294	1480271	1100597	1364929	1276862	1268127	
0.5072	0.1234	0.076		74505	42791	53145	52027	50207	54190	57827	52248	51527	54176		1381500	1248956	1573265	1401017	1098052	1133086	1202855	1446158	1273643	1359458	
0.6156	0.9685	0.2927		94924	82935	69296	86345	78674	82581	70611	120323	64493	65594		1386571	1332522	1303850	1250622	1370604	1206998	1329049	1539803	1321118	1404492	
0.9257	0.2352	0.8511		67904	69841	113264	76987	73719	67648	62598	91707	57961	59486		1399053	1296482	1440058	1577475	1345623	1230419	1575342	1309106	1158757	1073393	
0.5072	0.3741	0.2636		131400	55542	55811	71556	53549	56784	51619	53798	52449	44420		1443358	1637915	1714944	1459701	1131171	1252139	1156008	1311610	1176130	1088922	
0.8565	0.8065	0.1776		71101	65631	66359	63792	94397	88713	78462	69387	64563	54015		1708739	1361277	1339561	1578458	1518914	1262603	1545062	1255987	1248937	1151427	
0.9274	0.3224	0.722		57165	93053	54741	103320	105832	68041	74510	102825	80489	62163		1160381	1435568	1354648	1261308	1663780	1245387	1081991	1659704	1321284	1295170	
0.4725	0.6956	0.6492		92076	70133	91243	76195	65736	66136	61655	66134	66240	55406		1503882	1253627	1285377	1239321	1297118	1269799	1146168	1239033	1259548	983930	
0.5972	0.3182	0.5533		96556	69188	73423	92409	68659	80473	65035	92451	86605	64963		1486168	1265016	1325081	1687645	1292338	1258438	1405846	1658067	1650161	1172730	
0.8486	0.0933	0.4558		69414	82080	72324	58771	69318	73683	51940	62500	61822	98007		1215101	1230891	1566929	1253440	1569211	1482045	1187157	1280082	1282094	1366889	
0.4562	0.309	0.6049		72515	69177	71521	69623	60023	81288	68087	62197	67322	55443		1533592	1331405	1551136	1360893	1149836	1453590	1325784	1169553	1291468	1189721	
0.9263	0.1617	0.385		58903	60308	61044	57170	67071	62526	58946	69778	87263	58417		1169095	1357552	1475702	1060064	1453065	1212045	1424013	1245488	1496964	1152645	
0.8439	0.7787	0.0661		62829	70164	62984	61544	53565	54518	71683	73312	61960	65419		1212064	1355675	1226827	1047372	1119769	1274670	1238534	1396211	1212433	1267751	
0.0781	0.3049	0.2691		48803	48505	58617	46922	52495	54714	65242	31061	50407	47259		1000451	1445105	1124001	1316450	1107899	1087149	1457518	847535	1130291	1173371	
0.8875	0.8448	0.9442		87164	109654	119963	90807	70615	77964	88590	79486	83827	80161		1314002	1323420	1558654	1271608	1368021	1132628	1287415	1196976	1447221	1614064	
0.6688	0.8333	0.4367		136136	82813	102518	73093	63629	109010	70139	67973	68342	68619		1245803	1070641	1259903	1242958	1161000	1219072	1578463	1224162	1169477	1248785	
0.7652	0.3901	0.9177		68025	58511	77570	69458	71599	78911	65969	73116	67279	68415		1226479	1285204	1359491	1251155	1161808	1374709	1273755	1286232	1324128	1220455	
0.9375	0.4221	0.9742		83111	84208	70579	75711	69436	60052	60216	69595	83119	99662		1483563	1670613	1288460	1465817	1454875	1221136	1185268	1190975	1272733	1438874	
0.61	0.3758	0.4755		51768	56397	59065	58510	59340	66259	53533	66502	58612	62256		1026698	1181451	1268124	1166119	1214740	1485945	1486078	1294120	1223051	1451269	
0.2359	0.574	0.5963		64666	69965	56962	57239	57483	66016	68102	70829	70741	59229		1248135	1341839	1167923	1270660	1130361	1318357	1391577	1199466	1371063	1438476	
0.6975	0.8499	0.1043		71765	65609	60152	79342	76469	59948	60440	61078	54372	65364		1347696	1527051	1214838	1492792	1302997	1202101	1106113	1143004	1202653	1165796	
0.9512	0.2607	0.4526		60737	52016	88779	74170	62476	77680	65968	69260	73771	108489		1435773	1216221	1131681	1226698	1153939	1391871	1328625	1246797	1634051	1377402	
0.222	0.5372	0.86		66642	63744	60162	70992	94037	83746	74361	60114	60739	63576		1213121	1622805	1263848	1265205	1633439	1448041	1287478	1203488	1268562	1286067	
0.2049	0.3795	0.1223		62482	46159	53830	46365	40605	47346	47442	48907	51804	47240		1133294	1479411	1244637	1142426	1252674	1255178	1417825	1255357	1177662	1200437	
0.6625	0.9578	0.061		113390	94699	69577	49691	73708	54275	60202	58115	70803	60578		1456536	1425541	1222263	1191053	1135084	1385362	1240038	1384101	1260474	1305852	
0.5695	0.3895	0.3836		101346	68161	63653	57042	58040	67524	54685	80953	74835	70652		1376572	1657147	1420675	1402005	1203030	1347302	1239424	1390315	1320381	1368859	
0.0694	0.125	0.5098		68885	47524	47871	49585	48456	38279	73061	51329	49265	48753		1633215	1184980	1147806	1313291	1195533	1224252	1454919	1238420	1335641	1288153	
0.2722	0.4882	0.7954		73739	64247	60561	63258	55231	51342	67664	58383	60683	104251		1242607	1475066	1426633	1286611	1160448	1149159	1379964	1444231	1337532	1617323	
0.8642	0.1509	0.7125		74627	76540	68521	60062	59998	59181	51782	66210	67960	62965		1461634	1295486	1281377	1215460	1403457	1359265	1428254	1318403	1355363	1370307	
0.6982	0.1475	0.5778		64199	57602	67257	68437	88598	77479	59267	72781	60025	90309		1305364	1246060	1295558	1324947	1285100	1542582	1421009	1520621	1244304	1596634	
0.4736	0.9124	0.2973		112481	80142	69283	60498	52099	61423	72391	60880	61531	86395		1517539	1373372	1517332	1186214	1300495	1095151	1343505	1420478	1398013	1162049	
0.1922	0.9538	0.4202		88604	99386	51442	49577	74263	67383	63232	59123	60912	67443		1229947	1541888	1295199	1093245	1272834	1334884	1304020	1294748	1439094	1245244	
0.9117	0.7843	0.9553		114516	105670	80708	83141	84404	85299	86218	100882	96412	77488		1375035	1318516	1255842	1369181	1235332	1293586	1379798	1516662	1330028	1366734	
0.9569	0.1295	0.4263		67334	67795	59649	53108	62253	60338	96111	60297	59122	59070		1621990	1286179	1178100	1238243	1260777	1279202	1273600	1286188	1189590	1076643	
0.5758	0.3119	0.8669		76757	66206	77205	95094	71450	61084	64605	74454	105829	62201		1332332	1235916	1571155	1612777	1442939	1282473	1298974	1555736	1549095	1480663	
0.5659	0.5945	0.619		66553	82790	64868	64592	63331	62922	67398	67792	63323	60937		1264898	1403994	1114134	1339505	1280138	1312963	1146828	1285630	1094936	1067635	
0.781	0.8512	0.1381		62763	60134	75058	107238	97640	64559	63459	62106	61732	61861		1303201	1240613	1369502	1538237	1711976	1186544	1161040	1317092	1224083	1153366	
0.2385	0.4381	0.3875		53674	65997	75651	45251	55793	80432	44016	60718	77721	53232		1231563	1248929	1061534	1226046	1346676	1267331	1048234	1103583	1200699	1169093	
0.8997	0.7493	0.2796		77531	88958	67915	81989	75835	80729	69055	91958	80560	78982		1411382	1594716	1109145	1117582	1246060	1207636	1292242	1275446	1624846	1456473	
0.4843	0.7432	0.392		56669	100685	66354	61863	60953	57494	61711	61435	74046	61148		1423734	1462291	1443933	1204850	1175865	1345519	1264180	1231383	1359562	1180588	
0.7802	0.6828	0.9976		77423	78720	76840	85234	74566	75749	72890	89502	62316	67015		1644199	1609000	1202417	1259300	1500088	1466155	1131415	1275368	1168915	1041310	
0.7859	0.5992	0.4897		75637	68139	105511	66108	64280	72789	77368	55448	74483	68183		1168597	1388783	1497726	1543464	1155980	1208623	1236069	1006124	1243801	1190832	
0.4213	0.3394	0.9081		63083	77856	61665	50935	82677	74413	71527	55292	76986	53671		1226885	1226729	1169285	1058035	1083985	1232226	1290747	1285847	1200007	1297991	
0.7688	0.1072	0.8661		84505	50677	64859	72155	55492	69605	59939	60441	66254	57506		1433740	1022568	1472944	1426299	1148793	1230654	1401263	1237886	1211564	1413809	
0.3979	0.2914	0.8909		111394	61469	69244	68739	49768	69685	58321	63502	60531	55101		1439469	1416670	1507067	1248366	1003245	1151019	1343093	1367504	1709599	1264709	
0.4865	0.5168	0.1756		85866	60880	96435	91728	71323	59031	87247	56128	63456	73509		1439150	1273627	1656841	1725776	1554340	1447261	1663166	1340498	1506843	1186348	
0.8491	0.3442	0.797		53768	62290	52966	60782	102023	69801	60893	68576	68237	77491		1389565	1215505	1240681	1556497	1149973	1575999	1458665	1418460	1609254	1396446	
0.1868	0.9465	0.5839		83122	64046	75263	52771	64572	71979	76762	56093	81701	70188		1303241	1283692	1407417	1240540	1423214	1605581	1273550	1382764	1693723	1277887	
0.1499	0.7396	0.3724		61557	50954	55594	56021	59073	55005	52510	50155	53395	53024		1578545	1493936	1235655	1379240	1370444	1300250	1473083	1247857	1250621	1212563	
0.2378	0.4799	0.24		52538	52193	44754	44201	66332	43843	50618	50238	60482	49718		1532708	1528504	1148056	1036010	1095479	1168577	1146909	1204627	1141537	1190412	
0.5443	0.4749	0.1537		58292	54462	47229	56143	57319	78874	47638	89048	54513	74381		1676319	1334982	1196151	1225426	1291126	1387786	1098473	1209432	1365446	1301466	
0.7657	0.7535	0.6731		74085	68202	95385	71377	75140	66106	71066	65895	69015	80525		1214330	1432642	1326491	1586228	1111799	1171283	1182933	1132471	1561095	1361006	
0.8297	0.4344	0.3763		103939	60561	60851	57132	85783	78957	64953	62564	71457	69391		1494305	1498472	1170259	1315608	1281417	1343422	1408917	1416902	1331760	1216591	
0.7041	0.844	0.0623		107275	70149	60133	53790	60726	60908	63216	100624	61996	61124		1634595	1685434	1200580	1203369	1183422	1294793	1342730	1633417	1312124	1173700	
0.3006	0.6274	0.7593		74314	91174	87315	63771	50893	72218	62153	82384	76693	61933		1481720	1551633	1259702	1362193	1063889	1171886	1213611	1189305	1206654	1550742	
0.1899	0.8359	0.4333		60321	55936	57619	53092	57788	55595	78962	70617	67188	70713		1638587	1575054	1349117	1143478	1263533	1152642	1160195	1496125	1401868	1350167	
0.0893	0.6993	0.9348		64204	60544	72113	69800	60528	63535	69219	94387	48491	84000		1254466	1501697	1518714	1391822	1219341	1562988	1616721	1519205	1276954	1585244	
0.7934	0.4664	0.3705		75125	64286	70319	90093	53734	75279	84125	71274	63875	63964		1545821	1483869	1309411	1404490	1280097	1232499	1477524	1455735	1207859	1195340	
0.3929	0.2746	0.1896		53981	53593	64559	70850	50198	61376	53243	53927	52144	52220		1503543	1423794	1558110	1214926	1215148	1273581	1256207	1339308	1471585	1309616	
0.1417	0.6197	0.0995		41969	81331	53296	51918	50708	52345	69135	86207	51890	41448		1154434	1380783	1374881	1549734	1322986	1269251	1422625	1684081	1524673	1323586	
0.086	0.6371	0.4986		136619	44779	56015	58873	62322	53120	74241	62468	53367	51470		1418512	1538424	1397705	1309816	1515604	1270394	1549979	1367090	1196309	1196081	
0.5765	0.1662	0.8336		51320	58861	67554	61364	48363	58505	58756	65127	67856	57319		1521651	1362166	1267082	1143238	1238001	1105691	1224298	1249002	1572611	1329292	
0.3056	0.5562	0.2819		56311	66748	68988	67226	57655	56937	64829	63446	49549	53592		1216399	1704428	1241269	1280341	1247600	1285763	1317788	1272569	1238773	1361651	
0.0782	0.7827	0.8159		127506	59719	56613	50618	64215	56433	62354	59722	71396	70498		1327972	1288504	1527501	1203089	1474722	1513654	1303083	1398627	1413911	1463296	
0.6794	0.5847	0.9938		112632	67639	79080	106126	70983	68091	75441	88161	75327	69049		1408626	1526871	1212840	1633246	1517366	1065096	1349507	1463161	1334395	1183264	
0.3498	0.6672	0.7527		67167	60736	64956	63853	73849	78117	67401	54331	63743	66128		1743514	1332902	1543065	1326043	1503863	1400860	1541520	1279505	1311585	1537182	
0.4024	0.4742	0.087		64920	54043	49857	52145	72609	56961	66651	61937	48717	58617		1535656	1426236	1423428	1251327	1363258	1364093	1328297	1254730	1074375	1186063	
0.1185	0.9001	0.6617		80444	55500	61928	55088	54836	56350	91056	56758	58490	75317		1178053	1227712	1130405	1115918	1121928	1190635	1289211	1195917	1316653	1307222	
0.3409	0.7469	0.1511		85715	53088	51722	51675	51184	62511	77085	59993	52920	82666		1234532	1495566	1194414	1124591	1213889	1161040	1527530	1222390	1247322	1406499	
0.6392	0.4798	0.763		78770	61983	83766	85804	87064	71632	78608	100919	71699	101123		1383174	1213650	1233399	1226141	1588769	1332039	1196554	1642677	1651199	1550673	
0.3957	0.073	0.1531		51463	49251	55734	44750	46425	49110	54575	63534	45519	41666		1400690	1327162	1485861	1225916	1134443	1288429	1138428	1159993	1374469	1330277	
0.4123	0.9026	0.6807		64298	85721	75831	61633	66485	53330	75213	67867	56159	78266		1510943	1652060	1282132	1199334	1212608	1268295	1139037	1237510	1144543	1502276	
0.295	0.7744	0.7237		68084	112648	62288	85251	61979	64406	60487	75841	74071	73402		1386890	1493534	1518183	1348765	1570571	1280048	1651809	1607028	1631128	1632611	
0.0802	0.1096	0.4355		44988	44195	64828	82635	63914	42093	74878	44014	52345	37791		1480422	1545371	1484229	1787198	1679450	1374345	1298587	1272749	1160556	1176763	
0.1802	0.8059	0.2041		66714	58785	54275	56537	55006	55820	55210	66689	47466	92058		1284903	1498638	1286007	1290297	1254640	1182296	1157722	1493835	1444287	1323285	
0.4909	0.0511	0.5528		95214	49563	63543	47996	52922	52844	54708	73230	60620	58113		1358913	1325385	1172669	1337177	1512739	1487609	1241417	1364404	1279306	1224484	
0.9829	0.9335	0.2986		74881	101929	79819	103529	129767	107033	94496	78711	98725	90289		1397030	1445522	1556034	1413905	1606498	1689708	1414892	1583028	1370751	1508388	
0.8593	0.2481	0.2938		117200	56558	57133	60924	62196	60540	50205	63139	58481	59542		1525103	1159226	1411354	1198630	1145438	1337646	1183702	1122404	1180141	1496478	
0.6201	0.0688	0.053		48106	55298	55365	46708	57597	78969	82370	67999	61754	57610		1243597	1271334	1357120	1392073	1657684	1453767	1386426	1491036	1263217	1400549	
0.7812	0.9854	0.1784		107864	70962	72406	58889	102152	78530	81953	77454	76948	72065		1322808	1480207	1391722	1367292	1250465	1345361	1509840	1477652	1324329	1581468	
0.3854	0.4966	0.4667		92557	70965	72476	65909	75038	67009	70228	73353	49978	48673		1432016	1460020	1625971	1492562	1343717	1450800	1379546	1424930	1263293	1054923	
0.9733	0.334	0.6244		109837	65654	81746	79232	69330	85002	70757	81270	69864	79590		1473150	1460019	1289194	1402263	1267972	1503112	1438978	1280262	1263689	1301629	
0.3883	0.2174	0.6243		79180	54973	54370	58188	53185	62800	57650	62434	52928	43609		1291681	1274148	1404405	1263603	1129138	1421243	1274907	1466930	1110407	1122007	
0.4081	0.5263	0.9118		52168	62040	60542	83912	63781	66620	99179	60441	52494	51790		1144362	1098468	1213366	1386862	1217311	1194819	1639506	1354777	1015683	1094936	
0.6275	0.6899	0.117		83783	65219	59268	56705	91907	89354	82874	55827	53902	80552		1472345	1398646	1348063	1220734	1594464	1584458	1312929	1255678	1231822	1300035	
0.1326	0.9943	0.1481		54220	51331	66411	51644	51458	61129	51331	63699	52496	50497		1225817	1351852	1336139	1323982	1361783	1419799	1284480	1304500	1262119	1315703	
0.6258	0.4089	0.9501		64386	77004	99868	53043	65584	64186	88352	75345	78015	70471		1437243	1570434	1540372	1427820	1228316	1428883	1659425	1242506	1358494	1534320	
0.9631	0.126	0.8101		68124	65299	69010	59157	79832	63012	76394	75633	81937	70047		1299131	1283303	1241948	1203959	1369159	1252282	1344325	1546969	1508143	1626045	
0.1408	0.7783	0.6835		60786	50478	53408	80869	62751	46125	46577	57278	57757	91274		1253222	1081461	985048	1154221	1434173	1033603	926480	1255055	1239841	1583143	
0.3697	0.8633	0.3134		64653	96814	60999	60376	59834	72883	51596	60353	71595	61903		1159085	1336723	1204624	1105970	1107882	1242281	1437098	1392951	1220260	1278850	
0.6982	0.7284	0.1518		62147	78222	71976	60133	71380	52575	96397	63826	55448	65226		1584980	1704314	1378599	1376407	1228590	1272811	1247628	1221533	1124816	1196512	
0.3292	0.8051	0.2828		82072	56987	55309	55119	54205	55505	55790	54255	46151	53000		1658758	1438143	1503542	1265032	1128962	1204316	1170417	1442213	1190765	1118822	
0.7488	0.9818	0.9836		81518	100392	91567	83697	80329	94587	74606	84354	65979	90692		1258022	1336488	1360165	1317610	1291326	1363128	1257891	1210204	1132219	1295537	
0.3722	0.59	0.1078		65527	55255	53420	54947	54222	63625	64341	57273	51206	65370		1413151	1630478	1210715	1445572	1220654	1380778	1474366	1343907	1227231	1356324	
0.7212	0.3269	0.5782		62125	66474	55249	73730	70421	60395	65027	58384	58106	59417		1418872	1388705	1161630	1134220	1329589	1292596	1233783	1089061	1147512	1388237	
0.2069	0.8099	0.6724		94408	58250	57938	67629	67080	61324	71526	59684	59150	94291		1727282	1219324	1495135	1310522	1510600	1508640	1341528	1550589	1407223	1576649	
0.9448	0.4037	0.6733		94407	67345	93419	75810	67763	65618	98007	89510	72458	65955		1329461	1287939	1246283	1359247	1462262	1309845	1395079	1436539	1562896	1346053	
0.3764	0.8724	0.3101		116205	67453	87174	84259	73190	66376	59193	69172	60774	73766		1619710	1284270	1424328	1572616	1374435	1578085	1443655	1273178	1374691	1185932	
0.1199	0.5115	0.3984		53076	71121	42375	52965	68363	42337	50695	59800	53836	60151		1355100	1250660	967181	1246742	1164385	1103045	1141962	1250425	1320570	1469165	
0.5522	0.1081	0.3295		86471	63611	55232	56064	55862	62951	79157	54629	64129	57451		1610450	1550820	1383148	1291907	1385966	1298429	1546919	1273173	1539507	1397043	
0.3601	0.2152	0.6734		64829	76007	42964	62116	55404	43483	62333	43636	51259	59497		1315727	1304600	1013916	1266132	1162389	1106336	1351229	1266671	1155101	1299232	
0.6094	0.1132	0.3287		58909	53012	53844	53050	52173	51561	52544	68329	55599	50636		1234307	1152133	1256479	1220149	1388063	1203439	1469442	1340306	1126653	1261920	
0.2712	0.278	0.1447		45572	57984	48137	50567	51321	51252	68669	39361	51027	48386		1577889	1255221	1412653	1352282	1564795	1335782	1653072	1226869	1238372	1257456	
0.9648	0.4729	0.5199		90972	71557	85669	68115	77149	75143	87409	68812	83023	108275		1509591	1381217	1346791	1342385	1376166	1342737	1431693	1265491	1454151	1547865	
0.1001	0.5007	0.6623		71393	63106	57964	52898	66436	56990	56502	55890	55500	72050		1427530	1484969	1370306	1249198	1354221	1279231	1233960	1419091	1251041	1441778	
0.4559	0.6112	0.7129		72212	107343	76095	64871	65668	75869	64008	53008	52843	63682		1351657	1438335	1354386	1486884	1290175	1372427	1573530	1106195	1244223	1275483	
0.9985	0.7778	0.2081		158655	90520	75181	55971	87351	103285	85388	95985	84918	76074		1316120	1350023	1186046	1208619	1237788	1361344	1409379	1555780	1344859	1286390	
0.768	0.6797	0.7045		73609	73817	73976	78412	56326	64133	68102	99349	68024	75759		1238493	1618931	1470727	1208023	1039896	1342712	1498513	1324411	1290220	1262377	
0.4978	0.7256	0.8408		76404	100951	69175	63869	73329	70564	114672	70197	70597	77781		1394105	1504551	1332737	1233697	1640836	1541811	1707796	1257170	1246335	1480818	
0.3917	0.5375	0.1907		56532	85219	56342	68177	78699	63257	65007	70368	52815	59985		1511986	1478595	1539036	1171149	1373324	1415316	1313508	1591658	1159095	1079426	
0.5268	0.4861	0.3389		58005	56620	61216	57592	94136	50471	62862	63717	61742	53905		1204739	1266776	1241336	1282207	1656763	1157695	1179928	1219566	1198917	1164830	
0.7839	0.5049	0.4952		139554	68767	69903	65075	68009	79872	72308	70845	66979	69009		1439129	1337029	1468095	1385062	1333879	1517453	1570986	1272031	1446203	1631174	
0.3814	0.2703	0.0696		60842	54213	50563	83742	52766	53854	50237	46666	56455	46834		1308846	1364763	1135406	1348098	1030968	1261883	1221080	1536322	1042910	1235696	
0.668	0.128	0.5037		59069	57668	60511	93465	67374	62010	55289	54186	86571	64530		1435490	1382305	1498747	1681267	1761546	1490723	1189306	1458780	1591777	1504071	
0.4374	0.0973	0.8662		107611	59458	52060	71067	58281	52623	75045	61195	73207	60654		1193473	1420165	1279371	1283593	1491229	1213181	1494121	1543237	1425646	1499410	
0.9655	0.3075	0.2261		65478	62303	112001	84457	70356	85661	51854	62880	65182	68136		1486358	1227126	1677856	1405171	1403007	1265321	1116155	1166278	1237076	1322742	
0.7639	0.5845	0.3726		64198	74010	78676	75541	83507	65279	95221	86967	86749	64215		1459735	1453001	1366383	1198399	1116450	1297428	1370653	1528924	1433164	1303302	
0.9829	0.0955	0.6568		85724	67442	66017	64978	65543	71802	71802	75028	69358	62213		1376434	1522117	1414346	1583454	1526549	1570658	1365604	1305654	1372125	1396547	
0.9158	0.9621	0.2775		86365	71264	106971	118095	71302	82663	115553	69754	81215	70536		1227307	1319760	1527201	1644895	1106006	1116488	1306427	1239888	1482552	1476963	
0.3459	0.8113	0.961		113067	73903	78006	64070	76195	66273	65040	70355	60700	68045		1715038	1503045	1314735	1220124	1477424	1478927	1412767	1409250	1392295	1311905	
0.1567	0.0703	0.4321		56896	48548	44384	52374	52332	45002	41729	47169	44733	45183		1415703	1256075	1309217	1405501	1159597	1166119	1156841	1177764	1170624	1254221	
0.4745	0.0895	0.1868		50728	43227	58618	57079	77930	47453	47336	55895	49079	49191		1305278	1308319	1204124	1220554	1428614	1085487	1289667	1252186	1156558	1172628	
0.3939	0.7027	0.2588		88252	88850	54935	71633	45636	45492	55838	51384	68929	48005		1776255	1669853	1249680	1566082	1074627	1037693	1084564	1112920	1198021	1321511	
0.0529	0.177	0.2388		32910	41747	43544	41583	32593	45518	42478	45923	55079	42518		996571	1159050	1276588	1030673	1182910	1176124	1121470	1137198	1269749	1183818	
0.9061	0.2581	0.24		75244	62829	60176	63737	59097	68959	92293	67361	60281	59222		1411603	1279848	1499355	1106580	1332734	1209893	1608665	1459689	1245332	1314496	
0.7184	0.7809	0.323		59908	93184	73723	76191	52239	62757	96660	61627	70914	63995		1325289	1295233	1385607	1352859	1134878	1166395	1577236	1285682	1233241	1365741	
0.9498	0.0626	0.8958		60280	64504	74973	64283	66421	73231	68887	59325	70581	66304		1260012	1525167	1547107	1436818	1598118	1470742	1329927	1336859	1490996	1605633	
0.79	0.907	0.4939		75502	72412	105496	77562	75754	80208	70343	77380	83182	71796		1345480	1579279	1653705	1631610	1233058	1139154	1262880	1266740	1379317	1396661	
0.6104	0.8912	0.7576		106811	74508	80180	69993	69734	59139	83099	70224	70257	85899		1364789	1176021	1247426	1340517	1131103	1288583	1467633	1180220	1180563	1303743	
0.6931	0.9256	0.8055		79604	103879	74591	73098	75272	84400	89110	75396	76159	86031		1220941	1346826	1288190	1261344	1293383	1424338	1468393	1539970	1440184	1275922	
0.6471	0.3306	0.1907		63991	55098	57500	62446	95085	44612	57858	58775	48156	62468		1396176	1209081	1412540	1162955	1573598	1195453	1194587	1281120	1096920	1302523	
0.6522	0.1353	0.3937		80051	54168	53879	67035	52900	54547	53939	44748	86980	54813		1506023	1328765	1195504	1227239	1150461	1309947	1212126	1250172	1523598	1564798	
0.3706	0.9441	0.8994		56201	75400	65586	69690	86716	71231	80723	63155	63969	65132		1254848	1448963	1185476	1388270	1584810	1278782	1393357	1288350	1234475	1278896	
0.824	0.0595	0.5498		59864	62923	63588	65953	60574	82076	59036	50996	59652	61757		1575621	1295997	1423957	1176185	1387980	1644609	1246336	1177600	1584709	1393435	
0.8957	0.5229	0.055		115549	59831	59691	64830	71030	60145	59970	59392	99195	74229		1288647	1285790	1150924	1121814	1142278	1286655	1308214	1199731	1504915	1477510	
0.9987	0.9036	0.6997		98522	78958	86177	104068	94943	91445	84800	87551	80608	83863		1271489	1352114	1506825	1561989	1598216	1389407	1291579	1480950	1254563	1543461	
0.8957	0.3779	0.9089		70278	70399	66225	75957	67904	72077	108947	75762	67827	93031		1314885	1472499	1519424	1601723	1134825	1198696	1640995	1357404	1362607	1211397	
0.2467	0.1582	0.3695		47995	48826	75517	39444	47566	47568	44084	70562	47666	48360		1473953	1405063	1728958	1451669	1186896	1382552	1386780	1429368	1143108	1168655	
0.5088	0.9053	0.1079		94997	61120	92373	94601	100134	50384	68792	105766	58336	80443		1455432	1297165	1362958	1574658	1594264	1041256	1094946	1566617	1352367	1372258	
0.8763	0.7324	0.3672		56058	82584	56225	75873	55006	76076	66756	70429	66613	58875		1171913	1383383	1112029	1412138	1150666	1166087	1413881	1361857	1339063	1175846	
0.9097	0.1057	0.6041		97196	64402	68017	57793	79319	72536	60581	95949	67452	75732		1581924	1302600	1263758	1240909	1440689	1306518	1425502	1591028	1403501	1259344	
0.5713	0.1066	0.2651		61597	50904	66505	52414	68189	88502	49929	65260	83641	64930		1152335	1187769	1333078	1224583	1271712	1290331	1074535	1123772	1594685	1306651	
0.7431	0.1013	0.4063		82621	60237	61104	52831	65681	70848	54080	50868	56110	63682		1680697	1247326	1335284	1422441	1314192	1258744	1262470	1250417	1260070	1305909	
0.7904	0.7434	0.307		75699	66399	72021	75213	54946	55747	77711	65094	72997	58037		1475493	1601871	1245592	1357606	1128899	1210844	1332422	1626764	1468193	1115896	
0.7361	0.6877	0.8063		70954	84850	72533	75631	69422	71846	78456	70191	102211	77621		1241803	1402009	1237677	1294334	1297444	1253384	1396612	1192087	1381170	1360209	
0.9124	0.21	0.8992		149546	69042	99707	70374	64245	58140	71474	70135	69737	70582		1285238	1369358	1463562	1605722	1294891	1128131	1243821	1244821	1278961	1215632	
0.3049	0.2458	0.685		61076	59735	53605	61731	43552	62631	60311	70522	53072	62448		1580227	1146433	1096059	1446693	1130993	1460178	1226360	1420415	1239427	1250789	
0.5703	0.6984	0.8737		72380	80572	81010	74437	83521	75141	75883	59148	72435	72124		1154402	1439999	1458383	1583738	1417137	1558018	1336021	1184600	1534236	1320742	
0.7928	0.4903	0.317		123423	56702	65507	64005	94410	70723	62266	66241	63030	72796		1407578	1267246	1418572	1266129	1558906	1309797	1253370	1186414	1253342	1677027	
0.7655	0.9024	0.1665		75675	65806	59788	64051	77490	105557	71733	63835	105080	74367		1770330	1270885	1193813	1222921	1454962	1818170	1352564	1243975	1200625	1611483	
0.6238	0.9364	0.1834		105401	63671	63636	62550	89194	70222	82621	65652	65205	63156		1252649	1485635	1439286	1579632	1584624	1456905	1175059	1323640	1322114	1444444	
0.117	0.7163	0.5834		53927	63475	53346	56723	57496	65749	65578	53389	66361	52296		1648430	1292870	1282624	1201546	1551035	1310112	1235844	1107997	1159606	1260590	
0.906	0.1993	0.5604		75480	57796	66003	66390	80293	60974	94410	66856	61966	61189		1430762	1308828	1608608	1407051	1429812	1243635	1596283	1218020	1505929	1362134	
0.6516	0.9061	0.5405		130028	85030	73120	75272	78363	118299	84753	81133	62045	84215		1612274	1874673	1320440	1394417	1325713	1669132	1807349	1742549	1182668	1278687	
0.3182	0.2784	0.9169		58553	57514	79355	65056	53462	69369	59502	64568	67921	60074		1359516	1191848	1292027	1310179	1370506	1501427	1391401	1536007	1305267	1371143	
0.4751	0.3091	0.1437		51011	57974	54567	51834	49657	53557	52592	50068	80070	57819		1292908	1575240	1309943	1478753	1277256	1321624	1316251	1208276	1805708	1533621	
0.6933	0.1588	0.7507		57367	65455	58116	50332	57650	65891	75957	56919	71277	62138		1449382	1492927	1458735	1465418	1285453	1334659	1489999	1393960	1605037	1212277	
0.2263	0.2777	0.6493		84517	51606	76509	87557	63549	65173	55362	53669	51617	50515		1386670	1458617	1553292	1449435	1467212	1616811	1534088	1493905	1335070	1103718	
0.3757	0.1267	0.9881		54625	55041	53579	57234	59880	63736	55357	83313	52888	54888		1140414	1230515	1132666	1119116	1251687	1129070	1221575	1168337	1142445	1080226	
0.7281	0.1155	0.8538		113123	76733	71203	58935	56874	58432	56799	56735	68426	59104		1399626	1312942	1528928	1290675	1189245	1124628	1131345	1280368	1347853	1262452	
0.8953	0.1355	0.9506		63647	63359	66292	66578	62691	76029	73980	76284	64067	58340		1222268	1475197	1363688	1193788	1229402	1213931	1262555	1215551	1427244	1495163	
0.7085	0.1824	0.5924		59992	56940	92273	56514	81086	47466	55687	58484	64432	59718		1448049	1307745	1679365	1230786	1556549	1481540	1344126	1426739	1273383	1595156	
0.9679	0.3885	0.4682		87438	80974	72097	64708	65139	66901	65079	72589	81595	63225		1234954	1272987	1503525	1181398	1174656	1221612	1268303	1527677	1266282	1377384	
0.2342	0.4538	0.5876		59365	87359	55163	65183	54427	63144	57497	45138	63049	72834		1239219	1264161	1318419	1433957	1448765	1186298	1247222	1112485	1265895	1207152	
0.1462	0.8561	0.6085		63264	61276	62661	55617	69925	72443	74416	70917	84041	49278		1173442	1415233	1250735	1157306	1272310	1344864	1658106	1404320	1352169	1350271	
0.4499	0.7587	0.0729		51970	57848	65185	44557	62856	59759	54240	60850	61445	55709		1157062	1366855	1354457	1411183	1508702	1368903	1219411	1465253	1148782	1282010	
0.3678	0.8434	0.1347		55557	90822	69391	93865	77673	69692	96854	81114	66401	77047		1408061	1826791	1477213	1392431	1346836	1449585	1618149	1318561	1418492	1222662	
0.5536	0.0651	0.1066		49893	43324	80368	73436	79219	51111	47707	51919	62611	54127		1394736	1237074	1587522	1734721	1636182	1527253	1236005	1516091	1579956	1343565	
0.0977	0.2174	0.1903		59665	50122	66618	68680	65467	106960	77695	57597	53246	38647		1391715	1771280	1375177	1409183	1581238	1448779	1355160	1250451	1377349	1193127	
0.9424	0.9272	0.3252		94494	73991	76384	85519	81222	74662	80837	114976	175377	78617		1381610	1301371	1526207	1455138	1350085	1285931	1202368	1768106	1697607	1340800	
0.4038	0.7908	0.7456		79166	73079	88350	76819	59335	56603	68464	70799	66668	66405		1492226	1325519	1231110	987410	1086476	1035966	1364372	1275121	1497048	1332267	
0.1035	0.5757	0.4049		63476	54599	54346	56083	51170	47451	42050	58069	57472	49249		1499106	1269565	1315868	1393487	1340650	1140425	1027924	1100651	1336016	1069558	
0.9919	0.6706	0.5815		73284	83670	109228	74116	73745	60839	85509	84855	74212	70455		1425845	1548078	1676701	1334544	1338954	1105040	1351831	1498827	1210100	1188512	
0.5743	0.9459	0.158		72789	65518	67308	66989	112553	85665	67650	107606	66230	68044		1444987	1324295	1344189	1330180	1459495	1271689	1653562	1754792	1394965	1424560	
0.9422	0.4161	0.1392		63712	62359	75036	128004	98602	65345	54819	66181	64405	89363		1196736	1476617	1218817	1534483	1320714	1267575	1220449	1398744	1216517	1503405	
0.5481	0.9158	0.4328		86468	65776	98117	74627	63891	70101	79125	69878	69458	73969		1226884	1244494	1347617	1308349	1175469	1126367	1148159	1357471	1278564	1581433	
0.6653	0.3242	0.5047		57960	55775	67765	74745	78920	72687	50555	61398	61390	63338		1411418	1491860	1366464	1270865	1396496	1364247	1061022	1250593	1076623	1087518	
0.1637	0.1907	0.1147		69151	61185	48158	49317	45902	54901	47079	37209	46317	47074		1635867	1571120	1489924	1322136	1265836	1255679	1220786	973743	1158310	1335541	
0.3288	0.1791	0.3503		51740	57685	58220	50398	50435	48114	48196	47689	61957	53497		1120711	1231394	1332683	1262432	1453562	1129005	1138816	1273200	1395187	1555154	
0.3966	0.1213	0.2687		47262	39298	41661	59558	50526	77463	50176	53107	81227	57010		1250574	1145393	1159600	1121741	1340345	1408334	1265770	1148091	1320711	1541039	
0.7927	0.0844	0.4507		58855	55288	53651	58387	67776	63096	62231	61822	54603	84292		1223755	1266894	1283343	1242043	1195789	1158915	1214433	1268666	1343831	1545039	
0.6338	0.4376	0.2986		57654	57349	58441	82227	93407	61597	112717	80745	73296	64463		1540328	1427032	1261481	1523743	1495298	1434026	1322419	1545157	1539016	1403679	
0.7309	0.6556	0.1228		82629	72380	64002	85956	102250	62809	55700	50352	51110	95910		1779742	1260367	1311892	1237024	1618508	1619962	1156808	1017133	1011503	1185152	
0.2297	0.7934	0.0717		93262	77855	63260	75987	58453	71208	60630	95684	78163	80140		1471042	1589707	1301687	1523083	1416726	1487898	1394388	1413840	1517660	1431559	
0.3562	0.2073	0.5605		54283	50121	55190	76988	73997	55298	58321	66720	93618	56514		1146483	1270837	1246063	1331599	1305147	1217472	1379371	1456448	1572722	1475261	
0.7096	0.4458	0.513		68129	71836	102091	58972	60099	52428	51174	69816	54817	61693		1540417	1445151	1661688	1134420	1031472	1151916	976792	1203768	1315698	1041519	
0.8262	0.6508	0.7788		75896	91658	74588	82634	78329	74395	69216	138177	90372	96743		1495885	1197321	1514107	1279833	1493916	1190324	1214552	1370926	1273293	1794304	
0.8477	0.9389	0.2674		70329	85762	86574	88798	98915	73052	70496	76693	113462	73604		1466395	1746303	1454546	1588383	1387105	1134062	1151671	1359916	1490191	1240256	
0.2304	0.3417	0.8743		59144	69183	57187	65874	58443	61781	69304	70954	57908	61403		1452651	1222713	1354683	1371453	1411405	1382772	1572628	1431460	1294573	1142644	
0.4013	0.7734	0.3707		55758	58084	58705	55745	66152	56988	60948	58101	60721	57388		1109326	1369297	1365555	1427664	1268734	1154093	1121496	1190792	1512522	1420480	
0.2587	0.6266	0.2835		50714	53762	50813	45577	70033	49443	58225	56423	62390	75135		1035496	1140985	997349	1107297	1106555	1069864	1166257	1435711	1082491	1341431	
0.9837	0.5106	0.9383		65875	89507	75569	81495	78812	72879	73493	69513	73455	67839		1298568	1393983	1263476	1677272	1424841	1478294	1175431	1045131	1077372	1202465	
0.2838	0.3358	0.712		54661	63597	61200	43967	56564	76621	56615	65059	67559	62078		1138952	1261117	1183152	1059749	1127987	1413501	1424400	1589222	1269993	1362224	
0.5459	0.1604	0.6808		59031	68102	59205	69345	60371	48531	66149	80809	58129	78724		1308466	1495036	1476231	1192164	1476168	1165050	1430202	1249922	1299424	1477243	
0.8106	0.7692	0.7317		76279	70074	85975	72114	88539	69940	72985	69380	69556	63290		1126138	1422213	1359015	1368269	1227202	1372893	1322298	1241566	1310132	1241312	
0.3113	0.0893	0.7544		58451	64967	51441	53909	44811	67653	43612	56760	55181	81675		1344010	1365175	1360294	1166544	1043539	1574463	1065483	1149550	1316892	1575807	
0.9095	0.9914	0.8723		82909	90690	85586	76952	77831	89848	80721	118916	80926	89276		1460906	1406175	1376272	1515091	1281077	1255202	1346275	1664793	1472276	1352476	
0.2654	0.2925	0.8802		64013	100211	57432	61973	65952	54690	60201	73404	89776	59574		1323837	1474250	1285293	1348817	1552670	1329562	1330044	1258227	1382966	1240755	
0.4867	0.8954	0.6342		59322	90086	82482	66168	101032	66222	79337	84482	68110	69916		1128017	1288751	1406702	1154439	1313488	1419083	1114802	1320223	1281101	1158133	
0.5091	0.0512	0.1393		33822	84667	49063	45595	40537	42052	50478	53205	48439	68565		1242134	1503154	1616855	1336175	1165572	1266861	1179193	1230114	1121597	1277631	
0.9722	0.9157	0.2771		81619	64703	65589	74226	77032	75377	73315	75698	82169	72428		1497459	1449752	1327817	1085390	1256083	1243015	1293340	1334409	1400547	1317193	
0.8204	0.9853	0.7611		74113	73499	76317	80302	86160	113948	68716	87275	78351	87127		1336235	1187067	1575635	1254271	1513415	1642580	1297886	1378034	1500470	1474964	
0.728	0.784	0.5614		81169	68242	83325	70860	66664	64245	56554	60427	65941	67261		1522415	1409096	1477271	1195766	1192823	1115414	1104126	1157698	1335313	1216950	
0.1752	0.1668	0.8367		56545	58740	55571	58761	57179	49810	87125	33892	35451	64316		1475466	1239003	1577197	1374319	1420182	1435137	1616927	877745	852322	1249560	
0.763	0.0675	0.9284		136183	51893	87252	52526	65135	55186	73206	78133	62464	69123		1309367	1194735	1304555	1277690	1268819	1277542	1287816	1409848	1336330	1412370	
0.1536	0.9699	0.3477		55437	57678	70570	98581	127552	77541	100052	69519	55093	66953		1499648	1260442	1669052	1647271	1832998	1668772	1374927	1375064	1302358	1447275	
0.0502	0.7559	0.0975		37906	60720	49669	57249	54521	55805	58168	60920	59890	55621		1089638	1296099	1415694	1598431	1343768	1298535	1512176	1322060	1348289	1518486	
0.9173	0.3747	0.7383		127299	87773	77020	72923	70335	57348	80865	73041	69543	61843		1412045	1299799	1393961	1388351	1340015	1313982	1251770	1236111	1028223	1003039	
0.41	0.143	0.3547		66172	50079	72041	58849	59950	71774	74831	57782	49597	58358		1430318	1435545	1405723	1400584	1405162	1237751	1371679	1480735	1382504	1285629	
0.4362	0.876	0.9112		106226	76332	71797	69401	75759	68221	71342	80590	91994	71808		1548844	1433033	1275734	1397852	1443420	1291030	1343375	1398294	1592764	1225337	
0.4586	0.362	0.8747		72875	63136	52082	64664	93614	64380	59551	58384	83169	60330		1242774	1611550	1234116	1257135	1686934	1543343	1379276	1589631	1333475	1372151	
0.8552	0.232	0.2551		94172	91759	58198	66229	87808	59652	60544	50057	61798	58330		1524617	1452859	1274136	1241386	1320304	1345566	1412236	1074647	1189580	1203346	
0.3405	0.1513	0.4022		60416	58409	50542	61702	56145	56595	58753	73561	43531	63510		1519443	1543857	1464263	1267941	1378876	1182323	1226301	1569661	1208191	1274704	
0.2267	0.6534	0.3074		106149	50893	52312	95544	66141	54032	55524	60601	45579	56025		1427032	1459510	1521976	1567874	1641623	1531474	1219996	1190990	1061418	1228329	
0.6465	0.5114	0.3436		63045	68116	51891	63379	83942	63147	81009	82329	54512	73264		1293275	1375761	1199496	1182976	1453922	1257959	1470942	1245962	1160747	1434266	
0.8116	0.1626	0.1696		61276	54526	54166	63164	67189	55247	69087	56579	54806	53116		1322297	1380839	1498854	1599594	1661971	1273672	1158887	1341464	1315952	1216897	
0.6984	0.8592	0.3788		131508	102242	65521	82409	85826	58828	69250	79262	63949	57040		1636470	1695519	1269138	1368224	1509178	1160797	1552708	1347953	1582368	1152185	
0.2231	0.8021	0.6756		51399	72893	53485	68388	50375	63214	65583	100563	59940	63521		1082177	1420014	1194995	1220471	1192055	1236430	1532485	1716097	1504346	1382830	
0.1393	0.5607	0.3066		54459	50147	45011	66824	62829	88690	50302	71805	89159	52908		1309992	1316555	1460037	1369590	1275282	1244402	1624979	1422984	1673954	1557512	
0.242	0.4741	0.7041		54625	50599	84343	68492	63579	64862	52184	70595	51807	64656		1432616	1168691	1319761	1300118	1300413	1565092	1233829	1409692	1342113	1401458	
0.5722	0.3653	0.3828		56973	80637	59124	64432	60811	80620	62275	58322	66659	67558		1179307	1327168	1221011	1163912	1538673	1357698	1437778	1207130	1121977	1262331	
0.6651	0.1363	0.2305		79333	58515	63281	44980	50492	64141	41994	51515	85922	53541		1531203	1266212	1434285	1101441	1079976	1321540	1121700	1305631	1458821	1439973	
0.9777	0.2303	0.375		65250	93101	60435	61404	71446	64762	67259	81863	61392	57298		1364244	1613424	1296623	1291649	1347619	1400100	1292142	1251572	1114070	1237691	
0.5569	0.7339	0.1664		83990	92618	74364	64330	69248	58602	84442	66215	59234	93487		1474327	1333485	1385593	1190454	1393529	1233515	1540381	1516491	1383076	1614370	
0.9112	0.1396	0.0982		81302	53186	50043	59855	52746	64877	46282	63858	61627	57501		1533010	1210970	1157170	1300384	1195743	1198380	1083915	1363802	1404218	1149891	
0.4165	0.9405	0.714		75119	70887	69291	71094	81638	69483	69375	56627	67768	74632		1211067	1375173	1263386	1471939	1515417	1352143	1239035	1046353	1171553	1122493	
0.7957	0.623	0.5749		86050	56616	67184	94724	65733	73215	101353	57554	66387	84603		1571945	1141685	1173184	1558603	1591905	1387207	1320575	1168680	1136947	1306582	
0.5745	0.2307	0.4933		67734	51871	51778	72286	41548	56667	55785	47636	47767	87085		1411132	1284827	1287159	1097854	1179802	1370472	1230439	1169739	1127090	1393440	
0.5922	0.5778	0.1988		109046	62805	62662	68873	101741	78196	51542	60769	70292	62924		1421923	1430622	1073184	1532642	1523026	1331930	1039945	1127924	1127744	1282170	
0.1977	0.6341	0.3247		53160	68874	59949	59129	43453	51852	55370	61074	52137	52174		1404557	1398460	1396458	1342969	1188139	1486533	1431298	1433131	1477906	1534608	
0.2946	0.2749	0.9479		62966	55937	60545	56171	57218	56598	55921	47025	62980	63409		1443253	1495575	1203633	1326740	1444420	1150668	1313329	1045531	1346634	1143516	
0.1892	0.1156	0.3103		37105	43712	60546	44245	55479	94089	54670	48368	65671	59876		1221981	1401782	1278523	1652469	1365378	1482401	1661267	1288970	1540165	1412201	
0.886	0.6976	0.6132		112138	74541	74400	77053	60531	73501	70878	73453	92114	86631		1501306	1241142	1134990	1415195	1121626	1275619	1413620	1189104	1328343	1320216	
0.0819	0.0561	0.1867		48399	42464	49635	43373	54987	42472	44275	74086	45936	75677		1250706	1574668	1335320	1239510	1208796	1079004	1127704	1495060	1205878	1612906	
0.9319	0.9854	0.7211		105852	89023	80866	130175	96385	84943	84852	78420	80433	83582		1445122	1252467	1289664	1480215	1691690	1442142	1477471	1132094	1326436	1221752	
0.8702	0.5506	0.7447		71893	83904	86888	73444	70164	69933	127510	100307	96555	75398		1394486	1266257	1315662	1319004	1228992	1391337	1390706	1403961	1276793	1362491	
0.2039	0.8712	0.285		70030	61048	58545	54356	58421	73812	57368	57193	78009	65267		1623238	1291067	1362185	1494909	1525180	1564601	1448638	1180391	1587014	1417359	
0.331	0.7396	0.6573		67543	57764	80233	70710	55840	51990	63431	58625	65862	65551		1520566	1209216	1258645	1477217	1216721	1354789	1186325	1383851	1375131	1245732	
0.4401	0.0618	0.9583		62911	53113	62992	56468	50731	53138	64225	69619	56989	65568		1590249	1270165	1400502	1338665	1000969	1088072	1465370	1304980	1257423	1146633	
0.5559	0.7523	0.9042		107785	64747	78979	76800	96360	81948	83502	74484	71614	73599		1664299	1245333	1334126	1516867	1514715	1399773	1312703	1461177	1513220	1285424	
0.8643	0.569	0.2539		75100	112410	67438	65410	67196	64299	65724	56254	67929	97576		1202025	1743508	1609774	1491120	1235963	1057010	1125889	1388146	1178989	1539837	
0.2741	0.9339	0.1846		72149	70701	50886	61880	67284	62312	45692	63271	65244	90896		1346406	1325066	1426200	1315096	1360351	1241444	1048410	1077238	1223851	1287700	
0.9723	0.5637	0.3472		144415	68070	84999	70116	59652	71761	75636	93193	72521	90085		1565927	1387980	1222304	1258447	1264252	1173571	1311605	1169983	1511425	1370874	
0.1254	0.719	0.8696		69352	70756	57991	64334	57158	64325	71361	57299	58011	60311		1503470	1523875	1293930	1469797	1517542	1535975	1387322	1304441	1475239	1358991	
0.5743	0.766	0.9122		67123	82806	71465	88853	70773	61165	73526	72318	57660	67982		1433936	1241767	1625489	1303992	1344476	1091539	1144346	1195887	1462824	978752	
0.3714	0.7444	0.1961		48267	60874	59569	63367	59029	68209	69388	58768	86439	57104		1222828	1243744	1319157	1605935	1555901	1485958	1223869	1255352	1259930	1584690	
0.7649	0.7131	0.0924		72717	86259	64448	73974	68596	58443	59200	60205	57233	50183		1369801	1634979	1520896	1324658	1165024	1194532	1242674	1383507	1168781	1032831	
0.7861	0.7406	0.735		69001	78812	93665	96610	83922	63694	67324	67441	68666	75284		1399305	1313023	1473625	1419783	1391756	1388234	1241793	1100031	1117105	1276979	
0.5001	0.3528	0.5964		55904	63354	61528	71318	61613	58653	55102	59516	70364	63069		1303756	1524088	1433750	1418109	1437975	1209863	1208213	1615433	1437419	1583256	
0.1556	0.6751	0.6871		69988	58166	88404	57692	61868	93377	100297	66018	53529	61158		1478506	1611221	1663013	1325482	1231319	1200860	1320151	1424744	1350087	1176272	
0.2545	0.3922	0.417		52709	54237	59672	62981	57022	66854	56810	55899	71048	57917		1273627	1247807	1268328	1162716	1184397	1193018	1248251	1335794	1287273	1470550	
0.6405	0.6566	0.21		71138	65535	67639	99343	93142	58955	67986	60949	69579	52313		1358085	1324351	1249092	1506014	1732433	1416240	1365501	1213556	1412804	1225642	
0.9447	0.5765	0.0876		61290	69735	68038	90551	74127	65979	66487	80316	59628	65131		1069401	1467431	1611706	1561291	1564840	1265413	1352472	1274632	1193739	1196231	
0.8885	0.9971	0.7437		92199	90409	76938	98830	94788	108451	79957	81183	96840	98954		1385137	1528545	1248037	1262655	1524777	1465569	1597285	1576302	1478352	1602509	
0.5612	0.9634	0.5327		111306	85431	74199	77022	81752	72522	76070	70661	72061	70781		1489677	1497497	1404194	1280797	1552572	1272520	1399063	1548182	1389712	1296092	
0.539	0.9382	0.3866		100216	73255	56015	75278	72439	82053	62575	78394	77188	56790		1556442	1275055	1155249	1129271	1202218	1194901	1112413	1043311	1259824	1062451	
0.2025	0.4414	0.1102		71166	55692	66056	60647	52198	51033	49509	51573	53211	50551		1279067	1352044	1281123	1323251	1320644	1140224	1185088	1402718	1147916	1203802	
0.9025	0.9912	0.1198		107695	76867	67446	71070	114866	77183	84563	103826	112943	90151		1392660	1541946	1149297	1653134	1264659	1475715	1342787	1413151	1307007	1286052	
0.4909	0.9876	0.3263		101497	65784	111305	62651	73174	67953	67852	67538	66178	68106		1281177	1575293	1592812	1302187	1472092	1495496	1361764	1443358	1344419	1294674	
0.8692	0.8764	0.5749		169188	108571	110582	89277	93555	128033	106261	87758	84025	66015		1577240	1681666	1777887	1465722	1391584	2123741	1804683	1332900	1290884	1216920	
0.7826	0.78	0.4384		69228	81902	68738	80185	97115	68578	69901	73886	65546	64534		1167713	1234396	1073208	1399934	1354797	1484687	1242206	1535358	1256426	1083886	
0.8529	0.0929	0.3876		53046	65821	52490	51248	59609	56020	62431	56306	56258	63052		1206588	1499616	1688419	1265720	1378868	1352223	1295096	1233375	1413657	1583091	
0.0656	0.798	0.6334		81842	79849	53561	57986	71440	52392	57959	66620	76685	76872		1472420	1456633	1401686	1134484	1353862	1398705	1123299	1318473	1451329	1476749	
0.6324	0.6712	0.4359		66820	83123	64982	65587	67282	70521	88731	64063	70657	63750		1493542	1290779	1334910	1356872	1438012	1319648	1535446	1295381	1208600	1156876	
0.433	0.8635	0.7686		72838	91730	64091	65036	66577	64964	65781	70584	65082	66111		1275956	1684133	1612883	1270980	1178455	1191275	1190927	1221781	1265591	1244931	
0.2221	0.6466	0.567		63368	92188	77748	57157	59222	58752	55497	106960	55778	60243		1172071	1394862	1103494	1258107	1424086	1260974	1216995	1262713	1473582	1421649	
0.4369	0.0847	0.6819		66022	55900	55509	55373	64270	55432	67005	61034	61054	60873		1537018	1606509	1344853	1181874	1391519	1573047	1351979	1641589	1333498	1218923	
0.467	0.6533	0.673		73562	69628	61428	78196	61579	61414	61376	64146	66068	99850		1474842	1467066	1224051	1130328	1187999	1114865	1343354	1430963	1260648	1304692	
0.7146	0.9931	0.8724		85666	69919	93776	88959	71895	81791	76782	74109	93079	72183		1138244	1174987	1390096	1157400	1358632	1436241	1374279	1244206	1187492	1144698	
0.7451	0.6037	0.4713		63064	72809	70833	63136	81988	65489	89168	78749	71205	65245		1226316	1404492	1520685	1274228	1459004	1242738	1280378	1236673	1311374	1432655	
0.424	0.9011	0.4513		64863	108655	61568	68688	98649	77127	62369	84859	72768	75148		1308221	1574244	1635800	1398479	1632870	1481852	1560992	1625929	1477672	1277209	
0.6067	0.8745	0.3408		77124	78436	110160	66521	54954	75339	65516	72812	76142	55358		1450562	1302531	1596521	1245410	1259234	1349624	1393861	1428040	1253522	1366435	
0.8675	0.952	0.9082		77829	128064	92171	82118	98206	83859	86145	98024	80629	83566		1229443	1311934	1313053	1603656	1717187	1424359	1559481	1357889	1574969	1441836	
0.3571	0.6187	0.3626		58945	62580	62319	55139	67118	55157	89286	56012	59534	54969		1463971	1445883	1094162	1435513	1484350	1337303	1682884	1518709	1249737	1091987	
0.6934	0.6465	0.413		59521	78796	65379	64238	80471	64382	62467	53148	71958	66530		1624066	1540152	1579848	1407205	1390294	1334478	1376821	1023823	1222842	1266602	
0.2262	0.7217	0.3483		48871	58614	53126	53587	48141	57053	50550	53506	61557	71177		1361695	1279071	1234352	1126497	1268807	1374017	1192113	1299337	1530012	1335220	
0.5273	0.1433	0.478		82687	55761	59323	58576	65333	56617	57821	72555	51897	70217		904910	1235340	1334265	1244411	1471021	1361581	1378140	1170148	1461441	1157400	
0.4045	0.8726	0.7224		68429	82377	110380	88942	65593	75218	99994	66081	86944	62811		1021602	1324198	1426441	1545083	1345104	1169722	1533899	1320995	1483483	1240501	
0.9505	0.3991	0.2449		139144	75598	64250	68930	61831	61940	62098	80177	94213	66585		1306897	1448819	1368160	1337983	1275829	1195519	1203712	1543001	1584487	1544606	
0.9541	0.7614	0.2717		158233	75384	94159	101007	98405	70089	92779	81035	70069	74444		1426924	1335470	1282276	1632234	1407390	1464063	1456209	1421896	1399228	1437874	
0.6651	0.8953	0.5865		75280	113255	95339	70168	74082	81774	78790	81401	86596	69427		1493211	1744521	1403208	1597414	1224195	1270606	1536093	1237930	1537824	1292330	
0.3839	0.8568	0.8183		87712	80178	70754	75308	74501	100687	77762	67324	71229	77528		1517677	1325357	1256475	1465591	1362040	1604249	1246050	1299618	1392564	1428669	
0.9554	0.5736	0.4159		60555	97565	68148	71741	79190	76398	68479	71545	71708	75509		1586652	1216558	1391187	1310590	1572527	1435365	1209987	1277697	1079755	1371785	
0.4529	0.7422	0.6882		82878	62294	69740	62173	78230	65012	104019	62519	63566	62603		1317328	1566831	1440706	1285498	1396090	1271878	1486568	1325103	1384336	1607144	
0.3643	0.7093	0.4273		60160	90837	75486	48097	82925	50737	70942	50830	63915	63268		1538585	1344283	1302389	1209744	1607174	1203954	1172329	1196972	1302515	1346062	
0.1158	0.2092	0.757		52700	54607	52201	54814	62979	53219	54393	54819	54263	60637		1138936	1193793	1234795	1343326	1056778	1282454	1413554	1200720	1132417	1235255	
0.9068	0.8012	0.1895		94580	74419	74457	66666	72786	71665	67221	97448	75383	64310		1369416	1339957	1150143	1489168	1303036	1210134	1180593	1596337	1430656	1200289	
0.5565	0.3673	0.2498		55267	97608	54771	61822	65308	56441	56176	65723	73661	55875		1131191	1323094	1324677	1352907	1139694	1477697	1214678	1560865	1415698	1165402	
0.2695	0.5499	0.3541		42330	61693	59689	56942	50857	49126	53751	83814	62381	53923		1034635	1219497	1221383	1273113	1201300	1167177	1454762	1722442	1393516	1173925	
0.188	0.6525	0.6189		94187	57994	71113	49140	50662	75927	51202	59045	60484	59038		1223587	1226871	1276686	1183522	1096785	1134303	1076472	1219753	1273515	1229189	
0.7921	0.8006	0.9918		147048	88364	96204	99852	112582	88143	69287	68396	88570	78345		1414110	1506769	1331300	1406187	1619713	1172165	1314623	1226984	1675960	1259028	
0.7716	0.814	0.4469		70096	101180	70629	69541	80907	74475	57176	79747	69605	66846		1558214	1615791	1155054	1491213	1542730	1447647	1129499	1190487	1396782	1340046	
0.484	0.4714	0.2427		61798	63681	56479	52286	89459	57218	52095	56719	58206	55346		1399686	1209788	1126390	1125928	1355075	1358087	1267938	1231141	1290972	1422562	
0.8959	0.8145	0.564		70131	59528	73955	71401	82732	76698	77084	77259	76001	84649		1346769	998334	1138368	1404173	1665706	1473348	1263265	1295967	1472214	1682381	
0.6582	0.3674	0.4117		55006	61066	62082	74720	61551	65322	73431	82735	69690	67415		1137850	1484489	1245930	1306943	1460104	1474906	1639441	1239086	1379257	1504774	
0.5694	0.7562	0.1087		59992	65441	85779	58068	78522	60896	63681	60438	56003	56884		1524159	1355639	1191493	1529302	1408363	1212030	1330987	1307892	1422129	1260575	
0.1995	0.9447	0.4375		60463	61030	61573	58944	58861	94434	48981	65344	63305	64838		1511658	1344118	1421875	1476314	1518376	1544557	1306692	1167958	1221156	1513785	
0.1187	0.6684	0.0702		90710	51485	39838	49382	50725	50247	49007	43228	61581	49461		1602848	1398507	1496397	1425507	1554454	1183319	1599832	1232813	1407492	1555600	
0.9338	0.2199	0.714		67834	71691	84228	64535	59158	64844	59133	67315	70831	75718		1190416	1229615	1242065	1232595	1185005	1132786	1179368	1185202	1285036	1230257	
0.7941	0.2961	0.4852		62016	78188	88966	68521	63891	74471	104186	63309	67896	63908		1154747	1143451	1253770	1538643	1291327	1398804	1453214	1219716	1559495	1356130	
0.3645	0.385	0.9122		59788	64345	72608	59384	64048	70179	93893	93393	61271	108850		1189268	1281233	1315989	1242300	1184541	1247302	1328805	1256218	1196771	1522052	
0.3456	0.665	0.8715		98235	68221	65149	89034	61570	78254	63362	64933	64359	65495		1448025	1299243	1213129	1218223	1248001	1413173	1194136	1220996	1266193	1366730	
0.7632	0.8636	0.4022		95199	69275	111976	75570	88759	79006	80693	92325	71115	71413		1336714	1283485	1303844	1425012	1518387	1409757	1215709	1462744	1151608	1205082	
0.1138	0.2891	0.9991		115382	54906	68046	43272	61750	57189	60132	73868	54586	52527		1269769	1229795	1454007	1148133	1135007	1402118	1525767	1529742	1408587	1421989	
0.0525	0.7567	0.9416		48929	59047	59293	67028	64335	61286	71001	63195	84186	50683		999969	1286271	1213259	1475254	1156337	1379642	1314672	1271749	1224265	1331714	
0.1699	0.9347	0.8263		94333	89731	77001	77453	74498	90826	71762	75074	59346	62306		1499297	1418854	1493487	1404981	1434008	1435838	1476822	1360896	1107415	1589271	
0.48	0.2559	0.3656		52320	46524	54558	58687	94841	65629	67739	60025	71920	70385		1249075	1086674	1205682	1168091	1396832	1366563	1227163	1646477	2038869	1746368	
0.2123	0.877	0.923		67340	65426	69621	66757	74735	59990	69433	86504	81021	73743		1294893	1276703	1501930	1235376	1402476	1217879	1460595	1457643	1660098	1158470	
0.1585	0.1069	0.2558		75322	43603	45063	39973	45526	42653	42271	42845	52284	36998		1269442	1457755	1480546	1143830	1124098	1275596	1027651	1365157	1475513	1141477	
0.5269	0.3112	0.705		114456	50267	61804	86474	96703	85207	50242	90458	77698	59562		1312704	1149556	1243769	1376119	1703985	1392282	1318210	1453563	1498316	1333466	
0.846	0.2	0.4185		60580	50775	56444	106017	73988	50315	50645	54452	50898	93618		1180824	1507554	1277093	1334636	1479447	1229642	1099217	1010505	942363	1231872	
0.9202	0.1147	0.6321		75906	79869	83569	91520	70440	64912	72690	52652	62261	62819		1445585	1439801	1240663	1395763	1488584	1455186	1317260	1361613	1242646	1174262	
0.7796	0.5195	0.1221		86169	73328	59103	100624	82610	50886	70089	53327	70688	67039		1215832	1355571	1227083	1308624	1219664	1092854	1186291	1048871	1239741	1639861	
0.9423	0.1282	0.9705		75711	73865	72543	70213	65786	65810	74081	93934	75723	88221		1567926	1532032	1323442	1246209	1276025	1138063	1588979	1402960	1321609	1435380	
0.8289	0.078	0.1539		67519	64466	58371	60546	44941	62566	63779	56447	73545	57742		1560364	1259531	1305435	1428607	1185062	1155246	1248866	1451891	1391698	1347164	
0.4007	0.4674	0.6651		82230	60738	59855	65957	90211	72895	56650	124951	66356	57875		1345932	1351194	1189662	1297993	1439880	1397877	1278761	1348651	1378398	1337930	
0.746	0.2531	0.3988		60102	51890	57894	93191	57308	57974	58298	56499	53326	63692		1265566	1247596	1343457	1571296	1488113	1239467	1478716	1333202	1197639	1192401	
0.0668	0.9379	0.6253		124538	73176	58504	50616	87459	59587	64514	60529	59575	75204		1306949	1519985	1455527	1108759	1412786	1395717	1351579	1401681	1406662	1162418	
0.9519	0.6286	0.1651		97404	55806	67473	64584	98376	74908	68525	53524	73754	69583		1628415	1520555	1036091	1157582	1301746	1147744	1187649	1016139	1015267	1194179	
0.4662	0.4867	0.9066		63708	61981	70462	77185	65722	98755	72858	81572	76358	68134		1519046	1450502	1592417	1319722	1277860	1332519	1433732	1611868	1507677	1466925	
0.1297	0.0873	0.1893		49344	45349	44886	40204	44814	47909	44746	45092	49117	44927		1300778	1166255	1139395	1106798	1136641	1159603	1113955	998084	1228687	1440573	
0.2867	0.2954	0.498		46352	45303	55089	44456	43123	57028	51122	53585	54717	65140		986823	1266028	1481662	1087812	1252016	1376377	1090856	1084594	1437751	1348380	
0.4143	0.86	0.3767		62295	76924	109089	72177	81354	76485	61996	61354	57644	64416		1277218	1663936	1393212	1391482	1182449	1409375	1217736	1247073	1269940	1351537	
0.7755	0.2657	0.1379		71012	53052	61447	51164	96722	63661	52019	46916	68123	72802		1513503	1208443	1230797	1194485	1296767	1643518	1316635	1254452	1490520	1347539	
0.546	0.5701	0.6283		71035	66408	100607	73407	65689	65024	58342	83701	73432	69361		1307265	1165421	1585649	1215919	1333833	1244922	1278876	1522949	1333619	1294480	
0.2576	0.0815	0.4323		50812	60571	88935	60839	59604	56439	76907	41681	57438	56833		1267302	1361840	1524794	1425119	1259037	1212067	1334365	1163689	1203358	1348433	
0.875	0.3523	0.2218		68904	70207	61610	70452	66957	63455	98229	70873	60129	85235		1327798	1481553	1283935	1171082	1440076	1262591	1544784	1507050	1243692	1258480	
0.6642	0.2269	0.9317		70696	61849	50949	64828	65804	67099	74297	75098	61564	63736		1252490	1304961	1494626	1233040	1479789	1290919	1210655	1376351	1328759	1451848	
0.5937	0.5232	0.8375		69343	79788	68601	66004	68695	77511	85619	71081	65826	66871		1218372	1221468	1131046	1112960	1183697	1342589	1424520	1230470	1258171	1458638	
0.7197	0.2706	0.6537		62860	68258	69492	76383	70711	58269	61833	58774	76872	96699		1445964	1531532	1365741	1567041	1632970	1373293	1227431	1216564	1568806	1225942	
0.4212	0.829	0.9231		76973	71203	67456	66356	68305	68702	67815	67966	76965	70159		1189380	1341030	1316510	1450779	1277556	1484207	1416882	1361339	1263304	1356687	
0.3211	0.5364	0.8788		64050	64524	64777	72407	74184	51601	87343	66679	61974	55697		1352129	1447525	1518295	1401031	1387603	1306954	1348836	1317928	1239748	1354244	
0.4359	0.1171	0.802		59733	58179	53487	61181	56216	54733	64100	66709	124138	88818		1390994	1547639	1563408	1398343	1675604	1293160	1344448	1558905	1701550	1755099	
0.2152	0.4303	0.5899		53007	67881	70071	47186	57389	58692	62240	62157	99700	56578		1625868	1651781	1590206	1267221	1123433	1394831	1326609	1430760	1528246	1675083	
0.9237	0.4113	0.8656		106217	61078	69403	76941	69116	81221	76854	67193	69580	73588		1704219	1306385	1169524	1217125	1303974	1388704	1449789	1450209	1306056	1220320	
0.3977	0.2163	0.4509		107206	47671	53771	45917	53240	56196	71091	68191	53704	45075		1397733	1402057	1478182	1183508	1031937	1109127	1467491	1145895	1128394	1101854	
0.9811	0.8214	0.3017		72290	171374	95761	94673	71943	73528	73607	70584	72676	81120		1184284	1499549	1262769	1276309	1355282	1254768	1336988	1090661	1645257	1511923	
0.9269	0.7996	0.3184		76200	74845	100233	67444	79929	106094	59861	75074	71517	105405		1409370	1380741	1665816	1469321	1290091	1774532	1281747	1203108	1311512	1603843	
0.9935	0.8325	0.1723		67527	67506	71178	80324	69113	113203	84329	75322	80866	78733		1541810	1459252	1221572	1312992	1471085	1178029	1380677	1353638	1249899	1437922	
0.238	0.673	0.6812		75537	60786	69402	66423	67287	55945	61404	60894	71624	66475		1516694	1443088	1266608	1132223	1562856	1225274	1216727	1509400	1320635	1259785	
0.8114	0.7934	0.5523		74268	75549	72754	80496	83246	82329	65629	66268	70150	68048		1458494	1220523	1174007	1648293	1727875	1606884	1169255	1259984	1333440	1583058	
0.1425	0.5893	0.397		52712	50654	49645	54756	51320	51797	51827	47903	51129	52022		1218969	1463353	1268388	1079629	1456014	1398144	1262686	1175466	1100746	1253055	
0.4984	0.2385	0.2509		61203	56872	64539	55309	56714	52711	55026	55193	59545	56922		1309248	1442459	1444321	1151599	1178950	1277601	1209133	1225520	1449093	1227492	
0.4452	0.074	0.0749		54289	54526	46209	84691	52088	52962	45229	54806	45000	71757		1624008	1348064	1275421	1433122	1352533	1211155	1096639	1214685	1134164	1282830	
0.4552	0.7382	0.7847		81346	66468	79028	69086	91135	67486	55345	89569	79449	80440		1384133	1398469	1569164	1409200	1449943	1191762	1181090	1460939	1280121	1383975	
0.5192	0.9514	0.0602		94169	79477	66393	68398	65226	59061	67844	75767	58662	86757		1714644	1265705	1422416	1253819	1320848	1197823	1367761	1466491	1442584	1384344	
0.8576	0.3676	0.6243		107253	85826	66623	70082	68833	74170	79331	68965	74284	75822		1306321	1149506	1263116	1456375	1321377	1309078	1220789	1345941	1184001	1185714	
0.1666	0.3697	0.6766		46138	61453	58939	95320	57162	56560	59927	63974	50381	52317		1288234	1417048	1309156	1538897	1439597	1241072	1434144	1319792	1429858	1371717	
0.3972	0.7601	0.2572		56088	57873	73406	60334	53989	55399	57137	63927	55387	55634		1169682	1284274	1278992	1315516	1373328	1229756	1463619	1569376	1280518	1461002	
0.988	0.2344	0.8333		89347	65267	66950	64099	82258	76259	56357	72328	76741	82482		1279177	1279280	1295409	1249654	1327594	1299835	1129011	1272087	1362006	1545770	
0.2799	0.6762	0.5193		59689	48601	67448	71128	60634	69710	71933	62263	82405	80044		1323656	1194916	1256940	1477492	1528562	1645239	1246713	1271785	1600845	1344129	
0.9487	0.8036	0.9892		169505	103102	91372	101691	84196	82253	107141	105003	56590	82333		1291741	1664690	1535746	1316502	1405184	1242242	1266143	1266368	1199891	1122590	
0.7637	0.4526	0.2206		90551	64032	58525	82815	57736	71509	105169	61897	64092	62125		1510343	1349909	1174048	1439868	1240220	1307526	1659306	1324513	1192995	1286715	
0.5258	0.0747	0.9084		59319	68095	50902	58944	68389	50219	60043	73624	91150	104540		1164146	1264825	1218082	1300541	1464018	1211697	1157861	1531526	1384547	1387343	
0.9572	0.2084	0.4903		63862	64102	69850	73066	76757	72589	65071	85069	75012	61201		1580566	1335386	1481669	1490676	1371310	1285871	1196764	1523944	1481064	1260757	
0.233	0.7513	0.4032		60691	55447	71685	72914	62698	89867	61430	57369	53619	55720		1488265	1334661	1407686	1277015	1417033	1594352	1287116	1384023	1395311	1214226	
0.2828	0.0616	0.2981		46976	54893	42365	44823	60798	37166	52732	38875	46497	49755		1289665	1102664	1147134	1007351	1318581	1165719	1201843	1167242	1243047	1178196	
0.3526	0.8924	0.1737		97004	64647	59216	52292	58120	62501	64400	68824	82328	81229		1344256	1223464	1326351	1291058	1245082	1268422	1551364	1400496	1172074	1298645	
0.8384	0.6756	0.5598		97679	82316	70407	63137	82747	75867	68592	83805	77080	75900		1319753	1322083	1200019	1190417	1278178	1191322	1201110	1404489	1306139	1335786	
0.3045	0.0556	0.1536		43168	42928	64233	48928	49004	84859	44183	49633	37691	43748		1367858	1407976	1326737	1436725	1204090	1407741	1523668	1216351	1380616	1107938	
0.3284	0.6408	0.1552		52026	55244	64115	59509	54829	61563	53092	53162	76517	58695		1432007	1271009	1332477	1567856	1261751	1178188	1228387	1263473	1384871	1173873	
0.0987	0.8082	0.5922		69381	109642	58545	83333	57810	58604	66727	73338	64905	58902		1614174	1419845	1684212	1699142	1369729	1341950	1299835	1255560	1126039	1227103	
0.4246	0.9802	0.8185		61874	89548	94386	82270	60963	97023	83387	69512	69908	56681		1154921	1452984	1655922	1627740	1297845	1307825	1337453	1182241	1349925	1206193	
0.3477	0.47	0.9611		64311	50202	69750	61694	64279	58847	69537	62316	74876	67345		1199032	1101468	1340181	1342193	1385388	1208187	1317980	1384980	1410225	1346074	
0.862	0.2633	0.1335		72388	58520	78227	57198	45974	55318	70373	63822	45441	55944		1529576	1406299	1379753	1216785	1323241	1404650	1264144	1261380	1079378	1201694	
0.4569	0.3973	0.2642		53478	54128	76146	62894	53169	62048	70480	44497	42223	91501		1462652	1282045	1472576	1166079	1162284	1376385	1198282	1038390	918529	1399201	
0.7372	0.2924	0.9058		64146	87932	74342	70767	76372	87537	84570	105730	80151	68618		1167807	1161363	1110730	1194403	1255026	1341565	1471569	1497218	1335913	1384224	
0.8852	0.5033	0.9266		163676	76594	75359	90360	77993	95184	62432	77383	61639	81411		1356712	1451871	1595586	1367404	1223328	1189732	1021755	1220013	1169244	1445061	
0.1774	0.304	0.6228		92536	82542	41828	54310	79224	50860	51855	74443	55912	64294		1317339	1612558	1514345	1262100	1573785	1427775	1190636	1555829	1426666	1450035	
0.3419	0.1458	0.31		83588	40759	47725	72158	52109	53625	58452	52897	52792	50954		1350167	1280234	1164734	1243199	1616687	1391025	1113431	1412544	1519880	1459120	
0.4441	0.4905	0.3544		67899	67389	62043	49182	59038	63417	54910	56589	64134	58710		1353961	1258151	1329310	1291534	1186469	1415814	1076226	1127847	1333428	1152171	
0.3981	0.5567	0.5456		56742	58800	107390	64660	62089	72861	63910	69588	60135	53294		1072980	1184703	1381575	1478454	1373530	1239945	1647188	1341713	1331641	1435256	
0.73	0.9586	0.5599		121533	74388	77445	72572	74319	70625	86118	67984	70576	64460		1336923	1565908	1352626	1642832	1269440	1425856	1296965	1123085	1328602	1157404	
0.998	0.0602	0.8103		76935	74830	76169	56839	59334	60273	65637	68596	69780	61131		1424907	1629351	1341143	1154200	1342169	1220745	1349879	1302365	1575323	1388035	
0.7807	0.8644	0.4425		100154	104916	60177	79704	63712	68858	107816	88394	70745	70519		1705002	1182623	1133826	1332766	1214270	993990	1655036	1491643	1239685	1188486	
0.7701	0.7083	0.1352		70241	67091	62478	61837	70640	78208	73050	66745	58633	51686		1301239	1200159	1365214	1192913	1204074	1182318	1490230	1241801	1171453	1415802	
0.7159	0.5632	0.3654		78460	67136	61850	86890	83694	53524	84617	65582	96612	68845		1291458	1209159	1222204	1449333	1451839	1280889	1455959	1415299	1316640	1381711	
0.7129	0.1044	0.9908		72485	59786	52978	68460	65938	57496	60129	58449	59738	91662		1232446	1539037	1362970	1199417	1241891	1154807	1125947	1113924	1096280	1213217	
0.3221	0.7738	0.8617		81985	59427	71151	61944	61232	67357	99293	64164	66241	99275		1367794	1259346	1313797	1460086	1389649	1663787	1609174	1679155	1555196	1732477	
0.4047	0.8172	0.8376		70104	67794	91338	78147	60079	64563	70972	54489	110223	76475		1146024	1503951	1573671	1406153	1291120	1269130	1347454	1042502	1674599	1567859	
0.9206	0.4419	0.2581		64811	109570	66240	62548	82335	60522	67188	79632	73908	75418		1407411	1397334	1353538	1231892	1355609	1350449	1218815	1396767	1637612	1641004	
0.9619	0.3935	0.213		109771	60596	59861	64153	60640	63261	82572	59156	60540	60588		1393855	1196453	1129336	1159257	1147582	1173911	1283060	1158910	1117837	1134724	
0.277	0.9928	0.5673		110331	76423	58781	74709	69832	63773	73066	68886	66991	62553		1428381	1626157	1425431	1471818	1392350	1298274	1323122	1322168	1345493	1270250	
0.8	0.6251	0.641		66661	76026	80556	72906	77078	68089	75647	80226	62344	66694		1237259	1340695	1248988	1307451	1322589	1440912	1177807	1345050	1251261	1205735	
0.155	0.0614	0.6524		48745	46717	49854	67211	56185	48081	48210	56574	50399	48369		1077330	961513	1481702	1339071	1297837	1480534	1195892	1263376	1392768	1292471	
0.4989	0.3668	0.3046		45564	60416	79828	75067	57253	57486	45284	62860	55376	63919		1257154	1587088	1263816	1490177	1366534	1389051	1147614	1151488	1289334	1495130	
0.8692	0.1328	0.8771		93080	60893	62383	58207	69334	74399	54411	60739	71863	54686		1682842	1359956	1355432	1176102	1233344	1308675	1152120	1358910	1488974	1136193	
0.3912	0.9804	0.1515		66322	49743	52435	50816	94251	64399	60514	70553	59944	68179		1242230	1070975	1537162	1235293	1315973	1595254	1439296	1417414	1579799	1436313	
0.9494	0.4861	0.7051		74460	71777	71995	73585	76048	79209	88700	72631	71856	74537		1180143	1261520	1320892	1202082	1255964	1250322	1236954	1245270	1154285	1244813	
0.6874	0.2211	0.6163		77390	62601	68329	68427	68960	62443	61534	66947	55020	60635		1440893	1372017	1682881	1374736	1278447	1357121	1306176	1604330	1402339	1093163	
0.4929	0.704	0.6047		65557	64957	62738	62523	59113	65950	100320	77704	54517	95228		1456142	1226513	1531439	1250923	1285832	1298209	1675607	1710681	1143714	1287423	
0.5818	0.7812	0.4485		56899	117046	73261	68342	98345	63532	64073	56176	56933	107618		1235364	1208653	1427873	1473816	1580565	1251983	1494573	1044736	1230179	1760968	
0.3815	0.1736	0.8879		132828	64217	58074	61296	79273	69850	59449	63876	58168	99953		1263402	1402944	1280436	1217736	1218921	1367839	1352013	1292572	1270493	1310176	
0.7137	0.2161	0.0729		59472	64378	95450	71362	58091	67547	74648	82674	56070	55305		1456578	1621215	1615481	1466091	1356977	1562017	1391274	1345820	1317061	1231823	
0.4752	0.5181	0.6492		78562	96013	53774	55003	74853	65610	71861	83904	86798	64304		1361365	1434575	1147066	1379713	1269180	1416151	1570642	1316385	1388141	1328587	
0.8516	0.2358	0.8547		79118	92769	67504	99721	73395	57057	73733	85265	76495	68484		1648734	1407390	1254168	1774193	1322886	1082613	1108361	1581124	1494420	1223778	
0.4384	0.5078	0.5436		104757	86661	72697	76612	84890	62416	75830	65947	54619	76531		1497176	1572650	1494327	1366709	1308000	1252844	1727823	1350289	1059883	1166788	
0.7439	0.3235	0.8419		100156	68521	76786	68447	71689	55901	65576	72474	86166	57275		1298198	1344001	1637850	1378740	1463556	1280592	1604312	1500399	1471946	1565764	
0.2277	0.7538	0.7621		58306	70472	65444	51593	49644	60916	85412	61201	76289	70976		1245102	1303522	1258004	1051658	1192284	1159594	1384794	1279747	1410543	1499886	
0.72	0.2467	0.4186		71847	62801	62853	71278	70880	86479	63785	67957	59266	49932		1482132	1514405	1250445	1331187	1159493	1375005	1345743	1127963	1264568	1163971	
0.8242	0.3126	0.2293		56153	65154	58498	65069	59364	69892	56511	64173	57958	65419		1157604	1239582	1090934	1288754	1305054	1393306	1327351	1273855	1247866	1393422	
0.3732	0.4053	0.6267		74738	55125	62137	56305	52388	55970	59285	62588	63382	56350		1653604	1386754	1438971	1462948	1331775	1462188	1425836	1335999	1347282	1364307	
0.9015	0.4974	0.9445		127191	75250	72912	110817	86450	81098	77482	81558	117003	82407		1591859	1496094	1292992	1647244	1529397	1116791	1234282	1498117	1553883	1308547	
0.978	0.3595	0.68		92981	73786	67261	63960	66016	92612	80245	70974	92959	84737		1469621	1324687	1326525	1235877	1407221	1220616	1503448	1253220	1486597	1163025	
0.7771	0.1109	0.8754		62701	77669	61999	50258	66726	85370	54079	50661	61449	60970		1286797	1406207	1607207	1524538	1154178	1426567	1174438	1034745	1072382	1351075	
0.6363	0.7072	0.1728		53063	101337	68871	57836	58908	62133	95092	61978	58744	60032		1156887	1543214	1480259	1158102	1218484	1128701	1468829	1508685	1372983	1411562	
0.8192	0.8556	0.7419		74917	88436	118868	71247	98184	71966	114157	79459	81125	69099		1477590	1594131	1534854	1266563	1284792	1316956	1597714	1474568	1335182	1282539	
0.9198	0.8415	0.4515		67632	71461	61853	60587	78922	78241	68877	67099	93878	73501		1266556	1285386	1171602	1317954	1503620	1493851	1176415	1273417	1301368	1282213	
0.0835	0.4154	0.9499		87126	53306	56916	58509	66030	53786	55495	69972	62414	58585		1666239	1267693	1202499	1058932	1239584	1206156	1209218	1532331	1439158	1374959	
0.2484	0.5847	0.6469		57457	68372	64620	54575	71604	84103	57009	56848	75688	65368		1359168	1160421	1545413	1196987	1267824	1574726	1321652	1275920	1471841	1453799	
