24	25	
0.368	0.1443		29150	23116	19642	23323	25913	28747	18616	28187	20924	29162		1533076	1530509	1369030	1388400	1339147	1745137	1258934	1423836	1387569	1395416	
0.6799	0.1428		25116	18864	22890	24629	25776	26009	19108	32982	21129	17856		1434165	1179019	1314522	1338167	1212980	1332560	1017751	1349641	1056406	1110653	
0.2836	0.8558		27638	22666	35112	24139	38938	24544	34483	21933	22959	25502		1290031	1308338	1466986	1229933	1517916	1381132	1431512	1283545	1117407	1366898	
0.1661	0.7881		26709	38369	22350	33192	24374	23380	25767	24073	19670	24037		1410058	1410203	1372097	1722283	1405343	1334753	1378350	1281074	1222992	1227886	
0.8286	0.5655		44029	29748	28492	43547	42061	32867	42584	33576	32213	37567		1423223	1384706	1276589	1608933	1584681	1509267	1679538	1318437	1343222	1639462	
0.4782	0.8961		28213	41177	33641	33164	30572	32579	31053	41878	30397	30197		1236324	1370966	1384147	1312603	1243600	1474567	1294589	1607957	1207898	1290396	
0.0583	0.4296		18630	26815	21276	26389	28576	17940	24205	20197	28019	16070		1463915	1693551	1449923	1538380	1588419	1203219	1436459	1551093	1572320	1125148	
0.3357	0.8947		23540	22554	29850	24992	23235	25761	28664	27089	39160	26214		1025715	981458	1197574	1006778	979827	1043558	1150074	1184003	1103440	1108094	
0.8936	0.4877		36988	28759	30945	28860	31865	31976	31180	30455	31379	44898		1375815	1116685	1104778	1258597	1326663	1257394	1305730	1217071	1300129	1526727	
0.2245	0.7087		49842	24741	23420	25744	34137	27222	32153	22203	28124	27793		1380227	1159570	1192722	1239160	1418953	1287729	1368384	1273277	1237622	1376987	
0.642	0.2954		33124	34461	32374	31093	36241	32329	37701	21485	32539	32532		1538640	1500307	1391326	1532881	1382852	1331947	1508098	1267466	1461092	1551824	
0.7153	0.9363		36694	39283	45930	36652	30640	44374	30383	36703	34627	43195		1284716	1228466	1417724	1042891	1021999	1386707	1039339	1222140	1178890	1294796	
0.1861	0.825		23973	34876	23438	26438	22946	31644	24283	35089	23121	26912		1537494	1527758	1238763	1403123	1249655	1481114	1396757	1408936	1257656	1328119	
0.3467	0.528		21128	32635	31404	21468	23882	28239	31121	24014	29191	21241		1408861	1487661	1480161	1119281	1337789	1059622	1251768	1298760	1428745	1340800	
0.1661	0.2443		16925	27213	19852	24812	19551	15137	19348	17165	19617	19318		1172825	1489985	1295905	1501560	1499670	1001344	1329540	1212321	1282666	1234657	
0.2628	0.4572		21908	22440	20545	25149	25222	16639	24291	22654	23790	20205		1572642	1252963	1341823	1278628	1529205	1175780	1380629	1378501	1452988	1280951	
0.2694	0.8829		35680	36168	27092	25617	26286	27678	26865	28221	28640	23900		1592699	1593513	1368556	1361463	1467895	1393794	1467570	1315438	1371535	1220347	
0.4489	0.8734		43128	33159	27528	27377	31985	28917	29912	37892	42184	26606		1421068	1234699	1106506	1180439	1319991	1289896	1153749	1475841	1504802	1056795	
0.4846	0.3421		21073	20001	21431	24005	34112	24444	22371	32952	27324	22156		1227905	1151843	1271591	1246264	1272912	1326977	1346595	1611657	1187727	1222618	
0.9792	0.1939		38823	28001	39437	28707	25752	38951	30879	40415	27763	38121		1669306	1338126	1511154	1362384	1447302	1478103	1283597	1321479	1380570	1506619	
0.0692	0.9618		33059	25174	31967	21899	30560	23304	24632	21198	22271	19463		1699277	1343429	1521942	1218614	1373284	1301467	1289106	1298005	1170950	1086457	
0.6941	0.1909		25718	34648	34358	26748	23338	22721	34278	25474	25594	36152		1444836	1475901	1347860	1235523	1179999	1244583	1386382	1195236	1278978	1315868	
0.8501	0.69		36307	35347	44113	33411	33433	34878	33405	45567	37959	35628		1220212	1270590	1570535	1368453	1187638	1126195	1214969	1353876	1302525	1288396	
0.6945	0.8566		33088	45075	44470	31937	35255	51304	29961	33861	36949	37084		1368134	1447885	1529857	1340088	1365637	1329870	1204881	1303858	1387535	1255074	
0.4052	0.5783		30149	28083	27209	33619	24489	21593	26925	23430	24206	37278		1505077	1530069	1281361	1765903	1191330	1076401	1237987	1219514	1148132	1480835	
0.2218	0.9895		27868	23101	45612	33390	37018	27776	45061	63013	51655	37660		1686585	1405331	2166333	1505240	1389539	1687508	1766446	2340638	1629677	1285272	
0.7086	0.2717		26967	24587	26362	33428	22767	20221	28365	22981	25612	37059		1450212	1252859	1345372	1571843	1217880	1088387	1226983	1161410	1577809	2008843	
0.6572	0.7758		63583	77678	82898	47363	42044	114127	30869	29364	94869	31267		2000551	2029084	2135702	2040048	2276354	2348513	1152771	1168165	2276820	1849542	
0.6921	0.4086		47359	26935	39439	22370	31959	40120	24677	25822	27973	28150		1848059	1466263	1390254	1395563	1508589	1456696	1372512	1361564	1289677	1463456	
0.7089	0.9177		44440	38063	33169	37214	39934	32148	47759	38040	37450	39979		1574879	1213972	1086098	1360759	1481064	1323508	1650511	1436826	1430651	1507554	
0.3652	0.7858		38352	30141	28197	31458	23075	28331	25384	24937	31978	26746		1441681	1317618	1283872	1433321	1063249	1290423	1225633	1211446	1267058	1189687	
0.1457	0.2302		27592	25862	18122	19139	22448	25049	16018	25357	15908	15113		1622857	1615218	1279156	1279476	1460286	1456546	1426748	1663170	1269773	1381923	
0.5359	0.3142		23593	33183	24787	33323	39974	33591	32897	23696	24787	22955		1578767	1676972	1349588	1423390	1625292	1689303	1645174	1426749	1507784	1247505	
0.8689	0.8528		100993	47429	33531	38948	36327	40654	38962	33635	50397	42980		2126776	1571849	1121177	1442886	1618960	1529470	1537678	1331730	1558591	1488088	
0.4971	0.8253		31062	59781	28785	40512	36244	56285	28485	29245	27224	38699		1364980	1880741	2243332	2435938	1400833	2439309	1858646	1503621	1371533	1429283	
0.7788	0.5709		43572	31809	27460	27282	33720	31348	33131	63156	30850	76201		1743620	1649146	1235829	2019303	1636856	1647762	1458746	1587838	1482317	2618985	
0.8426	0.3398		25199	42698	27945	26740	32733	21969	23657	33884	35205	24987		1487118	1758868	1365081	1148673	1036024	1014002	1226603	1217447	1526497	1254923	
0.931	0.4411		30266	29972	33082	27436	26085	29753	31560	45416	37868	41587		1259225	1250955	1322749	1249534	994822	1207348	1230820	1302980	1492268	1346983	
0.4822	0.819		38168	30133	35565	31955	28100	40368	33265	25145	29762	38593		1665559	1312134	1402958	1453637	1268801	1296437	1199008	1040584	1243466	1486101	
0.0554	0.1857		23629	20544	76579	11820	21540	82467	22129	16767	14712	20716		1533154	1295736	2307714	1663044	1654471	1968997	1799027	1333044	1185015	1201365	
0.4495	0.5213		25279	33355	24854	24604	35032	26064	24241	27912	21368	34453		1571675	1366771	1385897	1365022	1519594	1308217	1245408	1328861	1130120	1537414	
0.9881	0.3431		32279	29526	27170	33068	38704	39876	30804	26928	25794	25074		1315760	1310102	1374947	1449745	1734703	2064621	1715767	1568059	1220204	1521052	
0.1153	0.578		21449	24276	21586	19529	16600	19489	29632	30086	23219	19287		1255886	1387913	1475574	1398833	1056714	1327334	1466874	1756056	1206776	1173320	
0.6726	0.8549		35488	39598	33552	35647	98528	62513	42366	88251	44609	43190		1278452	1859380	1519029	1282716	1743850	1572298	1509134	1481111	1532169	1191240	
0.4685	0.7298		42750	34507	28214	43623	47095	32096	26337	27258	29523	26008		1409874	1498271	1638383	1588360	1691869	1330306	1162483	1176831	1293354	1336490	
0.9486	0.9287		72736	58914	55727	40115	59195	47720	53060	38178	42490	41617		1750369	1498981	1706904	1203153	1393955	1357301	1815376	1156139	1328231	1503659	
0.0561	0.1096		11712	14481	21565	13809	18759	22257	17716	11299	16057	22326		1148770	1385537	1478412	1463417	1492844	1581014	1553024	1161323	1249524	1455840	
0.5171	0.5707		26462	32633	21704	30646	34169	28145	26846	35475	24909	26779		1283779	1449906	992675	1306428	1454035	1146816	1246033	1434843	1152779	1232355	
0.5312	0.1115		18505	21549	29651	23094	18808	30457	30227	21234	19796	31577		1161307	1309739	1226703	1268772	1345976	1512051	1373917	1257346	1434359	1404070	
0.593	0.1006		31078	29879	32360	22885	31120	32202	19526	20971	21102	24439		1498679	1396253	1450634	1445497	1578165	1415504	1111896	1140282	1192537	1180494	
0.3886	0.4942		23879	26706	32275	29545	33034	29898	22434	20200	45964	31277		1437264	1334808	1613285	1524782	1867609	1583174	1305368	1160028	1450212	1543913	
0.1867	0.1791		25667	19126	25328	16881	18985	25212	16809	15346	19400	17343		1452547	1357099	1382510	1103215	1269971	1454629	1262880	1072495	1195845	1261340	
0.8137	0.9306		49054	42552	35135	40576	40744	41877	41822	45140	39380	50645		1413592	1300732	1008951	1200381	1243001	1482056	1199707	1407131	1586859	1468147	
0.7503	0.1842		24832	23163	23027	24216	20924	32746	20922	32921	34724	24133		1201561	1267777	1395905	1175070	1183978	1322302	1087722	1266921	1540789	1357267	
0.8984	0.3563		47100	38974	31217	32616	28618	29272	29513	31590	25526	48244		1941457	1843329	1354319	1313872	1356027	1305936	1372281	1585393	1507966	1437163	
0.9777	0.9826		53767	53165	53478	82708	54546	52012	55136	49210	50196	55409		1902707	1769825	1743560	1499805	1409666	1787642	1341168	1495753	1380896	1281329	
0.985	0.5892		44918	65976	46453	34689	34769	35935	31856	31273	44833	42275		1392236	1612085	1812518	1374434	1343890	1461267	1106774	1081330	1428416	1502389	
0.2061	0.1498		21703	16404	21153	21906	16775	19423	18713	25804	20953	25650		1264654	1248023	1221778	1178705	1134518	1250568	1310551	1463750	1368242	1420037	
0.7106	0.3724		36089	39683	30476	21847	21995	36827	28062	39331	24699	21942		1498994	1386055	1262878	1237915	1182351	1526714	1325489	1587978	1333034	1038447	
0.8316	0.1394		20376	20953	28120	28126	35813	41716	31665	23490	21674	36379		1407128	1366709	1847360	1305916	1640835	2436793	1448858	1504609	1163975	1453678	
0.7784	0.6936		28687	33001	34006	37939	32979	32710	34305	36765	34437	34311		1355502	1385146	1347970	1331391	1405815	1404985	1638295	1345503	1284792	1341661	
0.1086	0.3927		27967	24445	22257	17243	17185	22933	29081	27297	17071	17736		1875285	1317360	1513921	1390835	1207137	1330383	1425691	1654460	1217084	1449658	
0.0525	0.6148		32328	18841	19495	28129	20581	20355	28934	29587	18086	28071		1764517	1366349	1210089	1308044	1361461	1294216	1363803	1657443	1438697	1568051	
0.9463	0.3074		26234	42125	33231	71697	25965	33925	29411	26451	28594	27095		1437179	1415086	1559099	1496462	1282939	1520677	1418437	1277369	1300765	1181202	
0.3924	0.1866		22909	17137	21811	23926	29208	23257	27851	30391	26447	25383		1349055	1130820	1534233	1631676	1631628	1367632	1750356	1538228	1591402	1462109	
0.3129	0.4909		31080	26107	34829	20049	32082	32086	20187	21995	23611	25560		1481528	1259573	1266360	1270963	1502862	1687123	1238965	1217829	1371763	1356628	
0.3243	0.7471		28502	28096	33754	32051	30080	31088	24967	24495	35235	22399		1407667	1468197	1390274	1446400	1388368	1315698	1237047	1332216	1520772	1056592	
0.8854	0.0735		33714	24906	19868	21994	33773	30150	29360	22033	26748	28442		1540881	1171933	1024152	1110056	1452129	1293283	1172271	1141937	1363535	1220105	
0.7799	0.081		21099	35854	26422	33096	29992	29725	21237	18646	21496	33433		1244495	1758526	1429489	1670385	1354092	1367149	1081894	1213765	1353774	1453163	
0.5397	0.2893		45810	26321	25884	18851	21370	26069	31028	22245	20787	31370		1590055	1253219	1282342	1069375	1151733	1374622	1515014	1329041	1243336	1550674	
0.3967	0.89		30304	31107	27015	27315	24387	29701	40160	40312	27353	27458		1315835	1246099	1089114	1129442	1300572	1319944	1421401	1460500	1178914	1157031	
0.8047	0.5453		41147	28647	38144	42263	28891	40791	39016	30514	39647	32817		1625675	1263572	1499208	1485516	1302041	1430200	1572544	1361414	1604183	1550470	
0.943	0.201		27710	27807	24815	37344	31374	26425	37797	26824	27406	37455		1291894	1199899	1172057	1251715	1250953	1111794	1359925	1246329	1207821	1405972	
0.9685	0.5852		35602	34609	35140	33270	36336	32013	31187	40828	36881	30935		1256078	1430639	1262835	1421266	1301252	1168627	1100542	1293761	1215687	1182996	
0.1973	0.7602		36900	35851	30083	38904	20237	34093	25296	25589	23081	22264		1639372	1421518	1299813	1268878	1223528	1321683	1282407	1253093	1220391	1243631	
0.1067	0.083		16195	15727	13084	31090	15795	12824	13238	15164	23024	17664		1350715	1304508	1080608	1215665	1206428	1062961	999413	1284132	1483956	1424789	
0.4814	0.3929		23042	23903	31494	31852	24183	34091	24822	24905	22021	34802		1405113	1345192	1437500	1295795	1359795	1353178	1260108	1211684	1223526	1552880	
0.0512	0.8271		23609	20823	18748	30352	32472	22397	31482	20475	30059	17552		1394827	1177038	992943	1301523	1561709	1460852	1425347	1236892	1407205	1113239	
0.8046	0.9588		33910	52493	37250	35245	46716	35882	38652	47532	43839	35685		1168468	1406356	1152980	1209863	1482872	1209481	1188932	1166130	1330428	1161180	
0.3703	0.4028		21250	17344	30561	31799	32809	25025	27621	23375	20127	19456		1252110	1272142	1381187	1429521	1369873	1115801	1426125	1140910	1047008	1039944	
0.4309	0.8462		31028	27799	24718	28036	40524	30086	38010	25368	35369	38494		1319388	1150725	1321192	1204772	1398548	1354924	1544722	1421493	1337200	1393934	
0.1736	0.2404		25210	25563	32504	21870	18445	16528	21620	30603	19309	22263		1427790	1501222	1527919	1339709	1351798	1274850	1417766	1596618	1076711	1233711	
0.55	0.7596		40091	33094	30637	36602	30747	33147	30320	27823	32285	38039		1509127	1533542	1376434	1518983	1424819	1273194	1182779	1424437	1412167	1423262	
0.0604	0.5678		17024	22227	20695	14842	25963	20546	25532	21830	19061	17109		1190247	1522036	1249053	1063759	1358348	1313274	1257826	1317802	1297048	1257313	
0.5713	0.7798		34730	37505	38671	31351	32192	33681	27490	33347	42974	45679		1648033	1539314	1497229	1394277	1401668	1287369	1273050	1378596	1424528	1721590	
0.7242	0.0525		20025	21049	25361	32832	30987	18025	24488	29197	29659	20145		1030667	1327177	1267895	1449105	1567294	1075837	1475547	1417809	1347079	1250461	
0.1992	0.7934		24588	31768	36601	23073	29134	33429	33749	35400	34298	23697		1262045	1353892	1611584	1273582	1335458	1523831	1507174	1497332	1416498	1177583	
0.39	0.7187		27146	38133	24663	25719	33366	27337	34188	35019	34062	34321		1233034	1385694	1183358	1179656	1390037	1354865	1537072	1602818	1517422	1353046	
0.6608	0.7699		29646	31562	40401	32317	47814	49335	42060	30295	33422	31679		1146053	1223342	1461487	1148579	1507992	1559421	1515691	1289329	1329847	1219759	
0.376	0.9833		38731	34767	43635	33405	28350	30993	40960	38007	30345	27085		1572717	1394299	1309472	1175132	1159593	1288908	1425261	1435961	1306385	1179859	
0.4839	0.5993		25821	22184	21457	23084	30629	33379	22105	33286	25215	25812		1315267	1149784	1026988	1057158	1331294	1480271	1100597	1364929	1276862	1268127	
0.5771	0.7346		28378	31568	43230	40492	27786	28305	40688	40818	28368	40289		1381500	1248956	1573265	1401017	1098052	1133086	1202855	1446158	1273643	1359458	
0.6882	0.7697		55879	31142	31823	33556	33100	32430	34678	44398	47749	41065		1386571	1332522	1303850	1250622	1370604	1206998	1329049	1539803	1321118	1404492	
0.8825	0.5509		36329	43881	43886	43047	35418	30249	43434	31368	26988	27421		1399053	1296482	1440058	1577475	1345623	1230419	1575342	1309106	1158757	1073393	
0.1271	0.6579		19945	30363	40325	28752	18897	21965	21247	30163	23496	17442		1443358	1637915	1714944	1459701	1131171	1252139	1156008	1311610	1176130	1088922	
0.4307	0.634		34937	38696	26539	35184	32838	25071	40112	24533	26667	29018		1708739	1361277	1339561	1578458	1518914	1262603	1545062	1255987	1248937	1151427	
0.3064	0.7049		33745	32083	22965	34203	32986	25805	20435	33760	24361	24923		1160381	1435568	1354648	1261308	1663780	1245387	1081991	1659704	1321284	1295170	
0.5509	0.4954		36316	24307	23312	22960	28164	25754	21182	25245	27604	21016		1503882	1253627	1285377	1239321	1297118	1269799	1146168	1239033	1259548	983930	
0.6557	0.097		21630	26968	22960	31890	23861	19746	30798	25787	30073	21731		1486168	1265016	1325081	1687645	1292338	1258438	1405846	1658067	1650161	1172730	
0.2059	0.229		15738	19542	22105	20255	33609	35996	16757	21467	16847	17167		1215101	1230891	1566929	1253440	1569211	1482045	1187157	1280082	1282094	1366889	
0.2978	0.8201		38651	27187	35962	43872	24388	38017	25522	24511	23415	24525		1533592	1331405	1551136	1360893	1149836	1453590	1325784	1169553	1291468	1189721	
0.3758	0.8314		26927	30623	36229	23391	37681	28847	35890	26462	37110	25392		1169095	1357552	1475702	1060064	1453065	1212045	1424013	1245488	1496964	1152645	
0.4444	0.7594		23258	32903	27755	23293	29722	29147	28690	30991	26785	31016		1212064	1355675	1226827	1047372	1119769	1274670	1238534	1396211	1212433	1267751	
0.0956	0.7845		17911	25712	18462	29086	20343	18659	25451	16414	26052	24438		1000451	1445105	1124001	1316450	1107899	1087149	1457518	847535	1130291	1173371	
0.7964	0.4669		30127	29739	37923	27387	35322	28203	30188	28713	40148	43538		1314002	1323420	1558654	1271608	1368021	1132628	1287415	1196976	1447221	1614064	
0.1296	0.7014		30830	21560	24212	22223	20087	22461	31054	28792	20597	23032		1245803	1070641	1259903	1242958	1161000	1219072	1578463	1224162	1169477	1248785	
0.5521	0.4717		25882	27645	31746	26840	18133	27469	26810	28608	29200	20846		1226479	1285204	1359491	1251155	1161808	1374709	1273755	1286232	1324128	1220455	
0.3632	0.1927		31311	29723	19752	27807	27909	18397	20662	18507	20662	20395		1483563	1670613	1288460	1465817	1454875	1221136	1185268	1190975	1272733	1438874	
0.3207	0.505		19287	19692	29373	21425	23719	30341	30320	29150	23484	31395		1026698	1181451	1268124	1166119	1214740	1485945	1486078	1294120	1223051	1451269	
0.1541	0.4241		20727	17264	25249	23815	18135	21928	24161	15941	29133	23238		1248135	1341839	1167923	1270660	1130361	1318357	1391577	1199466	1371063	1438476	
0.6193	0.6325		29736	47163	28841	47202	26233	27671	28492	29121	30493	32380		1347696	1527051	1214838	1492792	1302997	1202101	1106113	1143004	1202653	1165796	
0.2595	0.9619		36123	26808	25383	26413	25859	32238	27042	29536	37786	32642		1435773	1216221	1131681	1226698	1153939	1391871	1328625	1246797	1634051	1377402	
0.2154	0.6458		22424	32683	22268	26135	32692	37975	25005	20433	24061	22957		1213121	1622805	1263848	1265205	1633439	1448041	1287478	1203488	1268562	1286067	
0.9332	0.1955		25947	30936	22049	27463	27406	35428	36853	39624	26238	25182		1133294	1479411	1244637	1142426	1252674	1255178	1417825	1255357	1177662	1200437	
0.1397	0.6292		29710	22278	18887	18096	19510	26441	19985	22064	20385	24515		1456536	1425541	1222263	1191053	1135084	1385362	1240038	1384101	1260474	1305852	
0.7817	0.2527		22839	33497	33952	34816	24964	28057	25640	22770	25041	21029		1376572	1657147	1420675	1402005	1203030	1347302	1239424	1390315	1320381	1368859	
0.5664	0.1846		32040	21983	19403	29256	22152	23582	21751	23844	24310	21375		1633215	1184980	1147806	1313291	1195533	1224252	1454919	1238420	1335641	1288153	
0.5733	0.8183		27916	30003	31324	30601	29647	27576	39893	32346	35905	38879		1242607	1475066	1426633	1286611	1160448	1149159	1379964	1444231	1337532	1617323	
0.9965	0.7946		39627	37880	39152	35601	42027	41656	47058	38278	46792	36798		1461634	1295486	1281377	1215460	1403457	1359265	1428254	1318403	1355363	1370307	
0.6756	0.386		27146	27696	27846	26983	25566	35650	32747	35792	24436	35746		1305364	1246060	1295558	1324947	1285100	1542582	1421009	1520621	1244304	1596634	
0.1897	0.4977		27254	30274	34477	19908	28323	19550	24714	33362	23930	20352		1517539	1373372	1517332	1186214	1300495	1095151	1343505	1420478	1398013	1162049	
0.6743	0.3672		21096	26198	25855	21484	24797	26875	24086	24369	34327	24946		1229947	1541888	1295199	1093245	1272834	1334884	1304020	1294748	1439094	1245244	
0.0884	0.8762		24111	34085	24427	32074	21950	29469	24773	32439	23206	28455		1375035	1318516	1255842	1369181	1235332	1293586	1379798	1516662	1330028	1366734	
0.5193	0.2165		26895	20438	20717	21678	28256	24815	20048	21089	20061	22366		1621990	1286179	1178100	1238243	1260777	1279202	1273600	1286188	1189590	1076643	
0.5739	0.6337		30046	33990	37945	44948	36552	30674	31031	42997	27102	35050		1332332	1235916	1571155	1612777	1442939	1282473	1298974	1555736	1549095	1480663	
0.7988	0.4267		36573	32684	26377	31195	32314	34140	26310	28766	28063	23763		1264898	1403994	1114134	1339505	1280138	1312963	1146828	1285630	1094936	1067635	
0.4756	0.8518		28357	33230	38650	33948	37957	29122	28937	26623	29443	25335		1303201	1240613	1369502	1538237	1711976	1186544	1161040	1317092	1224083	1153366	
0.582	0.6793		31324	54755	25749	30669	36645	28880	27016	24905	29166	41174		1231563	1248929	1061534	1226046	1346676	1267331	1048234	1103583	1200699	1169093	
0.3603	0.3866		22298	30956	20341	19682	20126	21028	23281	20486	23377	25646		1411382	1594716	1109145	1117582	1246060	1207636	1292242	1275446	1624846	1456473	
0.3145	0.7063		33692	32012	35805	33414	25756	33647	23532	28091	28199	22874		1423734	1462291	1443933	1204850	1175865	1345519	1264180	1231383	1359562	1180588	
0.2133	0.5157		30540	31252	25808	19590	31446	27649	16788	23937	17542	17957		1644199	1609000	1202417	1259300	1500088	1466155	1131415	1275368	1168915	1041310	
0.3061	0.8911		26165	37374	35227	35050	27755	29147	29909	24352	29576	28655		1168597	1388783	1497726	1543464	1155980	1208623	1236069	1006124	1243801	1190832	
0.1415	0.5885		31455	20841	18985	21333	20343	19710	16957	19336	19350	25279		1226885	1226729	1169285	1058035	1083985	1232226	1290747	1285847	1200007	1297991	
0.8594	0.1829		24304	21584	36325	34494	25023	22864	40156	24371	23413	31926		1433740	1022568	1472944	1426299	1148793	1230654	1401263	1237886	1211564	1413809	
0.3511	0.7102		29929	32438	30674	27367	21672	25276	24694	25418	35937	27199		1439469	1416670	1507067	1248366	1003245	1151019	1343093	1367504	1709599	1264709	
0.5286	0.1067		28983	22044	30161	30029	28169	28980	32354	20999	32374	16438		1439150	1273627	1656841	1725776	1554340	1447261	1663166	1340498	1506843	1186348	
0.2649	0.6209		22540	22170	21666	32542	18971	32091	27501	32497	33170	23630		1389565	1215505	1240681	1556497	1149973	1575999	1458665	1418460	1609254	1396446	
0.5821	0.3504		23072	23210	26978	23256	25786	38944	25606	27625	38354	25990		1303241	1283692	1407417	1240540	1423214	1605581	1273550	1382764	1693723	1277887	
0.76	0.6332		42237	43056	34197	30479	30839	44711	42921	30731	34200	32536		1578545	1493936	1235655	1379240	1370444	1300250	1473083	1247857	1250621	1212563	
0.264	0.7601		33769	33701	32786	22901	20492	20920	29917	25250	22491	24736		1532708	1528504	1148056	1036010	1095479	1168577	1146909	1204627	1141537	1190412	
0.4351	0.3995		36111	24020	21445	19072	26930	25869	21180	21913	23236	23987		1676319	1334982	1196151	1225426	1291126	1387786	1098473	1209432	1365446	1301466	
0.1455	0.8789		21854	24356	33567	35892	23130	21713	22026	22495	37078	29877		1214330	1432642	1326491	1586228	1111799	1171283	1182933	1132471	1561095	1361006	
0.4014	0.9066		27663	37535	29628	37704	29686	26328	38680	38057	37031	28448		1494305	1498472	1170259	1315608	1281417	1343422	1408917	1416902	1331760	1216591	
0.4191	0.6283		34873	27324	25914	25835	25934	31201	34959	35351	24825	39450		1634595	1685434	1200580	1203369	1183422	1294793	1342730	1633417	1312124	1173700	
0.7004	0.4145		32169	38919	46292	31751	25648	29138	28575	22278	27540	39172		1481720	1551633	1259702	1362193	1063889	1171886	1213611	1189305	1206654	1550742	
0.5073	0.5976		36509	36846	30396	25288	27563	26331	22600	34630	25903	32848		1638587	1575054	1349117	1143478	1263533	1152642	1160195	1496125	1401868	1350167	
0.084	0.7466		30769	30694	31117	31349	22282	29876	30826	30905	23443	28866		1254466	1501697	1518714	1391822	1219341	1562988	1616721	1519205	1276954	1585244	
0.0793	0.435		20941	27291	20055	18475	20070	24593	27797	26882	21646	14967		1545821	1483869	1309411	1404490	1280097	1232499	1477524	1455735	1207859	1195340	
0.7526	0.5299		30708	40024	37156	25391	26389	26523	28600	28143	39417	30406		1503543	1423794	1558110	1214926	1215148	1273581	1256207	1339308	1471585	1309616	
0.9298	0.1945		22660	30980	35756	36976	27749	28697	36856	36791	36624	27885		1154434	1380783	1374881	1549734	1322986	1269251	1422625	1684081	1524673	1323586	
0.953	0.4672		33004	43622	29449	31953	44631	32579	41522	35406	28745	29768		1418512	1538424	1397705	1309816	1515604	1270394	1549979	1367090	1196309	1196081	
0.1012	0.4302		26796	24100	19219	18785	22964	18905	19964	19172	26199	29793		1521651	1362166	1267082	1143238	1238001	1105691	1224298	1249002	1572611	1329292	
0.98	0.3183		27985	42650	29695	27313	27343	33494	36009	28095	26831	40008		1216399	1704428	1241269	1280341	1247600	1285763	1317788	1272569	1238773	1361651	
0.3795	0.7727		26271	26284	36361	22908	35493	36218	26995	35218	28348	32452		1327972	1288504	1527501	1203089	1474722	1513654	1303083	1398627	1413911	1463296	
0.1478	0.6884		21158	29938	20984	30374	27953	20083	22672	24898	24279	20820		1408626	1526871	1212840	1633246	1517366	1065096	1349507	1463161	1334395	1183264	
0.9979	0.3709		39380	28488	39636	33071	31792	30520	40863	33916	31566	30568		1743514	1332902	1543065	1326043	1503863	1400860	1541520	1279505	1311585	1537182	
0.5822	0.8858		45375	42754	43049	39574	35915	40160	34125	29712	30506	32133		1535656	1426236	1423428	1251327	1363258	1364093	1328297	1254730	1074375	1186063	
0.6728	0.3248		23487	26505	24615	26152	23222	25480	25138	25872	29505	28790		1178053	1227712	1130405	1115918	1121928	1190635	1289211	1195917	1316653	1307222	
0.6862	0.6134		28994	31460	28696	27912	30201	29556	40448	29132	30714	38244		1234532	1495566	1194414	1124591	1213889	1161040	1527530	1222390	1247322	1406499	
0.0899	0.3069		15201	19494	18169	19587	19042	19826	14584	29013	25246	18455		1383174	1213650	1233399	1226141	1588769	1332039	1196554	1642677	1651199	1550673	
0.1415	0.4551		20303	17570	28608	22926	17922	18006	18744	17521	27347	17188		1400690	1327162	1485861	1225916	1134443	1288429	1138428	1159993	1374469	1330277	
0.6513	0.3111		32605	30500	23474	24449	27557	25294	20729	27704	24386	35187		1510943	1652060	1282132	1199334	1212608	1268295	1139037	1237510	1144543	1502276	
0.2243	0.4563		22821	23639	28376	22661	31003	22247	30655	35996	31927	31363		1386890	1493534	1518183	1348765	1570571	1280048	1651809	1607028	1631128	1632611	
0.3204	0.9232		40035	36187	36381	52690	44200	29400	31262	27485	27011	24015		1480422	1545371	1484229	1787198	1679450	1374345	1298587	1272749	1160556	1176763	
0.2379	0.4		27477	29951	20949	19484	21200	20688	19196	29520	22916	20659		1284903	1498638	1286007	1290297	1254640	1182296	1157722	1493835	1444287	1323285	
0.5499	0.4225		26565	27508	23825	27983	39008	33356	23085	20455	26598	27912		1358913	1325385	1172669	1337177	1512739	1487609	1241417	1364404	1279306	1224484	
0.5232	0.9329		33610	29453	41649	34482	42193	43660	38031	30553	33220	34265		1397030	1445522	1556034	1413905	1606498	1689708	1414892	1583028	1370751	1508388	
0.7283	0.5157		31830	26205	36566	28639	26139	38443	29073	23581	28685	34097		1525103	1159226	1411354	1198630	1145438	1337646	1183702	1122404	1180141	1496478	
0.9526	0.825		32849	36588	45173	42420	48629	53269	37682	46227	43170	61486		1243597	1271334	1357120	1392073	1657684	1453767	1386426	1491036	1263217	1400549	
0.538	0.7113		26850	43470	38436	31736	29910	41097	28697	37805	29892	43573		1322808	1480207	1391722	1367292	1250465	1345361	1509840	1477652	1324329	1581468	
0.5684	0.607		43560	29804	44943	30523	28948	33473	27589	28287	35952	24856		1432016	1460020	1625971	1492562	1343717	1450800	1379546	1424930	1263293	1054923	
0.6547	0.8622		35337	46173	36340	40542	37250	41311	37383	34179	33707	36527		1473150	1460019	1289194	1402263	1267972	1503112	1438978	1280262	1263689	1301629	
0.5116	0.2165		22652	20390	29438	26245	19681	29438	24668	30262	20997	19365		1291681	1274148	1404405	1263603	1129138	1421243	1274907	1466930	1110407	1122007	
0.2357	0.9721		23328	23480	25984	30936	27270	26096	36119	30574	23986	23106		1144362	1098468	1213366	1386862	1217311	1194819	1639506	1354777	1015683	1094936	
0.931	0.4538		31350	30079	39260	33925	40994	42271	28873	28471	34371	28893		1472345	1398646	1348063	1220734	1594464	1584458	1312929	1255678	1231822	1300035	
0.8775	0.8113		38147	36739	33681	35931	45277	46517	42773	38708	36993	39749		1225817	1351852	1336139	1323982	1361783	1419799	1284480	1304500	1262119	1315703	
0.9079	0.1991		26913	35150	36733	29005	29363	32100	35419	37263	28144	37266		1437243	1570434	1540372	1427820	1228316	1428883	1659425	1242506	1358494	1534320	
0.8504	0.9573		37941	38379	38015	34517	43804	36985	39770	42197	48859	48898		1299131	1283303	1241948	1203959	1369159	1252282	1344325	1546969	1508143	1626045	
0.1972	0.1763		19486	16422	14099	17058	25485	17566	15560	23535	23563	25866		1253222	1081461	985048	1154221	1434173	1033603	926480	1255055	1239841	1583143	
0.2946	0.0521		15020	15387	14654	16211	16282	16594	26812	26318	21399	26308		1159085	1336723	1204624	1105970	1107882	1242281	1437098	1392951	1220260	1278850	
0.7969	0.1061		33160	33221	24782	24456	23329	25773	25014	22482	19353	22254		1584980	1704314	1378599	1376407	1228590	1272811	1247628	1221533	1124816	1196512	
0.8806	0.7787		44356	42657	44278	33525	33485	35607	33942	45711	31247	35478		1658758	1438143	1503542	1265032	1128962	1204316	1170417	1442213	1190765	1118822	
0.1253	0.6176		17427	21794	26428	21757	29852	18930	23237	26746	20241	18526		1258022	1336488	1360165	1317610	1291326	1363128	1257891	1210204	1132219	1295537	
0.0875	0.7443		30845	43503	22717	31702	21614	29063	31277	29442	22890	22779		1413151	1630478	1210715	1445572	1220654	1380778	1474366	1343907	1227231	1356324	
0.5194	0.2784		32461	29685	21119	18159	24084	21704	20550	20334	20814	30105		1418872	1388705	1161630	1134220	1329589	1292596	1233783	1089061	1147512	1388237	
0.1533	0.2524		25628	17753	25850	18199	22774	24187	18400	25340	23533	25898		1727282	1219324	1495135	1310522	1510600	1508640	1341528	1550589	1407223	1576649	
0.7544	0.7003		28267	35603	31366	31059	38919	47499	42678	38796	42130	36139		1329461	1287939	1246283	1359247	1462262	1309845	1395079	1436539	1562896	1346053	
0.2234	0.589		35704	24946	25611	37766	23816	30938	37213	20818	28999	20841		1619710	1284270	1424328	1572616	1374435	1578085	1443655	1273178	1374691	1185932	
0.2022	0.6148		29575	21412	18499	33404	18609	21780	20875	29162	28815	30029		1355100	1250660	967181	1246742	1164385	1103045	1141962	1250425	1320570	1469165	
0.4107	0.4484		23522	31743	27606	24733	23016	35475	25129	19371	34936	21519		1610450	1550820	1383148	1291907	1385966	1298429	1546919	1273173	1539507	1397043	
0.7236	0.6646		42612	32346	28699	33608	28780	30591	41713	34423	29751	37631		1315727	1304600	1013916	1266132	1162389	1106336	1351229	1266671	1155101	1299232	
0.8803	0.3563		30756	26430	33853	28981	39247	34162	46286	36448	26487	28518		1234307	1152133	1256479	1220149	1388063	1203439	1469442	1340306	1126653	1261920	
0.6505	0.5457		48773	30195	31017	32485	44876	30585	38097	29352	26966	27655		1577889	1255221	1412653	1352282	1564795	1335782	1653072	1226869	1238372	1257456	
0.3865	0.3104		22141	22432	21485	22582	25036	23524	20653	22639	29017	21301		1509591	1381217	1346791	1342385	1376166	1342737	1431693	1265491	1454151	1547865	
0.9676	0.9178		40468	51475	51211	36780	49196	38085	41712	51237	42007	52509		1427530	1484969	1370306	1249198	1354221	1279231	1233960	1419091	1251041	1441778	
0.3099	0.7797		26623	24318	27424	36597	30187	27558	37489	25024	46350	24632		1351657	1438335	1354386	1486884	1290175	1372427	1573530	1106195	1244223	1275483	
0.1559	0.4071		19520	17731	17320	17573	20746	21823	16852	28084	18169	23303		1316120	1350023	1186046	1208619	1237788	1361344	1409379	1555780	1344859	1286390	
0.6233	0.9495		34272	42140	42151	38420	29791	31435	43203	36814	37968	33782		1238493	1618931	1470727	1208023	1039896	1342712	1498513	1324411	1290220	1262377	
0.7427	0.2751		22838	24053	24640	23795	35973	35629	36105	29488	24161	33063		1394105	1504551	1332737	1233697	1640836	1541811	1707796	1257170	1246335	1480818	
0.3025	0.5612		32622	32331	31084	21234	28510	29881	30138	36576	21907	21088		1511986	1478595	1539036	1171149	1373324	1415316	1313508	1591658	1159095	1079426	
0.7312	0.1991		23458	34620	21831	32167	32714	24939	22483	22597	26471	23329		1204739	1266776	1241336	1282207	1656763	1157695	1179928	1219566	1198917	1164830	
0.1319	0.6955		23258	22115	22359	25918	22891	28757	33512	20228	31845	31565		1439129	1337029	1468095	1385062	1333879	1517453	1570986	1272031	1446203	1631174	
0.6043	0.8902		32729	44512	31226	36745	27900	34833	34872	43500	30727	30233		1308846	1364763	1135406	1348098	1030968	1261883	1221080	1536322	1042910	1235696	
0.0655	0.0649		19316	14271	18815	22488	22559	24249	13612	21084	21110	40207		1435490	1382305	1498747	1681267	1761546	1490723	1189306	1458780	1591777	1504071	
0.9161	0.9558		37115	48977	37856	38770	50527	37024	48063	41698	43809	52981		1193473	1420165	1279371	1283593	1491229	1213181	1494121	1543237	1425646	1499410	
0.4109	0.5352		33733	23849	34194	23192	33784	37854	23974	27926	35691	33828		1486358	1227126	1677856	1405171	1403007	1265321	1116155	1166278	1237076	1322742	
0.8414	0.9828		38723	42435	36212	37185	33396	40914	34097	46530	42229	46350		1459735	1453001	1366383	1198399	1116450	1297428	1370653	1528924	1433164	1303302	
0.3608	0.4758		24022	25109	26554	32105	32392	30735	25720	21292	30419	30490		1376434	1522117	1414346	1583454	1526549	1570658	1365604	1305654	1372125	1396547	
0.1029	0.4867		19374	16944	26704	26446	19824	16656	19057	17872	25009	32222		1227307	1319760	1527201	1644895	1106006	1116488	1306427	1239888	1482552	1476963	
0.1385	0.9653		32158	28161	23342	31472	32755	32199	23530	29626	32301	20253		1715038	1503045	1314735	1220124	1477424	1478927	1412767	1409250	1392295	1311905	
0.8756	0.7959		34789	35416	36758	39451	37221	35561	36697	35067	34411	39516		1415703	1256075	1309217	1405501	1159597	1166119	1156841	1177764	1170624	1254221	
0.5609	0.9341		42854	54196	32698	31651	34740	28079	39189	40357	32529	31663		1305278	1308319	1204124	1220554	1428614	1085487	1289667	1252186	1156558	1172628	
0.2831	0.9979		35072	34870	27322	39100	22750	25060	23689	23911	28361	33291		1776255	1669853	1249680	1566082	1074627	1037693	1084564	1112920	1198021	1321511	
0.0623	0.1024		13155	16274	19173	12772	13163	13598	12872	18567	17830	15496		996571	1159050	1276588	1030673	1182910	1176124	1121470	1137198	1269749	1183818	
0.1868	0.9479		45924	24592	34800	23395	25870	24255	34231	33335	24427	23700		1411603	1279848	1499355	1106580	1332734	1209893	1608665	1459689	1245332	1314496	
0.28	0.3347		27257	18759	25868	23985	21061	25967	27732	28145	20076	22499		1325289	1295233	1385607	1352859	1134878	1166395	1577236	1285682	1233241	1365741	
0.2356	0.4755		21991	30751	30597	30360	30255	24999	19801	22471	24585	30610		1260012	1525167	1547107	1436818	1598118	1470742	1329927	1336859	1490996	1605633	
0.4403	0.2549		30662	31419	28944	29866	22451	19749	19489	19072	23725	29720		1345480	1579279	1653705	1631610	1233058	1139154	1262880	1266740	1379317	1396661	
0.9889	0.2741		31089	22860	32972	36489	26877	33714	38765	26869	28447	34028		1364789	1176021	1247426	1340517	1131103	1288583	1467633	1180220	1180563	1303743	
0.6181	0.7442		31257	30857	31941	32274	31284	41605	39471	40593	41286	31943		1220941	1346826	1288190	1261344	1293383	1424338	1468393	1539970	1440184	1275922	
0.2002	0.1959		27528	17358	22072	16567	27484	18301	20475	26403	15046	24796		1396176	1209081	1412540	1162955	1573598	1195453	1194587	1281120	1096920	1302523	
0.2728	0.3712		28534	28138	25845	20359	19855	22451	18456	28361	27997	30489		1506023	1328765	1195504	1227239	1150461	1309947	1212126	1250172	1523598	1564798	
0.7345	0.6022		64685	38432	27831	42120	38793	30440	34800	29396	27945	30293		1254848	1448963	1185476	1388270	1584810	1278782	1393357	1288350	1234475	1278896	
0.6434	0.1034		32110	22109	25947	20676	33149	29846	20706	20766	31564	31558		1575621	1295997	1423957	1176185	1387980	1644609	1246336	1177600	1584709	1393435	
0.2746	0.2953		21030	22027	21703	17818	20517	22392	27278	25827	27502	27584		1288647	1285790	1150924	1121814	1142278	1286655	1308214	1199731	1504915	1477510	
0.4059	0.7942		29536	28873	38717	35124	36998	35666	27084	34962	32113	37156		1271489	1352114	1506825	1561989	1598216	1389407	1291579	1480950	1254563	1543461	
0.1854	0.6842		22067	25565	31424	34120	19278	21338	31141	24168	26869	19987		1314885	1472499	1519424	1601723	1134825	1198696	1640995	1357404	1362607	1211397	
0.6129	0.471		34850	36328	37883	42267	27322	29285	40232	26385	39890	25645		1473953	1405063	1728958	1451669	1186896	1382552	1386780	1429368	1143108	1168655	
0.2993	0.755		26680	29057	30889	32896	32734	22876	22812	34294	32945	23675		1455432	1297165	1362958	1574658	1594264	1041256	1094946	1566617	1352367	1372258	
0.0831	0.2451		14943	19518	14964	24410	13253	20169	24549	26773	18245	13027		1171913	1383383	1112029	1412138	1150666	1166087	1413881	1361857	1339063	1175846	
0.975	0.8744		49837	45457	38454	38185	39559	39939	51183	50588	44693	39268		1581924	1302600	1263758	1240909	1440689	1306518	1425502	1591028	1403501	1259344	
0.6649	0.1044		21499	24315	25650	21113	22319	20343	18249	19920	25295	29776		1152335	1187769	1333078	1224583	1271712	1290331	1074535	1123772	1594685	1306651	
0.1901	0.9974		34481	26302	25316	34260	30617	21697	28467	31636	23574	23581		1680697	1247326	1335284	1422441	1314192	1258744	1262470	1250417	1260070	1305909	
0.9088	0.2174		24175	36981	26717	27766	23040	22170	36897	37183	25288	22331		1475493	1601871	1245592	1357606	1128899	1210844	1332422	1626764	1468193	1115896	
0.7129	0.4549		29084	29862	30237	31336	32169	23846	32765	26072	29741	31370		1241803	1402009	1237677	1294334	1297444	1253384	1396612	1192087	1381170	1360209	
0.2139	0.8055		28836	39726	27718	35438	26051	24046	27589	28664	42769	28444		1285238	1369358	1463562	1605722	1294891	1128131	1243821	1244821	1278961	1215632	
0.8619	0.3718		33811	26430	23701	31095	26371	26978	27333	34092	26310	26672		1580227	1146433	1096059	1446693	1130993	1460178	1226360	1420415	1239427	1250789	
0.9213	0.6344		32897	36759	39666	43397	37180	46824	45409	33563	45310	36383		1154402	1439999	1458383	1583738	1417137	1558018	1336021	1184600	1534236	1320742	
0.785	0.1681		29972	23354	34382	24782	32625	24605	30016	25479	22832	32660		1407578	1267246	1418572	1266129	1558906	1309797	1253370	1186414	1253342	1677027	
0.8367	0.1929		34786	23228	24284	23597	28401	33805	23961	23540	20623	34553		1770330	1270885	1193813	1222921	1454962	1818170	1352564	1243975	1200625	1611483	
0.8284	0.1036		20574	32741	31744	35957	30036	23639	23198	22408	26899	23584		1252649	1485635	1439286	1579632	1584624	1456905	1175059	1323640	1322114	1444444	
0.2023	0.2483		27544	19814	19567	17537	28851	20289	17631	19061	14363	16820		1648430	1292870	1282624	1201546	1551035	1310112	1235844	1107997	1159606	1260590	
0.3932	0.1518		35835	16752	28844	29141	26325	20086	27179	21378	27580	26869		1430762	1308828	1608608	1407051	1429812	1243635	1596283	1218020	1505929	1362134	
0.7931	0.7687		45589	54867	33931	47443	32994	45771	48024	44117	32954	36508		1612274	1874673	1320440	1394417	1325713	1669132	1807349	1742549	1182668	1278687	
0.9198	0.5405		38903	31605	32913	33161	34994	39525	32866	40128	29255	40866		1359516	1191848	1292027	1310179	1370506	1501427	1391401	1536007	1305267	1371143	
0.7831	0.2617		25076	34605	26211	31295	23300	28858	24426	23735	33845	34088		1292908	1575240	1309943	1478753	1277256	1321624	1316251	1208276	1805708	1533621	
0.6482	0.1107		26774	31465	30019	30319	23046	21172	28179	29705	30658	17937		1449382	1492927	1458735	1465418	1285453	1334659	1489999	1393960	1605037	1212277	
0.9287	0.0986		27352	32076	32988	24645	34202	30080	42816	33351	25240	29739		1386670	1458617	1553292	1449435	1467212	1616811	1534088	1493905	1335070	1103718	
0.8078	0.0631		22307	25150	21081	21136	32681	24647	25870	19597	23152	21070		1140414	1230515	1132666	1119116	1251687	1129070	1221575	1168337	1142445	1080226	
0.1666	0.9485		25223	24229	36135	26546	23028	23147	23132	29075	32915	25612		1399626	1312942	1528928	1290675	1189245	1124628	1131345	1280368	1347853	1262452	
0.5785	0.2582		22571	38933	30667	40928	26840	20411	26743	23048	31507	29432		1222268	1475197	1363688	1193788	1229402	1213931	1262555	1215551	1427244	1495163	
0.8171	0.507		27987	28158	42128	26845	30970	39133	29763	39391	27210	37893		1448049	1307745	1679365	1230786	1556549	1481540	1344126	1426739	1273383	1595156	
0.3574	0.2281		14629	21420	27438	18748	17638	19833	19357	27900	22074	22071		1234954	1272987	1503525	1181398	1174656	1221612	1268303	1527677	1266282	1377384	
0.3959	0.7568		25637	32739	24942	27267	35187	25166	27176	27536	30986	24310		1239219	1264161	1318419	1433957	1448765	1186298	1247222	1112485	1265895	1207152	
0.9619	0.2019		24922	43453	25897	27873	39342	28590	38954	31585	28709	34879		1173442	1415233	1250735	1157306	1272310	1344864	1658106	1404320	1352169	1350271	
0.0768	0.939		21950	25683	24744	30964	30651	32147	22234	30715	23795	21542		1157062	1366855	1354457	1411183	1508702	1368903	1219411	1465253	1148782	1282010	
0.2774	0.4133		28486	35428	32990	25696	23110	35858	37105	23475	31582	22447		1408061	1826791	1477213	1392431	1346836	1449585	1618149	1318561	1418492	1222662	
0.5895	0.9971		41474	35118	43432	43772	48109	42559	35202	39283	38939	34525		1394736	1237074	1587522	1734721	1636182	1527253	1236005	1516091	1579956	1343565	
0.2231	0.6147		26013	36177	26458	27877	30565	24231	26588	20259	21381	24045		1391715	1771280	1375177	1409183	1581238	1448779	1355160	1250451	1377349	1193127	
0.0993	0.6409		25560	19764	30313	24211	26912	19655	20870	29729	30104	19874		1381610	1301371	1526207	1455138	1350085	1285931	1202368	1768106	1697607	1340800	
0.2456	0.6506		24038	22829	27334	16311	19648	22439	31396	24075	34575	28503		1492226	1325519	1231110	987410	1086476	1035966	1364372	1275121	1497048	1332267	
0.7669	0.2166		28421	28273	34213	41768	32617	24577	21859	22243	30601	26060		1499106	1269565	1315868	1393487	1340650	1140425	1027924	1100651	1336016	1069558	
0.9802	0.6661		35434	48301	44515	34773	35678	34605	36739	42554	39704	34491		1425845	1548078	1676701	1334544	1338954	1105040	1351831	1498827	1210100	1188512	
0.3871	0.7374		27820	26615	27499	26906	28448	25402	42345	36660	35803	32211		1444987	1324295	1344189	1330180	1459495	1271689	1653562	1754792	1394965	1424560	
0.7296	0.1531		27299	22171	20249	27866	27019	25140	24708	31049	24532	30950		1196736	1476617	1218817	1534483	1320714	1267575	1220449	1398744	1216517	1503405	
0.7469	0.8564		35299	32401	35770	35652	32242	33929	31267	34321	35344	48180		1226884	1244494	1347617	1308349	1175469	1126367	1148159	1357471	1278564	1581433	
0.8027	0.1989		32496	35823	26432	23722	28863	30491	20005	22248	22225	21007		1411418	1491860	1366464	1270865	1396496	1364247	1061022	1250593	1076623	1087518	
0.1271	0.2804		27056	26647	31826	19943	17091	18373	18019	14754	22024	18963		1635867	1571120	1489924	1322136	1265836	1255679	1220786	973743	1158310	1335541	
0.5337	0.5968		27418	32806	27391	26250	39886	26451	28836	27719	35154	39936		1120711	1231394	1332683	1262432	1453562	1129005	1138816	1273200	1395187	1555154	
0.5796	0.1081		34821	17487	24525	20211	30480	29390	19276	20586	23965	28996		1250574	1145393	1159600	1121741	1340345	1408334	1265770	1148091	1320711	1541039	
0.3272	0.4184		21009	25997	24749	20211	22573	20682	22130	20345	22668	30314		1223755	1266894	1283343	1242043	1195789	1158915	1214433	1268666	1343831	1545039	
0.9407	0.3092		38039	40834	28773	35634	28542	49832	24871	43746	45242	31049		1540328	1427032	1261481	1523743	1495298	1434026	1322419	1545157	1539016	1403679	
0.5519	0.0878		32308	19807	22079	22550	21593	30496	19741	17104	17153	16200		1779742	1260367	1311892	1237024	1618508	1619962	1156808	1017133	1011503	1185152	
0.3846	0.7121		28138	41682	31810	39821	33141	51269	37175	29250	40333	28923		1471042	1589707	1301687	1523083	1416726	1487898	1394388	1413840	1517660	1431559	
0.2618	0.884		22026	23604	27654	27079	22190	26127	31468	29006	36838	36077		1146483	1270837	1246063	1331599	1305147	1217472	1379371	1456448	1572722	1475261	
0.3662	0.133		76274	29626	28738	19391	16392	27077	15556	19759	26949	15540		1540417	1445151	1661688	1134420	1031472	1151916	976792	1203768	1315698	1041519	
0.589	0.7139		38517	27720	37284	28938	39070	28366	28493	30534	27189	45923		1495885	1197321	1514107	1279833	1493916	1190324	1214552	1370926	1273293	1794304	
0.853	0.4992		34730	45699	31474	34714	36521	30562	32452	32004	34017	27833		1466395	1746303	1454546	1588383	1387105	1134062	1151671	1359916	1490191	1240256	
0.9515	0.723		47895	35921	34194	49373	46582	44094	49296	36599	36503	33230		1452651	1222713	1354683	1371453	1411405	1382772	1572628	1431460	1294573	1142644	
0.9973	0.4923		30239	31430	40290	40229	32059	30963	30080	29828	43143	42503		1109326	1369297	1365555	1427664	1268734	1154093	1121496	1190792	1512522	1420480	
0.3241	0.1028		16980	28073	14954	16379	22005	18330	18773	26301	16147	17743		1035496	1140985	997349	1107297	1106555	1069864	1166257	1435711	1082491	1341431	
0.4546	0.708		37330	36877	34482	35539	34068	36777	28210	23216	24050	37736		1298568	1393983	1263476	1677272	1424841	1478294	1175431	1045131	1077372	1202465	
0.9011	0.6744		33525	35183	31364	28662	32092	38109	45000	37936	32533	46348		1138952	1261117	1183152	1059749	1127987	1413501	1424400	1589222	1269993	1362224	
0.2517	0.5988		23854	24129	31771	18593	26515	18601	31913	20091	20832	30461		1308466	1495036	1476231	1192164	1476168	1165050	1430202	1249922	1299424	1477243	
0.9797	0.7331		34898	45242	36182	42473	34010	42499	35724	35827	34287	42612		1126138	1422213	1359015	1368269	1227202	1372893	1322298	1241566	1310132	1241312	
0.3967	0.4572		33187	30555	34842	24705	19619	32792	19183	33601	25773	37409		1344010	1365175	1360294	1166544	1043539	1574463	1065483	1149550	1316892	1575807	
0.6727	0.139		30897	25847	28153	31292	29901	22486	27460	34711	30959	30868		1460906	1406175	1376272	1515091	1281077	1255202	1346275	1664793	1472276	1352476	
0.7023	0.3863		27796	24241	24222	23957	34394	33486	26019	29166	25011	26772		1323837	1474250	1285293	1348817	1552670	1329562	1330044	1258227	1382966	1240755	
0.1288	0.1285		15519	15339	18843	16899	16094	20836	12865	19548	17125	14870		1128017	1288751	1406702	1154439	1313488	1419083	1114802	1320223	1281101	1158133	
0.7764	0.2724		25918	32367	38770	25722	24011	30910	24151	25927	23875	25790		1242134	1503154	1616855	1336175	1165572	1266861	1179193	1230114	1121597	1277631	
0.4142	0.6497		44448	34037	26121	24388	23783	23909	27145	39401	36128	24184		1497459	1449752	1327817	1085390	1256083	1243015	1293340	1334409	1400547	1317193	
0.9131	0.6127		32752	31966	44273	28966	42374	44392	35541	40255	42927	43582		1336235	1187067	1575635	1254271	1513415	1642580	1297886	1378034	1500470	1474964	
0.428	0.9962		37089	34944	39085	31428	31059	27914	30289	33437	35846	37566		1522415	1409096	1477271	1195766	1192823	1115414	1104126	1157698	1335313	1216950	
0.4221	0.8715		38296	27299	39982	29114	37069	37045	37475	22353	22351	24375		1475466	1239003	1577197	1374319	1420182	1435137	1616927	877745	852322	1249560	
0.1089	0.2094		16197	15465	20216	18633	20464	18806	17644	16979	22768	24946		1309367	1194735	1304555	1277690	1268819	1277542	1287816	1409848	1336330	1412370	
0.2275	0.47		22720	26605	37027	29282	27984	33414	18168	26858	23348	27796		1499648	1260442	1669052	1647271	1832998	1668772	1374927	1375064	1302358	1447275	
0.6054	0.6872		26928	33452	40418	40274	26062	29572	31218	31865	33059	40743		1089638	1296099	1415694	1598431	1343768	1298535	1512176	1322060	1348289	1518486	
0.2251	0.8204		26960	34676	30078	28683	34211	30045	26165	34350	21106	23099		1412045	1299799	1393961	1388351	1340015	1313982	1251770	1236111	1028223	1003039	
0.8727	0.4771		32636	38468	38579	34711	38694	26943	32432	39146	37929	27950		1430318	1435545	1405723	1400584	1405162	1237751	1371679	1480735	1382504	1285629	
0.4249	0.0829		31787	27150	25136	30198	28842	18303	25150	20893	29498	28795		1548844	1433033	1275734	1397852	1443420	1291030	1343375	1398294	1592764	1225337	
0.1502	0.1893		13022	28587	18506	16490	24877	24681	22153	24715	15669	24843		1242774	1611550	1234116	1257135	1686934	1543343	1379276	1589631	1333475	1372151	
0.5819	0.675		27553	46978	29029	27844	27312	33360	39504	25435	29951	27921		1524617	1452859	1274136	1241386	1320304	1345566	1412236	1074647	1189580	1203346	
0.1008	0.7339		22332	31072	29352	26915	34742	20445	28029	26908	17384	21795		1519443	1543857	1464263	1267941	1378876	1182323	1226301	1569661	1208191	1274704	
0.9243	0.3936		35213	38118	38871	38479	37770	35949	27881	28539	24618	24510		1427032	1459510	1521976	1567874	1641623	1531474	1219996	1190990	1061418	1228329	
0.0521	0.8656		20560	26095	20894	24238	23810	18689	19877	20895	21079	26516		1293275	1375761	1199496	1182976	1453922	1257959	1470942	1245962	1160747	1434266	
0.5513	0.6499		29403	30205	37460	39103	37741	28223	28786	36784	40319	29696		1322297	1380839	1498854	1599594	1661971	1273672	1158887	1341464	1315952	1216897	
0.3198	0.7698		33876	35315	25696	29570	41915	23723	36746	26469	36438	28503		1636470	1695519	1269138	1368224	1509178	1160797	1552708	1347953	1582368	1152185	
0.4236	0.8743		27589	41092	30925	29666	30038	31307	41849	45291	34047	39247		1082177	1420014	1194995	1220471	1192055	1236430	1532485	1716097	1504346	1382830	
0.5229	0.9208		31735	29750	33309	35357	32532	33541	43117	34563	33592	49335		1309992	1316555	1460037	1369590	1275282	1244402	1624979	1422984	1673954	1557512	
0.2796	0.3492		24055	21734	19748	19617	21487	27693	19409	23638	24064	20043		1432616	1168691	1319761	1300118	1300413	1565092	1233829	1409692	1342113	1401458	
0.6071	0.6749		28009	27939	33174	27577	38704	28472	36562	27403	27846	30160		1179307	1327168	1221011	1163912	1538673	1357698	1437778	1207130	1121977	1262331	
0.5449	0.1863		32018	25289	31240	20870	21988	31436	20446	30983	25047	31238		1531203	1266212	1434285	1101441	1079976	1321540	1121700	1305631	1458821	1439973	
0.7094	0.5471		37483	37157	28818	32073	29346	45282	35404	27632	39687	27072		1364244	1613424	1296623	1291649	1347619	1400100	1292142	1251572	1114070	1237691	
0.1874	0.8671		36725	23581	28636	23686	26090	25581	25846	33418	30342	34533		1474327	1333485	1385593	1190454	1393529	1233515	1540381	1516491	1383076	1614370	
0.66	0.7441		47024	30510	43500	32769	31654	35223	29550	41637	30550	30229		1533010	1210970	1157170	1300384	1195743	1198380	1083915	1363802	1404218	1149891	
0.3195	0.9926		29091	40590	28735	40625	38519	38238	30400	26010	26750	26279		1211067	1375173	1263386	1471939	1515417	1352143	1239035	1046353	1171553	1122493	
0.8573	0.7695		43687	36849	33978	45107	55141	56038	35615	33489	32639	43604		1571945	1141685	1173184	1558603	1591905	1387207	1320575	1168680	1136947	1306582	
0.5328	0.2575		23133	23312	21398	17985	23700	30793	20722	22972	20434	23457		1411132	1284827	1287159	1097854	1179802	1370472	1230439	1169739	1127090	1393440	
0.4422	0.4749		22914	33445	27574	33960	22733	23413	19581	25177	21889	24699		1421923	1430622	1073184	1532642	1523026	1331930	1039945	1127924	1127744	1282170	
0.4265	0.307		28076	22266	22221	28766	19715	31318	29992	24650	31280	29952		1404557	1398460	1396458	1342969	1188139	1486533	1431298	1433131	1477906	1534608	
0.3375	0.9539		37049	36705	27172	31883	36314	24488	26416	27766	36653	26105		1443253	1495575	1203633	1326740	1444420	1150668	1313329	1045531	1346634	1143516	
0.98	0.433		31225	39903	26108	48233	33037	26340	41609	36811	34147	31373		1221981	1401782	1278523	1652469	1365378	1482401	1661267	1288970	1540165	1412201	
0.7426	0.1435		24798	20259	20720	27586	19419	29499	30345	23193	24424	26490		1501306	1241142	1134990	1415195	1121626	1275619	1413620	1189104	1328343	1320216	
0.1849	0.9787		27216	38803	30940	24323	25682	24532	23469	35305	26448	39005		1250706	1574668	1335320	1239510	1208796	1079004	1127704	1495060	1205878	1612906	
0.197	0.0618		25462	15769	18430	17163	25606	25661	24064	13379	15123	15376		1445122	1252467	1289664	1480215	1691690	1442142	1477471	1132094	1326436	1221752	
0.9065	0.6112		31463	31397	35002	31208	31921	43617	31191	37152	30752	41398		1394486	1266257	1315662	1319004	1228992	1391337	1390706	1403961	1276793	1362491	
0.2608	0.7331		33693	25916	25402	33656	37716	26581	32113	23670	33503	35136		1623238	1291067	1362185	1494909	1525180	1564601	1448638	1180391	1587014	1417359	
0.7543	0.583		39299	30850	28338	38341	29909	37850	30515	37135	39067	29375		1520566	1209216	1258645	1477217	1216721	1354789	1186325	1383851	1375131	1245732	
0.3395	0.1188		28361	27853	24446	21844	14951	15530	18990	18157	16757	14528		1590249	1270165	1400502	1338665	1000969	1088072	1465370	1304980	1257423	1146633	
0.2884	0.8054		39169	26638	24186	33504	47410	26399	24451	35211	29959	23744		1664299	1245333	1334126	1516867	1514715	1399773	1312703	1461177	1513220	1285424	
0.4268	0.2396		17009	30377	30581	32733	19510	18784	20184	29226	23001	23794		1202025	1743508	1609774	1491120	1235963	1057010	1125889	1388146	1178989	1539837	
0.2154	0.8978		29765	24904	30671	26021	33452	25909	23551	21800	26095	24091		1346406	1325066	1426200	1315096	1360351	1241444	1048410	1077238	1223851	1287700	
0.671	0.6739		38193	31051	29140	31304	32410	26690	29767	26142	41208	33486		1565927	1387980	1222304	1258447	1264252	1173571	1311605	1169983	1511425	1370874	
0.7709	0.4334		36815	37219	26041	28984	36411	36594	29234	27270	36666	26127		1503470	1523875	1293930	1469797	1517542	1535975	1387322	1304441	1475239	1358991	
0.4368	0.2109		28831	21508	35711	28152	21795	22131	20609	28697	28937	16634		1433936	1241767	1625489	1303992	1344476	1091539	1144346	1195887	1462824	978752	
0.4998	0.5117		22765	24831	29181	37634	36417	35959	24765	28063	22258	36984		1222828	1243744	1319157	1605935	1555901	1485958	1223869	1255352	1259930	1584690	
0.6191	0.9565		35346	48579	41140	42140	31581	32184	57071	40386	31690	30041		1369801	1634979	1520896	1324658	1165024	1194532	1242674	1383507	1168781	1032831	
0.5309	0.2666		30862	23488	43121	20977	23346	33093	23317	20488	19677	21095		1399305	1313023	1473625	1419783	1391756	1388234	1241793	1100031	1117105	1276979	
0.4813	0.9398		29875	42771	41036	33835	42656	29567	29968	41106	40057	37843		1303756	1524088	1433750	1418109	1437975	1209863	1208213	1615433	1437419	1583256	
0.6911	0.1512		27890	31228	31240	21686	21513	18395	21328	28625	23964	21404		1478506	1611221	1663013	1325482	1231319	1200860	1320151	1424744	1350087	1176272	
0.7804	0.0901		28893	23925	20278	21744	21389	22932	25946	28269	23535	30848		1273627	1247807	1268328	1162716	1184397	1193018	1248251	1335794	1287273	1470550	
0.669	0.9932		34631	36353	35789	43933	44106	43853	35753	33456	37441	35769		1358085	1324351	1249092	1506014	1732433	1416240	1365501	1213556	1412804	1225642	
0.9724	0.5251		33111	76108	42146	43681	42327	43394	30868	33470	30493	29936		1069401	1467431	1611706	1561291	1564840	1265413	1352472	1274632	1193739	1196231	
0.7518	0.4574		39356	29921	27700	23641	42950	36941	43371	37478	37587	37874		1385137	1528545	1248037	1262655	1524777	1465569	1597285	1576302	1478352	1602509	
0.5886	0.7071		38769	30528	34210	28385	55139	32044	34398	39574	30141	29457		1489677	1497497	1404194	1280797	1552572	1272520	1399063	1548182	1389712	1296092	
0.3132	0.8154		36534	51849	27466	29151	25033	24653	25524	23781	25302	22684		1556442	1275055	1155249	1129271	1202218	1194901	1112413	1043311	1259824	1062451	
0.2695	0.2008		17509	22330	18961	19380	20018	17193	18666	27730	17959	17869		1279067	1352044	1281123	1323251	1320644	1140224	1185088	1402718	1147916	1203802	
0.7055	0.3641		32035	36789	24180	34358	21830	29138	27502	33903	24727	33753		1392660	1541946	1149297	1653134	1264659	1475715	1342787	1413151	1307007	1286052	
0.8669	0.3268		26360	38348	37264	25406	37195	37494	28154	34250	28547	37464		1281177	1575293	1592812	1302187	1472092	1495496	1361764	1443358	1344419	1294674	
0.5346	0.9647		33272	52648	61431	44297	49937	66309	56469	37651	28930	36126		1577240	1681666	1777887	1465722	1391584	2123741	1804683	1332900	1290884	1216920	
0.9308	0.1869		33285	25443	24975	36802	28371	37191	26402	37236	27880	22866		1167713	1234396	1073208	1399934	1354797	1484687	1242206	1535358	1256426	1083886	
0.5341	0.3242		33266	27567	38255	20701	22051	26707	23608	21316	21927	31327		1206588	1499616	1688419	1265720	1378868	1352223	1295096	1233375	1413657	1583091	
0.9651	0.2164		26817	25725	43384	25651	31600	37968	28279	31063	31088	31219		1472420	1456633	1401686	1134484	1353862	1398705	1123299	1318473	1451329	1476749	
0.2963	0.7716		35870	26976	33670	35935	35825	34674	34858	27155	27046	24498		1493542	1290779	1334910	1356872	1438012	1319648	1535446	1295381	1208600	1156876	
0.7667	0.4348		25725	41501	41899	25795	27033	25845	25825	26747	28228	26634		1275956	1684133	1612883	1270980	1178455	1191275	1190927	1221781	1265591	1244931	
0.2922	0.6928		30695	27431	20471	24537	26899	23952	24702	22144	32465	32539		1172071	1394862	1103494	1258107	1424086	1260974	1216995	1262713	1473582	1421649	
0.993	0.603		31978	51232	39650	45234	47336	45811	32568	37372	36057	31315		1537018	1606509	1344853	1181874	1391519	1573047	1351979	1641589	1333498	1218923	
0.1343	0.6779		30974	31464	26417	20459	21769	20936	29961	30995	30380	26201		1474842	1467066	1224051	1130328	1187999	1114865	1343354	1430963	1260648	1304692	
0.1052	0.8919		21960	21843	32541	21837	26862	31440	30896	25241	21675	22355		1138244	1174987	1390096	1157400	1358632	1436241	1374279	1244206	1187492	1144698	
0.2699	0.1189		17104	25956	27802	15827	22890	18542	18139	19150	21109	21166		1226316	1404492	1520685	1274228	1459004	1242738	1280378	1236673	1311374	1432655	
0.9159	0.2995		38871	27224	40166	37077	36531	27851	37385	36335	36851	27267		1308221	1574244	1635800	1398479	1632870	1481852	1560992	1625929	1477672	1277209	
0.4344	0.6561		28074	28199	24980	25418	22805	28414	33464	36160	26274	33887		1450562	1302531	1596521	1245410	1259234	1349624	1393861	1428040	1253522	1366435	
0.4563	0.0947		19234	16834	19325	31163	34950	34137	29578	18081	29247	27609		1229443	1311934	1313053	1603656	1717187	1424359	1559481	1357889	1574969	1441836	
0.7703	0.7531		45896	45526	32879	45363	42194	35538	44206	41947	36719	32473		1463971	1445883	1094162	1435513	1484350	1337303	1682884	1518709	1249737	1091987	
0.5502	0.7843		39947	40556	40759	41636	40455	31993	35142	26403	35115	29322		1624066	1540152	1579848	1407205	1390294	1334478	1376821	1023823	1222842	1266602	
0.2956	0.4385		22390	21967	19749	20187	26886	23075	20160	20383	29224	25192		1361695	1279071	1234352	1126497	1268807	1374017	1192113	1299337	1530012	1335220	
0.1173	0.1708		10995	15970	17430	18456	18337	21634	27984	21795	25133	15478		904910	1235340	1334265	1244411	1471021	1361581	1378140	1170148	1461441	1157400	
0.33	0.9018		23683	26069	26606	39252	29095	26784	36018	30972	36135	26821		1021602	1324198	1426441	1545083	1345104	1169722	1533899	1320995	1483483	1240501	
0.758	0.3649		27869	34461	35620	26698	26752	24411	26795	33078	37725	34649		1306897	1448819	1368160	1337983	1275829	1195519	1203712	1543001	1584487	1544606	
0.8791	0.2836		24960	27830	22952	38091	37774	33801	37349	28418	30876	28517		1426924	1335470	1282276	1632234	1407390	1464063	1456209	1421896	1399228	1437874	
0.667	0.3132		31733	35041	26754	27804	27152	24081	35213	40881	32885	25667		1493211	1744521	1403208	1597414	1224195	1270606	1536093	1237930	1537824	1292330	
0.5175	0.7483		42575	30214	27961	29922	35719	37057	27573	30125	40233	39916		1517677	1325357	1256475	1465591	1362040	1604249	1246050	1299618	1392564	1428669	
0.0691	0.853		30938	19947	29185	22585	29198	26628	20485	30016	19663	20712		1586652	1216558	1391187	1310590	1572527	1435365	1209987	1277697	1079755	1371785	
0.9845	0.7057		37949	53118	43227	44734	43449	34012	45447	39941	45135	45016		1317328	1566831	1440706	1285498	1396090	1271878	1486568	1325103	1384336	1607144	
0.8777	0.278		37883	25019	28336	29843	41453	27331	26638	25427	27893	28160		1538585	1344283	1302389	1209744	1607174	1203954	1172329	1196972	1302515	1346062	
0.3246	0.1782		21240	30282	18634	23800	15423	22257	28583	24441	18224	25687		1138936	1193793	1234795	1343326	1056778	1282454	1413554	1200720	1132417	1235255	
0.4732	0.1928		22359	30470	19381	29081	24581	21433	19689	28929	26898	19705		1369416	1339957	1150143	1489168	1303036	1210134	1180593	1596337	1430656	1200289	
0.5984	0.889		30090	30992	38156	41468	29461	35453	31963	41005	47417	31458		1131191	1323094	1324677	1352907	1139694	1477697	1214678	1560865	1415698	1165402	
0.758	0.478		24696	30176	42960	29567	29008	26033	36756	36485	30437	27320		1034635	1219497	1221383	1273113	1201300	1167177	1454762	1722442	1393516	1173925	
0.5642	0.4462		23418	23269	23874	24864	29419	30452	23425	24859	24586	23452		1223587	1226871	1276686	1183522	1096785	1134303	1076472	1219753	1273515	1229189	
0.6256	0.271		22260	30293	27858	24582	31458	21127	28078	22572	33605	22885		1414110	1506769	1331300	1406187	1619713	1172165	1314623	1226984	1675960	1259028	
0.469	0.4393		31988	31615	28126	31800	31726	31870	24460	23418	31792	31479		1558214	1615791	1155054	1491213	1542730	1447647	1129499	1190487	1396782	1340046	
0.5915	0.782		39593	29105	28503	30158	27235	34284	35239	31751	35962	39722		1399686	1209788	1126390	1125928	1355075	1358087	1267938	1231141	1290972	1422562	
0.231	0.8151		26798	20664	21654	25252	36623	32337	34139	25155	23947	34556		1346769	998334	1138368	1404173	1665706	1473348	1263265	1295967	1472214	1682381	
0.094	0.0996		12723	20362	17526	16318	26577	23566	23590	14507	15062	17258		1137850	1484489	1245930	1306943	1460104	1474906	1639441	1239086	1379257	1504774	
0.1439	0.3953		26507	26610	17511	26912	24037	16947	19514	28399	28758	26492		1524159	1355639	1191493	1529302	1408363	1212030	1330987	1307892	1422129	1260575	
0.398	0.7233		34828	32062	34607	34568	33789	37199	26652	24747	25874	34627		1511658	1344118	1421875	1476314	1518376	1544557	1306692	1167958	1221156	1513785	
0.3308	0.9811		38495	32185	38181	45927	38208	28290	37597	30005	27431	38169		1602848	1398507	1496397	1425507	1554454	1183319	1599832	1232813	1407492	1555600	
0.8586	0.3472		25366	26420	28745	25237	27740	26599	26485	33454	28342	26314		1190416	1229615	1242065	1232595	1185005	1132786	1179368	1185202	1285036	1230257	
0.1299	0.5489		19563	14817	17676	29017	28667	29076	29691	21479	30921	22347		1154747	1143451	1253770	1538643	1291327	1398804	1453214	1219716	1559495	1356130	
0.8909	0.1723		24055	30536	27071	28179	23928	24453	25624	24802	31149	25821		1189268	1281233	1315989	1242300	1184541	1247302	1328805	1256218	1196771	1522052	
0.694	0.6922		39852	30345	31748	32147	29277	41476	27692	31039	31655	36220		1448025	1299243	1213129	1218223	1248001	1413173	1194136	1220996	1266193	1366730	
0.0692	0.8294		22886	20903	25742	20663	30469	29208	21595	30378	19993	21907		1336714	1283485	1303844	1425012	1518387	1409757	1215709	1462744	1151608	1205082	
0.6632	0.7083		29262	31111	37632	29359	29033	39607	41213	39417	37000	38775		1269769	1229795	1454007	1148133	1135007	1402118	1525767	1529742	1408587	1421989	
0.8549	0.4337		25218	30805	30601	39381	28544	40415	32064	30470	33478	39935		999969	1286271	1213259	1475254	1156337	1379642	1314672	1271749	1224265	1331714	
0.2671	0.335		27346	20717	29297	21252	25676	23002	32185	23426	18376	28680		1499297	1418854	1493487	1404981	1434008	1435838	1476822	1360896	1107415	1589271	
0.625	0.9148		36211	29615	31283	31398	35626	34555	31522	40296	72794	45943		1249075	1086674	1205682	1168091	1396832	1366563	1227163	1646477	2038869	1746368	
0.066	0.6375		15880	18425	28360	21584	18970	16006	28420	28557	28297	18186		1294893	1276703	1501930	1235376	1402476	1217879	1460595	1457643	1660098	1158470	
0.7252	0.1524		21423	36633	31511	22398	25475	26519	20572	31776	35663	21368		1269442	1457755	1480546	1143830	1124098	1275596	1027651	1365157	1475513	1141477	
0.4243	0.121		18763	17805	18507	18296	27703	20359	22928	20659	20701	26047		1312704	1149556	1243769	1376119	1703985	1392282	1318210	1453563	1498316	1333466	
0.8803	0.7374		35157	44962	36490	35093	42089	36367	30818	32927	30367	30102		1180824	1507554	1277093	1334636	1479447	1229642	1099217	1010505	942363	1231872	
0.5756	0.8629		36247	33175	29145	29392	43064	42198	31099	35611	26611	27402		1445585	1439801	1240663	1395763	1488584	1455186	1317260	1361613	1242646	1174262	
0.5155	0.8213		27908	34336	31015	35746	44647	25451	25630	28652	37257	39786		1215832	1355571	1227083	1308624	1219664	1092854	1186291	1048871	1239741	1639861	
0.9147	0.2484		36447	29695	27574	26830	25611	25950	36723	23584	27518	31474		1567926	1532032	1323442	1246209	1276025	1138063	1588979	1402960	1321609	1435380	
0.1344	0.5886		26262	17226	19722	22046	18940	16511	19437	25296	28923	29030		1560364	1259531	1305435	1428607	1185062	1155246	1248866	1451891	1391698	1347164	
0.1425	0.2693		16993	17693	17568	19078	19397	18347	18525	13641	19008	20668		1345932	1351194	1189662	1297993	1439880	1397877	1278761	1348651	1378398	1337930	
0.7471	0.5905		30070	30332	38411	38066	34304	27290	39752	38282	28452	28599		1265566	1247596	1343457	1571296	1488113	1239467	1478716	1333202	1197639	1192401	
0.5049	0.8875		31093	40567	40953	28935	35013	34501	33493	34624	35262	27328		1306949	1519985	1455527	1108759	1412786	1395717	1351579	1401681	1406662	1162418	
0.1372	0.1453		26495	30664	17875	15447	24671	15601	15122	14818	13087	16063		1628415	1520555	1036091	1157582	1301746	1147744	1187649	1016139	1015267	1194179	
0.9823	0.9876		68009	56150	52404	46091	43994	38581	42787	42906	45078	54346		1519046	1450502	1592417	1319722	1277860	1332519	1433732	1611868	1507677	1466925	
0.5454	0.4821		27583	24071	24430	23526	31323	24074	20548	21153	25975	38032		1300778	1166255	1139395	1106798	1136641	1159603	1113955	998084	1228687	1440573	
0.2873	0.2405		18151	19961	28739	17745	22503	25357	17264	15375	22744	26833		986823	1266028	1481662	1087812	1252016	1376377	1090856	1084594	1437751	1348380	
0.3194	0.1445		19890	30034	18464	22612	16185	21531	20297	17092	20281	20219		1277218	1663936	1393212	1391482	1182449	1409375	1217736	1247073	1269940	1351537	
0.0666	0.0614		18132	28623	14890	13256	15965	21017	17019	14500	16853	14331		1513503	1208443	1230797	1194485	1296767	1643518	1316635	1254452	1490520	1347539	
0.0606	0.2887		15469	15158	23782	15513	21207	15173	18260	25577	20497	19089		1307265	1165421	1585649	1215919	1333833	1244922	1278876	1522949	1333619	1294480	
0.1557	0.6648		31488	21477	25889	21676	21240	22098	22193	22700	23398	23319		1267302	1361840	1524794	1425119	1259037	1212067	1334365	1163689	1203358	1348433	
0.632	0.883		33505	32673	35240	31958	51018	34056	42910	45967	30622	40347		1327798	1481553	1283935	1171082	1440076	1262591	1544784	1507050	1243692	1258480	
0.9335	0.8843		38654	39154	55259	39570	48387	39880	36199	42749	39010	68576		1252490	1304961	1494626	1233040	1479789	1290919	1210655	1376351	1328759	1451848	
0.6146	0.1321		35584	23004	17659	24055	23402	31677	20590	21236	22265	29960		1218372	1221468	1131046	1112960	1183697	1342589	1424520	1230470	1258171	1458638	
0.2975	0.6414		27403	35234	24387	80594	31417	26340	22476	22496	31488	23141		1445964	1531532	1365741	1567041	1632970	1373293	1227431	1216564	1568806	1225942	
0.0886	0.2111		16213	19593	24141	24384	19291	24096	20293	16033	18098	24821		1189380	1341030	1316510	1450779	1277556	1484207	1416882	1361339	1263304	1356687	
0.302	0.101		17562	21560	29158	25023	18069	25627	19879	19788	17108	16940		1352129	1447525	1518295	1401031	1387603	1306954	1348836	1317928	1239748	1354244	
0.7975	0.2911		54072	34946	34107	24731	35038	24938	36819	36014	28412	39604		1390994	1547639	1563408	1398343	1675604	1293160	1344448	1558905	1701550	1755099	
0.7525	0.574		45890	45390	34629	28665	25819	41171	31302	33226	33841	41344		1625868	1651781	1590206	1267221	1123433	1394831	1326609	1430760	1528246	1675083	
0.202	0.8137		34440	25153	23284	24972	24878	27480	26894	29881	24103	20603		1704219	1306385	1169524	1217125	1303974	1388704	1449789	1450209	1306056	1220320	
0.4622	0.1106		23963	35008	27614	21422	22958	18525	28191	16795	20255	19113		1397733	1402057	1478182	1183508	1031937	1109127	1467491	1145895	1128394	1101854	
0.3403	0.5362		22521	25045	22106	24508	40323	23267	25160	20302	33042	32642		1184284	1499549	1262769	1276309	1355282	1254768	1336988	1090661	1645257	1511923	
0.0899	0.8434		32225	22306	32488	30147	21092	30243	22831	23374	23175	31425		1409370	1380741	1665816	1469321	1290091	1774532	1281747	1203108	1311512	1603843	
0.9785	0.7334		66181	47021	38136	36511	52061	33620	37446	45487	53427	45394		1541810	1459252	1221572	1312992	1471085	1178029	1380677	1353638	1249899	1437922	
0.163	0.8496		23509	31486	25583	21676	33340	25067	37758	33950	23571	25599		1516694	1443088	1266608	1132223	1562856	1225274	1216727	1509400	1320635	1259785	
0.6114	0.7303		33454	26340	26941	39963	40542	42532	26979	25976	35015	39638		1458494	1220523	1174007	1648293	1727875	1606884	1169255	1259984	1333440	1583058	
0.772	0.5456		27393	43606	32573	37423	38169	38085	37027	26973	24296	28326		1218969	1463353	1268388	1079629	1456014	1398144	1262686	1175466	1100746	1253055	
0.334	0.5976		30977	33455	35321	20350	24797	22479	24554	24703	35429	25849		1309248	1442459	1444321	1151599	1178950	1277601	1209133	1225520	1449093	1227492	
0.8387	0.3292		37270	28517	27579	25339	27073	25428	25023	25083	28767	25044		1624008	1348064	1275421	1433122	1352533	1211155	1096639	1214685	1134164	1282830	
0.2816	0.8358		43236	27215	36937	35163	36512	24597	27082	27589	24722	25196		1384133	1398469	1569164	1409200	1449943	1191762	1181090	1460939	1280121	1383975	
0.3135	0.7028		32734	25506	26703	25955	27851	23869	24520	33577	35108	23238		1714644	1265705	1422416	1253819	1320848	1197823	1367761	1466491	1442584	1384344	
0.1712	0.1085		17616	13276	15244	25588	21130	16107	16468	15736	14441	15559		1306321	1149506	1263116	1456375	1321377	1309078	1220789	1345941	1184001	1185714	
0.4409	0.5223		45835	33866	25808	34794	28592	32486	30107	24727	32507	32761		1288234	1417048	1309156	1538897	1439597	1241072	1434144	1319792	1429858	1371717	
0.4072	0.8767		26410	29069	29712	31717	33496	24949	37089	37627	26889	38740		1169682	1284274	1278992	1315516	1373328	1229756	1463619	1569376	1280518	1461002	
0.8358	0.8333		35070	34279	37209	34110	36291	34276	38007	43259	37872	47083		1279177	1279280	1295409	1249654	1327594	1299835	1129011	1272087	1362006	1545770	
0.8085	0.2872		24718	27578	40421	39490	36628	37248	24591	27240	34383	25752		1323656	1194916	1256940	1477492	1528562	1645239	1246713	1271785	1600845	1344129	
0.1461	0.2271		16910	26768	29749	16770	17411	19527	16139	16569	18838	16951		1291741	1664690	1535746	1316502	1405184	1242242	1266143	1266368	1199891	1122590	
0.9939	0.2299		24582	24503	29917	33134	30791	28982	37574	27074	27156	26810		1510343	1349909	1174048	1439868	1240220	1307526	1659306	1324513	1192995	1286715	
0.4426	0.7631		28196	26632	26940	27061	26400	31408	27076	35728	28599	32209		1164146	1264825	1218082	1300541	1464018	1211697	1157861	1531526	1384547	1387343	
0.6249	0.4473		35751	24841	25572	34399	39930	24346	24916	28944	26686	26657		1580566	1335386	1481669	1490676	1371310	1285871	1196764	1523944	1481064	1260757	
0.2092	0.219		24405	21846	27378	17422	23660	23889	22753	20748	17687	18304		1488265	1334661	1407686	1277015	1417033	1594352	1287116	1384023	1395311	1214226	
0.5887	0.9067		34665	28293	30351	29944	40796	31022	30938	31878	33961	30760		1289665	1102664	1147134	1007351	1318581	1165719	1201843	1167242	1243047	1178196	
0.2315	0.4531		28742	20707	22771	22481	22281	24997	30146	30665	18133	19823		1344256	1223464	1326351	1291058	1245082	1268422	1551364	1400496	1172074	1298645	
0.8763	0.1456		22918	33535	24511	23276	26025	23760	22655	28138	22631	27659		1319753	1322083	1200019	1190417	1278178	1191322	1201110	1404489	1306139	1335786	
0.5176	0.6911		32944	43187	29062	36874	31615	29457	30487	29592	38891	29744		1367858	1407976	1326737	1436725	1204090	1407741	1523668	1216351	1380616	1107938	
0.3542	0.4068		26140	20921	23690	31785	20725	28988	25116	18990	20045	18232		1432007	1271009	1332477	1567856	1261751	1178188	1228387	1263473	1384871	1173873	
0.7896	0.8575		56003	39623	48179	48484	42410	38409	36632	33695	33494	37261		1614174	1419845	1684212	1699142	1369729	1341950	1299835	1255560	1126039	1227103	
0.8323	0.4289		25312	39043	38505	39193	29107	26721	31059	27213	30241	28376		1154921	1452984	1655922	1627740	1297845	1307825	1337453	1182241	1349925	1206193	
0.3744	0.1159		18030	17545	27510	22028	19850	19861	16595	28949	22152	19288		1199032	1101468	1340181	1342193	1385388	1208187	1317980	1384980	1410225	1346074	
0.502	0.184		27765	24109	22178	20279	27521	30979	24499	31795	19129	19432		1529576	1406299	1379753	1216785	1323241	1404650	1264144	1261380	1079378	1201694	
0.0561	0.8		28526	27073	28016	21556	21758	27904	20343	18858	17376	19577		1462652	1282045	1472576	1166079	1162284	1376385	1198282	1038390	918529	1399201	
0.5196	0.1236		17041	18853	20583	18728	21796	23010	25400	27018	16440	24365		1167807	1161363	1110730	1194403	1255026	1341565	1471569	1497218	1335913	1384224	
0.1838	0.0987		17989	23208	28933	26260	18012	16689	14354	17212	16763	24810		1356712	1451871	1595586	1367404	1223328	1189732	1021755	1220013	1169244	1445061	
0.3288	0.1331		26369	27993	26784	23811	19481	22013	16680	27186	25704	20353		1317339	1612558	1514345	1262100	1573785	1427775	1190636	1555829	1426666	1450035	
0.9452	0.242		25455	25113	28849	26168	37431	27726	25373	37339	37491	37189		1350167	1280234	1164734	1243199	1616687	1391025	1113431	1412544	1519880	1459120	
0.7895	0.981		39129	33584	43448	40241	40641	50413	37337	40842	50427	46667		1353961	1258151	1329310	1291534	1186469	1415814	1076226	1127847	1333428	1152171	
0.9213	0.0667		22535	21523	24854	38036	41955	20727	33399	21155	22845	35574		1072980	1184703	1381575	1478454	1373530	1239945	1647188	1341713	1331641	1435256	
0.9635	0.1222		39207	35255	24941	41690	24362	29413	24230	22399	26766	25835		1336923	1565908	1352626	1642832	1269440	1425856	1296965	1123085	1328602	1157404	
0.2198	0.9209		40112	37386	25515	25831	30603	24671	33630	27456	35234	26194		1424907	1629351	1341143	1154200	1342169	1220745	1349879	1302365	1575323	1388035	
0.523	0.4711		34283	24136	28923	36754	23753	21902	38006	37940	25803	21215		1705002	1182623	1133826	1332766	1214270	993990	1655036	1491643	1239685	1188486	
0.3595	0.9725		29713	39428	28812	28792	35906	25395	37307	30020	27504	37387		1301239	1200159	1365214	1192913	1204074	1182318	1490230	1241801	1171453	1415802	
0.6275	0.8572		31169	31262	29762	39277	32401	32463	43917	41697	31795	35818		1291458	1209159	1222204	1449333	1451839	1280889	1455959	1415299	1316640	1381711	
0.1138	0.7242		22587	33223	28927	21097	22059	20674	22985	20167	20724	19924		1232446	1539037	1362970	1199417	1241891	1154807	1125947	1113924	1096280	1213217	
0.1289	0.8319		19785	25791	23949	29115	21752	31064	31193	31126	28179	31276		1367794	1259346	1313797	1460086	1389649	1663787	1609174	1679155	1555196	1732477	
0.889	0.0517		21236	31101	29914	29525	24075	21913	31828	21635	26660	33008		1146024	1503951	1573671	1406153	1291120	1269130	1347454	1042502	1674599	1567859	
0.3723	0.6042		26592	26471	36588	23430	22943	23339	24170	35677	31813	28493		1407411	1397334	1353538	1231892	1355609	1350449	1218815	1396767	1637612	1641004	
0.3571	0.7727		24316	24630	24186	24712	25295	29092	29017	24703	24454	25657		1393855	1196453	1129336	1159257	1147582	1173911	1283060	1158910	1117837	1134724	
0.3268	0.0626		19982	25126	22140	21712	17629	16396	25095	15626	16608	18402		1428381	1626157	1425431	1471818	1392350	1298274	1323122	1322168	1345493	1270250	
0.3314	0.8306		27455	42622	26816	26400	25810	42524	26100	37266	27085	27852		1237259	1340695	1248988	1307451	1322589	1440912	1177807	1345050	1251261	1205735	
0.6982	0.4335		28574	22840	40298	29244	33960	37075	27383	25722	36507	25399		1077330	961513	1481702	1339071	1297837	1480534	1195892	1263376	1392768	1292471	
0.1681	0.2551		16756	26118	18250	23994	21544	25882	16158	17726	25774	25940		1257154	1587088	1263816	1490177	1366534	1389051	1147614	1151488	1289334	1495130	
0.9957	0.0846		37648	25038	31617	22765	22904	26366	23502	28598	42852	21875		1682842	1359956	1355432	1176102	1233344	1308675	1152120	1358910	1488974	1136193	
0.9304	0.6514		40601	30346	46183	37318	39225	44827	42318	40696	46067	43954		1242230	1070975	1537162	1235293	1315973	1595254	1439296	1417414	1579799	1436313	
0.3731	0.5384		19358	24915	33641	22741	23109	25567	24665	23279	22295	22687		1180143	1261520	1320892	1202082	1255964	1250322	1236954	1245270	1154285	1244813	
0.8135	0.8316		33648	54694	46469	41182	34848	51327	36990	47387	35498	33304		1440893	1372017	1682881	1374736	1278447	1357121	1306176	1604330	1402339	1093163	
0.1102	0.8018		46868	21458	30726	21070	22738	30676	34515	30613	19290	21468		1456142	1226513	1531439	1250923	1285832	1298209	1675607	1710681	1143714	1287423	
0.1605	0.1057		15176	15612	23616	18314	22700	17361	23299	13785	18785	25839		1235364	1208653	1427873	1473816	1580565	1251983	1494573	1044736	1230179	1760968	
0.916	0.8168		33259	47384	41857	34500	36183	35350	38617	38054	43909	38785		1263402	1402944	1280436	1217736	1218921	1367839	1352013	1292572	1270493	1310176	
0.5706	0.7976		40142	42681	40562	32276	34684	38985	35769	31058	31010	31002		1456578	1621215	1615481	1466091	1356977	1562017	1391274	1345820	1317061	1231823	
0.0813	0.052		12867	23677	14256	25248	16580	23840	26779	18003	17091	17188		1361365	1434575	1147066	1379713	1269180	1416151	1570642	1316385	1388141	1328587	
0.8027	0.3086		31882	30838	26199	38893	25109	22091	22180	33741	35083	25564		1648734	1407390	1254168	1774193	1322886	1082613	1108361	1581124	1494420	1223778	
0.1503	0.1688		19921	31472	19401	18712	14974	18611	26367	20351	13584	13904		1497176	1572650	1494327	1366709	1308000	1252844	1727823	1350289	1059883	1166788	
0.7556	0.7037		31373	31650	50586	39715	42906	30948	42469	38284	38134	43443		1298198	1344001	1637850	1378740	1463556	1280592	1604312	1500399	1471946	1565764	
0.2741	0.9064		27557	33187	27333	26307	25567	25444	25779	40238	30933	32820		1245102	1303522	1258004	1051658	1192284	1159594	1384794	1279747	1410543	1499886	
0.3428	0.4317		27126	26562	22428	28097	22798	20791	20110	18365	22695	23466		1482132	1514405	1250445	1331187	1159493	1375005	1345743	1127963	1264568	1163971	
0.4135	0.114		19431	20406	15092	22036	22519	21493	17805	22105	26555	25362		1157604	1239582	1090934	1288754	1305054	1393306	1327351	1273855	1247866	1393422	
0.2658	0.1146		18241	25429	25263	25717	20905	24413	25465	18174	24351	24733		1653604	1386754	1438971	1462948	1331775	1462188	1425836	1335999	1347282	1364307	
0.1794	0.5427		29214	30018	23951	28560	28360	18542	21255	28670	29356	20035		1591859	1496094	1292992	1647244	1529397	1116791	1234282	1498117	1553883	1308547	
0.8557	0.8528		36368	34361	46801	35728	47576	41065	39059	34886	45521	36967		1469621	1324687	1326525	1235877	1407221	1220616	1503448	1253220	1486597	1163025	
0.6522	0.2209		25082	35031	35039	33160	22836	22357	23571	23046	18137	26774		1286797	1406207	1607207	1524538	1154178	1426567	1174438	1034745	1072382	1351075	
0.1535	0.1978		17475	26603	25294	18959	15723	15792	25150	25499	23396	25127		1156887	1543214	1480259	1158102	1218484	1128701	1468829	1508685	1372983	1411562	
0.1062	0.4284		28078	28421	25727	16720	17032	19950	26560	26325	19810	16913		1477590	1594131	1534854	1266563	1284792	1316956	1597714	1474568	1335182	1282539	
0.2235	0.971		25014	23454	24419	33934	34528	36637	25494	25651	25636	25975		1266556	1285386	1171602	1317954	1503620	1493851	1176415	1273417	1301368	1282213	
0.5526	0.3116		31426	23524	21125	23311	25446	26522	24116	32915	31620	22653		1666239	1267693	1202499	1058932	1239584	1206156	1209218	1532331	1439158	1374959	
0.3831	0.9102		29493	27334	36650	27021	30162	36750	37878	28377	36867	37087		1359168	1160421	1545413	1196987	1267824	1574726	1321652	1275920	1471841	1453799	
