10	11	
0.5334	0.9025		50115	56684	43548	49217	43601	51254	34540	52969	40130	39635		1533076	1530509	1369030	1388400	1339147	1745137	1258934	1423836	1387569	1395416	
0.6644	0.4168		35488	33256	33181	47449	28656	38966	27592	39910	30890	30383		1434165	1179019	1314522	1338167	1212980	1332560	1017751	1349641	1056406	1110653	
0.9828	0.684		44767	45954	65618	45880	58234	59844	54073	39419	45863	49721		1290031	1308338	1466986	1229933	1517916	1381132	1431512	1283545	1117407	1366898	
0.1429	0.4302		25947	29495	23846	32896	27529	23829	22836	27595	20062	25040		1410058	1410203	1372097	1722283	1405343	1334753	1378350	1281074	1222992	1227886	
0.8915	0.5856		53649	58188	41547	54227	45156	54100	54367	38549	52410	47332		1423223	1384706	1276589	1608933	1584681	1509267	1679538	1318437	1343222	1639462	
0.9378	0.3427		34996	37465	40880	49819	43293	58367	42295	54289	39424	53035		1236324	1370966	1384147	1312603	1243600	1474567	1294589	1607957	1207898	1290396	
0.8968	0.7298		44886	41883	41269	49124	57954	36675	42959	46289	47685	39060		1463915	1693551	1449923	1538380	1588419	1203219	1436459	1551093	1572320	1125148	
0.9485	0.1452		28031	35132	33828	30615	29801	32100	38463	35981	30566	35992		1025715	981458	1197574	1006778	979827	1043558	1150074	1184003	1103440	1108094	
0.2393	0.2329		27633	19979	20794	22410	25876	26808	19843	28046	26608	26335		1375815	1116685	1104778	1258597	1326663	1257394	1305730	1217071	1300129	1526727	
0.8295	0.9869		43609	57188	46871	42919	60950	48835	46625	59398	43627	49693		1380227	1159570	1192722	1239160	1418953	1287729	1368384	1273277	1237622	1376987	
0.6702	0.4841		54284	45308	46936	38088	44458	33456	47103	33981	48115	45855		1538640	1500307	1391326	1532881	1382852	1331947	1508098	1267466	1461092	1551824	
0.6942	0.5189		41026	38614	40134	30950	31304	46895	29460	38716	40015	44563		1284716	1228466	1417724	1042891	1021999	1386707	1039339	1222140	1178890	1294796	
0.5676	0.588		34670	31448	31543	47112	31836	34164	37331	38657	42509	28034		1537494	1527758	1238763	1403123	1249655	1481114	1396757	1408936	1257656	1328119	
0.5055	0.8024		29566	47622	47473	32243	35126	33576	41619	40894	34828	33874		1408861	1487661	1480161	1119281	1337789	1059622	1251768	1298760	1428745	1340800	
0.5112	0.2721		27211	41292	30078	35190	26381	24063	30322	30295	30578	30555		1172825	1489985	1295905	1501560	1499670	1001344	1329540	1212321	1282666	1234657	
0.3921	0.7982		38739	34641	50197	35236	44144	28412	38500	44235	38126	45339		1572642	1252963	1341823	1278628	1529205	1175780	1380629	1378501	1452988	1280951	
0.1246	0.5288		38037	38744	24304	24803	30181	24119	26911	23780	36260	27901		1592699	1593513	1368556	1361463	1467895	1393794	1467570	1315438	1371535	1220347	
0.8852	0.674		45433	41959	36872	38278	50362	52769	42924	42810	53333	33926		1421068	1234699	1106506	1180439	1319991	1289896	1153749	1475841	1504802	1056795	
0.3009	0.4538		23600	23637	23604	29689	25778	34143	32066	41872	21961	36296		1227905	1151843	1271591	1246264	1272912	1326977	1346595	1611657	1187727	1222618	
0.9798	0.5674		46331	38521	46457	42587	44334	57101	48273	44057	60255	56116		1669306	1338126	1511154	1362384	1447302	1478103	1283597	1321479	1380570	1506619	
0.1429	0.5121		63683	24532	38096	24685	24872	36235	24636	27242	22485	21288		1699277	1343429	1521942	1218614	1373284	1301467	1289106	1298005	1170950	1086457	
0.3857	0.5273		39680	31358	41824	45992	28659	31551	32163	28551	42618	36053		1444836	1475901	1347860	1235523	1179999	1244583	1386382	1195236	1278978	1315868	
0.7233	0.7457		37160	39405	37014	42819	34413	32947	34071	56843	37483	40308		1220212	1270590	1570535	1368453	1187638	1126195	1214969	1353876	1302525	1288396	
0.6862	0.2608		36193	46091	41403	33386	32740	32928	28572	36335	30675	41234		1368134	1447885	1529857	1340088	1365637	1329870	1204881	1303858	1387535	1255074	
0.5812	0.5842		47168	49625	47304	39070	30971	27320	37176	30411	31319	35947		1505077	1530069	1281361	1765903	1191330	1076401	1237987	1219514	1148132	1480835	
0.0729	0.9075		63709	45023	29228	44168	32354	33862	34950	21197	33312	29661		1686585	1405331	2166333	1505240	1389539	1687508	1766446	2340638	1629677	1285272	
0.256	0.8617		45834	40769	43863	43382	29860	21211	29521	27064	29647	38005		1450212	1252859	1345372	1571843	1217880	1088387	1226983	1161410	1577809	2008843	
0.3018	0.8771		31033	53095	37823	48923	43928	44489	35488	31160	38694	82664		2000551	2029084	2135702	2040048	2276354	2348513	1152771	1168165	2276820	1849542	
0.3002	0.206		59528	28099	24730	25877	51369	35908	26698	22853	23002	23005		1848059	1466263	1390254	1395563	1508589	1456696	1372512	1361564	1289677	1463456	
0.8842	0.6056		37802	37205	35637	44058	41386	36321	61163	46286	43254	46569		1574879	1213972	1086098	1360759	1481064	1323508	1650511	1436826	1430651	1507554	
0.4271	0.9968		38833	33643	43958	51773	34392	47459	48998	40253	52659	41783		1441681	1317618	1283872	1433321	1063249	1290423	1225633	1211446	1267058	1189687	
0.4698	0.5996		49635	45395	34571	45965	50301	44722	33751	54024	30784	38361		1622857	1615218	1279156	1279476	1460286	1456546	1426748	1663170	1269773	1381923	
0.8484	0.6458		68679	57987	42121	60271	67671	54313	48194	55644	44104	51542		1578767	1676972	1349588	1423390	1625292	1689303	1645174	1426749	1507784	1247505	
0.9481	0.316		54574	48937	33191	35021	41502	35910	55183	45431	50794	46026		2126776	1571849	1121177	1442886	1618960	1529470	1537678	1331730	1558591	1488088	
0.2814	0.769		32762	28456	32945	43320	33845	55862	38384	40389	28713	36045		1364980	1880741	2243332	2435938	1400833	2439309	1858646	1503621	1371533	1429283	
0.4679	0.356		49950	33625	29931	27449	31422	26695	30317	28723	38189	61475		1743620	1649146	1235829	2019303	1636856	1647762	1458746	1587838	1482317	2618985	
0.6248	0.7654		78135	49170	35193	45839	47957	32126	32800	39649	36224	38257		1487118	1758868	1365081	1148673	1036024	1014002	1226603	1217447	1526497	1254923	
0.8129	0.2832		41415	47259	42514	32617	32163	32403	35170	40857	32579	41515		1259225	1250955	1322749	1249534	994822	1207348	1230820	1302980	1492268	1346983	
0.8821	0.6037		69831	41545	45652	56019	39350	41245	38897	37034	38091	47452		1665559	1312134	1402958	1453637	1268801	1296437	1199008	1040584	1243466	1486101	
0.3512	0.7338		43123	36203	31256	34478	44955	41798	119194	35052	29758	51065		1533154	1295736	2307714	1663044	1654471	1968997	1799027	1333044	1185015	1201365	
0.5547	0.2287		30635	30529	25814	31298	43234	28348	27129	27760	28119	44467		1571675	1366771	1385897	1365022	1519594	1308217	1245408	1328861	1130120	1537414	
0.9486	0.8922		60778	47911	43585	52185	63549	56127	65979	44833	43774	44198		1315760	1310102	1374947	1449745	1734703	2064621	1715767	1568059	1220204	1521052	
0.4388	0.7811		36995	30724	38908	48598	28370	48454	36628	52573	29646	32575		1255886	1387913	1475574	1398833	1056714	1327334	1466874	1756056	1206776	1173320	
0.3787	0.3146		42594	55120	26849	32581	26655	32117	29244	32382	38593	23367		1278452	1859380	1519029	1282716	1743850	1572298	1509134	1481111	1532169	1191240	
0.5961	0.0952		33821	37217	34770	29401	39648	27645	25716	26363	33509	27389		1409874	1498271	1638383	1588360	1691869	1330306	1162483	1176831	1293354	1336490	
0.442	0.7776		53312	33621	48218	31643	33107	42461	38646	42931	36111	36590		1750369	1498981	1706904	1203153	1393955	1357301	1815376	1156139	1328231	1503659	
0.9439	0.9147		41365	49994	52997	52154	47707	62355	52462	39506	46909	59966		1148770	1385537	1478412	1463417	1492844	1581014	1553024	1161323	1249524	1455840	
0.3751	0.2507		25613	57469	23893	27811	95907	25526	26672	38207	34701	28001		1283779	1449906	992675	1306428	1454035	1146816	1246033	1434843	1152779	1232355	
0.7433	0.1784		28085	37547	45114	27687	28581	45010	37877	28203	37166	42333		1161307	1309739	1226703	1268772	1345976	1512051	1373917	1257346	1434359	1404070	
0.1647	0.2842		35786	26050	38208	39212	31049	24215	21499	25329	24163	24893		1498679	1396253	1450634	1445497	1578165	1415504	1111896	1140282	1192537	1180494	
0.5547	0.0977		29323	29455	38949	39451	38195	26276	27855	35201	28334	33616		1437264	1334808	1613285	1524782	1867609	1583174	1305368	1160028	1450212	1543913	
0.4915	0.941		37783	48227	46394	33913	42691	43408	44273	32650	38148	34355		1452547	1357099	1382510	1103215	1269971	1454629	1262880	1072495	1195845	1261340	
0.561	0.228		41337	23483	23764	27004	27103	46256	26511	28768	28339	34680		1413592	1300732	1008951	1200381	1243001	1482056	1199707	1407131	1586859	1468147	
0.2075	0.24		22273	23137	22545	23172	19840	34658	24840	27571	36644	30335		1201561	1267777	1395905	1175070	1183978	1322302	1087722	1266921	1540789	1357267	
0.5846	0.8633		48016	53005	42624	36334	37421	37360	39656	38933	54179	50157		1941457	1843329	1354319	1313872	1356027	1305936	1372281	1585393	1507966	1437163	
0.8404	0.9746		59618	50717	76366	44288	59272	78568	55469	64570	108533	73213		1902707	1769825	1743560	1499805	1409666	1787642	1341168	1495753	1380896	1281329	
0.0815	0.0974		26933	15782	28766	21406	23118	25157	19672	17519	19645	31162		1392236	1612085	1812518	1374434	1343890	1461267	1106774	1081330	1428416	1502389	
0.3324	0.9126		40272	50026	38715	32177	33202	43871	35038	50436	40531	46611		1264654	1248023	1221778	1178705	1134518	1250568	1310551	1463750	1368242	1420037	
0.9114	0.3417		30508	46313	36809	30556	50377	38302	40839	51666	57030	33106		1498994	1386055	1262878	1237915	1182351	1526714	1325489	1587978	1333034	1038447	
0.9387	0.877		52946	62817	51888	44789	45314	123265	54246	56587	59624	52029		1407128	1366709	1847360	1305916	1640835	2436793	1448858	1504609	1163975	1453678	
0.5906	0.5152		33525	39197	61716	35455	33518	46080	44471	38684	38711	36082		1355502	1385146	1347970	1331391	1405815	1404985	1638295	1345503	1284792	1341661	
0.1609	0.2177		36078	28244	38964	21608	22024	22722	35770	28508	21481	25167		1875285	1317360	1513921	1390835	1207137	1330383	1425691	1654460	1217084	1449658	
0.0902	0.4961		50364	25833	27575	24582	24453	25846	33839	24516	36903	36789		1764517	1366349	1210089	1308044	1361461	1294216	1363803	1657443	1438697	1568051	
0.0519	0.9322		28519	42353	31943	28240	25503	44768	24003	26273	28974	34831		1437179	1415086	1559099	1496462	1282939	1520677	1418437	1277369	1300765	1181202	
0.6872	0.561		38705	31270	34487	40895	49756	39871	54332	42398	41968	56411		1349055	1130820	1534233	1631676	1631628	1367632	1750356	1538228	1591402	1462109	
0.3137	0.7423		31354	34019	28844	40835	42116	32071	35782	40082	32953	36923		1481528	1259573	1266360	1270963	1502862	1687123	1238965	1217829	1371763	1356628	
0.9771	0.2014		57874	44374	33170	46179	39656	42439	42802	33066	47702	30754		1407667	1468197	1390274	1446400	1388368	1315698	1237047	1332216	1520772	1056592	
0.2419	0.3978		39078	25408	25241	23913	29836	25643	25589	24308	32859	30915		1540881	1171933	1024152	1110056	1452129	1293283	1172271	1141937	1363535	1220105	
0.9627	0.3214		43000	52077	50947	39291	38361	42449	35091	30919	46602	36058		1244495	1758526	1429489	1670385	1354092	1367149	1081894	1213765	1353774	1453163	
0.5607	0.3199		75826	45101	34253	24633	32675	35414	28957	48774	24383	41749		1590055	1253219	1282342	1069375	1151733	1374622	1515014	1329041	1243336	1550674	
0.0679	0.2635		25336	23788	17190	20902	23721	22880	25022	28497	18332	22299		1315835	1246099	1089114	1129442	1300572	1319944	1421401	1460500	1178914	1157031	
0.9888	0.9577		59954	49387	59882	48720	43132	61661	62254	52154	52354	53499		1625675	1263572	1499208	1485516	1302041	1430200	1572544	1361414	1604183	1550470	
0.8175	0.0881		30155	30504	28287	39734	36731	25052	25052	38849	31753	32537		1291894	1199899	1172057	1251715	1250953	1111794	1359925	1246329	1207821	1405972	
0.0795	0.2353		25967	24566	23736	23854	27454	22114	21079	21914	22596	30107		1256078	1430639	1262835	1421266	1301252	1168627	1100542	1293761	1215687	1182996	
0.6383	0.7953		40058	38778	38942	37010	37784	37546	41298	45081	36526	36961		1639372	1421518	1299813	1268878	1223528	1321683	1282407	1253093	1220391	1243631	
0.2912	0.9845		46420	32714	27555	30482	39855	28646	28576	33931	46671	39952		1350715	1304508	1080608	1215665	1206428	1062961	999413	1284132	1483956	1424789	
0.8434	0.5332		38671	40924	48797	42288	37261	37416	42938	38961	33679	44489		1405113	1345192	1437500	1295795	1359795	1353178	1260108	1211684	1223526	1552880	
0.5592	0.99		39555	52868	31802	44158	36671	44478	38193	38119	38525	32759		1394827	1177038	992943	1301523	1561709	1460852	1425347	1236892	1407205	1113239	
0.3802	0.9976		34300	36908	49858	33399	48135	37588	37710	33392	41428	33286		1168468	1406356	1152980	1209863	1482872	1209481	1188932	1166130	1330428	1161180	
0.8582	0.15		40541	32078	45402	35986	35682	47686	46411	31426	29015	32694		1252110	1272142	1381187	1429521	1369873	1115801	1426125	1140910	1047008	1039944	
0.2178	0.1953		33260	21579	21861	25477	25903	28527	27423	23161	35411	36639		1319388	1150725	1321192	1204772	1398548	1354924	1544722	1421493	1337200	1393934	
0.7284	0.1747		27657	56242	35786	32111	39006	31343	40401	42623	25892	38545		1427790	1501222	1527919	1339709	1351798	1274850	1417766	1596618	1076711	1233711	
0.9582	0.1714		33422	37140	34744	42965	43731	30360	30566	39610	42310	38763		1509127	1533542	1376434	1518983	1424819	1273194	1182779	1424437	1412167	1423262	
0.8472	0.0534		28783	45969	30582	26456	43987	34903	30952	39713	31649	28467		1190247	1522036	1249053	1063759	1358348	1313274	1257826	1317802	1297048	1257313	
0.7391	0.9084		57548	55834	43813	47344	41071	45137	35927	46249	44689	59942		1648033	1539314	1497229	1394277	1401668	1287369	1273050	1378596	1424528	1721590	
0.5803	0.8168		31918	67533	38569	36170	50329	33567	35150	38101	49848	44089		1030667	1327177	1267895	1449105	1567294	1075837	1475547	1417809	1347079	1250461	
0.3643	0.0626		25417	28957	35546	30520	34370	29463	39891	37303	33103	25575		1262045	1353892	1611584	1273582	1335458	1523831	1507174	1497332	1416498	1177583	
0.2667	0.4366		28477	28625	25311	36256	24407	26816	46027	39735	35276	37890		1233034	1385694	1183358	1179656	1390037	1354865	1537072	1602818	1517422	1353046	
0.6235	0.8429		37085	50553	50456	39181	42807	52520	47742	40670	41180	36000		1146053	1223342	1461487	1148579	1507992	1559421	1515691	1289329	1329847	1219759	
0.1111	0.8698		44107	60666	30050	27119	32760	30241	37173	39570	29558	25317		1572717	1394299	1309472	1175132	1159593	1288908	1425261	1435961	1306385	1179859	
0.1346	0.7884		27250	24676	22986	22444	34041	37464	26228	26469	30205	29487		1315267	1149784	1026988	1057158	1331294	1480271	1100597	1364929	1276862	1268127	
0.3297	0.7047		33634	32225	38789	38763	30302	29801	31233	44635	33215	45436		1381500	1248956	1573265	1401017	1098052	1133086	1202855	1446158	1273643	1359458	
0.1878	0.5991		33368	26213	27100	27335	31043	21606	39900	39339	39400	28735		1386571	1332522	1303850	1250622	1370604	1206998	1329049	1539803	1321118	1404492	
0.9992	0.078		37717	41453	39316	30526	41201	29345	41333	47299	29884	37052		1399053	1296482	1440058	1577475	1345623	1230419	1575342	1309106	1158757	1073393	
0.7215	0.3468		39126	47744	62533	46153	32305	37665	46561	31008	34210	42041		1443358	1637915	1714944	1459701	1131171	1252139	1156008	1311610	1176130	1088922	
0.5954	0.2609		43372	38411	34513	41666	34561	28558	33525	28994	32939	27307		1708739	1361277	1339561	1578458	1518914	1262603	1545062	1255987	1248937	1151427	
0.367	0.9301		33363	52293	54148	38004	46194	47242	30740	39417	36294	35393		1160381	1435568	1354648	1261308	1663780	1245387	1081991	1659704	1321284	1295170	
0.2051	0.7301		41955	28006	26541	26554	44186	28762	26170	32228	32323	22766		1503882	1253627	1285377	1239321	1297118	1269799	1146168	1239033	1259548	983930	
0.6231	0.3552		34877	31439	32405	49409	33284	30006	31541	45638	44552	29280		1486168	1265016	1325081	1687645	1292338	1258438	1405846	1658067	1650161	1172730	
0.2665	0.9735		28088	32846	42301	32965	34470	37316	33649	33055	43827	31727		1215101	1230891	1566929	1253440	1569211	1482045	1187157	1280082	1282094	1366889	
0.4144	0.1568		32963	28912	34949	26965	22110	37629	26684	25338	28466	23960		1533592	1331405	1551136	1360893	1149836	1453590	1325784	1169553	1291468	1189721	
0.8508	0.7827		42879	45898	55171	40094	65213	46493	47808	49043	47055	36071		1169095	1357552	1475702	1060064	1453065	1212045	1424013	1245488	1496964	1152645	
0.0592	0.8022		21173	29961	26681	21079	27374	27150	29388	31509	20608	24403		1212064	1355675	1226827	1047372	1119769	1274670	1238534	1396211	1212433	1267751	
0.6084	0.6173		30261	34853	45976	43232	31859	34201	33103	25023	23164	33460		1000451	1445105	1124001	1316450	1107899	1087149	1457518	847535	1130291	1173371	
0.8894	0.8666		46445	47262	42509	46781	54084	42889	46003	47129	49298	57577		1314002	1323420	1558654	1271608	1368021	1132628	1287415	1196976	1447221	1614064	
0.5389	0.0984		26669	24396	32699	31961	28508	24889	37865	28984	32739	36480		1245803	1070641	1259903	1242958	1161000	1219072	1578463	1224162	1169477	1248785	
0.5395	0.7723		38859	37550	40663	33337	30433	36234	41681	33804	42246	32038		1226479	1285204	1359491	1251155	1161808	1374709	1273755	1286232	1324128	1220455	
0.4347	0.973		39619	49396	39428	48358	38066	36002	37122	48007	40126	32591		1483563	1670613	1288460	1465817	1454875	1221136	1185268	1190975	1272733	1438874	
0.4805	0.3054		30626	25559	29005	27383	30184	40162	32657	43643	33952	40928		1026698	1181451	1268124	1166119	1214740	1485945	1486078	1294120	1223051	1451269	
0.3725	0.404		34233	29573	31546	28935	27268	38987	35475	23701	27285	34891		1248135	1341839	1167923	1270660	1130361	1318357	1391577	1199466	1371063	1438476	
0.4423	0.0698		27394	28041	30457	26386	29394	26978	23697	23150	32922	20516		1347696	1527051	1214838	1492792	1302997	1202101	1106113	1143004	1202653	1165796	
0.7836	0.558		39631	37071	31061	37965	34679	41757	36881	39981	52934	39313		1435773	1216221	1131681	1226698	1153939	1391871	1328625	1246797	1634051	1377402	
0.4956	0.1558		29297	36671	29867	24754	39212	24976	28120	25110	33457	33908		1213121	1622805	1263848	1265205	1633439	1448041	1287478	1203488	1268562	1286067	
0.6845	0.9186		35702	44587	35184	43264	40147	42074	53469	39446	38861	38756		1133294	1479411	1244637	1142426	1252674	1255178	1417825	1255357	1177662	1200437	
0.7502	0.335		34714	30755	27899	32174	27776	39527	33727	44935	33742	33673		1456536	1425541	1222263	1191053	1135084	1385362	1240038	1384101	1260474	1305852	
0.1653	0.1425		24386	32981	25261	33042	22626	26888	24016	18350	29372	29585		1376572	1657147	1420675	1402005	1203030	1347302	1239424	1390315	1320381	1368859	
0.3896	0.614		44613	30985	32668	40802	45135	33679	32531	32823	48183	41870		1633215	1184980	1147806	1313291	1195533	1224252	1454919	1238420	1335641	1288153	
0.2405	0.3524		22030	23609	38731	32132	24634	23958	31548	31924	30660	27326		1242607	1475066	1426633	1286611	1160448	1149159	1379964	1444231	1337532	1617323	
0.1429	0.8936		31831	27568	32347	27964	36137	41928	39730	38088	33993	39306		1461634	1295486	1281377	1215460	1403457	1359265	1428254	1318403	1355363	1370307	
0.6427	0.8527		45280	39380	41944	41283	37534	49828	51287	41722	37715	45073		1305364	1246060	1295558	1324947	1285100	1542582	1421009	1520621	1244304	1596634	
0.1931	0.6029		38400	39906	28529	27981	37622	30466	32774	33714	31442	25252		1517539	1373372	1517332	1186214	1300495	1095151	1343505	1420478	1398013	1162049	
0.7285	0.7792		35880	43073	37744	33991	56080	42519	41526	37836	51358	38043		1229947	1541888	1295199	1093245	1272834	1334884	1304020	1294748	1439094	1245244	
0.7551	0.1387		34687	32010	30565	37002	30692	39634	35541	47138	30167	40631		1375035	1318516	1255842	1369181	1235332	1293586	1379798	1516662	1330028	1366734	
0.7425	0.2299		42173	43161	29860	35491	42468	29498	28193	40950	35597	28173		1621990	1286179	1178100	1238243	1260777	1279202	1273600	1286188	1189590	1076643	
0.1894	0.4509		27375	26927	37693	30031	36479	29933	29555	42688	28258	33989		1332332	1235916	1571155	1612777	1442939	1282473	1298974	1555736	1549095	1480663	
0.4804	0.17		25448	25861	25375	27525	37627	31179	24279	28321	24050	21509		1264898	1403994	1114134	1339505	1280138	1312963	1146828	1285630	1094936	1067635	
0.73	0.7743		39993	41403	51927	56848	51714	38309	48663	36665	36627	33514		1303201	1240613	1369502	1538237	1711976	1186544	1161040	1317092	1224083	1153366	
0.4708	0.3632		34888	28158	24580	30318	44187	27252	28640	35450	32320	28605		1231563	1248929	1061534	1226046	1346676	1267331	1048234	1103583	1200699	1169093	
0.8016	0.8536		72017	70233	39332	41348	42354	42298	49154	48561	59493	43625		1411382	1594716	1109145	1117582	1246060	1207636	1292242	1275446	1624846	1456473	
0.1651	0.1868		24767	41463	25006	22751	24108	34447	26517	22226	27420	26870		1423734	1462291	1443933	1204850	1175865	1345519	1264180	1231383	1359562	1180588	
0.7248	0.9414		47899	58804	39876	39966	60799	51465	35654	43276	39731	36978		1644199	1609000	1202417	1259300	1500088	1466155	1131415	1275368	1168915	1041310	
0.7278	0.309		37769	34406	43780	43913	41009	40569	32107	25746	28978	36178		1168597	1388783	1497726	1543464	1155980	1208623	1236069	1006124	1243801	1190832	
0.999	0.1158		34814	30695	26407	27778	27238	41581	32549	32218	33317	40163		1226885	1226729	1169285	1058035	1083985	1232226	1290747	1285847	1200007	1297991	
0.5171	0.0783		24571	24052	36365	35982	31029	21745	32445	35754	28546	37460		1433740	1022568	1472944	1426299	1148793	1230654	1401263	1237886	1211564	1413809	
0.9827	0.4853		47369	43227	55256	38736	31617	36389	39359	37590	52799	47359		1439469	1416670	1507067	1248366	1003245	1151019	1343093	1367504	1709599	1264709	
0.4364	0.3681		34833	30485	41639	41583	29064	38355	40431	32980	48115	44009		1439150	1273627	1656841	1725776	1554340	1447261	1663166	1340498	1506843	1186348	
0.8817	0.7882		47004	39961	36726	56989	35997	54355	45363	38095	57177	44915		1389565	1215505	1240681	1556497	1149973	1575999	1458665	1418460	1609254	1396446	
0.3719	0.309		34044	32248	27641	35432	36951	37161	35876	38713	40415	29739		1303241	1283692	1407417	1240540	1423214	1605581	1273550	1382764	1693723	1277887	
0.1885	0.8297		33780	32246	27687	31769	38606	28858	42665	35283	30574	32416		1578545	1493936	1235655	1379240	1370444	1300250	1473083	1247857	1250621	1212563	
0.1137	0.7178		37746	34565	27724	28120	20845	36139	27877	25846	27640	33721		1532708	1528504	1148056	1036010	1095479	1168577	1146909	1204627	1141537	1190412	
0.6306	0.2864		41428	44434	28871	29678	31879	37694	32156	29859	31364	37843		1676319	1334982	1196151	1225426	1291126	1387786	1098473	1209432	1365446	1301466	
0.4874	0.8304		33187	47226	32231	61955	36618	32992	54801	34433	44015	47090		1214330	1432642	1326491	1586228	1111799	1171283	1182933	1132471	1561095	1361006	
0.6634	0.3954		45747	45385	26429	46600	31241	33552	37195	43070	35142	29813		1494305	1498472	1170259	1315608	1281417	1343422	1408917	1416902	1331760	1216591	
0.8883	0.8355		51125	57037	46268	59747	50678	41943	57827	58806	54706	41584		1634595	1685434	1200580	1203369	1183422	1294793	1342730	1633417	1312124	1173700	
0.1113	0.3111		23544	35202	19986	29106	21689	23573	24748	19320	23394	35841		1481720	1551633	1259702	1362193	1063889	1171886	1213611	1189305	1206654	1550742	
0.6394	0.9901		55981	57489	50165	38426	39393	42819	35862	57347	43362	48313		1638587	1575054	1349117	1143478	1263533	1152642	1160195	1496125	1401868	1350167	
0.1854	0.478		25330	29063	21915	25477	26413	34597	38647	20961	43168	37878		1254466	1501697	1518714	1391822	1219341	1562988	1616721	1519205	1276954	1585244	
0.2088	0.3718		30227	37764	26837	26391	25779	22289	32748	30621	23553	24424		1545821	1483869	1309411	1404490	1280097	1232499	1477524	1455735	1207859	1195340	
0.6495	0.1383		31362	28994	30001	26176	23902	26906	34175	35118	54117	30371		1503543	1423794	1558110	1214926	1215148	1273581	1256207	1339308	1471585	1309616	
0.2832	0.6622		28561	38116	31137	43182	27825	31711	31478	36017	43719	30902		1154434	1380783	1374881	1549734	1322986	1269251	1422625	1684081	1524673	1323586	
0.4412	0.8449		37146	55602	40952	36380	48464	42038	41367	39917	31575	39167		1418512	1538424	1397705	1309816	1515604	1270394	1549979	1367090	1196309	1196081	
0.3503	0.2976		37835	34592	42306	28645	28293	25338	28345	24299	38662	29261		1521651	1362166	1267082	1143238	1238001	1105691	1224298	1249002	1572611	1329292	
0.6269	0.1275		29227	45475	29963	30050	29547	35143	29781	30188	29938	32559		1216399	1704428	1241269	1280341	1247600	1285763	1317788	1272569	1238773	1361651	
0.7608	0.1923		33534	29178	42380	35629	43877	32581	40050	29453	41426	39983		1327972	1288504	1527501	1203089	1474722	1513654	1303083	1398627	1413911	1463296	
0.4687	0.8832		37347	48071	34752	47521	44183	33310	36373	45746	40134	33948		1408626	1526871	1212840	1633246	1517366	1065096	1349507	1463161	1334395	1183264	
0.8148	0.9154		57314	56507	66666	54293	47362	46025	58443	57074	42864	45635		1743514	1332902	1543065	1326043	1503863	1400860	1541520	1279505	1311585	1537182	
0.8143	0.1851		40709	37342	38291	41279	28331	38134	41463	29612	27323	25991		1535656	1426236	1423428	1251327	1363258	1364093	1328297	1254730	1074375	1186063	
0.4371	0.2794		26181	35170	25850	28472	25323	25910	28457	29047	32356	32224		1178053	1227712	1130405	1115918	1121928	1190635	1289211	1195917	1316653	1307222	
0.6529	0.4821		32599	44156	33698	38457	32635	30678	44333	39736	41804	27869		1234532	1495566	1194414	1124591	1213889	1161040	1527530	1222390	1247322	1406499	
0.7315	0.5583		35128	38311	34816	42931	37768	35353	42666	50108	49922	37743		1383174	1213650	1233399	1226141	1588769	1332039	1196554	1642677	1651199	1550673	
0.9561	0.5813		51027	54904	42843	41460	34537	38630	37893	51111	35507	53379		1400690	1327162	1485861	1225916	1134443	1288429	1138428	1159993	1374469	1330277	
0.621	0.6852		42002	68361	35979	37173	34745	38870	30412	39715	33959	41924		1510943	1652060	1282132	1199334	1212608	1268295	1139037	1237510	1144543	1502276	
0.9406	0.6165		47724	47284	49122	40703	56415	41928	54373	47097	57648	55543		1386890	1493534	1518183	1348765	1570571	1280048	1651809	1607028	1631128	1632611	
0.7707	0.6894		41091	53627	51174	49424	54435	43272	54256	41096	36593	53438		1480422	1545371	1484229	1787198	1679450	1374345	1298587	1272749	1160556	1176763	
0.3908	0.1224		30731	27681	30150	32310	25069	24750	24538	31350	39562	24217		1284903	1498638	1286007	1290297	1254640	1182296	1157722	1493835	1444287	1323285	
0.8834	0.3284		41079	37446	34472	51251	52464	40105	41155	43298	37764	33491		1358913	1325385	1172669	1337177	1512739	1487609	1241417	1364404	1279306	1224484	
0.3051	0.8816		37662	31496	42097	35601	57890	48970	31754	50980	36202	35832		1397030	1445522	1556034	1413905	1606498	1689708	1414892	1583028	1370751	1508388	
0.2593	0.2895		39298	24073	37725	25946	25895	33292	22780	22173	26203	35077		1525103	1159226	1411354	1198630	1145438	1337646	1183702	1122404	1180141	1496478	
0.9702	0.4487		40691	37160	55230	36912	84988	31171	45550	36840	35725	35817		1243597	1271334	1357120	1392073	1657684	1453767	1386426	1491036	1263217	1400549	
0.9993	0.6526		38442	62797	56072	54396	42352	41227	53572	67478	51726	51050		1322808	1480207	1391722	1367292	1250465	1345361	1509840	1477652	1324329	1581468	
0.0646	0.5149		21678	24537	38261	27319	25914	22592	23814	24371	32464	19592		1432016	1460020	1625971	1492562	1343717	1450800	1379546	1424930	1263293	1054923	
0.7562	0.5288		37379	50172	30073	36347	34580	33747	50485	41597	34530	31078		1473150	1460019	1289194	1402263	1267972	1503112	1438978	1280262	1263689	1301629	
0.9994	0.0968		30573	40298	34220	40456	34575	44973	39734	45129	31938	34720		1291681	1274148	1404405	1263603	1129138	1421243	1274907	1466930	1110407	1122007	
0.2967	0.4394		30683	21825	30100	25324	27620	25231	38082	27876	21640	23375		1144362	1098468	1213366	1386862	1217311	1194819	1639506	1354777	1015683	1094936	
0.3082	0.4604		29044	41132	32520	27020	40691	33853	24740	30785	31404	28728		1472345	1398646	1348063	1220734	1594464	1584458	1312929	1255678	1231822	1300035	
0.5508	0.629		32755	33958	37529	40526	46933	37732	47038	38395	34367	37856		1225817	1351852	1336139	1323982	1361783	1419799	1284480	1304500	1262119	1315703	
0.4138	0.4978		29784	39015	40532	41447	43349	31255	35051	30296	39908	40923		1437243	1570434	1540372	1427820	1228316	1428883	1659425	1242506	1358494	1534320	
0.3366	0.3217		31105	30787	28650	22306	26322	27633	26755	37049	31487	40245		1299131	1283303	1241948	1203959	1369159	1252282	1344325	1546969	1508143	1626045	
0.3575	0.4915		30498	23345	26314	27408	26128	28253	22764	36514	30752	40014		1253222	1081461	985048	1154221	1434173	1033603	926480	1255055	1239841	1583143	
0.5606	0.6981		32131	34527	42009	32344	32822	47235	48303	54810	39716	48535		1159085	1336723	1204624	1105970	1107882	1242281	1437098	1392951	1220260	1278850	
0.2542	0.7517		47338	43416	34599	35769	25938	28616	31177	33394	28602	27199		1584980	1704314	1378599	1376407	1228590	1272811	1247628	1221533	1124816	1196512	
0.3786	0.9086		46706	39050	46566	35647	32021	35438	32891	42506	38046	31137		1658758	1438143	1503542	1265032	1128962	1204316	1170417	1442213	1190765	1118822	
0.3288	0.0556		33366	21078	31518	26602	25095	23226	26072	19958	19643	24245		1258022	1336488	1360165	1317610	1291326	1363128	1257891	1210204	1132219	1295537	
0.5536	0.252		42592	42262	28620	41780	29094	30668	40682	33556	30106	34399		1413151	1630478	1210715	1445572	1220654	1380778	1474366	1343907	1227231	1356324	
0.3132	0.1213		40040	33512	23348	21101	26834	33465	30417	22121	25669	29449		1418872	1388705	1161630	1134220	1329589	1292596	1233783	1089061	1147512	1388237	
0.5295	0.3768		41044	29377	36734	27982	27112	41686	30706	45790	42158	37233		1727282	1219324	1495135	1310522	1510600	1508640	1341528	1550589	1407223	1576649	
0.3077	0.0701		22959	25208	21500	28435	31661	30324	34628	29297	34387	28350		1329461	1287939	1246283	1359247	1462262	1309845	1395079	1436539	1562896	1346053	
0.9971	0.0688		56041	33381	38996	35638	59260	46382	44480	29865	41781	29421		1619710	1284270	1424328	1572616	1374435	1578085	1443655	1273178	1374691	1185932	
0.783	0.9812		43135	47667	38309	45779	55870	45798	41151	41450	40040	58286		1355100	1250660	967181	1246742	1164385	1103045	1141962	1250425	1320570	1469165	
0.7917	0.0788		52280	41593	35767	28059	27422	28710	31778	30065	37746	46435		1610450	1550820	1383148	1291907	1385966	1298429	1546919	1273173	1539507	1397043	
0.6815	0.1475		39519	31515	28956	31236	30508	27436	31270	32972	33655	37770		1315727	1304600	1013916	1266132	1162389	1106336	1351229	1266671	1155101	1299232	
0.497	0.2541		32674	27200	25099	28135	29184	28419	32972	36341	26451	31861		1234307	1152133	1256479	1220149	1388063	1203439	1469442	1340306	1126653	1261920	
0.1189	0.6903		36179	24084	35361	30343	30042	28059	39083	28575	26270	24840		1577889	1255221	1412653	1352282	1564795	1335782	1653072	1226869	1238372	1257456	
0.8576	0.9697		53037	62226	50968	50664	56422	47283	47033	48798	45246	45856		1509591	1381217	1346791	1342385	1376166	1342737	1431693	1265491	1454151	1547865	
0.4521	0.3188		38112	40945	41289	27132	23343	26739	35051	44994	28804	28946		1427530	1484969	1370306	1249198	1354221	1279231	1233960	1419091	1251041	1441778	
0.5151	0.8397		33353	35301	37690	31724	37133	39524	46787	34482	33486	43894		1351657	1438335	1354386	1486884	1290175	1372427	1573530	1106195	1244223	1275483	
0.7855	0.6433		48591	51707	37606	39923	39557	38367	49090	52136	39527	46193		1316120	1350023	1186046	1208619	1237788	1361344	1409379	1555780	1344859	1286390	
0.5342	0.0653		38166	38767	37278	23436	21301	30453	33122	30299	30818	27612		1238493	1618931	1470727	1208023	1039896	1342712	1498513	1324411	1290220	1262377	
0.1825	0.5281		27883	27684	24191	26318	43148	39872	31022	24746	27367	35531		1394105	1504551	1332737	1233697	1640836	1541811	1707796	1257170	1246335	1480818	
0.567	0.5478		46420	45968	44453	30917	46084	42382	32277	45315	34068	29906		1511986	1478595	1539036	1171149	1373324	1415316	1313508	1591658	1159095	1079426	
0.7923	0.297		31901	31405	46926	31283	35493	32092	30984	31236	31738	32326		1204739	1266776	1241336	1282207	1656763	1157695	1179928	1219566	1198917	1164830	
0.373	0.4363		31730	30604	31890	37091	29071	38722	38464	27444	27410	41760		1439129	1337029	1468095	1385062	1333879	1517453	1570986	1272031	1446203	1631174	
0.3603	0.1347		28640	28766	25140	35072	25512	23835	27552	40359	21313	26521		1308846	1364763	1135406	1348098	1030968	1261883	1221080	1536322	1042910	1235696	
0.9371	0.591		46016	45716	46387	48049	55021	48677	38926	52340	41835	37427		1435490	1382305	1498747	1681267	1761546	1490723	1189306	1458780	1591777	1504071	
0.5697	0.36		30536	32629	42635	29273	41261	29335	55638	31007	44690	47908		1193473	1420165	1279371	1283593	1491229	1213181	1494121	1543237	1425646	1499410	
0.4172	0.8337		47278	34781	40956	38299	39795	28343	37932	37060	28642	39268		1486358	1227126	1677856	1405171	1403007	1265321	1116155	1166278	1237076	1322742	
0.092	0.0529		22110	21663	21117	21441	18213	23327	16919	27161	25704	20016		1459735	1453001	1366383	1198399	1116450	1297428	1370653	1528924	1433164	1303302	
0.9913	0.2606		43432	40263	47687	56720	48513	54717	33470	32224	32761	36169		1376434	1522117	1414346	1583454	1526549	1570658	1365604	1305654	1372125	1396547	
0.6591	0.2444		30991	33837	30732	42664	36592	29026	31178	43590	40216	31488		1227307	1319760	1527201	1644895	1106006	1116488	1306427	1239888	1482552	1476963	
0.2055	0.4567		36931	37775	30040	26539	29696	35691	27010	33381	28124	25769		1715038	1503045	1314735	1220124	1477424	1478927	1412767	1409250	1392295	1311905	
0.6041	0.287		38199	29257	38541	35205	28679	29077	30912	30002	31641	34634		1415703	1256075	1309217	1405501	1159597	1166119	1156841	1177764	1170624	1254221	
0.1925	0.4223		29360	36164	26364	23704	26149	22429	32892	24034	30583	24030		1305278	1308319	1204124	1220554	1428614	1085487	1289667	1252186	1156558	1172628	
0.886	0.1876		44181	45207	27408	36680	27309	30044	27911	28881	31354	34968		1776255	1669853	1249680	1566082	1074627	1037693	1084564	1112920	1198021	1321511	
0.9304	0.2134		31393	26882	38704	30323	33233	32540	39320	49004	38626	34883		996571	1159050	1276588	1030673	1182910	1176124	1121470	1137198	1269749	1183818	
0.8656	0.6567		52619	52021	53900	37032	44529	37825	54529	41266	43141	55373		1411603	1279848	1499355	1106580	1332734	1209893	1608665	1459689	1245332	1314496	
0.328	0.4747		38960	28048	27509	34895	29757	27352	44688	28384	30171	29628		1325289	1295233	1385607	1352859	1134878	1166395	1577236	1285682	1233241	1365741	
0.9018	0.7098		42380	37980	45970	56797	52685	52862	43143	43696	40160	57598		1260012	1525167	1547107	1436818	1598118	1470742	1329927	1336859	1490996	1605633	
0.4717	0.9417		36772	50230	40581	41288	35852	34217	37813	43995	41479	51177		1345480	1579279	1653705	1631610	1233058	1139154	1262880	1266740	1379317	1396661	
0.9648	0.5216		48635	33775	42312	52011	36727	51711	40179	38879	36455	39277		1364789	1176021	1247426	1340517	1131103	1288583	1467633	1180220	1180563	1303743	
0.3964	0.4725		35178	31585	30394	31857	28409	36785	38869	30925	41358	32251		1220941	1346826	1288190	1261344	1293383	1424338	1468393	1539970	1440184	1275922	
0.8116	0.5687		34559	34011	39102	35188	45154	43237	35960	45821	43222	33448		1396176	1209081	1412540	1162955	1573598	1195453	1194587	1281120	1096920	1302523	
0.7094	0.1222		35259	41600	28159	30014	29708	33871	26931	30017	30392	42824		1506023	1328765	1195504	1227239	1150461	1309947	1212126	1250172	1523598	1564798	
0.0815	0.714		21955	29556	23400	31897	36400	26292	32386	24733	29880	28154		1254848	1448963	1185476	1388270	1584810	1278782	1393357	1288350	1234475	1278896	
0.0519	0.6019		28832	26227	33586	22683	22561	38665	22611	24060	36775	26952		1575621	1295997	1423957	1176185	1387980	1644609	1246336	1177600	1584709	1393435	
0.4139	0.7147		30794	55027	32563	31751	30391	37626	44557	36911	44133	43915		1288647	1285790	1150924	1121814	1142278	1286655	1308214	1199731	1504915	1477510	
0.8706	0.4909		34506	57839	38988	50992	42882	36197	39081	47937	30929	51555		1271489	1352114	1506825	1561989	1598216	1389407	1291579	1480950	1254563	1543461	
0.9342	0.6549		37553	62751	72819	43742	42213	45162	54618	45453	47833	40444		1314885	1472499	1519424	1601723	1134825	1198696	1640995	1357404	1362607	1211397	
0.5157	0.4829		42133	47177	44213	31563	40069	42216	42299	39992	26643	29981		1473953	1405063	1728958	1451669	1186896	1382552	1386780	1429368	1143108	1168655	
0.2948	0.1171		23474	27879	19457	35416	36698	21859	18464	35318	35950	30083		1455432	1297165	1362958	1574658	1594264	1041256	1094946	1566617	1352367	1372258	
0.7734	0.9106		38987	46906	39944	47245	39777	36331	55434	44795	60305	42436		1171913	1383383	1112029	1412138	1150666	1166087	1413881	1361857	1339063	1175846	
0.9856	0.214		46970	45273	33240	31055	36120	37161	36433	33179	45654	37588		1581924	1302600	1263758	1240909	1440689	1306518	1425502	1591028	1403501	1259344	
0.5963	0.2955		33352	35461	34668	27833	32064	29144	24725	26768	46610	34397		1152335	1187769	1333078	1224583	1271712	1290331	1074535	1123772	1594685	1306651	
0.3998	0.4773		40911	26781	30022	28710	29630	26490	31146	38613	29930	28636		1680697	1247326	1335284	1422441	1314192	1258744	1262470	1250417	1260070	1305909	
0.6168	0.4544		30829	36074	34672	37912	32492	32121	32088	45343	39858	26786		1475493	1601871	1245592	1357606	1128899	1210844	1332422	1626764	1468193	1115896	
0.9235	0.2469		35212	40768	49545	34536	34817	52217	40228	32005	36264	43506		1241803	1402009	1237677	1294334	1297444	1253384	1396612	1192087	1381170	1360209	
0.4009	0.7477		27428	31535	31585	46818	38479	30708	32264	34713	35594	34083		1285238	1369358	1463562	1605722	1294891	1128131	1243821	1244821	1278961	1215632	
0.6407	0.9208		45948	35993	39803	54918	42197	38520	38310	41122	49377	41084		1580227	1146433	1096059	1446693	1130993	1460178	1226360	1420415	1239427	1250789	
0.1579	0.2701		19088	25158	32265	36033	29443	32365	23343	24198	35870	36093		1154402	1439999	1458383	1583738	1417137	1558018	1336021	1184600	1534236	1320742	
0.1736	0.3906		37691	39962	37013	28779	35388	29575	33205	23812	35176	35899		1407578	1267246	1418572	1266129	1558906	1309797	1253370	1186414	1253342	1677027	
0.9507	0.7553		54525	39960	39326	47574	48727	55479	53959	39497	36228	55956		1770330	1270885	1193813	1222921	1454962	1818170	1352564	1243975	1200625	1611483	
0.9621	0.1157		33912	38019	44008	44780	42944	45631	31612	44537	40823	45394		1252649	1485635	1439286	1579632	1584624	1456905	1175059	1323640	1322114	1444444	
0.181	0.13		35153	20398	24384	29026	34752	27020	27673	21527	18526	20427		1648430	1292870	1282624	1201546	1551035	1310112	1235844	1107997	1159606	1260590	
0.8999	0.1042		33638	46813	46183	38199	37946	44621	34042	32813	52989	43857		1430762	1308828	1608608	1407051	1429812	1243635	1596283	1218020	1505929	1362134	
0.8748	0.2699		31702	52518	35851	39969	39672	49016	48181	48079	44037	32586		1612274	1874673	1320440	1394417	1325713	1669132	1807349	1742549	1182668	1278687	
0.4943	0.1685		28580	28138	24668	32008	31618	38541	29283	39718	27516	34637		1359516	1191848	1292027	1310179	1370506	1501427	1391401	1536007	1305267	1371143	
0.6087	0.6011		36620	46597	47326	43738	32244	32141	40287	47870	46246	43627		1292908	1575240	1309943	1478753	1277256	1321624	1316251	1208276	1805708	1533621	
0.8713	0.8101		61009	48358	57217	54663	44459	45316	45505	45578	54295	42357		1449382	1492927	1458735	1465418	1285453	1334659	1489999	1393960	1605037	1212277	
0.9157	0.1698		32713	39869	49354	33264	36839	42597	41349	43236	44455	31077		1386670	1458617	1553292	1449435	1467212	1616811	1534088	1493905	1335070	1103718	
0.5343	0.5695		32127	40317	52364	31038	36413	36167	38181	29842	32119	30418		1140414	1230515	1132666	1119116	1251687	1129070	1221575	1168337	1142445	1080226	
0.8602	0.1844		39903	32245	32973	38676	32745	30299	38134	37730	32741	32837		1399626	1312942	1528928	1290675	1189245	1124628	1131345	1280368	1347853	1262452	
0.5582	0.511		30380	47842	44259	30150	39861	28452	41691	32933	39715	41798		1222268	1475197	1363688	1193788	1229402	1213931	1262555	1215551	1427244	1495163	
0.3128	0.6681		31026	42811	41431	30479	34132	32471	37543	28638	28933	40263		1448049	1307745	1679365	1230786	1556549	1481540	1344126	1426739	1273383	1595156	
0.3255	0.3738		22780	30147	38019	28218	25210	27091	35058	37911	26925	38527		1234954	1272987	1503525	1181398	1174656	1221612	1268303	1527677	1266282	1377384	
0.9983	0.5242		44246	36057	51749	47413	51769	36679	42540	39713	49708	35233		1239219	1264161	1318419	1433957	1448765	1186298	1247222	1112485	1265895	1207152	
0.3318	0.5745		27696	38518	30257	30395	27822	42937	29979	42226	33635	38038		1173442	1415233	1250735	1157306	1272310	1344864	1658106	1404320	1352169	1350271	
0.2492	0.5163		24962	32168	22051	42407	30633	27726	26477	29173	23307	26075		1157062	1366855	1354457	1411183	1508702	1368903	1219411	1465253	1148782	1282010	
0.0697	0.8435		35588	39510	31673	32677	29232	28173	35590	30155	36831	34039		1408061	1826791	1477213	1392431	1346836	1449585	1618149	1318561	1418492	1222662	
0.0945	0.7568		28240	36210	35380	39204	35866	37196	25532	30463	35769	26427		1394736	1237074	1587522	1734721	1636182	1527253	1236005	1516091	1579956	1343565	
0.4384	0.4673		37401	49046	41631	34512	38894	32061	33883	34723	39794	31141		1391715	1771280	1375177	1409183	1581238	1448779	1355160	1250451	1377349	1193127	
0.8787	0.9465		62521	44095	60165	46440	47202	60399	39451	59264	50132	47820		1381610	1301371	1526207	1455138	1350085	1285931	1202368	1768106	1697607	1340800	
0.0722	0.588		30076	26751	24752	16541	21488	20286	30033	25867	30328	33798		1492226	1325519	1231110	987410	1086476	1035966	1364372	1275121	1497048	1332267	
0.7948	0.3467		48013	63630	37758	42797	33334	35415	33105	29119	32310	28111		1499106	1269565	1315868	1393487	1340650	1140425	1027924	1100651	1336016	1069558	
0.6626	0.9953		42112	53605	53525	39784	43071	38316	42586	47246	34699	40228		1425845	1548078	1676701	1334544	1338954	1105040	1351831	1498827	1210100	1188512	
0.5294	0.6483		34866	53793	52466	36030	34850	35767	47237	43741	35946	33088		1444987	1324295	1344189	1330180	1459495	1271689	1653562	1754792	1394965	1424560	
0.2351	0.3685		35608	36456	22525	34203	30707	27590	27708	31589	26972	34355		1196736	1476617	1218817	1534483	1320714	1267575	1220449	1398744	1216517	1503405	
0.1959	0.8321		30554	27922	30913	30152	27891	24983	25586	35241	29799	47748		1226884	1244494	1347617	1308349	1175469	1126367	1148159	1357471	1278564	1581433	
0.5401	0.3672		31068	42832	35016	29696	34493	41568	24855	37085	26307	24896		1411418	1491860	1366464	1270865	1396496	1364247	1061022	1250593	1076623	1087518	
0.46	0.5471		33305	47831	40151	37687	30209	36034	40224	27372	34759	33370		1635867	1571120	1489924	1322136	1265836	1255679	1220786	973743	1158310	1335541	
0.6299	0.7719		43089	33575	38585	37345	58797	35779	35897	42022	50956	55209		1120711	1231394	1332683	1262432	1453562	1129005	1138816	1273200	1395187	1555154	
0.5576	0.5623		43595	37300	32567	32371	33481	43790	32609	31689	31970	46592		1250574	1145393	1159600	1121741	1340345	1408334	1265770	1148091	1320711	1541039	
0.9396	0.4089		36943	68617	42078	42065	53529	35837	33305	59356	53391	61334		1223755	1266894	1283343	1242043	1195789	1158915	1214433	1268666	1343831	1545039	
0.3342	0.9148		46410	46211	32750	44336	34653	37565	31385	46802	53886	48645		1540328	1427032	1261481	1523743	1495298	1434026	1322419	1545157	1539016	1403679	
0.5539	0.1182		27589	26240	29236	25913	33300	39780	33534	21909	30994	23018		1779742	1260367	1311892	1237024	1618508	1619962	1156808	1017133	1011503	1185152	
0.061	0.288		24132	27217	25888	22891	30682	26585	22941	33528	37520	21414		1471042	1589707	1301687	1523083	1416726	1487898	1394388	1413840	1517660	1431559	
0.4024	0.5386		27123	37443	33237	32040	29062	27541	42933	48954	30316	42897		1146483	1270837	1246063	1331599	1305147	1217472	1379371	1456448	1572722	1475261	
0.823	0.7803		55071	53069	57118	37398	38753	38167	35876	41563	65040	35433		1540417	1445151	1661688	1134420	1031472	1151916	976792	1203768	1315698	1041519	
0.1328	0.1566		33864	20035	24740	27824	32039	20628	26163	17712	18980	25170		1495885	1197321	1514107	1279833	1493916	1190324	1214552	1370926	1273293	1794304	
0.7547	0.8165		45650	60430	49368	60128	45740	39802	36896	46728	39761	42545		1466395	1746303	1454546	1588383	1387105	1134062	1151671	1359916	1490191	1240256	
0.1289	0.453		30129	23547	30101	23478	38354	25283	37364	23884	30227	34763		1452651	1222713	1354683	1371453	1411405	1382772	1572628	1431460	1294573	1142644	
0.8287	0.6664		42974	59938	58339	51626	39912	39274	37428	37889	53092	52682		1109326	1369297	1365555	1427664	1268734	1154093	1121496	1190792	1512522	1420480	
0.612	0.2001		26910	34411	23401	27270	30489	27886	34198	40142	28114	34919		1035496	1140985	997349	1107297	1106555	1069864	1166257	1435711	1082491	1341431	
0.4017	0.7716		30413	28185	34854	51226	43350	36892	33268	28977	28452	27722		1298568	1393983	1263476	1677272	1424841	1478294	1175431	1045131	1077372	1202465	
0.0638	0.9054		25594	42282	24356	29344	25757	31873	37076	40019	27580	25919		1138952	1261117	1183152	1059749	1127987	1413501	1424400	1589222	1269993	1362224	
0.5771	0.8587		37890	51124	42041	32816	48834	47875	56207	38163	41763	50204		1308466	1495036	1476231	1192164	1476168	1165050	1430202	1249922	1299424	1477243	
0.3635	0.5074		35720	40412	34775	41495	26634	29466	44388	31308	26966	43461		1126138	1422213	1359015	1368269	1227202	1372893	1322298	1241566	1310132	1241312	
0.8304	0.7656		36944	54649	37030	38170	40571	55985	34618	34632	51515	47267		1344010	1365175	1360294	1166544	1043539	1574463	1065483	1149550	1316892	1575807	
0.6969	0.8279		52468	44640	40328	53240	42407	41067	49850	52725	38862	44325		1460906	1406175	1376272	1515091	1281077	1255202	1346275	1664793	1472276	1352476	
0.7708	0.233		38795	32971	36831	43381	44008	31048	35552	27640	26376	51777		1323837	1474250	1285293	1348817	1552670	1329562	1330044	1258227	1382966	1240755	
0.6729	0.6161		35104	34749	38009	36143	40361	44042	29589	40828	36590	34373		1128017	1288751	1406702	1154439	1313488	1419083	1114802	1320223	1281101	1158133	
0.9179	0.8348		42922	40229	51146	47205	49106	45853	49470	50709	41560	44930		1242134	1503154	1616855	1336175	1165572	1266861	1179193	1230114	1121597	1277631	
0.0919	0.4484		34313	42836	24059	21370	30120	20684	24546	27918	31555	23560		1497459	1449752	1327817	1085390	1256083	1243015	1293340	1334409	1400547	1317193	
0.6059	0.9217		37496	38751	44315	38805	41266	42926	39941	60792	44169	39105		1336235	1187067	1575635	1254271	1513415	1642580	1297886	1378034	1500470	1474964	
0.8782	0.7022		54719	69639	56289	39198	38606	37430	61898	35905	57517	41556		1522415	1409096	1477271	1195766	1192823	1115414	1104126	1157698	1335313	1216950	
0.7689	0.4637		46486	33139	50445	46299	33648	45107	47805	24446	24405	24560		1475466	1239003	1577197	1374319	1420182	1435137	1616927	877745	852322	1249560	
0.0631	0.0674		25020	15177	22380	20471	21946	21442	20050	22467	28746	33018		1309367	1194735	1304555	1277690	1268819	1277542	1287816	1409848	1336330	1412370	
0.5412	0.4034		44903	47581	49405	44435	35698	39255	27586	35097	33864	34116		1499648	1260442	1669052	1647271	1832998	1668772	1374927	1375064	1302358	1447275	
0.9593	0.2127		30776	61684	41053	46640	39241	43029	48077	36396	39228	33686		1089638	1296099	1415694	1598431	1343768	1298535	1512176	1322060	1348289	1518486	
0.6936	0.5211		40799	33183	40911	46201	47971	35176	31845	31249	27659	28747		1412045	1299799	1393961	1388351	1340015	1313982	1251770	1236111	1028223	1003039	
0.6753	0.9256		52614	65610	35095	53303	39186	38559	49938	46097	50311	50202		1430318	1435545	1405723	1400584	1405162	1237751	1371679	1480735	1382504	1285629	
0.5782	0.6817		46193	49373	35748	34980	35642	35077	41329	41318	58413	47388		1548844	1433033	1275734	1397852	1443420	1291030	1343375	1398294	1592764	1225337	
0.2996	0.2825		23602	40218	21463	29377	28376	30086	27399	36309	29966	37457		1242774	1611550	1234116	1257135	1686934	1543343	1379276	1589631	1333475	1372151	
0.2823	0.3751		36094	30986	25669	24340	24475	31527	33860	22222	23400	24433		1524617	1452859	1274136	1241386	1320304	1345566	1412236	1074647	1189580	1203346	
0.8736	0.5165		38900	61538	48461	39659	38403	33054	53269	43846	44856	49817		1519443	1543857	1464263	1267941	1378876	1182323	1226301	1569661	1208191	1274704	
0.3574	0.7462		40365	35621	44273	34522	43208	41901	31003	31660	30076	27896		1427032	1459510	1521976	1567874	1641623	1531474	1219996	1190990	1061418	1228329	
0.6233	0.8267		38172	41358	42604	32956	38175	33730	36956	37503	35546	53027		1293275	1375761	1199496	1182976	1453922	1257959	1470942	1245962	1160747	1434266	
0.473	0.624		37248	49800	41040	35255	44148	31347	28625	29562	40557	30939		1322297	1380839	1498854	1599594	1661971	1273672	1158887	1341464	1315952	1216897	
0.4928	0.763		44802	41442	34312	32150	39043	37666	47819	37418	48136	30053		1636470	1695519	1269138	1368224	1509178	1160797	1552708	1347953	1582368	1152185	
0.7296	0.699		32712	60380	37162	37283	44631	39079	45941	57251	52626	53076		1082177	1420014	1194995	1220471	1192055	1236430	1532485	1716097	1504346	1382830	
0.5767	0.5445		32981	40685	35643	37582	32186	33012	46236	44117	49775	33562		1309992	1316555	1460037	1369590	1275282	1244402	1624979	1422984	1673954	1557512	
0.8133	0.9495		51597	40317	49173	38431	51695	58347	44947	50819	47762	48147		1432616	1168691	1319761	1300118	1300413	1565092	1233829	1409692	1342113	1401458	
0.5736	0.9155		35317	37319	38643	32002	43183	44725	39234	39705	32548	39837		1179307	1327168	1221011	1163912	1538673	1357698	1437778	1207130	1121977	1262331	
0.6768	0.8643		53016	38288	37817	39588	35503	62513	52579	55015	44695	53889		1531203	1266212	1434285	1101441	1079976	1321540	1121700	1305631	1458821	1439973	
0.7547	0.9727		54543	42398	48202	47728	57668	45744	48917	41712	31687	49372		1364244	1613424	1296623	1291649	1347619	1400100	1292142	1251572	1114070	1237691	
0.4506	0.8108		34765	30991	40934	28930	43532	35947	33083	37772	42588	46551		1474327	1333485	1385593	1190454	1393529	1233515	1540381	1516491	1383076	1614370	
0.9289	0.6898		42079	42559	33475	45118	38776	43422	55806	50486	40884	36240		1533010	1210970	1157170	1300384	1195743	1198380	1083915	1363802	1404218	1149891	
0.1057	0.9996		31115	31670	27844	43439	29995	31231	30872	26971	28627	27225		1211067	1375173	1263386	1471939	1515417	1352143	1239035	1046353	1171553	1122493	
0.5216	0.1052		37927	32135	27424	38042	38005	27758	27909	26056	26928	24819		1571945	1141685	1173184	1558603	1591905	1387207	1320575	1168680	1136947	1306582	
0.055	0.9423		36274	28156	30242	21335	53805	38346	37894	28342	33916	28013		1411132	1284827	1287159	1097854	1179802	1370472	1230439	1169739	1127090	1393440	
0.1682	0.0625		21705	27468	17425	26158	27888	20085	20594	16819	17371	24430		1421923	1430622	1073184	1532642	1523026	1331930	1039945	1127924	1127744	1282170	
0.5523	0.4679		41463	36201	37237	30414	31132	46929	43257	36580	33764	42963		1404557	1398460	1396458	1342969	1188139	1486533	1431298	1433131	1477906	1534608	
0.1388	0.191		31995	31195	20799	26561	33167	18046	21973	21646	33527	21017		1443253	1495575	1203633	1326740	1444420	1150668	1313329	1045531	1346634	1143516	
0.9373	0.5051		39289	38599	46795	55333	47259	34420	52786	40011	47259	51777		1221981	1401782	1278523	1652469	1365378	1482401	1661267	1288970	1540165	1412201	
0.3728	0.8883		41074	29364	29859	50996	32859	36373	48234	32606	37424	44617		1501306	1241142	1134990	1415195	1121626	1275619	1413620	1189104	1328343	1320216	
0.5678	0.1153		32932	64430	46272	28553	26702	27456	25316	36525	26448	28895		1250706	1574668	1335320	1239510	1208796	1079004	1127704	1495060	1205878	1612906	
0.2268	0.3589		37799	38770	34243	24623	38225	32021	29947	23927	38129	23580		1445122	1252467	1289664	1480215	1691690	1442142	1477471	1132094	1326436	1221752	
0.8043	0.7923		48021	43853	43509	38123	54237	54400	37639	44438	36878	40607		1394486	1266257	1315662	1319004	1228992	1391337	1390706	1403961	1276793	1362491	
0.3388	0.243		38147	27376	28638	36896	29004	31687	31592	22072	45843	29739		1623238	1291067	1362185	1494909	1525180	1564601	1448638	1180391	1587014	1417359	
0.7917	0.9049		43169	38416	43259	61551	43916	46999	47575	50545	41567	43754		1520566	1209216	1258645	1477217	1216721	1354789	1186325	1383851	1375131	1245732	
0.1948	0.2631		36303	25535	32796	28711	20788	20221	24986	26622	27681	21940		1590249	1270165	1400502	1338665	1000969	1088072	1465370	1304980	1257423	1146633	
0.0525	0.578		39228	24938	22238	34407	27842	22018	25651	24395	36718	21211		1664299	1245333	1334126	1516867	1514715	1399773	1312703	1461177	1513220	1285424	
0.7241	0.2569		30206	66632	44728	45922	29342	25034	34855	29426	46590	40460		1202025	1743508	1609774	1491120	1235963	1057010	1125889	1388146	1178989	1539837	
0.3915	0.5865		30134	28627	42746	32529	41320	40867	27509	25874	30413	28313		1346406	1325066	1426200	1315096	1360351	1241444	1048410	1077238	1223851	1287700	
0.9448	0.5748		59769	50106	34579	39375	43971	41043	42449	33818	47830	53737		1565927	1387980	1222304	1258447	1264252	1173571	1311605	1169983	1511425	1370874	
0.7792	0.1702		43028	51724	39113	35811	46777	39344	37165	32399	41592	43465		1503470	1523875	1293930	1469797	1517542	1535975	1387322	1304441	1475239	1358991	
0.6367	0.737		37515	38059	45336	36061	36979	38907	37074	37868	48805	29742		1433936	1241767	1625489	1303992	1344476	1091539	1144346	1195887	1462824	978752	
0.4668	0.7555		34175	34944	39533	46837	39221	48190	33608	32460	28309	49937		1222828	1243744	1319157	1605935	1555901	1485958	1223869	1255352	1259930	1584690	
0.6746	0.2856		26199	43084	42671	39659	31370	31717	27932	39206	25348	26676		1369801	1634979	1520896	1324658	1165024	1194532	1242674	1383507	1168781	1032831	
0.1776	0.9232		38260	31275	41662	34236	44506	29129	41956	26169	25698	39626		1399305	1313023	1473625	1419783	1391756	1388234	1241793	1100031	1117105	1276979	
0.7352	0.9902		41485	42258	52005	44845	61365	39573	47374	52415	49898	51026		1303756	1524088	1433750	1418109	1437975	1209863	1208213	1615433	1437419	1583256	
0.9789	0.5811		54770	56145	49831	50313	43887	34891	36976	44826	43863	34831		1478506	1611221	1663013	1325482	1231319	1200860	1320151	1424744	1350087	1176272	
0.4421	0.0891		35117	23745	26133	23839	25118	22877	30838	34042	28177	30934		1273627	1247807	1268328	1162716	1184397	1193018	1248251	1335794	1287273	1470550	
0.3689	0.0693		31474	27311	25630	36171	35826	25666	30684	28989	21320	24053		1358085	1324351	1249092	1506014	1732433	1416240	1365501	1213556	1412804	1225642	
0.9072	0.3001		34156	49668	50071	39855	39934	34029	41215	53452	32784	36340		1069401	1467431	1611706	1561291	1564840	1265413	1352472	1274632	1193739	1196231	
0.4449	0.5606		42177	39821	28736	43092	32156	29509	45241	40014	47519	44359		1385137	1528545	1248037	1262655	1524777	1465569	1597285	1576302	1478352	1602509	
0.9796	0.851		50191	49646	47413	43405	48020	47821	61176	61748	47595	47848		1489677	1497497	1404194	1280797	1552572	1272520	1399063	1548182	1389712	1296092	
0.8498	0.5421		53271	45449	37641	34566	38414	34408	30953	41985	35197	36951		1556442	1275055	1155249	1129271	1202218	1194901	1112413	1043311	1259824	1062451	
0.1856	0.2909		23046	34584	26838	24857	36119	22137	23864	31825	24104	26135		1279067	1352044	1281123	1323251	1320644	1140224	1185088	1402718	1147916	1203802	
0.2849	0.3005		25313	32691	23465	36704	26631	38490	29917	22947	27079	24180		1392660	1541946	1149297	1653134	1264659	1475715	1342787	1413151	1307007	1286052	
0.88	0.4343		35169	55742	49561	39953	58223	51503	48707	50630	48563	38665		1281177	1575293	1592812	1302187	1472092	1495496	1361764	1443358	1344419	1294674	
0.3604	0.9012		39188	44752	50591	53505	33102	50611	54712	52954	38981	32197		1577240	1681666	1777887	1465722	1391584	2123741	1804683	1332900	1290884	1216920	
0.3077	0.9214		46340	49996	44855	51783	38293	42703	34834	47824	44065	27507		1167713	1234396	1073208	1399934	1354797	1484687	1242206	1535358	1256426	1083886	
0.3464	0.3362		28510	33380	47095	28898	39407	29299	32624	30242	38671	39010		1206588	1499616	1688419	1265720	1378868	1352223	1295096	1233375	1413657	1583091	
0.2807	0.9433		43883	36911	52402	29641	37779	55537	29386	35609	37945	38146		1472420	1456633	1401686	1134484	1353862	1398705	1123299	1318473	1451329	1476749	
0.5428	0.8748		43427	40423	61199	39521	51835	41450	49042	53209	37187	51113		1493542	1290779	1334910	1356872	1438012	1319648	1535446	1295381	1208600	1156876	
0.5266	0.1846		28613	30520	31337	24748	24684	29101	25648	25501	25292	26537		1275956	1684133	1612883	1270980	1178455	1191275	1190927	1221781	1265591	1244931	
0.9775	0.647		40542	56335	38884	49273	59539	56310	40460	40760	54726	60399		1172071	1394862	1103494	1258107	1424086	1260974	1216995	1262713	1473582	1421649	
0.292	0.9725		45781	39409	38382	26950	31842	32774	35778	42562	34709	31719		1537018	1606509	1344853	1181874	1391519	1573047	1351979	1641589	1333498	1218923	
0.2851	0.4411		39964	30536	29798	34764	27651	25679	37970	37474	26144	33693		1474842	1467066	1224051	1130328	1187999	1114865	1343354	1430963	1260648	1304692	
0.7962	0.7123		37728	33991	50939	36460	48415	42351	60522	40740	37797	37353		1138244	1174987	1390096	1157400	1358632	1436241	1374279	1244206	1187492	1144698	
0.593	0.2223		31143	31531	50347	33484	37597	42291	30568	26332	32483	33874		1226316	1404492	1520685	1274228	1459004	1242738	1280378	1236673	1311374	1432655	
0.455	0.8242		47186	35446	66831	39214	47928	32396	46644	46721	47032	33849		1308221	1574244	1635800	1398479	1632870	1481852	1560992	1625929	1477672	1277209	
0.3773	0.2328		50868	24486	24664	22165	35730	25837	28940	39604	26447	36862		1450562	1302531	1596521	1245410	1259234	1349624	1393861	1428040	1253522	1366435	
0.2193	0.4193		25733	20852	27529	40105	38548	31625	38748	31863	38944	36810		1229443	1311934	1313053	1603656	1717187	1424359	1559481	1357889	1574969	1441836	
0.1023	0.5296		35678	35966	19106	29523	35498	35793	36700	26330	35870	22788		1463971	1445883	1094162	1435513	1484350	1337303	1682884	1518709	1249737	1091987	
0.0524	0.2911		35544	32193	30121	19911	22355	28678	31185	16285	28338	19964		1624066	1540152	1579848	1407205	1390294	1334478	1376821	1023823	1222842	1266602	
0.6403	0.7403		44064	35119	36697	32956	36725	44831	46418	34007	48681	45942		1361695	1279071	1234352	1126497	1268807	1374017	1192113	1299337	1530012	1335220	
0.9879	0.7513		39131	39659	45688	57532	53911	54764	51685	50374	59368	40516		904910	1235340	1334265	1244411	1471021	1361581	1378140	1170148	1461441	1157400	
0.3605	0.2984		22507	25501	28508	31847	38973	30476	44902	31983	40199	28451		1021602	1324198	1426441	1545083	1345104	1169722	1533899	1320995	1483483	1240501	
0.345	0.1343		26852	36554	30627	26170	26941	26798	26137	35725	31368	29740		1306897	1448819	1368160	1337983	1275829	1195519	1203712	1543001	1584487	1544606	
0.7996	0.1208		36738	30516	25945	36503	36507	32505	27163	32770	30860	36774		1426924	1335470	1282276	1632234	1407390	1464063	1456209	1421896	1399228	1437874	
0.498	0.5892		36797	49441	32402	44514	29665	41383	33750	26019	47056	31899		1493211	1744521	1403208	1597414	1224195	1270606	1536093	1237930	1537824	1292330	
0.9806	0.4268		61107	36368	52455	44532	41432	46106	36847	37473	36273	62184		1517677	1325357	1256475	1465591	1362040	1604249	1246050	1299618	1392564	1428669	
0.808	0.8401		62109	39738	54701	45629	57706	48576	36077	36556	35877	42470		1586652	1216558	1391187	1310590	1572527	1435365	1209987	1277697	1079755	1371785	
0.5105	0.2255		29672	45262	27563	36300	31821	27973	33122	28021	44021	38809		1317328	1566831	1440706	1285498	1396090	1271878	1486568	1325103	1384336	1607144	
0.3352	0.5543		41040	33475	28550	33906	33959	29475	24790	27108	46475	31613		1538585	1344283	1302389	1209744	1607174	1203954	1172329	1196972	1302515	1346062	
0.1089	0.2794		18495	21349	31021	28106	29207	23136	27243	23140	23512	25731		1138936	1193793	1234795	1343326	1056778	1282454	1413554	1200720	1132417	1235255	
0.1364	0.2024		24602	35921	22767	33228	30087	23493	21165	33181	31283	25055		1369416	1339957	1150143	1489168	1303036	1210134	1180593	1596337	1430656	1200289	
0.1467	0.2913		21434	34477	38832	26459	21668	35103	22747	34068	25371	24136		1131191	1323094	1324677	1352907	1139694	1477697	1214678	1560865	1415698	1165402	
0.748	0.7644		33136	82825	33962	49868	39620	39665	53625	58670	50434	34308		1034635	1219497	1221383	1273113	1201300	1167177	1454762	1722442	1393516	1173925	
0.1387	0.1965		23919	21023	23495	20796	21653	21660	21159	30803	25908	23695		1223587	1226871	1276686	1183522	1096785	1134303	1076472	1219753	1273515	1229189	
0.969	0.4273		39251	51878	37302	49692	52333	31450	44115	42791	57410	42946		1414110	1506769	1331300	1406187	1619713	1172165	1314623	1226984	1675960	1259028	
0.7445	0.1525		34853	32997	26764	42232	43133	33392	30223	26765	35093	30581		1558214	1615791	1155054	1491213	1542730	1447647	1129499	1190487	1396782	1340046	
0.7393	0.2903		36483	30146	29586	29538	32041	44495	33428	33250	43719	44006		1399686	1209788	1126390	1125928	1355075	1358087	1267938	1231141	1290972	1422562	
0.3489	0.9368		33119	30933	31323	35620	47794	43978	34558	37270	35970	47675		1346769	998334	1138368	1404173	1665706	1473348	1263265	1295967	1472214	1682381	
0.7747	0.7453		34443	38599	40595	36825	52554	51471	60563	36791	44257	53140		1137850	1484489	1245930	1306943	1460104	1474906	1639441	1239086	1379257	1504774	
0.9258	0.9703		47515	68748	43820	60613	58460	46988	52324	53085	59616	57942		1524159	1355639	1191493	1529302	1408363	1212030	1330987	1307892	1422129	1260575	
0.31	0.5903		30323	33559	29665	40509	41768	25383	32828	23882	28022	26958		1511658	1344118	1421875	1476314	1518376	1544557	1306692	1167958	1221156	1513785	
0.8936	0.9197		69143	52524	57165	67645	59926	41171	68101	48091	60983	68777		1602848	1398507	1496397	1425507	1554454	1183319	1599832	1232813	1407492	1555600	
0.4426	0.7059		36748	33936	32446	37238	32745	29831	32027	41571	45115	30037		1190416	1229615	1242065	1232595	1185005	1132786	1179368	1185202	1285036	1230257	
0.3749	0.7578		35448	25423	36060	47071	46822	47672	34034	36153	46412	47728		1154747	1143451	1253770	1538643	1291327	1398804	1453214	1219716	1559495	1356130	
0.7909	0.6852		37707	40916	40147	40850	42841	45506	43402	39671	34985	49494		1189268	1281233	1315989	1242300	1184541	1247302	1328805	1256218	1196771	1522052	
0.4332	0.2525		32335	25829	32371	24103	30649	27222	21513	33149	30984	33383		1448025	1299243	1213129	1218223	1248001	1413173	1194136	1220996	1266193	1366730	
0.5731	0.2952		31600	36287	28307	42744	34891	43995	39190	29550	27882	29529		1336714	1283485	1303844	1425012	1518387	1409757	1215709	1462744	1151608	1205082	
0.6132	0.6225		32386	31112	35604	33039	33646	46494	48600	43040	40076	38605		1269769	1229795	1454007	1148133	1135007	1402118	1525767	1529742	1408587	1421989	
0.6532	0.2545		27048	35945	38769	30435	40847	30572	32154	35761	28743	29270		999969	1286271	1213259	1475254	1156337	1379642	1314672	1271749	1224265	1331714	
0.3508	0.2799		30662	35957	31575	29745	43460	30533	43876	30811	23241	38543		1499297	1418854	1493487	1404981	1434008	1435838	1476822	1360896	1107415	1589271	
0.798	0.2446		40587	27025	30544	30403	29881	37643	30201	38428	45385	34984		1249075	1086674	1205682	1168091	1396832	1366563	1227163	1646477	2038869	1746368	
0.2531	0.2717		20365	25388	25324	25134	31163	19377	30567	37205	37080	20534		1294893	1276703	1501930	1235376	1402476	1217879	1460595	1457643	1660098	1158470	
0.8725	0.6348		61599	42275	51755	37565	38768	50964	37835	40842	41517	39969		1269442	1457755	1480546	1143830	1124098	1275596	1027651	1365157	1475513	1141477	
0.7382	0.5299		30144	29056	35273	35212	46150	32926	32690	40919	43927	38590		1312704	1149556	1243769	1376119	1703985	1392282	1318210	1453563	1498316	1333466	
0.6537	0.199		29101	43124	35596	24109	35284	30667	41877	23457	24157	24842		1180824	1507554	1277093	1334636	1479447	1229642	1099217	1010505	942363	1231872	
0.5321	0.4954		33205	34533	28927	28400	40600	44381	34696	41046	25335	28821		1445585	1439801	1240663	1395763	1488584	1455186	1317260	1361613	1242646	1174262	
0.7367	0.387		36752	35391	35204	39581	32468	36145	29634	29036	31161	47215		1215832	1355571	1227083	1308624	1219664	1092854	1186291	1048871	1239741	1639861	
0.408	0.8259		44252	43761	32567	31688	33332	28938	47489	35048	38549	38664		1567926	1532032	1323442	1246209	1276025	1138063	1588979	1402960	1321609	1435380	
0.1307	0.1971		27761	22720	27791	24285	20904	17289	30275	27631	19356	24309		1560364	1259531	1305435	1428607	1185062	1155246	1248866	1451891	1391698	1347164	
0.6676	0.923		46223	36287	41639	43203	43073	42145	44037	38107	49761	46559		1345932	1351194	1189662	1297993	1439880	1397877	1278761	1348651	1378398	1337930	
0.2293	0.6329		32235	27882	33983	40247	38131	25166	35515	32471	25609	26559		1265566	1247596	1343457	1571296	1488113	1239467	1478716	1333202	1197639	1192401	
0.2654	0.38		21866	24293	37529	23618	29104	43984	25280	31477	31419	21734		1306949	1519985	1455527	1108759	1412786	1395717	1351579	1401681	1406662	1162418	
0.6989	0.0637		49670	46575	23387	30709	29484	26932	28666	26485	22773	27380		1628415	1520555	1036091	1157582	1301746	1147744	1187649	1016139	1015267	1194179	
0.1385	0.2751		29431	35188	24362	19613	20975	34103	40280	28801	28899	35891		1519046	1450502	1592417	1319722	1277860	1332519	1433732	1611868	1507677	1466925	
0.2619	0.9209		42245	30737	31622	30585	29318	29785	31824	25961	29737	40729		1300778	1166255	1139395	1106798	1136641	1159603	1113955	998084	1228687	1440573	
0.6079	0.7164		33697	53127	48552	42867	40459	58096	32955	36245	43469	41171		986823	1266028	1481662	1087812	1252016	1376377	1090856	1084594	1437751	1348380	
0.6254	0.7071		35917	60088	34479	39077	36299	43506	45778	38852	55200	44873		1277218	1663936	1393212	1391482	1182449	1409375	1217736	1247073	1269940	1351537	
0.6946	0.999		50733	39097	54638	40062	42079	52940	45834	59941	46070	37004		1513503	1208443	1230797	1194485	1296767	1643518	1316635	1254452	1490520	1347539	
0.1102	0.9447		39294	27416	33164	29667	30576	27650	27120	47569	38678	30716		1307265	1165421	1585649	1215919	1333833	1244922	1278876	1522949	1333619	1294480	
0.5388	0.5879		30787	26241	41727	33207	35989	31522	28305	32530	37019	30809		1267302	1361840	1524794	1425119	1259037	1212067	1334365	1163689	1203358	1348433	
0.9411	0.5168		50136	32985	66510	58764	50492	42114	63121	40448	40830	42489		1327798	1481553	1283935	1171082	1440076	1262591	1544784	1507050	1243692	1258480	
0.2477	0.096		34336	33741	30444	24385	28832	24011	21076	27551	34164	24558		1252490	1304961	1494626	1233040	1479789	1290919	1210655	1376351	1328759	1451848	
0.455	0.6209		30922	33273	44302	26014	30736	32571	37578	30370	32289	47468		1218372	1221468	1131046	1112960	1183697	1342589	1424520	1230470	1258171	1458638	
0.2852	0.1787		32051	24699	22622	23893	34921	29900	23377	30437	35238	23800		1445964	1531532	1365741	1567041	1632970	1373293	1227431	1216564	1568806	1225942	
0.1614	0.8345		28758	34541	39967	29271	29944	41823	37852	35087	29455	34446		1189380	1341030	1316510	1450779	1277556	1484207	1416882	1361339	1263304	1356687	
0.1485	0.3219		33273	22688	24445	33667	24224	22782	21529	22432	22760	22159		1352129	1447525	1518295	1401031	1387603	1306954	1348836	1317928	1239748	1354244	
0.7407	0.3192		35392	48520	45128	41916	45574	29866	30772	45961	29467	53935		1390994	1547639	1563408	1398343	1675604	1293160	1344448	1558905	1701550	1755099	
0.8589	0.2223		44106	49308	42392	30316	30156	33775	35910	39767	42786	46815		1625868	1651781	1590206	1267221	1123433	1394831	1326609	1430760	1528246	1675083	
0.7782	0.4981		46943	36864	36881	34930	46988	47193	34862	41188	44372	40950		1704219	1306385	1169524	1217125	1303974	1388704	1449789	1450209	1306056	1220320	
0.2199	0.9426		42545	32772	43767	32649	26230	30535	29579	31604	30045	33832		1397733	1402057	1478182	1183508	1031937	1109127	1467491	1145895	1128394	1101854	
0.398	0.6716		34945	39549	31294	38377	32441	34035	41001	28681	51185	37436		1184284	1499549	1262769	1276309	1355282	1254768	1336988	1090661	1645257	1511923	
0.9095	0.0573		32874	44904	42925	36889	35935	36688	32914	29811	32786	32004		1409370	1380741	1665816	1469321	1290091	1774532	1281747	1203108	1311512	1603843	
0.4219	0.8733		46963	46570	34176	45422	52586	32886	36367	48126	41179	49810		1541810	1459252	1221572	1312992	1471085	1178029	1380677	1353638	1249899	1437922	
0.5623	0.376		35251	40471	29103	32276	44002	29082	26063	34683	32574	29895		1516694	1443088	1266608	1132223	1562856	1225274	1216727	1509400	1320635	1259785	
0.6321	0.571		52360	28206	31283	47907	48587	32610	33113	41789	39925	47468		1458494	1220523	1174007	1648293	1727875	1606884	1169255	1259984	1333440	1583058	
0.1266	0.658		24490	28716	26213	20744	33226	36323	27520	27195	20930	32459		1218969	1463353	1268388	1079629	1456014	1398144	1262686	1175466	1100746	1253055	
0.7926	0.6222		47877	45244	43835	32740	38957	36311	38044	39846	52287	37650		1309248	1442459	1444321	1151599	1178950	1277601	1209133	1225520	1449093	1227492	
0.5232	0.2603		31371	39973	45394	22840	37823	28741	22235	26858	26577	37304		1624008	1348064	1275421	1433122	1352533	1211155	1096639	1214685	1134164	1282830	
0.5276	0.3826		36888	52145	26903	41641	43167	29059	28616	33817	31556	35998		1384133	1398469	1569164	1409200	1449943	1191762	1181090	1460939	1280121	1383975	
0.5661	0.7014		46725	33403	39516	36315	36249	33476	35241	39545	44776	35798		1714644	1265705	1422416	1253819	1320848	1197823	1367761	1466491	1442584	1384344	
0.4595	0.2406		24351	20743	31753	42439	37611	28913	29162	35865	29793	23431		1306321	1149506	1263116	1456375	1321377	1309078	1220789	1345941	1184001	1185714	
0.6663	0.3796		38043	47579	35413	33963	37977	38895	41745	38117	44745	40609		1288234	1417048	1309156	1538897	1439597	1241072	1434144	1319792	1429858	1371717	
0.9907	0.8438		42689	61240	56343	70242	76600	53439	47524	59126	48976	60122		1169682	1284274	1278992	1315516	1373328	1229756	1463619	1569376	1280518	1461002	
0.8067	0.888		43789	50794	57234	46155	44155	40063	43215	51666	49927	58685		1279177	1279280	1295409	1249654	1327594	1299835	1129011	1272087	1362006	1545770	
0.9272	0.8021		43850	49896	46139	41259	45194	68391	46458	45326	62045	46900		1323656	1194916	1256940	1477492	1528562	1645239	1246713	1271785	1600845	1344129	
0.447	0.1427		24223	29863	28846	24131	26340	24589	22888	30436	27276	19613		1291741	1664690	1535746	1316502	1405184	1242242	1266143	1266368	1199891	1122590	
0.4057	0.3569		42311	50061	28470	35983	29331	24574	32359	30787	28043	31507		1510343	1349909	1174048	1439868	1240220	1307526	1659306	1324513	1192995	1286715	
0.9736	0.0614		33521	52318	29101	44217	32910	33120	34370	49331	50667	33486		1164146	1264825	1218082	1300541	1464018	1211697	1157861	1531526	1384547	1387343	
0.2873	0.7952		34974	32285	43414	41921	32784	28185	31671	34843	42033	28221		1580566	1335386	1481669	1490676	1371310	1285871	1196764	1523944	1481064	1260757	
0.1979	0.4104		36226	30639	27512	30426	26328	24964	26173	33031	26868	35326		1488265	1334661	1407686	1277015	1417033	1594352	1287116	1384023	1395311	1214226	
0.9638	0.5241		40748	32934	48575	32311	38814	49509	38991	46898	44546	54120		1289665	1102664	1147134	1007351	1318581	1165719	1201843	1167242	1243047	1178196	
0.7084	0.8482		36282	39734	43380	54342	42570	41552	54523	61931	35980	38249		1344256	1223464	1326351	1291058	1245082	1268422	1551364	1400496	1172074	1298645	
0.2056	0.2973		22811	25637	24478	26299	26067	23044	22652	29985	33226	40714		1319753	1322083	1200019	1190417	1278178	1191322	1201110	1404489	1306139	1335786	
0.4813	0.4398		34706	41172	35562	41360	24440	39271	87355	34230	27397	24892		1367858	1407976	1326737	1436725	1204090	1407741	1523668	1216351	1380616	1107938	
0.3842	0.2331		31925	33216	27694	35362	24968	21583	27982	22484	28796	22106		1432007	1271009	1332477	1567856	1261751	1178188	1228387	1263473	1384871	1173873	
0.3933	0.5595		49194	30480	44438	44524	37535	40776	41590	27041	28244	29023		1614174	1419845	1684212	1699142	1369729	1341950	1299835	1255560	1126039	1227103	
0.6172	0.9083		36386	37111	54116	55598	44168	38161	39936	34725	40034	48749		1154921	1452984	1655922	1627740	1297845	1307825	1337453	1182241	1349925	1206193	
0.5794	0.3817		31586	32356	26526	36206	44521	31540	37457	35155	36041	46552		1199032	1101468	1340181	1342193	1385388	1208187	1317980	1384980	1410225	1346074	
0.6036	0.4244		44207	42249	33731	32343	39933	33426	36684	47314	25981	28883		1529576	1406299	1379753	1216785	1323241	1404650	1264144	1261380	1079378	1201694	
0.2946	0.4105		39137	30938	38888	26333	27705	28199	28822	26365	20990	24630		1462652	1282045	1472576	1166079	1162284	1376385	1198282	1038390	918529	1399201	
0.4322	0.1204		23304	28574	24886	32848	27951	27618	43269	27796	28129	37755		1167807	1161363	1110730	1194403	1255026	1341565	1471569	1497218	1335913	1384224	
0.5405	0.9237		34689	43406	58318	38089	27785	34865	31666	35177	37843	42857		1356712	1451871	1595586	1367404	1223328	1189732	1021755	1220013	1169244	1445061	
0.7872	0.2516		26238	32887	35745	29594	31141	36801	32417	32789	35725	41303		1317339	1612558	1514345	1262100	1573785	1427775	1190636	1555829	1426666	1450035	
0.7101	0.3891		47930	35214	31776	41060	34424	35076	33162	35323	38340	35566		1350167	1280234	1164734	1243199	1616687	1391025	1113431	1412544	1519880	1459120	
0.2959	0.2637		30354	27145	22313	37587	26903	27127	22743	23612	35932	23727		1353961	1258151	1329310	1291534	1186469	1415814	1076226	1127847	1333428	1152171	
0.4379	0.6991		29461	31107	27994	40974	39792	28146	53965	36084	45504	37652		1072980	1184703	1381575	1478454	1373530	1239945	1647188	1341713	1331641	1435256	
0.5764	0.1887		26364	35527	29348	40882	27039	33903	26586	22941	42894	23831		1336923	1565908	1352626	1642832	1269440	1425856	1296965	1123085	1328602	1157404	
0.0839	0.5207		25219	33186	29932	23336	32949	19077	33121	31823	35110	34619		1424907	1629351	1341143	1154200	1342169	1220745	1349879	1302365	1575323	1388035	
0.4941	0.9947		47742	29240	36994	59053	36893	31047	50815	38745	37417	32455		1705002	1182623	1133826	1332766	1214270	993990	1655036	1491643	1239685	1188486	
0.2235	0.2564		24754	22978	27556	24532	22428	18838	37890	27494	21648	34404		1301239	1200159	1365214	1192913	1204074	1182318	1490230	1241801	1171453	1415802	
0.1725	0.2354		24415	21829	24242	23720	24139	21971	34197	34751	22536	22215		1291458	1209159	1222204	1449333	1451839	1280889	1455959	1415299	1316640	1381711	
0.7702	0.2073		27906	44111	43585	28800	32345	30621	28240	28277	29795	27571		1232446	1539037	1362970	1199417	1241891	1154807	1125947	1113924	1096280	1213217	
0.2783	0.9995		27329	36675	34117	42672	44046	43943	44310	44441	34408	40240		1367794	1259346	1313797	1460086	1389649	1663787	1609174	1679155	1555196	1732477	
0.1761	0.6313		25626	37592	33139	29752	36491	24238	31747	25213	27679	47118		1146024	1503951	1573671	1406153	1291120	1269130	1347454	1042502	1674599	1567859	
0.7657	0.1872		33190	29269	32126	32224	42738	40234	31673	25701	41303	34265		1407411	1397334	1353538	1231892	1355609	1350449	1218815	1396767	1637612	1641004	
0.7894	0.4584		45536	34054	29014	32600	33668	42912	46405	32911	32653	33941		1393855	1196453	1129336	1159257	1147582	1173911	1283060	1158910	1117837	1134724	
0.8133	0.9689		45712	57919	66992	61558	45059	50331	44177	56246	57021	44908		1428381	1626157	1425431	1471818	1392350	1298274	1323122	1322168	1345493	1270250	
0.9119	0.3931		35807	41425	37934	40820	44838	52704	40042	37522	46940	45577		1237259	1340695	1248988	1307451	1322589	1440912	1177807	1345050	1251261	1205735	
0.7358	0.4963		30221	28121	48339	37086	40916	39703	33155	41157	47973	36232		1077330	961513	1481702	1339071	1297837	1480534	1195892	1263376	1392768	1292471	
0.9044	0.1864		32978	93238	32741	48272	40903	52842	30214	30095	45791	45180		1257154	1587088	1263816	1490177	1366534	1389051	1147614	1151488	1289334	1495130	
0.9217	0.3569		46531	55661	40135	34732	35286	38308	32437	41623	42658	42463		1682842	1359956	1355432	1176102	1233344	1308675	1152120	1358910	1488974	1136193	
0.7097	0.3077		34401	26581	44105	33935	45102	44980	42852	32513	46057	45573		1242230	1070975	1537162	1235293	1315973	1595254	1439296	1417414	1579799	1436313	
0.3648	0.213		26705	24521	31324	24957	24839	25137	23420	25217	24925	27640		1180143	1261520	1320892	1202082	1255964	1250322	1236954	1245270	1154285	1244813	
0.5144	0.8962		36815	37638	38058	40354	42053	39241	37959	47058	35569	30257		1440893	1372017	1682881	1374736	1278447	1357121	1306176	1604330	1402339	1093163	
0.759	0.9795		46407	53518	57549	48402	40500	46781	37343	56559	39767	41641		1456142	1226513	1531439	1250923	1285832	1298209	1675607	1710681	1143714	1287423	
0.5529	0.5495		32457	23724	43249	34745	36178	31609	49654	28788	34518	47378		1235364	1208653	1427873	1473816	1580565	1251983	1494573	1044736	1230179	1760968	
0.2592	0.343		33269	36434	26119	19799	23906	36414	30270	25678	30666	24301		1263402	1402944	1280436	1217736	1218921	1367839	1352013	1292572	1270493	1310176	
0.8195	0.8202		45660	48552	55037	46425	43054	44425	44795	46346	45016	42231		1456578	1621215	1615481	1466091	1356977	1562017	1391274	1345820	1317061	1231823	
0.3037	0.2697		23127	31438	24466	37179	20996	32667	40684	24847	32598	29143		1361365	1434575	1147066	1379713	1269180	1416151	1570642	1316385	1388141	1328587	
0.2408	0.9933		25968	34596	35432	45744	38347	29649	26666	32031	42112	28106		1648734	1407390	1254168	1774193	1322886	1082613	1108361	1581124	1494420	1223778	
0.3402	0.5736		49330	34911	30448	31365	30149	31635	43052	33423	24901	27304		1497176	1572650	1494327	1366709	1308000	1252844	1727823	1350289	1059883	1166788	
0.4686	0.8325		29649	44711	49434	39902	42409	33394	48596	51306	47847	55812		1298198	1344001	1637850	1378740	1463556	1280592	1604312	1500399	1471946	1565764	
0.7484	0.447		43356	26480	35768	28466	47723	28428	55606	29639	35970	40122		1245102	1303522	1258004	1051658	1192284	1159594	1384794	1279747	1410543	1499886	
0.0748	0.4772		24816	29913	22155	22352	24906	24462	30280	22102	28343	29905		1482132	1514405	1250445	1331187	1159493	1375005	1345743	1127963	1264568	1163971	
0.0917	0.6961		32457	26850	24428	33422	30293	23957	38174	30242	43996	26452		1157604	1239582	1090934	1288754	1305054	1393306	1327351	1273855	1247866	1393422	
0.8239	0.6247		56068	39440	50587	39042	40996	43725	44403	48352	49944	40859		1653604	1386754	1438971	1462948	1331775	1462188	1425836	1335999	1347282	1364307	
0.9884	0.2438		34501	47996	37754	47750	54601	29426	35955	43380	34140	39600		1591859	1496094	1292992	1647244	1529397	1116791	1234282	1498117	1553883	1308547	
0.7455	0.3328		33003	47256	35516	50635	37279	31712	36003	31572	43615	30188		1469621	1324687	1326525	1235877	1407221	1220616	1503448	1253220	1486597	1163025	
0.8706	0.8213		54208	50042	59380	57422	43447	50395	38436	37964	35831	42142		1286797	1406207	1607207	1524538	1154178	1426567	1174438	1034745	1072382	1351075	
0.6091	0.8435		44125	39311	40231	31134	37466	46418	59205	49478	46732	45148		1156887	1543214	1480259	1158102	1218484	1128701	1468829	1508685	1372983	1411562	
0.2189	0.0717		26375	34623	27320	20781	23092	24273	27905	27681	27138	21672		1477590	1594131	1534854	1266563	1284792	1316956	1597714	1474568	1335182	1282539	
0.5531	0.5175		31071	36111	39557	53519	43844	45696	26039	29008	30643	31083		1266556	1285386	1171602	1317954	1503620	1493851	1176415	1273417	1301368	1282213	
0.9646	0.6309		53849	41848	48099	37653	43580	38470	44160	55484	47761	55308		1666239	1267693	1202499	1058932	1239584	1206156	1209218	1532331	1439158	1374959	
0.297	0.0928		26180	21863	36619	18778	23227	36740	24287	27405	34080	33981		1359168	1160421	1545413	1196987	1267824	1574726	1321652	1275920	1471841	1453799	
