26	27	
0.5984	0.1611		44711	39853	43833	51325	65515	66760	47899	55847	42634	42118		1177353	1489559	1267012	1442488	1942051	1679686	1501786	1856773	1457238	1425379	
0.3635	0.5246		55545	56267	94865	81024	60034	41668	63968	38940	45747	63684		1523650	1761591	1921163	2109518	1653137	1360194	1511975	1088679	1338128	1527442	
0.8793	0.2203		46167	52896	48819	70057	46195	75727	66469	48559	44853	56617		1310168	1278292	1263475	1075197	1060037	1843390	1591905	1261141	1047925	1310140	
0.659	0.6067		58249	47022	54309	51079	152464	53787	52129	67330	80521	64098		1596145	1204868	1338400	1373239	1969608	1360998	1353959	1543277	1454844	1616988	
0.4728	0.3711		44301	56295	53124	50693	51626	63446	55941	42558	49382	56536		1243161	1479583	1602402	1407914	1236985	1670711	1653894	1212919	1508089	1694909	
0.2008	0.6646		36603	37413	48228	44049	45793	40516	45112	39527	52958	53993		1062408	1049808	1364446	1360146	1480231	1262888	1244655	1309656	1562093	1528587	
0.1355	0.5792		50170	51452	37494	46932	36633	47538	36770	41774	42841	47282		1608229	1511790	1185925	1373479	1176087	1415764	1254025	1395085	1274904	1532960	
0.1904	0.9619		43005	53923	44484	43170	54348	47227	60907	53881	40349	42214		1253326	1353466	1351232	1337194	1594129	1387675	1798852	1675672	1256236	1275361	
0.6794	0.064		46687	46430	53547	51924	44422	53003	56543	49298	40649	54692		1288947	1357046	1487700	1377862	1258502	1249290	1299902	1392368	1250476	1467093	
0.1818	0.1432		43146	36076	32939	44228	39794	42870	36281	32813	31972	38500		1413332	1237351	1184874	1359880	1254685	1564785	1236729	1107489	1222351	1320495	
0.6767	0.6421		47457	62059	50535	49423	50935	51891	54200	54644	55745	71259		1143438	1311835	1443174	1281778	1298048	1299185	1438778	1606183	1376403	1375859	
0.5015	0.9416		42509	51190	50522	58125	50291	50832	49867	54558	68796	56990		1082991	1435150	1276768	1279376	1309609	1305337	1186832	1327508	1515203	1355051	
0.6705	0.7284		52222	65977	65247	71490	57150	48552	51887	53371	48326	55862		1498572	1478554	1417593	1546965	1375206	1029879	1141408	1375411	1171426	1374105	
0.9507	0.7385		77005	63704	78449	76878	58842	77120	54654	60737	59452	88773		1498480	1357743	1290692	1403369	1253590	1260583	1151872	1351245	1523390	1494991	
0.6763	0.7591		53256	56886	70370	53805	57481	52724	48746	56046	67837	69661		1282990	1316255	1211973	1225086	1397098	1354222	1268918	1389663	1569813	1588218	
0.7947	0.253		59212	45910	48406	47062	50150	46683	49446	49813	64945	48428		1283427	1252610	1053371	1206907	1364829	1281099	1315175	1327967	1585171	1361618	
0.7709	0.1501		59583	58856	60591	48956	54391	51343	44196	40196	45363	63007		1468768	1526070	1648014	1338010	1410422	1445345	1150260	1198182	1305604	1526850	
0.4704	0.4242		43854	47332	50211	44420	53308	43723	44537	44868	41924	57697		1144294	1232792	1157409	1170813	1184797	1350111	1197548	1207055	1052461	1272262	
0.1443	0.5376		39678	40047	38421	39042	47869	33331	36422	35315	35277	33784		1335480	1215557	1320100	1404478	1403900	1185302	1134072	1032562	1090637	1016745	
0.1516	0.4441		46470	38959	51217	35677	42161	37710	46237	34466	47268	37408		1343681	1283250	1390907	1209348	1331610	1335074	1542963	1293417	1737198	1266918	
0.1069	0.3923		31547	48145	46760	34703	34557	31324	37946	41379	42514	35328		1119155	1340164	1426025	1248207	1167340	1119862	1282695	1150003	1370814	1153805	
0.4358	0.4551		50634	51348	51384	39415	56697	43224	56872	46505	43002	63862		1300962	1174582	1306207	1329319	1519282	1248813	1595166	1275262	1212918	1682892	
0.9783	0.6943		61143	55906	87362	77998	69470	74088	72303	62314	68387	73422		1283891	1095281	1368938	1386379	1279255	1575898	1402152	1206532	1344085	1471497	
0.7613	0.9041		84808	64573	74595	80058	60067	66253	57141	54521	54310	66237		1549014	1487250	1558352	1509984	1305041	1331397	1288551	1322500	1166253	1454352	
0.1247	0.4757		57025	46074	37189	35213	39776	38416	35510	35911	39797	34237		1358426	1601527	1455866	1196750	1489321	1317248	1291293	1167139	1281013	1261608	
0.9631	0.9736		73359	82583	68863	61059	74040	82251	72807	65186	64622	64994		1153814	1630466	1248213	1188610	1331203	1609553	1422640	1213469	1334534	1561542	
0.5278	0.5874		44305	54165	50534	58985	50889	47057	42925	43932	53422	59932		1204116	1372837	1341668	1319289	1347341	1182749	1014056	1164147	1339714	1458768	
0.5019	0.79		48971	45175	45833	60999	48950	49399	58747	53047	53191	62233		1247734	1045212	1138124	1634462	1300258	1188767	1183023	1357574	1685203	1582322	
0.7402	0.3765		50602	63214	48216	55386	47246	61564	60820	49017	51011	45017		1223040	1381571	1395093	1497756	1229356	1681374	1660922	1348110	1282641	1207373	
0.6875	0.4954		60136	61817	51720	52742	44782	45893	56297	46364	56246	52473		1390544	1474518	1333061	1278139	1092947	1088485	1368764	1201157	1363108	1330343	
0.5435	0.4898		50590	44366	46773	45363	49250	46143	45546	54618	69769	47281		1274467	1113288	1474928	1172152	1248092	1147474	1204123	1299002	1364461	1190704	
0.3725	0.6995		46396	64723	44306	40424	50848	50293	51418	61166	40360	52678		1196798	1192183	1214793	1239636	1198204	1382116	1231169	1629270	1144261	1278850	
0.1374	0.5647		37417	37539	49294	35938	34726	49700	60091	37078	39522	41823		1157841	1343521	1601635	1061411	1112394	1681338	1556602	1309851	1346620	1292432	
0.9605	0.9069		64073	73345	79074	77695	78399	75313	66065	66643	64779	65798		1349498	1333908	1630174	1662914	1451150	1359277	1407891	1452283	1294442	1249633	
0.5809	0.526		49058	45879	49148	59293	60419	58891	46278	49274	46495	59351		1400869	1261791	1348987	1514387	1568410	1492430	1299634	1431657	1437878	1545967	
0.7721	0.303		53070	44108	60499	58479	72141	68015	62513	46222	45741	46546		1521687	1344943	1701558	1554743	1400234	1651068	1459493	1282766	1291166	1278921	
0.4238	0.6222		44817	58169	58496	44956	47008	42423	48720	46868	57907	48340		1124768	1355838	1504167	1278024	1307664	1205947	1330317	1159569	1542908	1366433	
0.7284	0.7832		69981	52049	58057	73499	54011	54148	68163	53279	55427	57825		1447874	1145940	1281432	1358305	1255356	1242150	1514381	1297404	1152944	1254029	
0.3952	0.7285		45466	47544	51868	41452	67230	54876	58696	64588	66275	41000		1226582	1365723	1291609	1278748	1352383	1467056	1693995	1821321	1588994	1230534	
0.6391	0.184		49680	44264	54666	61312	53425	44561	58452	48796	60364	40141		1393912	1044485	1589804	1492739	1229814	1204049	1333675	1531160	1393682	1200400	
0.7343	0.9207		62210	61114	62524	58608	61111	81127	55899	56583	82368	56620		1482395	1481159	1312601	1397046	1426495	1564680	1314419	1416905	1315103	1336744	
0.2779	0.0527		40193	32994	50644	35916	33627	44840	34704	45412	36484	35221		1427242	1173940	1499062	1479469	1120171	1221181	1303474	1409797	1301991	1137106	
0.9809	0.8156		60322	81736	71762	88200	74550	63153	63258	63279	78352	78808		1099476	1642263	1448235	1246813	1275546	1263277	1374738	1190225	1403346	1366329	
0.2478	0.7418		39528	45020	46801	41821	44202	34545	55749	43202	54253	44929		1220252	1326209	1205401	1288083	1297479	1287542	1545330	1311467	1699649	1248524	
0.6969	0.8493		69442	65574	73266	55024	69529	55021	74455	57780	58518	52215		1832172	1529886	1342438	1418568	1666012	1385619	1700188	1466538	1424214	1239635	
0.2572	0.8557		45293	48388	42064	56212	46952	57142	40604	42197	59963	39126		1439399	1115425	1091492	1525418	1410447	1582480	957567	1065182	1316225	1059433	
0.3035	0.24		47191	40754	50387	52205	47045	50879	52864	39424	42858	49703		1429406	1499140	1731712	1422077	1444754	1501656	1426098	1444138	1431225	1511490	
0.1432	0.6809		42555	48710	41294	42628	59668	56166	52363	51609	40988	42046		1304671	1403149	1196419	1253036	1308740	1683995	1530829	1389316	1443922	1356999	
0.376	0.4791		43220	54277	54973	47513	50856	52036	53795	48693	51259	60039		1258972	1518887	1490114	1274642	1270973	1244856	1536943	1147749	1386500	1651235	
0.5949	0.1041		42244	42447	52728	55245	47231	52752	52603	43243	39759	46436		1295178	1168836	1532646	1404545	1367737	1411110	1629024	1317442	1238618	1285810	
0.5289	0.9369		59747	66998	54486	66120	67037	57050	50936	50134	69363	55447		1427322	1481557	1380054	1754075	1620963	1375482	1078337	1076915	1522884	1481407	
0.3108	0.6435		56380	53675	52389	49590	37608	41739	42990	43004	43855	45372		1657318	1573796	1542035	1404281	1159737	1067000	1203345	1084943	1352824	1486319	
0.9063	0.07		68532	54321	55641	46025	40903	60327	52123	48182	44476	55749		1296514	1300061	1290330	1139853	1113119	1395117	1370658	1170199	1186335	1278267	
0.0539	0.7202		35344	33478	41615	35177	35722	38517	37189	32773	35552	40898		1271231	1179668	1319987	1267162	1238778	1335824	1306074	1134392	1302951	1181508	
0.4447	0.6366		52267	54088	51386	67284	59177	45689	45845	45782	59706	44496		1302156	1317244	1456176	1395016	1576133	1114431	1261653	1282164	1413736	1153568	
0.5861	0.4889		48450	47910	59293	47357	58486	46573	49478	47567	45219	48819		1319718	1280501	1624006	1259945	1487933	1219238	1250293	1102058	1175806	1290602	
0.8268	0.5844		68027	75556	50871	70848	54824	60223	58434	74297	58815	55904		1309145	1457823	1321966	1515789	1314147	1431414	1357108	1686707	1308373	1341752	
0.3534	0.3216		49548	47597	38576	43528	50344	44751	49779	50333	59845	59522		1171021	1339845	1154266	1175416	1495681	1365138	1514065	1542588	1427767	1176618	
0.8397	0.3619		57278	56007	48646	49819	52894	51240	48058	49408	50569	66863		1351656	1291979	1143614	1193578	1313037	1362717	1334885	1376201	1383551	1548398	
0.9281	0.3412		55142	51932	66778	54734	52541	49457	57893	65034	52694	61640		1512446	1304307	1653750	1338305	1205087	1244098	1359735	1511175	1259864	1441653	
0.4508	0.1153		42526	38180	53697	39895	37348	41191	35531	39545	37138	35152		1342372	1154514	1210934	1332681	1279296	1353930	1052573	1171004	1163363	1068575	
0.1925	0.1018		32739	35849	45119	31714	34055	32532	32382	34497	38109	29901		1319778	1260393	1467509	1158086	1105245	1347307	1186627	1156842	1209084	1104147	
0.7921	0.7556		66271	68153	54183	60869	62388	60058	81285	70896	54909	55311		1477216	1418195	1148203	1222476	1381768	1197944	1517159	1469415	1404633	1261727	
0.163	0.7543		35735	46772	51575	51552	43773	52165	51240	43265	49138	41954		1155411	1363042	1525159	1472815	1255407	1655179	1522512	1271131	1489660	1447910	
0.1931	0.2685		38767	38221	33136	48073	39003	50174	35873	34664	34153	47969		1333358	1398269	1159923	1209824	1384357	1611977	1387220	1156334	1243086	1568743	
0.46	0.5578		41552	51300	45534	58810	57697	40163	42646	59309	48881	44559		1084356	1240394	1244059	1341001	1315194	1005923	1041903	1353344	1385049	1198116	
0.1805	0.3699		45040	34175	38919	45479	56331	36024	38259	43609	48581	46095		1402303	1076152	1283552	1493727	1386367	1376311	1376628	1421530	1812620	1584815	
0.0793	0.2767		45156	37051	35727	35388	32958	45051	34144	36659	46820	50095		1502955	1304247	1318869	1357720	1537374	1491923	1306962	1273299	1478353	1322061	
0.8722	0.8125		72425	62159	58511	64831	58495	57362	75891	57452	55003	74502		1529731	1410521	1228276	1301773	1281567	1267072	1344294	1243199	1082476	1401199	
0.4627	0.9051		63811	62619	62458	64308	45382	53999	45412	47841	50760	62728		1545854	1493968	1654578	1700937	1145856	1282058	1187762	1381913	1245430	1498367	
0.7622	0.2762		65148	46933	67980	62584	53526	62416	47780	50252	47959	61580		1697626	1287814	1429453	1582609	1330016	1637463	1266372	1135450	1310783	1605809	
0.1229	0.3415		43783	35553	32271	45327	46072	46519	36293	34661	44758	44589		1493272	1276523	1081414	1222434	1636854	1430709	1339784	1287968	1593164	1364782	
0.3876	0.2908		39408	44970	35579	61574	53007	47566	46353	33524	39694	53208		1253712	1255506	1222524	1652117	1736603	1732599	1545728	1077561	1228476	1558085	
0.3959	0.4729		40768	51574	55846	56196	57017	48680	46236	46114	42158	38650		1107676	1307565	1410919	1322599	1659612	1415445	1281262	1310892	1201683	1066155	
0.7891	0.7306		58858	55527	54740	51509	57762	63853	58303	58769	58794	55199		1281167	1231471	1121933	997906	1226097	1302312	1255233	1256787	1169921	1227533	
0.0832	0.153		34634	31610	37136	37238	41976	41700	33326	33375	31941	35969		1217205	1173808	1354493	1248618	1364704	1339830	1296685	1232181	1186379	1271134	
0.5405	0.5708		42249	45744	43611	44644	46603	45565	55600	46031	59975	51410		1177439	1149956	1144352	1264089	1202265	1217681	1467293	1265526	1303930	1127114	
0.452	0.6511		55565	45575	61143	61512	56174	59745	60705	59363	46733	56667		1322391	1131366	1483229	1594936	1407371	1486977	1531352	1607961	1334333	1666754	
0.6306	0.3545		51150	63487	47407	59630	45920	44205	40301	59032	48342	43380		1428338	1242055	1201886	1678825	1271807	1168557	1164396	1549671	1242574	1189247	
0.5456	0.271		44089	37632	42554	46141	39499	45549	55317	53595	40301	43880		1124656	1075135	1243688	1388518	1100504	1289004	1601546	1594135	1063156	1264308	
0.7957	0.4447		47134	57137	46989	69871	51216	49852	50972	46098	50640	51140		1111568	1412105	1403350	1624241	1290265	1348211	1215631	1127702	1300822	1226294	
0.9437	0.817		57580	63802	78934	56318	56736	74482	74327	69131	65951	61164		1144577	1309174	1458280	1294475	1174016	1292609	1633650	1308128	1320876	1212130	
0.3375	0.1839		51408	49956	39858	45865	37769	49461	42311	36491	33675	36961		1491525	1563848	1254042	1433944	1433997	1559155	1368524	1158464	1098018	1255345	
0.394	0.8488		66573	51754	62490	51354	46369	50949	61897	42224	61107	42284		1587862	1378952	1547663	1347259	1288147	1294533	1545688	1056879	1393650	1237905	
0.5202	0.5385		60343	58181	58879	49242	46437	59785	59864	59925	59275	45449		1779974	1581527	1663802	1295151	1198281	1449044	1504272	1726122	1495674	1153862	
0.0925	0.759		38820	35607	44015	54849	35304	41891	36465	32544	36437	39336		1198755	1333671	1180162	1364493	1273972	1208809	1174178	1108357	1287725	1434441	
0.7233	0.8011		57431	64206	68138	55115	59858	59258	58315	70240	57307	77619		1141179	1171007	1477694	1059855	1283439	1178033	1215726	1375561	1221341	1398885	
0.0908	0.8417		37172	46940	54436	37076	37065	44653	37506	34757	35226	40168		1143371	1533848	1317107	1288066	1212764	1488379	1442416	1041083	1134042	1395164	
0.2817	0.3486		39460	37749	51884	41152	50510	43706	41878	44159	50766	48589		1257965	1140107	1533268	1294083	1633557	1428094	1489454	1425927	1654743	1675989	
0.8293	0.4888		57188	62278	55490	68838	59751	50216	78943	54061	56472	52580		1284824	1171475	1243928	1397800	1289803	1168972	1488161	1302246	1379983	1320684	
0.3095	0.2172		39299	40994	41033	44991	49784	40792	40496	43896	41948	56200		1511649	1583319	1292581	1379788	1673297	1401379	1350571	1272149	1405989	1535763	
0.3343	0.8498		47521	43795	45183	41333	51282	43968	47451	47639	43796	53633		1344197	1217098	1329191	1089199	1443341	1260625	1388185	1237024	1349516	1534291	
0.4538	0.6944		50391	54350	58903	46244	60305	54944	61317	47289	50992	48901		1425501	1516972	1698304	1307659	1550804	1409940	1503781	1226631	1066336	1386257	
0.7833	0.6596		65893	53925	49639	54374	55097	77929	57737	56991	69552	53762		1486418	1327084	1280613	1166020	1201337	1508394	1233023	1306137	1685357	1235755	
0.2538	0.6598		53386	53717	39990	49481	56256	37889	48161	52900	42456	37318		1653869	1404840	1191531	1238904	1246951	1057743	1373715	1343820	1252572	1142135	
0.5108	0.9793		50364	51651	51628	50866	47985	62991	68875	59193	63782	58949		1185016	1142749	1215928	1118511	1143816	1389353	1248555	1205620	1399374	1197054	
0.4963	0.3567		50976	43361	53484	42406	43944	57625	42096	46003	42840	42983		1376197	1253707	1370102	1096911	1196165	1474650	1141676	1360183	1300539	1292304	
0.6905	0.827		53206	61880	53878	56364	58573	83935	66762	58491	54245	57421		1308512	1382724	1124235	1234967	1374696	1335793	1463894	1296487	1259020	1253280	
0.532	0.5168		42644	67753	50700	49234	60939	63424	59380	50323	45558	60162		1191647	1429871	1267520	1388102	1326786	1469004	1255670	1297828	1271999	1378069	
0.2904	0.715		54102	48815	58985	55043	42183	42504	47850	44717	47519	54806		1393419	1500928	1564748	1811141	1327250	1240575	1341373	1371628	1545854	1786749	
0.6091	0.1904		39901	41905	47320	54724	47669	49175	46838	39400	44645	56276		1094961	1184223	1348811	1414698	1415365	1284104	1346573	1032840	1278416	1507664	
0.5431	0.1452		52502	43852	37104	37045	46998	52262	46669	37392	40877	50902		1528303	1343642	1053553	1061075	1440959	1509112	1579849	1318233	1288099	1576791	
0.7639	0.7702		70349	70149	50859	53698	58768	57963	50675	58544	59733	57224		1735545	1372454	1133190	1012885	1286232	1364887	1198162	1125002	1333201	1369604	
0.3582	0.4273		51366	39835	40907	53256	54297	53456	45115	54889	39529	38802		1456698	1289396	1194521	1480486	1725527	1545109	1186202	1070158	1403251	1222139	
0.3988	0.7184		47468	42058	54288	45968	47332	60022	45826	57805	57708	44342		1271545	1110234	1512733	1310324	1356880	1591728	1517572	1579379	1623002	1264563	
0.8777	0.3571		57874	49844	49786	63366	57016	48471	57462	67311	57283	64351		1456018	1362249	1308095	1586013	1351492	1348042	1447454	1617749	1413947	1446277	
0.6165	0.5985		65427	62954	63949	62588	54296	49293	52147	56636	58073	70308		1354174	1564969	1503793	1744815	1547706	1392034	1360079	1204596	1300800	1406149	
0.8057	0.4133		57328	65751	66481	53716	49690	49793	53154	70292	63023	66888		1289821	1651314	1466545	1404895	1341190	1358768	1360626	1577747	1562098	1440988	
0.5911	0.9653		54621	51989	57450	51105	67265	60147	50865	61657	67550	67924		1213104	1114731	1289434	1150790	1416637	1325366	1249526	1443879	1465202	1486000	
0.2191	0.2898		38757	35617	45006	38875	56061	51746	36912	47626	36412	45953		1316150	1276565	1537837	1308776	1579083	1457300	1297616	1335330	1328779	1436101	
0.3742	0.6042		44353	45560	44816	39251	56630	45880	52392	52847	46455	45687		1263505	1383853	1222319	1156569	1254401	1288123	1418389	1290706	1342483	1219958	
0.9568	0.9645		77791	62280	82605	70265	81274	69085	66842	80704	66561	76855		1547334	1290790	1290750	1452861	1557486	1354978	1299669	1465109	1398123	1607761	
0.8493	0.2545		62370	57201	51610	63080	50753	51690	49806	62672	49797	48238		1351122	1409920	1254945	1564367	1302020	1228560	1165303	1455131	1241155	1147526	
0.076	0.4503		42046	35969	38897	36490	43742	35526	34705	33436	38485	38397		1466232	1372364	1385208	1298887	1764570	1337985	1246918	1202644	1364272	1412414	
0.6161	0.0576		40877	39303	41399	49449	41000	45306	43774	61484	59367	41309		1232281	1136090	1202731	1138400	1322597	1361035	1220078	1407585	1565186	1227289	
0.2407	0.2076		32536	32107	37034	44130	37688	37214	45288	36522	38092	36311		1278778	1089170	1327937	1253747	1250738	1397733	1294526	1164980	1220719	1307665	
0.5782	0.3666		47386	42480	55163	40617	61222	59272	47692	43494	47589	58416		1334282	1328317	1286052	1125948	1498394	1721923	1378576	1280406	1336155	1586428	
0.2116	0.5206		39815	43009	46344	40062	49279	42881	38213	38943	39623	39218		1230996	1282662	1349310	1221420	1500915	1343517	1305558	1361142	1455888	1301002	
0.3439	0.5495		43412	45848	68061	64021	52967	42080	38849	43444	46409	65581		1346232	1364863	1396016	1697466	1501295	1288137	1043237	1186923	1447975	1699344	
0.1176	0.5598		49590	39774	36164	43468	55316	42756	33346	33539	33709	35148		1675331	1488507	1220420	1296450	1532625	1402848	1081565	1085186	1038146	1263680	
0.8349	0.956		63316	67362	73630	56697	74745	81221	80097	59093	59482	60123		1362994	1574698	1498788	1138512	1471053	1563861	1728408	1419490	1304598	1267530	
0.8718	0.6239		88050	76525	54597	54869	51731	70389	58794	67923	55756	59501		1401988	1517265	1455488	1254480	983844	1355656	1197518	1394774	1282851	1281782	
0.8583	0.9723		85276	75910	76912	62960	77670	67142	79410	62646	60646	60192		1633713	1407888	1351775	1269498	1450264	1282508	1241392	1186534	1185841	1309112	
0.5688	0.2832		41626	41920	38970	42266	42709	42394	55870	43515	45928	56104		1057209	1109235	1101543	1186411	1232589	1348184	1613663	1225233	1259512	1373949	
0.3107	0.731		44310	45401	67377	42482	41524	57682	49710	43036	54144	42593		1490486	1287641	1331746	1220836	1196552	1595507	1497310	1403539	1629679	1443824	
0.0746	0.6845		39987	35872	33880	40762	46397	49459	48679	39692	36110	49654		1273204	1385864	1036555	1396850	1586499	1576354	1667661	1517875	1238125	1621061	
0.7856	0.3014		65589	49957	47251	54303	62303	51724	62747	60991	49331	49236		1680172	1388738	1366992	1406563	1417322	1441462	1510034	1377661	1329527	1334462	
0.1267	0.4135		36416	33673	35533	39654	36431	33066	40788	36534	42289	35539		1345975	1264007	1381200	1430747	1329854	1240386	1362199	1322489	1284196	1184471	
0.1789	0.4049		32081	58054	39201	39164	45141	54265	36593	36511	48383	49898		1073880	1325559	1438233	1335243	1283038	1544615	1231143	1239417	1338686	1470351	
0.7873	0.4517		56672	50393	54141	66868	66350	67091	64695	45913	53128	69112		1374331	1324262	1434909	1781236	1430682	1754025	1596256	1129707	1436938	1693222	
0.9985	0.3866		54771	68752	57071	56664	68819	54419	53492	64575	51698	56154		1504010	1749988	1374095	1482930	1615132	1383090	1481917	1404343	1348891	1412844	
0.4723	0.6771		48603	51496	61026	48787	59115	53120	52725	49061	50536	46503		1323224	1387586	1515432	1362501	1279939	1140135	1359166	1095879	1251439	1223987	
0.5546	0.7563		45663	49548	61266	51245	50861	52686	58780	52236	50009	54382		1038548	1499039	1453299	1165451	1331824	1436137	1386024	1257115	1259654	1362307	
0.4433	0.7645		48192	54095	57954	47116	42893	69745	48575	56605	59420	51895		1255252	1137492	1514422	1181530	963948	1174996	1299234	1289601	1539345	1203890	
0.6296	0.1792		54718	52256	45490	52258	41829	59510	38737	40884	42770	48394		1571989	1417019	1248993	1321558	1153332	1362293	1146510	1125929	1273064	1342589	
0.6037	0.1206		41461	44241	55089	52430	42178	39706	36440	41841	38808	47414		1260241	1363219	1657865	1467419	1344456	1180045	1073806	1192227	1085993	1329694	
0.5282	0.4676		54440	45258	45556	56884	44494	44451	55669	44988	45557	51765		1486189	1221929	1302351	1323646	1215007	1217087	1226204	1122671	1154123	1291470	
0.081	0.8732		37856	47707	36690	46858	36255	43985	38896	37477	35297	41473		1342378	1216996	1246556	1343256	1147752	1259883	1212409	1230021	1025248	1282792	
0.8374	0.4463		53667	52459	51456	53293	51218	68893	47079	51152	65732	55929		1212079	1020732	1261088	1236547	1265496	1270238	981852	1268564	1487683	1286959	
0.6129	0.3843		45085	62884	48086	59101	43670	45600	50587	43907	44224	49517		1361910	1329076	1298291	1436666	1468991	1261715	1334465	1242877	1284696	1324473	
0.8207	0.8702		71933	70539	70739	71493	63510	64849	66305	62122	81494	72338		1516235	1650197	1555639	1541724	1282725	1301265	1407569	1272253	1440464	1520625	
0.1609	0.1939		43942	32951	44583	44456	38451	33179	33885	33617	33949	48883		1451064	1190697	1389339	1384054	1310654	1250695	1293285	1323829	1257160	1562118	
0.9904	0.0877		55578	46744	47631	75370	42409	49523	43538	62676	47746	50581		1323485	1202946	1458416	1523948	1383467	1338785	1078497	1728129	1310434	1286401	
0.1327	0.6091		37087	42605	39097	47592	35453	39801	47216	41963	35458	53468		1171286	1276670	1204489	1275337	1082429	1232163	1364639	1316233	1022548	1333993	
0.4433	0.5958		48088	44331	58197	40504	43791	49000	52337	46486	58585	45615		1460838	1101366	1386601	1132510	1287180	1361703	1363678	1342776	1669799	1279703	
0.6882	0.361		42805	47847	48076	67670	52200	56443	58853	59313	50178	41772		1019173	1220724	1237301	1516348	1289578	1441132	1635429	1703496	1195514	1078729	
0.7077	0.9596		54703	77009	58143	53994	56737	56460	55900	60651	57340	57390		1183926	1757413	1321541	1017019	1293050	1243890	1371738	1538700	1277270	1310863	
0.641	0.1137		40137	39255	43336	40085	43257	42087	40595	52792	43304	49758		1244402	1325168	1263105	1397592	1282108	1297236	1271794	1619777	1330767	1494785	
0.1908	0.3587		34889	32114	40536	38120	39843	38579	37632	51518	36605	38481		1178879	1020514	1208656	1200767	1268804	1206034	1337682	1318935	1181997	1243896	
0.4922	0.1234		43895	38310	44050	47937	49923	41382	51372	46084	43934	47287		1456185	1283518	1386276	1443969	1453141	1353064	1530662	1541063	1451379	1445476	
0.386	0.6588		42063	49066	47151	43396	57212	57877	45373	55532	56368	43496		1220034	1465564	1322167	1282567	1465957	1293639	1296768	1508185	1430306	1185109	
0.6506	0.2535		50623	57969	42942	60442	58981	58481	58802	50877	58084	42905		1326923	1486844	1144841	1510147	1503906	1496387	1554435	1370090	1703453	1201190	
0.1571	0.1559		31169	49211	32183	32183	29914	33153	32395	29043	31867	47728		1313042	1706340	1420025	1276583	1221937	1311849	1332111	1195329	1245483	1577029	
0.5381	0.551		45170	55655	46796	62812	50174	49294	46315	65071	46092	55232		1242980	1305660	1182219	1535463	1454470	1506378	1253122	1447884	1388150	1759561	
0.5345	0.705		58746	44113	46499	59060	63115	51425	63312	63679	61868	62703		1522789	1032779	1299026	1396684	1432592	1259441	1413474	1456228	1403548	1521700	
0.6644	0.2604		53093	63333	43157	43163	42404	38325	55962	58274	58520	39999		1279697	1471387	1343674	1188987	1228727	1228063	1426520	1470839	1575081	1049474	
0.6065	0.1791		44557	56100	43133	55654	57192	42338	54211	50930	43728	46109		1400219	1563473	1203039	1467160	1478050	1255909	1270215	1344030	1278198	1445537	
0.5526	0.4995		49014	48908	44811	60641	53403	44919	58981	48788	47363	59069		1371167	1427126	1227027	1568363	1368437	1277237	1566311	1450506	1358084	1560924	
0.479	0.6453		49457	71916	58929	48262	57590	55967	58499	70229	48072	57376		1191513	1291797	1604535	1455633	1545025	1374742	1418943	1706156	1413141	1636660	
0.4744	0.6603		46229	58382	59006	54583	47569	54029	61666	66738	47802	49495		1393258	1491736	1727258	1596395	1299088	1469315	1176084	1341761	1253591	1353782	
0.4875	0.5876		48934	42101	47257	45600	59688	58896	50357	53924	46565	42925		1433111	1064065	1316690	1153505	1470079	1382207	1298911	1315017	1412597	1133733	
0.1096	0.7669		43414	52858	49262	39825	47800	46939	37039	48126	40652	47839		1584439	1442026	1353144	1282810	1473801	1525181	1346948	1432961	1294708	1576619	
0.5657	0.0994		39840	39443	46192	48287	50095	45032	38286	38404	52469	55419		1207779	1098151	1255069	1287442	1466283	1479746	1367498	1223774	1519372	1308291	
0.9505	0.419		65369	72347	53131	54190	49729	49246	74566	69993	53279	67826		1432994	1540496	1238503	1176776	1068338	1090872	1291627	1424775	1295355	1589216	
0.521	0.1712		39811	40166	52313	47064	40887	39552	58260	41545	39029	34940		1300028	1358330	1378296	1401284	1391127	1233551	1485114	1358507	1186778	1378370	
0.2083	0.8128		46111	54265	40492	46300	51524	60410	53549	54368	47297	44853		1252765	1597020	1322118	1306489	1426893	1489726	1370628	1284079	1474317	1381778	
0.627	0.368		52986	45507	59684	49141	43796	47956	36575	47194	46044	46243		1291452	1406397	1577336	1301138	1200736	1300008	1032465	1268224	1272096	1310225	
0.6961	0.4211		59543	60792	48545	60388	53827	59705	60594	43689	43246	47757		1369838	1540990	1234669	1566036	1335565	1531299	1592576	984384	1123053	1261168	
0.1892	0.3388		39009	36097	39322	48643	32633	35676	48256	36642	32532	38402		1357811	1238574	1359308	1491301	1165520	1482451	1690008	1294580	1240285	1396928	
0.0746	0.3695		49546	36954	34018	44379	32805	37841	33778	38595	34128	39002		1537027	1318109	1142776	1421684	1212322	1155937	1227866	1330902	1288692	1264370	
0.4668	0.9128		44968	78952	49221	49967	61838	45224	47312	49200	47944	61726		1216132	1395462	1183476	1168398	1193257	1093961	1097065	1309282	1379503	1556129	
0.747	0.3716		58109	59848	49096	50124	49631	60181	49389	43250	46081	47984		1338087	1670674	1499599	1320125	1285042	1568774	1254886	1137870	1143831	1173097	
0.0827	0.4718		40402	36494	38980	36071	42979	36856	44869	36003	40268	33514		1401648	1235608	1185260	1260601	1449931	1326315	1404016	1193859	1230723	1180328	
0.934	0.2331		54409	73453	63927	67080	52828	52594	64502	63689	63774	50063		1393708	1378250	1736430	1744204	1359932	1297707	1528830	1751620	1533736	1315106	
0.9282	0.8075		71197	72828	61954	83025	56077	57052	57728	52244	76119	64038		1602603	1501221	1319057	1240415	1094574	1097684	985420	1137951	1263167	1251933	
0.2782	0.5439		54792	47764	42655	42707	36796	36798	39314	39732	44401	50993		1678359	1368660	1340184	1317339	1075679	1055574	1328574	1429797	1364522	1600231	
0.7078	0.9939		59691	58593	68191	72866	75640	63031	62070	64734	72878	58536		1232983	1209962	1417812	1399576	1623179	1370803	1302285	1433314	1267607	1154832	
0.864	0.8529		58040	61808	58437	63840	75213	58840	72797	74720	58946	72805		1171088	1205385	1131237	1273692	1447898	1226114	1368664	1514078	1186431	1384337	
0.0832	0.73		35625	36960	38482	35374	50753	48951	46822	47454	40342	54570		1323097	1206540	1247816	1321670	1414518	1491916	1640218	1653781	1311863	1453465	
0.7204	0.0793		45532	45613	48728	46555	39914	39248	37684	53362	40603	48043		1278403	1347927	1537070	1325230	1332348	1214416	1129493	1461842	1163900	1330853	
0.6633	0.8274		68885	61618	61014	54319	64917	55529	54723	60802	70512	66759		1573957	1237895	1392628	1330448	1498646	1210107	1295220	1462738	1468440	1390299	
0.8237	0.2889		61594	63813	51295	59464	48692	62342	54750	48514	68310	48632		1524400	1739201	1322766	1290853	1265203	1273229	1283688	1368053	1268583	1186141	
0.8536	0.8583		74755	81364	61415	68405	70606	61879	72961	76434	62979	60930		1261449	1342434	1166897	1428349	1320063	1199572	1658114	1638431	1453562	1153080	
0.4457	0.9627		50038	45432	53528	69773	56974	60689	52295	56538	48867	52530		1199613	1034398	1140124	1265862	1221449	1437819	1232494	1448766	1220044	1193697	
0.242	0.566		55601	53417	39931	38722	41438	41984	42880	43533	50038	39687		1266197	1420401	1286358	1299823	1224491	1176172	1242011	1183253	1351864	1230935	
0.1756	0.2288		44599	42282	48091	45043	30797	31465	44571	35989	33991	47844		1521378	1472797	1604044	1459100	1325045	1117757	1683521	1241960	1250030	1511821	
0.9158	0.9084		62308	63009	71123	60598	70740	75192	79173	62035	63353	65918		1228184	1244834	1260993	1065959	1249887	1393447	1701989	1313295	1467062	1343082	
0.4664	0.8396		50738	51322	55319	52542	61473	47126	50840	57651	46450	56255		1339319	1277887	1279551	1365665	1623833	1428000	1436798	1449854	1251074	1468849	
0.5981	0.9224		56148	58641	66319	58983	58321	70208	55255	52878	74321	74303		1265600	1275170	1549680	1561335	1418771	1574017	1338445	1247299	1357899	1324513	
0.5248	0.691		47660	62451	44657	61222	64002	47792	59010	48534	45785	49194		1195929	1220486	1221597	1493914	1229345	1163321	1538597	1382084	1221822	1222567	
0.7274	0.7943		66506	53698	52906	58981	54241	59215	54822	60024	52241	51775		1550927	1100590	1179046	1259811	1378938	1233951	1274186	1221545	1084151	1144645	
0.5303	0.8081		43826	54988	56402	53292	50246	46942	47426	57291	71253	49788		875825	1214291	1308836	1200984	1209847	1071736	1069143	1277951	1579274	1203401	
0.266	0.6205		53201	54031	42721	40246	66771	42190	57008	47794	52664	40109		1525718	1518995	1263031	1183344	1612164	1134035	1461629	1217307	1589957	1302478	
0.7986	0.1671		45599	44539	45233	59715	60405	52039	49848	46375	49285	48848		1290392	1167810	1304921	1692500	1341139	1213710	1416877	1210087	1356581	1158916	
0.8794	0.9034		63922	58019	68653	76004	80185	81718	75341	65681	87734	65806		1134356	1131273	1362646	1370720	1758613	1347866	1353187	1527473	1518254	1269688	
0.289	0.8118		43128	46937	46268	42711	45313	46568	40208	61221	57651	39836		1441241	1455725	1396165	1232584	1348426	1419031	1149291	1695890	1615088	1296813	
0.4344	0.3767		44067	42962	41378	43876	39768	43597	40119	41927	41232	37134		1354518	1262566	1195405	1284137	1387987	1358564	1252176	1277416	1532277	1057750	
0.3003	0.2176		54451	38078	36185	40562	36730	50901	36331	36433	38214	47706		1448854	1332360	1291263	1362433	1243733	1271608	1283940	1303690	1345158	1627215	
0.6788	0.6685		51770	67391	58241	54800	50339	54401	71613	55541	71001	62201		1198496	1308354	1333968	1212367	1189985	1346281	1733978	1208996	1550899	1417582	
0.3444	0.4261		60390	53773	40238	50861	40809	50578	47232	39027	41861	41800		1423024	1483086	1209332	1604190	1257731	1618075	1243115	1052563	1213537	1257837	
0.5516	0.7198		48634	50425	53324	48557	81908	54083	50448	56280	61265	51637		1356765	1408056	1376178	1290416	1475870	1367978	1296331	1363974	1473750	1410054	
0.798	0.4498		52236	76900	48461	60108	46643	58167	55381	51648	50014	66189		1320703	1538402	1365070	1296284	1126217	1345923	1410058	1435074	1376189	1442155	
0.5334	0.1085		41935	38940	39442	44988	37937	35362	43985	36526	57219	54771		1455951	1475139	1340362	1444744	1286495	1110101	1341223	1253662	1770723	1690313	
0.708	0.5987		65440	47065	64948	52843	66216	54241	50272	50177	58298	58843		1498775	1067998	1472238	1260105	1695093	1359865	1429422	1488865	1451129	1418671	
0.5028	0.9956		68079	57821	80426	54420	59356	55501	52773	54788	55337	56836		1618517	1364024	1314757	1306394	1408541	1429587	1257246	1335642	1263659	1309594	
0.4102	0.5299		58668	58143	67620	58528	45370	43532	46590	58721	45704	57657		1411961	1632729	1389734	1570031	1242961	1144179	1532055	1579366	1226409	1354948	
0.0593	0.2188		34336	37959	41878	35119	45366	42243	34164	31770	31790	34213		1198751	1368332	1523849	1344756	1514135	1519884	1346760	1199133	1259545	1287360	
0.5319	0.9168		53657	43983	44139	63490	67655	67214	51970	53195	51790	49996		1243983	947010	827009	1390862	1524947	1471870	1261966	1360996	1303276	1396992	
0.1187	0.8393		34100	34302	54376	40250	42474	40284	34690	35097	51220	39086		1144653	1385906	1315565	1244010	1290126	1334299	1005485	1015527	1569006	1317377	
0.4086	0.8885		51579	61222	60077	73315	50601	53884	60140	47146	47064	61090		1216957	1584294	1572819	1642555	1395731	1394256	1541145	1446983	1496163	1635103	
0.9766	0.4385		68400	60812	67316	56318	50859	75594	52564	67587	52395	51698		1421876	1379853	1449272	1335821	1138595	1367520	1227922	1360381	1223051	1090240	
0.5745	0.9942		51967	51740	67668	56180	66005	65637	74466	65518	58627	59304		1277097	1217287	1214091	1280397	1482534	1724171	1650724	1615520	1354354	1435263	
0.7683	0.9636		74737	58306	64538	63395	78494	59512	70328	61508	59667	64083		1509212	1193205	1219328	1439558	1478748	1316273	1315803	1358121	1301993	1425374	
0.7417	0.622		51712	51363	53390	60446	68609	60734	49625	53855	57382	54829		1313360	1231615	1311407	1302430	1530765	1450385	1165351	1320057	1407373	1423916	
0.2454	0.9845		41846	45543	42529	41945	45380	53507	46584	51692	58173	43667		1050390	1334277	1077656	986413	1289520	1405449	1419139	1357426	1621165	1266492	
0.8729	0.6084		59345	58398	70973	79407	56617	56932	52340	60461	62912	59265		1473730	1431264	1526412	1615672	1290728	1333019	1307422	1478831	1482107	1443862	
0.173	0.8613		39885	37961	38230	49933	39145	36469	53314	39171	38918	39191		1260466	1184737	1218264	1477858	1144127	1183395	1232463	1253132	1193788	1159672	
0.3165	0.9405		46631	57495	57879	46258	51878	64198	50906	45993	43384	54707		1266756	1406511	1421587	1281087	1486940	1553694	1338335	1204554	1165362	1419332	
0.5284	0.7793		64245	53251	62460	54849	63079	52056	62268	57065	61804	56325		1510597	1324138	1517787	1380658	1444000	1261168	1453908	1317382	1582193	1332970	
0.6751	0.3849		47608	42514	49745	47001	46010	42319	52990	53207	48720	46220		1517865	1173803	1288771	1169794	1254031	1182977	1380900	1445965	1438094	1294945	
0.9786	0.2922		50781	52411	66135	45534	69443	54654	66862	66458	78016	53732		1153918	1234275	1425064	1336827	1647272	1296073	1581064	1414279	1250722	1322720	
0.6809	0.8751		54819	51997	55007	50846	51893	55845	58214	57140	54180	62440		1297251	1063729	1096930	1162497	1077162	1268217	1280545	1287137	1337917	1134159	
0.2442	0.507		38303	35171	41157	51400	36420	42660	51253	48690	47501	37686		1283179	1195658	1171647	1479153	1266314	1260015	1433202	1362614	1419716	1195961	
0.9592	0.9293		74113	68072	80197	62633	67511	78442	86822	68799	63692	73326		1603021	1350608	1425652	1368043	1326044	1443907	1627934	1441764	1328613	1477177	
0.1487	0.7541		39103	46333	43705	51534	52150	41217	51040	55738	57129	46590		1116995	1253710	1273824	1427417	1372183	1305188	1486475	1520739	1466193	1363026	
0.8195	0.6142		67028	66127	78239	53187	62959	68072	70992	57287	70171	60844		1418874	1588465	1440104	1319581	1314096	1336122	1653635	1269714	1431608	1464165	
0.0945	0.446		37714	37576	34921	40989	54716	38031	38275	34926	32528	41869		1293959	1207970	1251601	1255689	1439655	1279944	1399200	1153228	1023816	1347509	
0.6024	0.9768		65872	66930	54639	64916	53206	53582	53321	60301	56874	55244		1382780	1601401	1241716	1130799	1261615	1249869	1223335	1241554	1324233	1195939	
0.5497	0.2043		42922	39912	36580	40180	36965	41662	37687	38980	40558	53663		1168482	1096014	1043632	1097301	1051324	1238688	1037800	1168551	1123605	1436062	
0.1423	0.4419		41055	38369	41651	35345	47797	37941	41590	31538	47435	44868		1292545	1296402	1371104	1225210	1669371	1314065	1205358	1124560	1308091	1511470	
0.5008	0.2164		41796	54798	53242	42260	42186	42563	53872	44972	54674	53595		1180854	1552226	1558910	1193366	1307632	1300681	1407895	1246217	1433434	1468972	
0.513	0.3017		47455	38145	41670	51537	42539	53541	53689	60356	53199	41053		1294606	976559	1230948	1270750	1170701	1351738	1229723	1509474	1668696	1348153	
0.1203	0.5738		38664	45989	35849	50378	42874	35065	41237	45923	34821	46568		1277856	1447153	1236690	1570295	1252646	1183259	1449098	1509858	1199074	1577488	
0.9356	0.1166		48077	61151	41677	49765	50833	42515	55509	57382	45270	60708		1309170	1203510	1019382	1263366	1236261	1192892	1455439	1258251	1425031	1541095	
0.8744	0.8052		60400	56255	85311	66003	88629	57771	58621	58063	57258	62454		1320487	1080981	1733236	1429931	1213035	1215851	1189076	1173744	1246974	1271595	
0.8863	0.1078		44657	46596	48343	59861	59491	45559	41356	48121	45409	47465		1227368	1427685	1365170	1640580	1513456	1183704	1123561	1302452	1240451	1292293	
0.8315	0.8331		62317	73191	60007	56816	60045	57069	78602	57890	67226	57452		1277084	1501368	1256325	1150292	1274425	1342887	1609498	1240883	1205761	1137910	
0.8313	0.4186		50865	66966	54575	66092	58464	57539	52887	56781	65828	53225		1375072	1509867	1554950	1593338	1470981	1489640	1321485	1374628	1792460	1283521	
0.237	0.2634		34379	35548	37657	40774	40802	35905	37156	46432	32519	66533		1183116	1246490	1252307	1360920	1273804	1199138	1343228	1548043	1144455	1505967	
0.6029	0.6119		51629	50091	48738	49303	55801	68779	53641	51982	47903	53688		1168819	1206873	1213630	1158840	1414513	1455684	1327327	1381259	1274637	1240249	
0.2575	0.702		44623	53967	54198	40662	45130	40192	40636	51188	51156	42395		1330881	1542731	1396267	1118585	1308259	1134399	1212463	1288786	1296291	1332436	
0.9327	0.0616		45070	61374	48928	46455	57222	56778	61039	48169	53121	46692		1210349	1560738	1221464	1230728	1319115	1451516	1382167	1262321	1336396	1300653	
0.5435	0.8132		63515	55516	70510	61019	49226	61207	62007	49192	45563	55248		1327922	1345214	1443444	1460475	1190551	1419813	1332919	1228035	1061159	1367155	
0.9585	0.9216		80571	87810	77527	71050	80406	79816	78760	64828	66112	71710		1467988	1478810	1521983	1428906	1563373	1655566	1456383	1245150	1504519	1401974	
0.4475	0.4773		44237	64842	44820	43719	42236	45867	38919	45808	54130	38955		1272289	1366920	1209978	1120097	1171617	1156082	1028300	1222500	1303069	939259	
0.2261	0.2553		32729	56647	37564	48496	36973	34135	37898	41956	36289	49496		1200816	1510750	1354521	1382250	1340352	1298068	1175464	1452700	1459078	1575154	
0.4398	0.6496		57679	45184	53892	54879	53750	47642	52384	60442	57005	62224		1365210	1250883	1294435	1454952	1429546	1237658	1206078	1517105	1537745	1312813	
0.3438	0.3816		57879	47351	35005	34840	35607	38460	47088	42295	51564	38762		1370675	1446677	981907	932202	941377	1189958	1273008	1108433	1467774	1177328	
0.0993	0.6055		35616	43986	43733	41837	39239	57638	46417	42984	47976	43343		1217696	1305670	1226249	1324656	1276215	1258360	1434119	1454817	1483467	1400132	
0.569	0.6868		48893	62209	62812	61470	52257	44408	48066	64361	46717	59726		1259664	1479738	1359404	1371492	1285011	1070201	1027679	1542707	1166276	1482745	
0.0842	0.9844		37828	39330	52043	38735	50578	53953	48637	34187	38078	40144		1359175	1360527	1380952	1313898	1438496	1405512	1326602	988589	1274241	1324784	
0.6024	0.1208		39961	39495	39268	50862	51429	51845	36961	52030	39414	45101		1196783	1238704	1321091	1336869	1576085	1638686	1232484	1510093	1129088	1343010	
0.1849	0.6255		52994	51847	51939	41089	39132	36403	54704	38591	37715	35612		1373323	1447745	1552110	1352476	1052613	1283408	1555806	1238431	1044653	1183303	
0.4081	0.6501		47694	47164	46747	48255	46942	57421	43966	41292	42418	42716		1250333	1201055	1214123	1263858	1305623	1507957	1193503	1039202	1055272	1207799	
0.5112	0.2755		57841	49115	37222	47942	41592	59001	55950	59114	41343	58583		1757487	1481033	1111831	1401764	1244345	1286362	1629623	1342712	1415470	1620328	
0.9561	0.1134		61425	50531	49354	61453	56370	49337	49283	45697	61448	45469		1580878	1295465	1258404	1585556	1465889	1199730	1160964	1173555	1256716	1110852	
0.5958	0.1853		44745	48120	45566	40760	49531	43353	44078	57444	56097	48333		1153704	1282050	1318764	1205533	1360234	1227850	1195320	1452807	1560396	1512330	
0.7473	0.6529		53420	60215	50289	57706	57594	61491	72827	58258	61181	56379		1101889	1207209	1185709	1274228	1300533	1352439	1321888	1255627	1163271	1155125	
0.2181	0.0969		39763	46806	42891	45499	34795	43697	47471	34862	36620	35941		1444351	1448041	1579283	1522140	1230229	1490905	1629449	1313637	1285922	1216380	
0.8994	0.882		57965	64135	93931	61437	65703	73208	69115	56540	60509	77130		1153811	1337660	1341219	1250001	1248913	1335210	1454708	1098084	1096431	1443280	
0.4414	0.1143		50070	50020	37414	37636	34012	34504	56565	39478	48442	38916		1338440	1601098	1063054	1136929	1218691	1243432	1506269	1375706	1600781	1456339	
0.9466	0.3313		55916	50284	50920	62374	54972	63976	58646	53723	67970	56084		1323258	1117280	1148324	1309011	1278328	1387478	1463042	1244832	1415844	1299408	
0.2099	0.6411		39781	52510	45920	50367	50296	49747	41492	41679	39180	37825		1240702	1551533	1138644	1286435	1486961	1424936	1325626	1232770	1194082	1174762	
0.9106	0.9307		58300	80237	64979	73922	75305	79336	76708	60854	79983	68876		1238457	1393960	1313974	1571538	1536697	1248253	1529913	1234591	1343266	1302348	
0.8887	0.3415		67272	71047	57478	65502	59350	53378	52996	50933	50221	46433		1183154	1298537	1276630	1407804	1303791	1255351	1334328	1248911	1121874	979737	
0.4579	0.1186		58417	58915	42476	36871	38372	38754	39089	51362	57122	38738		1219254	1415726	1495792	1182712	1206125	1071699	1256194	1509898	1398522	1192036	
0.2104	0.1513		34355	34684	40345	36833	39285	39133	30745	34616	36601	41709		1265017	1339431	1420239	1445265	1470665	1373869	1112021	1306738	1300417	1281719	
0.0527	0.4388		34045	48307	37714	31238	37114	37270	41439	43723	31786	46442		1458708	1443032	1294749	1130419	1214364	1273046	1216792	1192483	1140618	1459611	
0.1823	0.9832		43821	43842	38226	41300	41270	42641	53604	48336	40794	54763		1425795	1337601	1286168	1339254	1369854	1453064	1574114	1445332	1401557	1342198	
0.2346	0.6144		50591	36671	39361	41231	50502	41570	51181	50656	40402	48255		1467431	1173324	1320980	1400829	1578011	1339711	1772844	1615154	1353399	1553101	
0.5181	0.8525		51615	62668	64494	69657	69289	53672	49545	60703	51255	56952		1287962	1455003	1516885	1638889	1383126	1404037	1451420	1423551	1352709	1399039	
0.2438	0.2229		44125	41003	36214	48303	41469	45900	41806	45558	46006	40167		1380758	1351482	1214801	1438599	1367228	1325394	1568904	1771078	1449371	1256351	
0.7988	0.2906		46118	53600	47884	61950	51106	67445	48144	46620	47524	47476		1158164	1285421	1316089	1557156	1431021	1592933	1320323	1475449	1542172	1183353	
0.893	0.3103		53351	53453	52578	59992	53058	49603	61713	49090	63270	49033		1250039	1354088	1392229	1394409	1308282	1325653	1575688	1278433	1389247	1293678	
0.1164	0.1304		35544	41392	30594	31985	37687	47495	61798	44068	34862	33025		1334274	1345966	1227049	1292284	1447318	1419827	1567998	1594114	1394798	1531678	
0.3493	0.7991		48633	43625	56451	59020	57469	42720	61472	44423	56995	55484		1440961	1394565	1459883	1663251	1522707	1398627	1444865	1354886	1592151	1615787	
0.4006	0.8505		45891	46861	49829	46989	62331	43205	61290	46247	51429	47055		1185251	1291116	1270629	1223377	1402307	1279186	1387904	1140168	1334928	1299593	
0.2864	0.5827		49812	56553	53601	47514	41538	40424	40726	42333	40399	37496		1506284	1517132	1680344	1369438	1183206	1321041	1165305	1274030	1165304	1078309	
0.3752	0.2653		34464	38345	48173	40098	46252	41199	37311	41332	39725	36730		986275	1004708	1129856	1135729	1275126	1292980	1238407	1232684	1112200	1010727	
0.9844	0.9878		69305	82883	75976	82337	69024	66711	88216	78301	67679	68867		1352857	1326313	1448761	1604516	1315594	1240438	1522363	1349302	1205885	1274019	
0.2216	0.6847		42242	49754	50896	46620	38157	40804	52261	50033	41341	37578		1189980	1648295	1470297	1209291	1064132	1210807	1295384	1448383	1353711	1088952	
0.713	0.389		48109	54032	49781	62293	46701	46639	49728	64510	66594	47782		1199417	1337444	1211071	1657204	1257861	1094447	1299148	1411731	1246780	1283834	
0.1279	0.0585		43274	31842	40883	30686	32684	31066	43524	33462	30714	40967		1399747	1339330	1362777	1138831	1290861	1272756	1400541	1291956	1169425	1486770	
0.1434	0.6369		40565	40156	48379	40014	37073	50267	41175	41150	38736	41061		1367212	1170072	1347555	1394406	1177524	1710612	1300896	1245585	1224939	1366993	
0.5464	0.1096		37166	35279	36246	36537	64151	52324	51721	38356	38530	39433		992782	977189	1018696	999127	1411438	1371972	1731495	1370949	1136167	1185144	
0.4715	0.2923		41856	51520	54553	40649	41485	47592	47962	41736	41715	44797		1292158	1267191	1558064	1286143	1202659	1271758	1243634	1280655	1420003	1388523	
0.4078	0.5932		44832	52444	59080	43684	56488	55130	60396	55947	39724	55795		1295706	1374728	1404041	1335928	1184949	1646079	1247281	1607298	1233757	1481440	
0.8608	0.4728		62128	61217	64784	64672	62624	50460	46943	47082	55674	56396		1453010	1428967	1487384	1581715	1614188	1187111	1071891	1221049	1437957	1402831	
0.0754	0.3652		32454	38300	36363	48566	36714	51497	34471	33964	36169	35102		1127163	1260330	1331694	1170188	1240509	1490793	1272732	1275907	1269390	1186428	
0.7824	0.8816		55921	60672	59573	58212	81839	70827	53755	60887	84791	57133		1226087	1252069	1248961	1163458	1418281	1524277	1114964	1232555	1425469	1275973	
0.1603	0.7526		38232	38693	38682	40778	51860	53317	40037	50750	50260	41951		1151442	1206851	1188898	1210138	1337451	1380990	1272926	1506756	1485776	1613323	
0.8359	0.3468		53306	53338	53708	46575	50975	48752	55849	49250	49163	46310		1326783	1380722	1589892	1176406	1142221	1208695	1415203	1225712	1197154	1223200	
0.7319	0.8075		54900	58790	58811	57798	69079	55499	63160	66487	71399	53248		1214469	1335530	1424335	1301235	1522539	1343560	1521756	1420876	1664777	1267823	
0.3556	0.7089		44106	50796	43534	40084	43869	56909	40363	51784	65826	54187		1114731	1251048	1216312	1282328	1270609	1251192	1163440	1396135	1431522	1417645	
0.0958	0.3958		39616	37083	37354	37398	46328	37299	48027	36730	35032	46093		1481045	1304434	1410913	1307047	1526378	1283825	1516264	1266192	1331871	1373015	
0.9302	0.2572		48729	49645	52850	82641	53427	56736	60576	52234	58532	52828		1191934	1285512	1310429	1426929	1357134	1506524	1420143	1437762	1390039	1289538	
0.1395	0.148		44272	30759	33801	44974	42054	42168	44012	37002	42863	34800		1036496	1022745	1266317	1502143	1590423	1467674	1398257	1329884	1575762	1162632	
0.196	0.7556		37418	37418	36897	52087	38651	45193	43113	42883	49493	42507		1081395	1136947	1220092	1439131	1298186	1409164	1131930	1336482	1337469	1354352	
0.1149	0.7952		35159	40555	40882	46780	47585	36433	46181	50785	39307	45039		1248653	1340974	1363952	1488097	1440827	1271730	1503753	1499021	1365252	1353514	
0.2926	0.1734		48451	38763	43106	48718	39304	39806	34411	41792	44701	38880		1437971	1390798	1304678	1633584	1516113	1317533	1345098	1445999	1329197	1502818	
0.4794	0.3104		42149	43512	40376	45585	39613	43412	39684	54750	67565	44639		1137587	1204865	1293886	1212956	1067122	1141867	1107212	1446361	1202848	1209898	
0.0969	0.9111		62877	51043	50300	50159	40774	37953	37528	46886	45897	37400		1615190	1564938	1472249	1447637	1286311	1223372	1226794	1397830	1236585	1193628	
0.9257	0.775		81004	57991	55500	62864	77810	62482	69814	60434	61616	76775		1298511	1091952	1099193	1262583	1274675	1330308	1413209	1183565	1230633	1349933	
0.3138	0.076		35750	36943	40146	39872	43404	31420	50696	47777	48335	38338		1108145	1310155	1540776	1423569	1369739	1296887	1648795	1472966	1519641	1452020	
0.4236	0.7504		65453	46315	47241	59746	47857	54999	49267	58559	45892	53611		1511376	1231863	1204403	1377230	1431035	1388595	1383904	1573601	1227692	1383893	
0.2175	0.5765		54498	42398	41858	39809	40557	40297	52092	36341	45838	46420		1809676	1381601	1464455	1219947	1308159	1256664	1506484	1197539	1349633	1335408	
0.5721	0.8838		53600	65504	55008	53950	59559	52283	54165	49626	54559	53073		1236499	1513388	1206239	1309320	1321119	1241770	1266335	1154195	1175035	1211845	
0.3306	0.4092		50099	38772	38654	51441	37033	58529	48898	42502	49188	46587		1554331	1242160	1255520	1441583	1111500	1480216	1476328	1316843	1353627	1332986	
0.9105	0.144		48934	55577	42851	54920	47263	63175	46788	47577	48600	43595		1210616	1154377	1120316	1487161	1285815	1348224	1293010	1248569	1328535	1221497	
0.7447	0.0557		44614	54681	41511	44654	63528	43317	53326	42334	63179	48396		1208310	1702754	1168520	1211569	1484494	1375897	1584112	1292244	1229591	1219533	
0.1449	0.7321		45159	48054	48185	36804	48174	39405	41258	39495	54201	35750		1521893	1651335	1551221	1265588	1659310	1244033	1345681	1443056	1632197	1199195	
0.3156	0.9445		42398	47564	47746	55434	47680	47643	59112	53536	44291	65983		1178855	1449567	1310838	1324654	1267938	1310128	1645799	1505440	1286995	1411417	
0.694	0.7413		53130	54872	65926	66186	62829	55141	54237	66410	65535	66846		1207706	1294056	1249437	1383191	1554396	1342903	1172419	1668115	1657344	1547817	
0.4439	0.0871		36178	33224	48286	48894	37121	34767	38078	37053	50693	50163		1228862	1165661	1547323	1555599	1294106	1034252	1182508	992309	1393508	1471206	
0.2006	0.5473		49803	41554	39938	38833	51770	41616	37832	50527	38420	42070		1387504	1318279	1381127	1265887	1537821	1352418	1316083	1476368	1237023	1375206	
0.7014	0.9902		55170	54286	54006	58019	71540	59347	53603	54158	66287	65718		1294779	1008184	1063787	1068948	1172729	1246739	992407	990284	1300329	1283163	
0.228	0.5537		52020	39312	40049	51738	46056	48677	47143	50205	42253	52010		1411087	1253102	1343512	1471090	1403017	1177848	1384998	1556374	1410669	1655649	
0.913	0.2288		62943	45035	49056	52058	48819	62621	49373	55736	67737	64866		1540150	1225814	1201339	1484782	1309359	1568305	1413947	1271498	1470668	1614889	
0.8988	0.4972		57735	57254	60214	79260	62289	53520	79036	65063	72972	68891		1347704	1372960	1285384	1417246	1329063	1236049	1301725	1457635	1603625	1481740	
0.0947	0.3114		35747	32599	32385	32073	33508	49752	30870	32847	47379	31921		1200910	1071235	1179471	980485	1248900	1665729	1220745	1258177	1296789	1049618	
0.0702	0.4807		43139	46895	47383	32948	42510	46260	45986	53771	34562	37587		1396499	1450746	1441220	1211234	1543406	1639848	1449817	1778295	1272145	1186425	
0.1321	0.8813		57297	49209	39032	60263	44560	38845	52409	42166	51619	51958		1263897	1586758	1366151	1533128	1376861	1344055	1483537	1327520	1557825	1581252	
0.7132	0.115		57618	43306	40203	47386	41897	55733	42288	38863	41531	56946		1188910	1183184	1066419	1038002	1095599	1097857	1112536	1083840	1288888	1330608	
0.8218	0.6369		51419	70772	63566	66592	69872	54104	72282	55756	59301	71960		1474796	1592547	1128479	1341303	1580181	1268462	1587414	1264409	1498749	1542277	
0.8791	0.8814		59468	67741	58148	54732	79639	66625	55863	76756	61664	60080		1192246	1351855	1106357	1029726	1330416	1102327	1035578	1645944	1260310	1378999	
0.2158	0.8696		58817	46149	42376	44056	41492	54785	48482	38080	44239	56334		1276194	1301474	1272236	1383484	1304108	1559696	1259805	1145553	1221343	1173185	
0.6231	0.7264		51821	56017	55609	68553	53779	65622	53492	50099	53708	79044		1184455	1336775	1318917	1461572	1392079	1699164	1343483	1282514	1383755	1428305	
0.8471	0.6265		72591	75888	57910	71812	59147	60965	57035	56021	63458	59315		1576952	1469072	1287771	1228531	1218063	1098351	1206018	1172755	1289662	1271749	
0.4163	0.2168		45646	51276	38483	48088	45623	37050	35717	59198	51401	53724		1484917	1528668	1254112	1371610	1322533	1088026	1159319	1383084	1639122	1650292	
0.691	0.1483		56675	47033	65784	57051	56526	44876	51100	46999	54848	60924		1413997	1270563	1617623	1639479	1722235	1499525	1295358	1365991	1609347	1600311	
0.9487	0.2865		63978	57508	50057	50747	63851	49012	49049	51401	61917	66803		1553658	1337709	1259029	1378320	1296490	1336419	1252676	1273712	1534015	1727302	
0.8002	0.2033		62132	63296	61876	61844	49220	50167	49321	61686	59047	45550		1424390	1419582	1570089	1646068	1356706	1342174	1472860	1327243	1343379	1417771	
0.9805	0.6212		68191	57962	72991	72195	73224	58738	57281	58513	77716	62074		1442538	1282765	1739997	1679691	1501773	1308772	1246974	1289112	1498294	1728112	
0.2488	0.4253		47556	40519	40839	37269	50402	43833	38568	55420	39950	40266		1255311	1247190	1273649	1154269	1458448	1393485	1252110	1390705	1375366	1324705	
0.2923	0.8381		44167	67984	46363	56324	42970	45680	50200	42600	43013	45789		1207648	1554990	1411581	1536381	1361962	1392044	1450656	1194034	1238132	1418729	
0.2505	0.345		32522	37778	36974	42077	36758	35781	38341	49976	48932	47164		1110891	1293524	1295365	1290461	1281482	1259626	1265794	1456046	1460760	1451853	
0.1288	0.6364		37317	35803	34002	34410	34196	37524	38322	34766	34059	49903		1188546	1099234	1047122	1012462	996061	1069975	1248379	1121407	1282955	1523782	
0.6649	0.7345		57789	51681	48260	58939	55131	74270	67645	72462	64300	69836		1425958	1123877	1103593	1472511	1327782	1507885	1507222	1502925	1399501	1488837	
0.7884	0.9267		75492	74285	75601	73345	63440	64112	69253	58672	60107	65929		1688414	1380184	1703148	1644696	1309930	1316940	1298313	1167334	1283604	1474754	
0.614	0.3526		45695	42961	46492	50772	59400	45461	45199	46784	43903	45298		1267682	1191583	1350090	1496326	1583198	1327818	1390807	1361247	1327053	1402279	
0.1383	0.3538		30925	35269	49309	33877	35501	37398	34044	35939	48702	41031		1038299	1196336	1164989	1169905	1167721	1309934	1028094	1248485	1762169	1415095	
0.4339	0.6676		65150	48629	48686	59541	46875	49117	47303	47513	46184	58743		1381514	1141300	1162965	1455555	1342179	1367947	1242362	1245661	1229342	1320652	
0.5946	0.4581		67770	57959	57875	45006	54626	60860	58693	45864	45490	47035		1498716	1699748	1499666	1290978	1379234	1336990	1657374	1379647	1233121	1308150	
0.3239	0.6998		45535	41817	42075	44613	39946	46662	45363	55775	41811	44743		1147839	1121583	1144787	1282528	1155864	1279581	1159367	1642747	1188645	1317120	
0.2325	0.4594		37058	35298	44577	39246	39330	48491	38132	39416	40747	43811		1233440	1092422	1292426	1281484	1162593	1385511	1226722	1230907	1227939	1289481	
0.5202	0.6193		43915	47095	43588	59022	59900	60354	45695	45599	48881	49256		1180561	1142443	1063052	1287417	1398468	1383746	1087775	1167706	1226203	1288786	
0.7032	0.6511		59604	55453	60219	66489	69645	77963	65369	65751	55895	53782		1522351	1442146	1637185	1707142	1569106	1664758	1597469	1686027	1601324	1466328	
0.9519	0.5341		54597	63906	54485	54018	62660	56626	76398	69099	70239	58783		1128978	1122126	1236937	1273702	1420053	1236821	1728197	1610058	1475339	1357415	
0.4678	0.587		51503	59518	51061	69759	50482	59862	52931	44857	47844	49321		1163100	1778511	1319661	1331851	1319353	1492941	1329598	1192165	1369713	1224748	
0.9055	0.1355		46392	61504	56262	60027	46099	59249	48129	58895	59536	60119		1309708	1447985	1217955	1301739	1211517	1474070	1231532	1434435	1545979	1477897	
0.3895	0.8092		53784	59338	58512	58739	45346	48806	46784	45221	41842	55179		1318889	1261481	1459446	1445820	1188153	1199333	1386219	1342039	1069136	1421911	
0.6927	0.683		50493	61797	57239	65678	52965	52592	58140	52317	69395	66903		1196853	1437134	1347316	1614324	1172971	1086706	1301251	1242291	1354369	1385861	
0.1658	0.6425		41111	35519	49013	42725	45477	48134	38145	41242	38882	55108		1276978	1086658	1321150	1405461	1259300	1481599	1409848	1265653	1178942	1335052	
0.5386	0.5894		67517	62707	47430	47261	52728	43962	47777	61945	51939	63498		1425230	1544429	1349405	1228586	1276894	1199436	1327021	1594652	1274573	1629529	
0.7676	0.9198		61871	71857	58461	58103	61561	73441	58948	73305	59276	78972		1349837	1465020	1172081	1252203	1289467	1471348	1196744	1322763	1261197	1533733	
0.0936	0.165		34455	36057	34340	38927	33261	35689	34934	28882	29379	36340		1429267	1311993	1242383	1551619	1372293	1314815	1313079	1071174	1139783	1490425	
0.6977	0.0672		41950	53033	48011	54973	42503	56386	44739	55815	44548	43918		1231741	1511336	1384489	1456207	1341954	1417953	1355488	1748701	1488170	1252442	
0.0809	0.395		36619	46018	30889	40637	36667	46790	47422	35577	27061	29951		1332666	1431778	1134014	1369379	1323497	1496621	1560186	1148019	906135	1134006	
0.2824	0.1037		35431	32109	35111	47111	34300	40750	34740	37555	31486	32448		1300385	1292080	1347235	1532662	1072152	1348276	1246900	1278908	1111383	1291216	
0.7602	0.2033		52031	65795	45033	50666	63413	59854	58944	48526	59811	54178		1362004	1316964	1111932	1203679	1404320	1385065	1340246	1336259	1210432	1192020	
0.8091	0.6823		68822	56365	60717	56424	70242	65677	69610	66091	83093	69433		1355585	1358585	1225485	1184995	1439176	1458554	1436489	1425018	1641258	1501646	
0.2351	0.1526		36808	39801	42980	34740	34194	38165	37104	43837	37236	46350		1307152	1230971	1412929	1210199	1145113	1256193	1264210	1433166	1284799	1588865	
0.8912	0.1976		69481	63496	50811	60288	41725	48867	46580	51391	62953	71313		1786854	1438272	1380573	1770577	1165665	1153467	1172863	1349082	1511021	1221192	
0.3339	0.679		46704	47410	49507	42730	46179	62208	45226	47364	43331	43956		1243834	1263697	1306151	1348242	1489269	1488186	1240647	1400970	1371119	1378477	
0.0791	0.8316		36039	38220	34248	37039	39936	39392	41385	43258	40208	53073		1259649	1281813	1046385	1102522	1299781	1308589	1357234	1370000	1439070	1720326	
0.7451	0.7851		56670	57478	69991	51056	58193	54092	50205	53624	69519	63473		1503471	1447840	1501530	1091331	1337078	1287295	1144965	1242283	1471559	1470417	
0.9097	0.8022		63246	73908	62012	61152	77942	94296	61742	75958	69149	88618		1070707	1604724	1339341	1259379	1316490	1363265	1300553	1289734	1251252	1611334	
0.5237	0.5999		62067	49899	62143	59620	50393	43861	59685	58940	52738	49395		1680225	1315179	1404622	1446712	1382999	1272784	1563210	1370197	1291678	1242139	
0.6555	0.2098		43028	44729	42281	49551	58235	53733	51655	66307	46251	47137		1166771	1210799	1134355	1266452	1316456	1341683	1264577	1410334	1410562	1387639	
0.272	0.2042		47514	49424	40118	39744	35081	40887	34996	36476	38947	43887		1421303	1454137	1352439	1220821	1434181	1321295	1140517	1387916	1468581	1359104	
0.8313	0.3911		51828	50613	48581	49211	49870	52121	63319	60547	63214	51261		1360896	1334866	1210577	1157322	1295458	1231564	1498558	1348826	1460049	1384682	
0.308	0.2153		44006	46850	45164	35097	37674	36235	39569	36747	37022	40370		1231814	1205692	1171517	1032842	1158432	1064839	1173683	1178202	1154693	1258469	
0.5169	0.8852		61027	52404	48461	50909	48625	62860	69998	45401	62779	58360		1415046	1390281	1215264	1231695	1340509	1613838	1541304	1217739	1414412	1653037	
0.2176	0.2998		56030	39344	39292	40111	36333	37181	35500	48683	43348	37057		1320753	1225091	1341000	1330075	1238018	1336492	1356138	1628717	1327165	1344316	
0.9619	0.8248		75792	69122	65153	76838	64759	75040	68898	66127	62099	79238		1452167	1443186	1256836	1551185	1580497	1524161	1479515	1243142	1272313	1580718	
0.1249	0.3596		39530	46291	36125	36170	35009	34134	38342	36558	39358	44389		1403304	1456973	1314145	1244481	1339053	1267110	1334672	1223746	1328198	1336634	
0.9947	0.6308		61024	59928	61879	77432	62653	55558	58989	62254	65835	58657		1276004	1183464	1222386	1384356	1296136	1093548	1330859	1407058	1387494	1270904	
0.4599	0.5417		45964	48546	55649	44914	57936	56441	43480	41000	57586	47224		1219381	1279636	1338544	1256631	1411437	1551639	1182872	1098593	1451367	1307172	
0.958	0.6322		71944	64048	66000	60911	62784	74860	61542	63006	58547	62228		1311408	1433227	1347389	1221463	1314762	1514875	1337726	1550141	1189896	1287564	
0.709	0.2904		60168	65384	62063	63351	51181	60020	52613	48486	45161	49424		1589500	1553383	1772138	1575651	1332493	1379000	1333415	1363496	1223152	1327507	
0.203	0.8278		40099	59091	48418	43086	40659	43295	43523	44872	42025	38187		1218200	1468486	1495696	1245626	1351817	1493304	1479271	1355642	1372761	1342725	
0.2342	0.3853		50812	43702	54334	36454	35553	42835	40843	35407	54339	45952		1411595	1489579	1387315	1204034	1329875	1324769	1258284	1134295	1641172	1619962	
0.2176	0.5739		48022	38737	53515	44047	42137	37198	41767	33314	53241	36392		1423029	1304102	1573108	1358921	1370728	1175484	1321962	1186439	1572994	1180675	
0.8028	0.4076		48052	50999	65502	66137	70208	62679	62243	56569	64191	63894		1205462	1405462	1446936	1529305	1552484	1630002	1577977	1388885	1520960	1544222	
0.6609	0.2789		50810	61646	58403	66374	59577	59936	47065	44057	43617	43329		1252782	1222962	1493149	1541792	1555305	1276966	1373776	1291955	1199719	1306371	
0.2643	0.2038		34388	33802	36753	45486	34468	36514	39833	37409	36171	45973		1175463	1140862	1067811	1366334	1325469	1339647	1155924	1463476	1283896	1363242	
0.245	0.1596		35260	43757	54654	32053	44581	36086	51560	54210	35963	34491		1360999	1458694	1374353	1160969	1347509	1349707	1504689	1536205	1416079	1195448	
0.5376	0.6868		48453	48639	64616	62646	53300	48635	63045	64066	46989	64265		1125204	1142817	1533526	1612562	1429699	1158268	1411034	1621236	1395375	1305843	
0.6004	0.3875		43759	42927	43790	53532	45553	44101	44165	49126	45009	50680		1175155	1142890	1030959	1314682	1181797	1041817	1110779	1138313	1229853	1317397	
0.4545	0.4883		55460	41786	50557	49811	39638	42850	46300	55882	56703	39668		1600380	1158776	1363039	1382847	1126107	1260163	1315307	1454122	1667344	1182510	
0.6857	0.6858		57313	51671	50804	53755	67754	59723	76732	53882	67911	73240		1192764	1162985	1010848	1059179	1382728	1260821	1239831	1266531	1474173	1488575	
0.3296	0.1336		37171	43292	49437	52640	37552	39513	37060	44540	38321	37476		1149353	1375743	1532182	1389105	1300613	1249830	1207546	1323022	1451364	1286260	
0.8227	0.0593		52566	38439	58222	43863	47689	47751	44705	56975	48083	43761		1381673	1115472	1567294	1225727	1320979	1306737	1194137	1563765	1264770	1130790	
0.1544	0.6235		46646	47125	37983	49788	38166	48598	37362	36980	38574	42628		1433681	1357791	1592988	1514402	1339608	1350861	1164356	1259349	1311559	1319020	
0.107	0.7827		49856	36787	40151	36963	34415	51990	38258	38552	34422	49733		1230732	1180485	1356296	1123334	1034277	1467441	1305510	1297954	1290332	1505911	
0.1039	0.1196		42941	29072	43408	39020	30793	41029	30703	41219	41662	42797		1455003	1177730	1372152	1257252	1178973	1438283	1213099	1398876	1369607	1598475	
0.6574	0.7561		55958	62669	51887	52994	52618	67574	53731	48701	64512	52203		1295711	1481966	1480048	1261418	1186220	1632995	1295533	1136945	1502335	1334494	
0.7185	0.9991		55212	60826	74326	65236	58622	59501	57852	56967	54415	68554		1209526	1444058	1630899	1278283	1246750	1254252	1271902	1276425	1242445	1528259	
0.4126	0.4171		55164	46220	54720	42471	44308	57218	52319	50788	43277	44755		1464846	1433259	1367567	1500599	1589752	1379147	1432628	1447700	1319169	1285481	
0.3773	0.1022		46948	46765	48908	32832	39943	38517	49235	49275	38139	33230		1283327	1400428	1535928	1237170	1242208	1370856	1529078	1510642	1253209	1050480	
0.3956	0.485		50861	42808	50025	44513	41656	43647	52966	40358	56510	68943		1431096	1317714	1431616	1227576	1259563	1271016	1429650	1156567	1172659	1291139	
0.8385	0.6379		70733	57136	79882	64450	51657	98382	63866	77268	61483	57102		1546141	1152974	1436660	1392717	1227605	1468994	1313312	1420283	1398792	1336372	
0.812	0.6023		51628	73090	66095	70104	56472	56127	53842	55405	54245	50025		1221046	1566033	1334465	1608435	1302130	1280222	1477649	1442505	1346439	1116150	
0.7181	0.7836		65105	72640	56848	56818	53673	54430	71930	57743	70649	60352		1508454	1286831	1491768	1370788	1266885	1376268	1596434	1423746	1457015	1536125	
0.6445	0.8163		55713	47716	55750	52705	65384	59799	52539	52657	68606	67394		1231317	1118335	1439287	1296310	1376991	1292288	1285964	1350269	1530945	1607300	
0.2388	0.3953		32936	41708	36058	36983	35068	38057	33986	39413	37506	40436		1483728	1485668	1178140	1279937	1238458	1282419	1118348	1287905	1320576	1329099	
0.9076	0.174		60552	75705	62865	45831	50828	46921	53863	42691	47353	64432		1329447	1577351	1403576	1059852	1324175	1165229	1227796	1079785	1277958	1483291	
0.6181	0.1605		39114	55849	56816	41426	45519	56825	41514	39149	37751	52175		1038567	1614025	1198442	1233951	1405811	1374314	1161463	1061644	1069479	1224296	
0.2939	0.8614		47052	44536	56947	41917	55913	56834	51891	47406	56752	51577		1337170	1157219	1450815	1334396	1372866	1495211	1501900	1228958	1499660	1347318	
0.7073	0.7712		57909	57617	70298	51562	50127	76774	61213	54564	70693	52365		1364690	1311938	1508711	1113243	1058973	1213766	1320032	1242832	1600413	1186822	
0.9293	0.2322		56451	64496	53275	62142	52013	61640	59508	59099	65526	49131		1558836	1718063	1348630	1280718	1294776	1444480	1366242	1442359	1690564	1353676	
0.4723	0.4672		42341	46823	47220	57944	57066	43816	48055	40490	37751	59717		1263952	1294264	1303790	1746087	1374582	1252327	1411792	1191842	1134208	1430311	
0.6298	0.7434		48669	55574	66618	53271	57271	55586	49333	51579	65110	64313		1178338	1319298	1432348	1430733	1206887	1398964	1028308	1252622	1471672	1563052	
0.7305	0.7943		57264	59287	68819	63272	66092	72136	60024	64159	52446	79714		1209021	1288131	1409405	1394011	1512574	1445404	1314215	1402997	1106858	1352621	
0.4915	0.4459		45639	57431	56906	44797	50228	48639	56739	43403	36328	47558		1222967	1551112	1670642	1204318	1194792	1293737	1327627	1223822	1038144	1135462	
0.8559	0.0881		60871	51058	60525	51820	36924	59945	44658	40547	47523	48112		1315477	1304863	1696487	1391052	851545	1511925	1326664	1065664	1246384	1354829	
0.1463	0.3256		31996	31836	40006	33388	46513	34366	36948	40401	34915	31243		1170625	1011744	1227059	1290875	1461861	1270128	1288137	1431932	1346455	1215030	
0.6628	0.975		54816	55714	56269	66995	63405	52757	58248	60723	63994	57673		1310767	1200669	1213274	1548960	1542969	1141346	1241832	1324692	1307882	1261919	
0.5758	0.1145		38044	43319	46956	46349	57540	59270	43310	47558	53488	44857		1333193	1327623	1421005	1342625	1255274	1182931	1364215	1314858	1448158	1307639	
0.9674	0.304		48117	62197	64851	50883	56589	66843	54123	52109	52526	65278		1108780	1329265	1356093	1352315	1313126	1203400	1178112	1240676	1234930	1283514	
0.2364	0.3804		41722	39923	41560	47147	42068	56489	43796	38133	37372	41702		1299355	1270565	1341626	1496734	1299741	1516433	1298851	1244214	1247201	1358174	
0.6022	0.7327		51883	61995	62089	53884	53521	50303	51059	64868	54460	61310		1275754	1158261	1450398	1334415	1240838	1390334	1359796	1638615	1416409	1387152	
0.3196	0.3294		45059	38495	41389	38996	53889	48901	37183	47799	42492	48874		1310326	1422809	1301696	1210672	1298228	1519931	1199015	1333334	1339759	1503526	
0.4498	0.5103		47547	47887	56899	55436	55361	55608	43809	43751	47306	55807		1301566	1228924	1427574	1429277	1513540	1670067	1209159	1173486	1273326	1675486	
0.2985	0.4346		42275	38775	42456	46569	40143	45812	39019	41332	41913	51618		1297493	1150499	1240916	1377450	1336802	1486478	1245232	1228785	1280540	1404397	
0.699	0.5207		51526	48799	49567	45444	52534	53939	45103	50958	46833	50387		1196946	1081841	1169765	1180244	1230482	1213716	1146499	1087644	1028248	1216710	
0.311	0.7518		45239	41952	40436	53880	46663	55363	39796	41821	38743	43628		1344392	1250764	1207888	1503525	1246911	1497294	1200893	1311393	1157169	1205547	
0.1522	0.2787		33719	35552	44622	44450	31480	34032	34682	38520	39364	57980		1196003	1284506	1586040	1511558	1247556	1265724	1291965	1411796	1415638	1624943	
0.0737	0.7935		52477	43796	34293	34468	37071	49939	39626	49531	38633	38542		1465537	1386658	1178321	989945	1099813	1306299	1209909	1419124	1164607	1188123	
0.8775	0.4006		55515	67153	65001	56163	52374	51174	49450	52688	65460	60673		1366124	1472718	1338123	1175136	1400236	1125222	1020796	1303672	1174136	1476180	
0.4008	0.3768		56138	48260	37022	38414	52897	55079	43339	42183	41466	42505		1533275	1357125	969365	1136382	1329170	1360309	1368654	1334975	1399467	1384652	
0.4121	0.4384		62462	55183	56637	45687	44931	50961	43035	47242	43577	40089		1519106	1394067	1419877	1406567	1378987	1396145	1326477	1207396	1182432	1153762	
0.3366	0.1749		39336	37430	43358	50156	49930	50630	50004	45796	55220	35634		1175172	1145667	1241974	1626855	1459235	1706640	1485590	1561884	1392892	1086849	
0.8852	0.6349		76811	73414	54611	64806	61341	56062	56762	59356	64112	72949		1505023	1679502	1255379	1440536	1337621	1177222	1186001	1369183	1437075	1546682	
0.7816	0.1355		42936	43707	42795	55991	45976	44490	53385	56296	59268	56614		1225434	1346369	1277651	1480365	1241741	1286204	1213615	1426605	1406975	1639800	
0.4336	0.422		57663	55781	53618	55447	37999	40689	41566	48461	38234	49403		1578114	1680059	1271584	1555994	1048822	1076510	1270586	1573293	1052698	1282197	
0.785	0.1828		44232	43994	42296	59204	57660	46294	54074	47501	53042	55363		1202195	1098645	1132434	1579734	1550235	1232030	1435586	1247381	1291892	1449513	
0.9377	0.9172		61092	79567	62391	64753	75436	84307	77162	75968	78331	72682		1196454	1310281	1142143	1320306	1523883	1328686	1439823	1514086	1431936	1226800	
0.8546	0.7203		61041	63758	56429	63375	71576	54861	57639	54382	70937	52427		1352008	1433365	1374647	1624159	1532806	1253734	1358186	1283786	1518657	1205162	
0.7387	0.7759		59032	71521	68976	58291	57966	58100	55430	69435	54353	55003		1360600	1707618	1599169	1209002	1318305	1327879	1214932	1435629	1221090	1300333	
0.3555	0.7641		43854	48220	43246	58636	44670	69204	55036	45679	43119	44349		1252383	1328928	1146707	1623989	1175016	1611111	1443885	1239844	1289714	1269442	
0.532	0.3335		53782	45734	49557	54882	56271	45321	42742	43341	47951	41425		1487393	1254175	1222061	1394482	1465241	1231761	1065521	1206791	1293572	1131367	
0.0711	0.84		50402	34762	47057	36864	38138	47296	46509	49467	47288	46872		1666314	1206492	1496606	1354162	1305306	1529168	1536113	1591336	1481515	1750885	
0.0759	0.8274		46957	48840	37160	47212	42863	42395	41506	47363	48860	37973		1204845	1265299	1187056	1513619	1372385	1216577	1261924	1435199	1505884	1216401	
0.1571	0.9572		40099	46422	53458	40039	37155	40061	43629	47329	38894	43513		1322849	1231473	1600078	1153333	1129633	1126940	1170710	1315200	1154683	1291859	
0.4072	0.6134		41904	59770	46417	45206	47663	49382	55425	51980	47254	55453		1170189	1536260	1109690	1208729	1235482	1378038	1548434	1246528	1366509	1403810	
0.3834	0.8391		46203	60098	48387	44473	66856	49039	45496	51401	52628	59248		1269385	1390262	1369539	1062925	1233333	1280230	1245495	1201959	1337897	1402505	
0.2858	0.283		50784	39745	47214	41705	36525	38976	38514	34922	50538	47616		1435979	1334538	1432932	1283058	1241496	1337809	1132586	1367823	1331975	1367361	
0.5734	0.8326		65689	46983	49865	52830	54076	50483	53766	54466	50964	52075		1659291	1249626	1206673	1167219	1302049	1241666	1272996	1350198	1273234	1349110	
0.4262	0.617		47704	41636	58244	49037	50894	41405	60542	56664	49858	44116		1312138	1069383	1340296	1271079	1466843	1120006	1581299	1489253	1382380	1308436	
0.8898	0.199		62321	47198	60023	54959	62042	58077	60906	52673	59502	60086		1552249	1178245	1191558	1045793	1510863	1162386	1439027	1292384	1554297	1434402	
0.2287	0.295		35601	48894	32610	38995	36952	39014	49075	38706	36343	33137		1224051	1547484	1215735	1327670	1063492	1304443	1613579	1204055	1149408	1065321	
0.8084	0.3348		57807	53876	52352	51484	51476	49176	63479	53333	64163	52392		1081530	1328024	1383966	1187769	1372891	1273711	1652222	1353616	1535819	1245995	
0.5603	0.9496		53182	48813	55160	53426	51662	48225	63962	72240	58797	82243		1330491	1161077	1312033	1247935	1258677	1029602	1575812	1489224	1387437	1526291	
0.2655	0.583		41938	42239	39830	40794	57481	35269	42422	50317	43569	46313		1335785	1147937	1113568	1254133	1282050	1122073	1292916	1351476	1147435	1363610	
0.4935	0.2005		42382	48968	43678	40948	36028	39423	38337	39040	40550	40014		1334524	1143069	1157678	1306896	1057604	1209608	1143843	1171161	1126315	1109405	
0.2897	0.1922		57805	42025	49235	49666	50052	51386	44898	36288	41379	37546		1496178	1390903	1784204	1599405	1563310	1480001	1447765	1350588	1381886	1431736	
0.2477	0.1589		45517	36423	42508	45744	34662	45009	46293	42696	37966	41941		1354826	1215930	1221000	1521489	1195010	1392117	1450102	1392249	1209324	1363774	
0.2937	0.7092		46058	54528	40894	46439	40734	50671	44311	41106	42174	45552		1200018	1579667	1310505	1327183	1199597	1306420	1214594	1157995	1241622	1380450	
0.9796	0.4898		52459	71030	58247	71374	54542	58667	56364	54545	70214	58956		1245467	1352511	1283985	1529472	1202729	1272128	1268523	1325668	1694773	1423124	
0.8142	0.8588		54443	57839	61664	56626	53902	60632	58938	61337	53791	60559		1286835	1232570	1340056	1141980	1055796	1245815	1208864	1253771	1319433	1358342	
0.3686	0.2429		43806	42551	38232	34827	36051	41351	53879	53592	56686	37730		1329456	1211350	1110224	1065207	1135567	1377030	1452125	1469006	1291571	1285602	
0.0558	0.5337		34821	31734	55879	46589	44105	36312	33020	42508	47755	40804		1064778	798678	1042136	1457652	1281408	1193509	1136818	1290280	1434444	1374723	
0.119	0.6862		37274	39798	41054	38435	42477	37061	46636	38377	51267	37513		1283983	1232865	1290276	1429321	1274872	1203707	1187181	1229413	1667962	1120384	
0.1609	0.4295		37543	37544	34354	48279	34909	35937	35402	43790	39756	38635		1243176	1118174	1117953	1458104	1209112	1262876	1302364	1375394	1422094	1237553	
0.301	0.1205		41213	35188	37757	34842	39941	43272	44359	33065	37618	37227		1224756	1303215	1263303	1137229	1252499	1400683	1175788	1050626	1180009	1374154	
0.5849	0.6598		53809	50941	57835	49985	60775	56583	50562	48821	58744	65341		1334041	1334225	1443160	1333018	1451286	1337098	1135835	1096071	1307715	1460569	
0.2721	0.9378		55952	44007	44215	54975	43372	61009	47224	41041	63147	43688		1658025	1208301	1153273	1446911	1219277	1419491	1269041	1104101	1403851	1198798	
0.1734	0.1622		33547	36691	33226	36729	34778	46358	33420	39588	36870	46590		1272763	1283239	1123716	1151689	1352477	1490409	1227285	1336992	1259317	1543200	
0.9632	0.78		61493	67847	69098	62927	68611	77235	75579	76927	76768	61712		1229162	1357334	1384288	1341454	1413719	1488199	1440675	1610906	1380175	1395227	
0.9299	0.8818		60640	61211	61235	77452	79743	78586	79666	57362	62523	70229		1320327	1326651	1186171	1672844	1654618	1821741	1655523	1136265	1304260	1352169	
0.8976	0.5742		71017	52253	60020	59275	58138	61861	69227	78928	55806	52516		1437349	1180965	1262898	1390312	1318825	1457128	1556737	1541368	1311830	1319448	
0.8933	0.5191		84174	61574	60906	69562	68354	78729	57551	53907	54100	64970		1399479	1655648	1349644	1549465	1575688	1221292	1213752	1301896	1253899	1372271	
0.7859	0.6121		50988	49175	62062	53379	85056	54933	49100	53615	52584	61553		1080958	1067052	1288638	1171815	1326422	1253686	1169951	1053044	1220749	1346256	
0.8556	0.1602		66230	64757	56145	52372	65156	49402	64867	46896	48007	41415		1849981	1587008	1535058	1472532	1498784	1235435	1660346	1539343	1325895	1103127	
0.5939	0.5323		61627	43726	62085	55024	46240	50221	47469	57609	61519	44213		1446752	1190958	1426085	1403480	1209382	1242362	1285019	1557845	1510269	1061176	
0.2922	0.6944		40892	41729	38866	44407	39554	59688	41692	56266	56077	43859		1045005	1266289	1107325	1258152	1323444	1278461	1199815	1206970	1396329	1412428	
0.309	0.2407		50329	36716	46456	48286	55259	50430	38261	35704	51045	57344		1478633	1297428	1481937	1455792	1568853	1592638	1295754	1247926	1385114	1849741	
0.9284	0.654		61848	74347	58366	57968	80868	70748	58069	62974	78336	58452		1398222	1581651	1414853	1241699	1568546	1301175	1123290	1138002	1503489	1204653	
0.9765	0.7778		76766	55534	66128	67950	84327	79419	59671	53850	76366	68546		1241974	1223995	1261715	1281797	1378464	1602900	1167047	1098755	1477636	1287160	
0.9811	0.2617		67041	52221	74421	55549	46622	59651	58065	65119	51684	47383		1527018	1293582	1476965	1425222	1329781	1421796	1484085	1600882	1486779	1227564	
0.5825	0.5436		58353	50434	61056	61966	46614	48700	60970	63243	49500	51705		1593098	1361882	1469984	1499552	1294633	1374373	1498058	1475650	1426962	1235165	
0.1742	0.9748		43750	53276	56949	52306	66081	53600	61387	52407	47628	45955		1297594	1260822	1278486	1315091	1400723	1559552	1637691	1597871	1358802	1420438	
0.8239	0.8843		55831	61339	74107	72094	66421	70903	63783	61364	59332	62264		1145583	1247352	1439525	1639447	1504337	1511131	1370075	1361740	1358749	1347145	
0.4864	0.1642		40082	44980	50692	50677	44707	50807	37404	39234	38889	45487		1182743	1298053	1633991	1608538	1202523	1480925	1225864	1213838	1152619	1223890	
0.5637	0.4705		47303	57577	57653	51240	44295	46222	48741	44656	41676	41199		1281433	1574883	1671735	1343122	1389234	1257533	1341545	1200603	1100437	1053857	
0.9678	0.2324		50854	45225	52682	65455	56878	64014	52067	65834	47644	47738		1296291	1230923	1253296	1601856	1469995	1463271	1371392	1417511	1175876	1178871	
0.5048	0.3683		44799	51836	42010	41766	44991	46124	45008	38403	45359	56752		1046758	1451778	1160921	1225149	1236342	1270432	1319173	1196070	1351892	1606051	
0.7171	0.6117		53133	54255	54895	59294	59301	52435	47331	52494	65757	64298		1229446	1498300	1541736	1437371	1526191	1281798	1315358	1397412	1477509	1598182	
0.6209	0.6716		58059	48959	50419	46225	50793	52999	55464	53168	50024	62854		1242935	1033000	1266257	1037045	1282040	1176618	1376243	1248286	1107213	1191569	
0.6402	0.2945		43993	48392	43734	40582	44010	44480	46793	50705	45826	50043		1125159	1327785	1144705	1037222	1174715	1218769	1272013	1361500	1380260	1262436	
0.7823	0.3991		52575	69749	65421	56105	65015	55085	47047	48032	61299	56589		1258029	1328562	1263182	1407901	1621049	1329967	1058837	1472913	1500571	1358029	
0.7259	0.903		59739	56790	57005	61483	75108	74009	60572	87098	62774	62262		1461606	1205228	1167829	1148719	1307467	1626424	1366166	1466873	1419923	1473439	
0.4312	0.5226		39640	61270	39927	47387	46241	57667	46332	56875	43395	45110		1130528	1355472	1148331	1264886	1325776	1337714	1415157	1739287	1216615	1225239	
0.1859	0.9197		38129	44141	40758	55939	42662	44888	43482	48413	42277	46523		1029574	1282626	1286763	1612528	1157174	1372654	1316140	1396483	1266908	1237946	
0.7916	0.2318		46013	61948	44607	47702	47828	43570	56547	46789	45668	46374		1205382	1297400	1214096	1291016	1180527	1146313	1389192	1282760	1301555	1352505	
0.2766	0.4069		46343	41147	40563	45458	42746	40818	34445	44082	42603	55527		1369830	1337511	1391066	1479141	1245443	1135916	1103563	1304197	1417305	1455524	
0.1223	0.3945		36768	29817	32443	41539	34704	34459	37386	46713	37201	34700		1301680	1084168	1307743	1436467	1329525	1286050	1368350	1507156	1264047	1291657	
0.7638	0.3712		49845	46519	50610	61574	62157	51713	43725	53295	46306	48102		1199372	1224597	1276464	1419133	1508274	1313916	1158019	1334801	1100373	1199773	
0.4717	0.5443		57946	44099	67636	58010	48022	64873	57864	58430	56568	56633		1491571	1430130	1402234	1510820	1373422	1537686	1599742	1544756	1593755	1505648	
