0	1	
0.8784	0.4048		63613	79629	71763	73190	144153	95510	88577	114445	80833	87900		1177353	1489559	1267012	1442488	1942051	1679686	1501786	1856773	1457238	1425379	
0.102	0.8376		59446	80433	92447	127383	84898	58787	49887	66389	48711	61570		1523650	1761591	1921163	2109518	1653137	1360194	1511975	1088679	1338128	1527442	
0.2182	0.3045		55340	50362	57244	53272	67074	71603	94077	70297	58644	44940		1310168	1278292	1263475	1075197	1060037	1843390	1591905	1261141	1047925	1310140	
0.8034	0.728		214831	73950	76104	95666	75770	108405	88024	87560	94477	84420		1596145	1204868	1338400	1373239	1969608	1360998	1353959	1543277	1454844	1616988	
0.1763	0.1609		48284	51134	58898	59727	44282	64365	60476	51800	49803	74206		1243161	1479583	1602402	1407914	1236985	1670711	1653894	1212919	1508089	1694909	
0.0679	0.5263		59499	44188	59439	61489	63514	60306	91914	61767	64903	70881		1062408	1049808	1364446	1360146	1480231	1262888	1244655	1309656	1562093	1528587	
0.2716	0.413		75508	63579	56346	77456	55991	55017	55455	78887	61562	74066		1608229	1511790	1185925	1373479	1176087	1415764	1254025	1395085	1274904	1532960	
0.9088	0.7603		111143	72353	91677	133519	93526	87102	106921	114835	84623	82288		1253326	1353466	1351232	1337194	1594129	1387675	1798852	1675672	1256236	1275361	
0.6073	0.8092		57567	93477	82681	95115	88608	56957	74692	74028	89363	102498		1288947	1357046	1487700	1377862	1258502	1249290	1299902	1392368	1250476	1467093	
0.1629	0.6433		71858	61664	77590	62802	65301	81305	59730	53952	53793	60006		1413332	1237351	1184874	1359880	1254685	1564785	1236729	1107489	1222351	1320495	
0.5666	0.6112		55812	82713	74773	78896	82372	63125	98698	69776	63772	59368		1143438	1311835	1443174	1281778	1298048	1299185	1438778	1606183	1376403	1375859	
0.8922	0.175		52822	59317	69251	79491	84253	79476	53591	68540	75960	68623		1082991	1435150	1276768	1279376	1309609	1305337	1186832	1327508	1515203	1355051	
0.9306	0.2622		95308	81111	70044	88401	62022	55228	54201	93075	78995	68843		1498572	1478554	1417593	1546965	1375206	1029879	1141408	1375411	1171426	1374105	
0.2193	0.1842		66190	56988	51930	52372	59255	57998	56440	68303	69789	62040		1498480	1357743	1290692	1403369	1253590	1260583	1151872	1351245	1523390	1494991	
0.1327	0.0654		58253	52640	62690	48242	49076	59158	55331	81156	52376	60393		1282990	1316255	1211973	1225086	1397098	1354222	1268918	1389663	1569813	1588218	
0.1806	0.4526		51176	57006	44855	55357	85993	64326	70749	63315	65108	62988		1283427	1252610	1053371	1206907	1364829	1281099	1315175	1327967	1585171	1361618	
0.3769	0.1256		58689	71546	62456	61549	60291	64672	46049	58953	67524	83611		1468768	1526070	1648014	1338010	1410422	1445345	1150260	1198182	1305604	1526850	
0.4115	0.9647		74455	73328	68240	68152	55611	105334	77127	83371	53442	66117		1144294	1232792	1157409	1170813	1184797	1350111	1197548	1207055	1052461	1272262	
0.3118	0.6639		63686	50038	53512	62942	95364	76402	52728	64408	52166	50460		1335480	1215557	1320100	1404478	1403900	1185302	1134072	1032562	1090637	1016745	
0.9645	0.6255		92330	88535	79514	72501	96049	93542	106946	90591	104621	93565		1343681	1283250	1390907	1209348	1331610	1335074	1542963	1293417	1737198	1266918	
0.7771	0.5059		72036	77300	88304	77492	69039	88498	83567	67675	76735	72664		1119155	1340164	1426025	1248207	1167340	1119862	1282695	1150003	1370814	1153805	
0.9016	0.4527		87327	80101	58393	94796	75310	71437	87881	80455	84454	82987		1300962	1174582	1306207	1329319	1519282	1248813	1595166	1275262	1212918	1682892	
0.6656	0.6035		76117	76504	59351	87603	71966	70196	104342	69862	100341	75474		1283891	1095281	1368938	1386379	1279255	1575898	1402152	1206532	1344085	1471497	
0.1809	0.0929		70877	70282	57897	72873	67790	50409	67551	52599	50354	68515		1549014	1487250	1558352	1509984	1305041	1331397	1288551	1322500	1166253	1454352	
0.4696	0.5781		84136	89518	62700	62383	74342	63433	64059	63447	64836	67044		1358426	1601527	1455866	1196750	1489321	1317248	1291293	1167139	1281013	1261608	
0.6067	0.6107		61692	91506	82899	54707	73180	79373	88059	63569	84194	103776		1153814	1630466	1248213	1188610	1331203	1609553	1422640	1213469	1334534	1561542	
0.1322	0.1582		59092	58570	57475	56618	56168	52649	40468	60375	77842	77529		1204116	1372837	1341668	1319289	1347341	1182749	1014056	1164147	1339714	1458768	
0.6761	0.1588		63364	60985	50106	54102	83508	58489	49687	87443	76476	85759		1247734	1045212	1138124	1634462	1300258	1188767	1183023	1357574	1685203	1582322	
0.6282	0.7732		63677	91400	110856	101279	74528	80988	106781	76969	77467	69108		1223040	1381571	1395093	1497756	1229356	1681374	1660922	1348110	1282641	1207373	
0.0598	0.8974		61711	77341	71480	46294	52748	46472	64023	63447	45606	53698		1390544	1474518	1333061	1278139	1092947	1088485	1368764	1201157	1363108	1330343	
0.5312	0.3967		78203	56290	83929	75943	72193	61098	69945	63152	72933	59592		1274467	1113288	1474928	1172152	1248092	1147474	1204123	1299002	1364461	1190704	
0.2964	0.3767		52907	55418	73175	71206	72012	74056	48099	76289	61728	60930		1196798	1192183	1214793	1239636	1198204	1382116	1231169	1629270	1144261	1278850	
0.5479	0.0669		85178	51054	72789	45973	48783	56983	84458	71111	56122	71533		1157841	1343521	1601635	1061411	1112394	1681338	1556602	1309851	1346620	1292432	
0.4613	0.4308		57344	60598	80940	92631	63168	69967	77485	93765	59497	62560		1349498	1333908	1630174	1662914	1451150	1359277	1407891	1452283	1294442	1249633	
0.7672	0.2557		97149	53355	88339	61228	79567	88124	56094	106986	67444	70572		1400869	1261791	1348987	1514387	1568410	1492430	1299634	1431657	1437878	1545967	
0.8227	0.2258		69744	79257	72694	71429	66441	99312	78564	78464	65075	74819		1521687	1344943	1701558	1554743	1400234	1651068	1459493	1282766	1291166	1278921	
0.0874	0.5164		63280	47451	66990	56112	74333	79054	62778	53700	61715	54360		1124768	1355838	1504167	1278024	1307664	1205947	1330317	1159569	1542908	1366433	
0.2132	0.2665		57941	52531	60519	57186	63474	50389	50698	57581	66747	66258		1447874	1145940	1281432	1358305	1255356	1242150	1514381	1297404	1152944	1254029	
0.9832	0.6461		77157	80714	70861	85300	94529	84559	114174	118349	105014	97280		1226582	1365723	1291609	1278748	1352383	1467056	1693995	1821321	1588994	1230534	
0.5884	0.1749		73320	58023	91976	58005	63396	62651	64660	87507	93739	54837		1393912	1044485	1589804	1492739	1229814	1204049	1333675	1531160	1393682	1200400	
0.4744	0.5878		88315	100212	52573	61937	73421	68314	86422	60949	75672	88605		1482395	1481159	1312601	1397046	1426495	1564680	1314419	1416905	1315103	1336744	
0.5946	0.4352		98604	70947	73296	66486	65116	54818	65759	77482	80752	57770		1427242	1173940	1499062	1479469	1120171	1221181	1303474	1409797	1301991	1137106	
0.719	0.3049		54733	72590	82109	62997	65611	61309	102473	74611	53676	73567		1099476	1642263	1448235	1246813	1275546	1263277	1374738	1190225	1403346	1366329	
0.8949	0.555		68837	78045	65244	70586	80979	105346	97235	77027	87499	76732		1220252	1326209	1205401	1288083	1297479	1287542	1545330	1311467	1699649	1248524	
0.5598	0.5728		103517	72853	62393	81872	76517	76321	70064	90166	85138	71292		1832172	1529886	1342438	1418568	1666012	1385619	1700188	1466538	1424214	1239635	
0.6234	0.2699		80991	55190	56455	59855	96189	89745	49982	51775	66002	55802		1439399	1115425	1091492	1525418	1410447	1582480	957567	1065182	1316225	1059433	
0.0806	0.5551		47290	55761	69924	58813	66201	75434	65465	69307	74411	79515		1429406	1499140	1731712	1422077	1444754	1501656	1426098	1444138	1431225	1511490	
0.3555	0.2024		53266	62551	56522	52025	68014	81000	68231	66429	65477	69276		1304671	1403149	1196419	1253036	1308740	1683995	1530829	1389316	1443922	1356999	
0.2396	0.4115		85267	101874	91429	67090	63531	81008	82068	81165	51583	91929		1258972	1518887	1490114	1274642	1270973	1244856	1536943	1147749	1386500	1651235	
0.3801	0.5275		96385	75350	71399	76274	73909	79695	71145	67074	73617	60341		1295178	1168836	1532646	1404545	1367737	1411110	1629024	1317442	1238618	1285810	
0.9487	0.3675		58588	104825	97535	115340	84201	87621	72313	59364	71623	93727		1427322	1481557	1380054	1754075	1620963	1375482	1078337	1076915	1522884	1481407	
0.4086	0.2924		57841	63923	66650	72067	56130	48990	61452	46952	70781	78966		1657318	1573796	1542035	1404281	1159737	1067000	1203345	1084943	1352824	1486319	
0.3805	0.6823		78263	54881	65519	61572	65578	86177	99323	65555	53395	74895		1296514	1300061	1290330	1139853	1113119	1395117	1370658	1170199	1186335	1278267	
0.0628	0.9472		60675	70119	67595	74415	73377	68995	55866	90347	48185	72434		1271231	1179668	1319987	1267162	1238778	1335824	1306074	1134392	1302951	1181508	
0.4194	0.2827		50980	65536	63309	62713	80377	58438	60161	65306	63932	55262		1302156	1317244	1456176	1395016	1576133	1114431	1261653	1282164	1413736	1153568	
0.4482	0.409		65003	66625	68933	88494	85812	69707	56668	57864	48065	72408		1319718	1280501	1624006	1259945	1487933	1219238	1250293	1102058	1175806	1290602	
0.6785	0.4486		79993	71071	87689	63458	76039	100247	64842	86325	68136	69850		1309145	1457823	1321966	1515789	1314147	1431414	1357108	1686707	1308373	1341752	
0.7534	0.6803		72169	86206	68906	73281	77462	95287	75229	107803	78856	75230		1171021	1339845	1154266	1175416	1495681	1365138	1514065	1542588	1427767	1176618	
0.518	0.7237		80302	67724	66478	71874	56281	93373	86462	89342	76818	90739		1351656	1291979	1143614	1193578	1313037	1362717	1334885	1376201	1383551	1548398	
0.4945	0.5451		74995	65921	71078	82714	62998	80265	92647	59116	61811	76939		1512446	1304307	1653750	1338305	1205087	1244098	1359735	1511175	1259864	1441653	
0.2907	0.4216		62501	54747	48588	56419	52250	88473	47170	55006	47647	58046		1342372	1154514	1210934	1332681	1279296	1353930	1052573	1171004	1163363	1068575	
0.64	0.8132		93257	102125	77007	78352	68972	116130	89408	72752	72618	102249		1319778	1260393	1467509	1158086	1105245	1347307	1186627	1156842	1209084	1104147	
0.3987	0.7969		62471	69835	72104	52280	80758	80761	78070	74205	93041	65950		1477216	1418195	1148203	1222476	1381768	1197944	1517159	1469415	1404633	1261727	
0.7862	0.2085		57920	72638	91922	78409	65534	75817	79500	62089	77446	65670		1155411	1363042	1525159	1472815	1255407	1655179	1522512	1271131	1489660	1447910	
0.205	0.5801		61734	66609	57600	45431	63111	64352	70488	56400	54229	62795		1333358	1398269	1159923	1209824	1384357	1611977	1387220	1156334	1243086	1568743	
0.1431	0.1668		41188	44992	60785	58073	72157	55627	33172	42052	77679	49685		1084356	1240394	1244059	1341001	1315194	1005923	1041903	1353344	1385049	1198116	
0.5516	0.5067		59131	60199	69036	50592	58869	69941	70771	76508	99849	111427		1402303	1076152	1283552	1493727	1386367	1376311	1376628	1421530	1812620	1584815	
0.7965	0.9901		92238	92020	88077	114381	84176	100637	95136	95996	82449	77927		1502955	1304247	1318869	1357720	1537374	1491923	1306962	1273299	1478353	1322061	
0.3982	0.6702		87672	74634	84534	72060	83978	79136	62655	60682	60205	72444		1529731	1410521	1228276	1301773	1281567	1267072	1344294	1243199	1082476	1401199	
0.5135	0.881		103067	69314	84535	72449	63285	57169	69254	73853	79215	81353		1545854	1493968	1654578	1700937	1145856	1282058	1187762	1381913	1245430	1498367	
0.5732	0.4045		78699	63507	71739	82250	63933	93926	70165	51574	52125	78010		1697626	1287814	1429453	1582609	1330016	1637463	1266372	1135450	1310783	1605809	
0.8803	0.1217		93375	83385	59924	49635	65062	78710	72670	73959	82893	59468		1493272	1276523	1081414	1222434	1636854	1430709	1339784	1287968	1593164	1364782	
0.9504	0.644		89972	80942	106200	92614	84576	118236	107727	76143	67713	107462		1253712	1255506	1222524	1652117	1736603	1732599	1545728	1077561	1228476	1558085	
0.6581	0.5633		66592	62911	101042	88782	73651	93628	112178	83001	84100	57370		1107676	1307565	1410919	1322599	1659612	1415445	1281262	1310892	1201683	1066155	
0.2973	0.9316		77086	72857	63903	55509	109873	79611	78522	74066	74424	61920		1281167	1231471	1121933	997906	1226097	1302312	1255233	1256787	1169921	1227533	
0.5818	0.9181		74201	67713	56507	87072	65488	80854	78451	86547	64191	64361		1217205	1173808	1354493	1248618	1364704	1339830	1296685	1232181	1186379	1271134	
0.6607	0.0731		68901	55284	49404	68505	62065	56072	92893	60744	50220	93743		1177439	1149956	1144352	1264089	1202265	1217681	1467293	1265526	1303930	1127114	
0.5663	0.0858		68659	53948	51012	53638	63075	64030	83022	102099	65897	72516		1322391	1131366	1483229	1594936	1407371	1486977	1531352	1607961	1334333	1666754	
0.2345	0.9383		100401	65794	69113	62280	95826	89478	54973	97849	74161	70200		1428338	1242055	1201886	1678825	1271807	1168557	1164396	1549671	1242574	1189247	
0.5612	0.4141		52572	51265	53289	65026	61223	102865	64916	83453	50145	79544		1124656	1075135	1243688	1388518	1100504	1289004	1601546	1594135	1063156	1264308	
0.3595	0.4241		67539	78113	66039	73381	78174	66109	69833	80044	88903	63081		1111568	1412105	1403350	1624241	1290265	1348211	1215631	1127702	1300822	1226294	
0.7914	0.2468		64465	69577	77319	81127	68374	56083	82411	61133	87635	76330		1144577	1309174	1458280	1294475	1174016	1292609	1633650	1308128	1320876	1212130	
0.4206	0.2554		74306	56552	74261	59736	45794	79837	70594	65599	47966	61015		1491525	1563848	1254042	1433944	1433997	1559155	1368524	1158464	1098018	1255345	
0.1569	0.2275		65257	79858	63005	68932	70394	45115	61108	46768	54470	63242		1587862	1378952	1547663	1347259	1288147	1294533	1545688	1056879	1393650	1237905	
0.7792	0.3019		82028	77053	93827	75887	53118	61871	70583	93987	64732	61010		1779974	1581527	1663802	1295151	1198281	1449044	1504272	1726122	1495674	1153862	
0.9548	0.4827		63206	95841	84917	90554	75443	68884	82993	96593	94914	63441		1198755	1333671	1180162	1364493	1273972	1208809	1174178	1108357	1287725	1434441	
0.8063	0.4032		56986	66374	71538	63470	65419	63435	52516	79349	86169	66479		1141179	1171007	1477694	1059855	1283439	1178033	1215726	1375561	1221341	1398885	
0.2394	0.3975		55256	69028	60610	74648	52951	62051	79030	47011	46392	71124		1143371	1533848	1317107	1288066	1212764	1488379	1442416	1041083	1134042	1395164	
0.5282	0.1919		68002	57407	64248	65083	67180	89306	88381	75030	77340	73304		1257965	1140107	1533268	1294083	1633557	1428094	1489454	1425927	1654743	1675989	
0.4665	0.2818		74078	50343	58166	75250	72690	49085	88919	71925	82552	54448		1284824	1171475	1243928	1397800	1289803	1168972	1488161	1302246	1379983	1320684	
0.9304	0.6507		110439	112007	80159	72738	98571	77694	84437	77577	71415	89745		1511649	1583319	1292581	1379788	1673297	1401379	1350571	1272149	1405989	1535763	
0.6941	0.9634		85919	68871	121972	71170	88332	85486	78362	69509	85775	104727		1344197	1217098	1329191	1089199	1443341	1260625	1388185	1237024	1349516	1534291	
0.9524	0.0908		88688	67521	87854	63864	79532	61521	64390	58494	49533	65119		1425501	1516972	1698304	1307659	1550804	1409940	1503781	1226631	1066336	1386257	
0.9707	0.2586		80784	64092	75213	79731	70603	95284	65415	64267	87614	65585		1486418	1327084	1280613	1166020	1201337	1508394	1233023	1306137	1685357	1235755	
0.7612	0.1015		82074	58737	76933	56021	66183	48598	67050	68625	78378	68049		1653869	1404840	1191531	1238904	1246951	1057743	1373715	1343820	1252572	1142135	
0.298	0.2275		70776	53668	61990	62098	44576	56492	60425	53789	60068	53835		1185016	1142749	1215928	1118511	1143816	1389353	1248555	1205620	1399374	1197054	
0.2568	0.4059		57436	65492	72371	56832	56617	53936	57241	54417	85468	87343		1376197	1253707	1370102	1096911	1196165	1474650	1141676	1360183	1300539	1292304	
0.6149	0.7555		83572	94722	79326	62059	80767	85569	104773	78443	80240	78975		1308512	1382724	1124235	1234967	1374696	1335793	1463894	1296487	1259020	1253280	
0.2667	0.896		72503	62083	64192	82035	66236	82627	81739	69702	73082	57204		1191647	1429871	1267520	1388102	1326786	1469004	1255670	1297828	1271999	1378069	
0.45	0.45		59844	61729	63640	83820	61708	67578	63193	73134	69527	73692		1393419	1500928	1564748	1811141	1327250	1240575	1341373	1371628	1545854	1786749	
0.8138	0.7227		69457	88585	87569	97702	107938	70015	92277	64913	63003	119343		1094961	1184223	1348811	1414698	1415365	1284104	1346573	1032840	1278416	1507664	
0.9208	0.7233		115877	88931	64951	64825	91611	79458	82568	100257	75043	97310		1528303	1343642	1053553	1061075	1440959	1509112	1579849	1318233	1288099	1576791	
0.2523	0.1152		78046	73119	59519	42339	51455	54210	61508	42492	67210	43513		1735545	1372454	1133190	1012885	1286232	1364887	1198162	1125002	1333201	1369604	
0.3515	0.6286		68103	66706	61597	85490	88716	112651	99464	49639	84473	48799		1456698	1289396	1194521	1480486	1725527	1545109	1186202	1070158	1403251	1222139	
0.6804	0.6202		87237	65248	90650	77194	78936	58903	127078	71990	66477	55656		1271545	1110234	1512733	1310324	1356880	1591728	1517572	1579379	1623002	1264563	
0.9147	0.8759		101799	101048	100173	98859	99440	112975	73395	116537	104725	110067		1456018	1362249	1308095	1586013	1351492	1348042	1447454	1617749	1413947	1446277	
0.4969	0.1766		60448	91459	81941	92018	71522	80757	64909	65993	72743	64010		1354174	1564969	1503793	1744815	1547706	1392034	1360079	1204596	1300800	1406149	
0.3173	0.5472		57952	67461	68458	74010	60966	61391	68346	62206	64995	63418		1289821	1651314	1466545	1404895	1341190	1358768	1360626	1577747	1562098	1440988	
0.1068	0.6956		76727	56736	66480	63358	69091	70947	64316	65235	58732	66128		1213104	1114731	1289434	1150790	1416637	1325366	1249526	1443879	1465202	1486000	
0.987	0.3027		85610	76305	103343	64772	80826	66722	65185	64369	90116	91537		1316150	1276565	1537837	1308776	1579083	1457300	1297616	1335330	1328779	1436101	
0.3941	0.7289		59087	113037	60670	68844	69317	77793	92375	65829	83290	76674		1263505	1383853	1222319	1156569	1254401	1288123	1418389	1290706	1342483	1219958	
0.18	0.7376		67382	54090	58059	59619	71251	64208	59448	63087	53202	65998		1547334	1290790	1290750	1452861	1557486	1354978	1299669	1465109	1398123	1607761	
0.3973	0.2949		61822	83202	67312	92527	68477	68703	55919	64702	62712	54662		1351122	1409920	1254945	1564367	1302020	1228560	1165303	1455131	1241155	1147526	
0.7745	0.9302		95734	92641	95841	70333	116052	95545	83505	75589	82914	85821		1466232	1372364	1385208	1298887	1764570	1337985	1246918	1202644	1364272	1412414	
0.3556	0.2949		52494	56614	56209	49352	82632	65472	44053	59437	58189	56282		1232281	1136090	1202731	1138400	1322597	1361035	1220078	1407585	1565186	1227289	
0.6356	0.3605		72549	90060	71100	81873	61942	81913	64335	84008	55264	60352		1278778	1089170	1327937	1253747	1250738	1397733	1294526	1164980	1220719	1307665	
0.5472	0.1423		47770	57539	64334	47091	72383	91966	76723	93336	66374	65267		1334282	1328317	1286052	1125948	1498394	1721923	1378576	1280406	1336155	1586428	
0.6655	0.9985		80375	70596	87226	69903	73999	87829	103580	89812	84102	117366		1230996	1282662	1349310	1221420	1500915	1343517	1305558	1361142	1455888	1301002	
0.455	0.3781		85505	73192	57730	85939	77969	77071	47046	51828	76794	63519		1346232	1364863	1396016	1697466	1501295	1288137	1043237	1186923	1447975	1699344	
0.0754	0.6787		79982	71247	56071	52931	66273	73021	45218	48814	36222	59489		1675331	1488507	1220420	1296450	1532625	1402848	1081565	1085186	1038146	1263680	
0.9141	0.6187		73361	97166	85346	84149	59667	82092	97714	96238	91167	72767		1362994	1574698	1498788	1138512	1471053	1563861	1728408	1419490	1304598	1267530	
0.7315	0.3317		77384	78496	81407	63384	41768	75354	44464	58999	85027	60123		1401988	1517265	1455488	1254480	983844	1355656	1197518	1394774	1282851	1281782	
0.2336	0.2813		60046	67660	55191	69192	63089	72046	52098	48964	60418	54919		1633713	1407888	1351775	1269498	1450264	1282508	1241392	1186534	1185841	1309112	
0.7513	0.0531		55746	57648	49032	64540	69476	49154	79588	56199	78256	80119		1057209	1109235	1101543	1186411	1232589	1348184	1613663	1225233	1259512	1373949	
0.6707	0.1888		71075	73066	58201	61146	64122	88067	79283	69413	76239	75016		1490486	1287641	1331746	1220836	1196552	1595507	1497310	1403539	1629679	1443824	
0.8615	0.8806		96367	112607	76247	98449	127192	89708	121509	118304	105454	71970		1273204	1385864	1036555	1396850	1586499	1576354	1667661	1517875	1238125	1621061	
0.2267	0.3056		59175	75337	68560	69991	87597	57988	63039	71992	62382	67899		1680172	1388738	1366992	1406563	1417322	1441462	1510034	1377661	1329527	1334462	
0.4028	0.5978		79627	67847	104470	78545	61654	68647	59584	73652	63409	49657		1345975	1264007	1381200	1430747	1329854	1240386	1362199	1322489	1284196	1184471	
0.4067	0.1791		45207	71571	69757	71284	65221	44954	58538	59410	76386	70849		1073880	1325559	1438233	1335243	1283038	1544615	1231143	1239417	1338686	1470351	
0.9739	0.8283		94199	94782	97675	116425	94740	96686	105037	92849	67044	98700		1374331	1324262	1434909	1781236	1430682	1754025	1596256	1129707	1436938	1693222	
0.7167	0.2156		75707	90162	63830	76814	89390	82669	71883	60980	60757	63601		1504010	1749988	1374095	1482930	1615132	1383090	1481917	1404343	1348891	1412844	
0.077	0.2286		55361	58933	68993	77482	56300	42785	63815	52358	54620	51432		1323224	1387586	1515432	1362501	1279939	1140135	1359166	1095879	1251439	1223987	
0.7714	0.4205		55684	99340	91767	84838	83900	78678	81529	90882	90109	80103		1038548	1499039	1453299	1165451	1331824	1436137	1386024	1257115	1259654	1362307	
0.3968	0.1213		63288	47023	70748	61479	43615	45920	63041	63003	70565	58244		1255252	1137492	1514422	1181530	963948	1174996	1299234	1289601	1539345	1203890	
0.605	0.7879		126931	69967	90217	57635	75879	81043	56845	72762	80499	65833		1571989	1417019	1248993	1321558	1153332	1362293	1146510	1125929	1273064	1342589	
0.9607	0.6651		86610	114710	76259	81768	90998	77322	73190	88064	64285	124154		1260241	1363219	1657865	1467419	1344456	1180045	1073806	1192227	1085993	1329694	
0.3899	0.1643		75003	65198	59575	71719	77137	54931	44901	46867	61712	55818		1486189	1221929	1302351	1323646	1215007	1217087	1226204	1122671	1154123	1291470	
0.8823	0.2687		85535	83915	83108	88052	74537	78245	62618	54394	72471	79996		1342378	1216996	1246556	1343256	1147752	1259883	1212409	1230021	1025248	1282792	
0.0632	0.0852		60208	46875	72874	49265	78498	60496	38807	81512	69040	58582		1212079	1020732	1261088	1236547	1265496	1270238	981852	1268564	1487683	1286959	
0.7399	0.6283		78327	79603	66443	96260	87643	69684	66442	86612	76618	69277		1361910	1329076	1298291	1436666	1468991	1261715	1334465	1242877	1284696	1324473	
0.6476	0.0787		67769	79310	90930	90065	62283	72933	65201	67000	53923	58271		1516235	1650197	1555639	1541724	1282725	1301265	1407569	1272253	1440464	1520625	
0.4335	0.0562		62067	75175	50283	56178	51166	65888	56245	63649	72185	55294		1451064	1190697	1389339	1384054	1310654	1250695	1293285	1323829	1257160	1562118	
0.456	0.8789		55814	76249	102642	89601	71335	91228	63444	87156	78091	72926		1323485	1202946	1458416	1523948	1383467	1338785	1078497	1728129	1310434	1286401	
0.6981	0.1266		62335	68780	56503	63939	56193	94063	57031	74118	56351	74892		1171286	1276670	1204489	1275337	1082429	1232163	1364639	1316233	1022548	1333993	
0.313	0.453		76483	57531	73272	71255	47539	79433	61698	91775	69446	81511		1460838	1101366	1386601	1132510	1287180	1361703	1363678	1342776	1669799	1279703	
0.8115	0.2743		61026	65881	80588	83380	83076	102315	73434	98698	54549	69422		1019173	1220724	1237301	1516348	1289578	1441132	1635429	1703496	1195514	1078729	
0.7069	0.4891		77947	72067	90915	54895	55568	69748	106376	78121	71255	76611		1183926	1757413	1321541	1017019	1293050	1243890	1371738	1538700	1277270	1310863	
0.6466	0.8233		84954	93630	73237	117651	77041	81442	108053	89897	105189	111575		1244402	1325168	1263105	1397592	1282108	1297236	1271794	1619777	1330767	1494785	
0.2786	0.6719		67162	57965	59783	65573	73325	67431	61857	56400	76582	71359		1178879	1020514	1208656	1200767	1268804	1206034	1337682	1318935	1181997	1243896	
0.7919	0.7074		106853	86834	87603	100819	88257	79983	80375	89374	110430	76341		1456185	1283518	1386276	1443969	1453141	1353064	1530662	1541063	1451379	1445476	
0.9078	0.95		79703	103563	92920	101634	102294	93520	101220	76699	81559	71030		1220034	1465564	1322167	1282567	1465957	1293639	1296768	1508185	1430306	1185109	
0.3996	0.3676		46555	57813	58077	59829	57509	62591	75577	72693	85243	59199		1326923	1486844	1144841	1510147	1503906	1496387	1554435	1370090	1703453	1201190	
0.5327	0.1339		74162	61395	90745	54955	68985	75366	74249	45980	58100	55841		1313042	1706340	1420025	1276583	1221937	1311849	1332111	1195329	1245483	1577029	
0.3487	0.1141		54753	47994	69879	87147	57278	85216	56976	71342	56899	81110		1242980	1305660	1182219	1535463	1454470	1506378	1253122	1447884	1388150	1759561	
0.9578	0.1264		85034	52118	94205	61960	93411	60603	60577	79285	77937	80126		1522789	1032779	1299026	1396684	1432592	1259441	1413474	1456228	1403548	1521700	
0.5555	0.0654		54709	73306	55509	62442	76540	54315	70021	70143	68181	46162		1279697	1471387	1343674	1188987	1228727	1228063	1426520	1470839	1575081	1049474	
0.9246	0.5133		86892	70293	65370	92071	106956	67082	85117	70830	74749	98449		1400219	1563473	1203039	1467160	1478050	1255909	1270215	1344030	1278198	1445537	
0.5378	0.1242		60189	85266	56139	88344	67539	45925	70122	65284	63814	76208		1371167	1427126	1227027	1568363	1368437	1277237	1566311	1450506	1358084	1560924	
0.9805	0.4373		65130	67229	85390	100996	74938	70105	76308	70668	117998	79524		1191513	1291797	1604535	1455633	1545025	1374742	1418943	1706156	1413141	1636660	
0.844	0.6086		77479	104117	86879	112848	79995	100689	66808	60113	78167	83864		1393258	1491736	1727258	1596395	1299088	1469315	1176084	1341761	1253591	1353782	
0.972	0.6773		71831	77309	74496	62497	96850	85118	89654	77476	92627	82362		1433111	1064065	1316690	1153505	1470079	1382207	1298911	1315017	1412597	1133733	
0.7828	0.6859		91338	109062	78470	94091	98762	100731	92616	74791	85219	103677		1584439	1442026	1353144	1282810	1473801	1525181	1346948	1432961	1294708	1576619	
0.9483	0.4251		89737	64200	56253	75057	84529	59475	75407	84068	88310	69234		1207779	1098151	1255069	1287442	1466283	1479746	1367498	1223774	1519372	1308291	
0.3737	0.5886		77187	94219	67562	60117	50522	51466	57299	69907	58367	91612		1432994	1540496	1238503	1176776	1068338	1090872	1291627	1424775	1295355	1589216	
0.4289	0.561		69992	86232	63311	64872	79940	59728	58445	83501	62437	62114		1300028	1358330	1378296	1401284	1391127	1233551	1485114	1358507	1186778	1378370	
0.4586	0.2414		58788	61429	64577	55096	81779	53523	80621	60887	69570	76443		1252765	1597020	1322118	1306489	1426893	1489726	1370628	1284079	1474317	1381778	
0.114	0.8784		66060	67831	64768	55192	57225	62955	62737	69124	75343	72492		1291452	1406397	1577336	1301138	1200736	1300008	1032465	1268224	1272096	1310225	
0.7206	0.1211		68293	65820	79237	68159	70537	60938	86468	48741	51905	89074		1369838	1540990	1234669	1566036	1335565	1531299	1592576	984384	1123053	1261168	
0.2916	0.6512		69162	62186	75445	77167	70977	60207	90083	84431	99145	95726		1357811	1238574	1359308	1491301	1165520	1482451	1690008	1294580	1240285	1396928	
0.9196	0.2925		101794	83017	78063	82697	63635	62762	68168	78887	84616	81243		1537027	1318109	1142776	1421684	1212322	1155937	1227866	1330902	1288692	1264370	
0.5685	0.2651		63879	72524	70893	55465	61966	59288	64739	54820	86707	72686		1216132	1395462	1183476	1168398	1193257	1093961	1097065	1309282	1379503	1556129	
0.7788	0.4371		61920	89963	96372	92481	70794	82864	63546	99480	61701	61831		1338087	1670674	1499599	1320125	1285042	1568774	1254886	1137870	1143831	1173097	
0.8247	0.9241		103658	79999	66587	74468	115877	109650	76989	74316	64611	75367		1401648	1235608	1185260	1260601	1449931	1326315	1404016	1193859	1230723	1180328	
0.3144	0.6191		76403	49803	99279	84757	60934	72655	83154	87900	96902	79326		1393708	1378250	1736430	1744204	1359932	1297707	1528830	1751620	1533736	1315106	
0.5018	0.2302		67326	90135	84524	60786	50030	51073	51307	39342	47088	53258		1602603	1501221	1319057	1240415	1094574	1097684	985420	1137951	1263167	1251933	
0.1228	0.7855		91548	54453	53471	62590	55509	48812	64108	71147	87232	67441		1678359	1368660	1340184	1317339	1075679	1055574	1328574	1429797	1364522	1600231	
0.0624	0.3977		52799	53936	97216	71532	60227	70202	67971	94755	66356	44409		1232983	1209962	1417812	1399576	1623179	1370803	1302285	1433314	1267607	1154832	
0.2412	0.4996		75602	62278	58404	62066	57626	80172	66599	64792	54275	62425		1171088	1205385	1131237	1273692	1447898	1226114	1368664	1514078	1186431	1384337	
0.7655	0.3722		61468	64730	82531	79686	77653	104283	60521	95340	54204	88644		1323097	1206540	1247816	1321670	1414518	1491916	1640218	1653781	1311863	1453465	
0.8677	0.2501		84726	70961	102432	69898	90832	56778	68593	57246	53163	75636		1278403	1347927	1537070	1325230	1332348	1214416	1129493	1461842	1163900	1330853	
0.051	0.4206		82525	56241	55071	48950	82630	75522	65391	53990	60667	58869		1573957	1237895	1392628	1330448	1498646	1210107	1295220	1462738	1468440	1390299	
0.9127	0.7231		97601	110611	82157	72680	95447	77515	87368	111777	78710	76370		1524400	1739201	1322766	1290853	1265203	1273229	1283688	1368053	1268583	1186141	
0.6388	0.3118		64470	92969	86502	85897	62754	78620	86462	64805	98104	59636		1261449	1342434	1166897	1428349	1320063	1199572	1658114	1638431	1453562	1153080	
0.4666	0.775		73463	62680	58517	72275	54842	79089	54805	74735	78605	56468		1199613	1034398	1140124	1265862	1221449	1437819	1232494	1448766	1220044	1193697	
0.3756	0.4973		74085	77956	62641	66222	60320	57299	60210	71064	48761	74531		1266197	1420401	1286358	1299823	1224491	1176172	1242011	1183253	1351864	1230935	
0.7682	0.8171		97992	109180	113486	84286	113790	83688	94569	78129	73829	78005		1521378	1472797	1604044	1459100	1325045	1117757	1683521	1241960	1250030	1511821	
0.1372	0.9127		61774	65860	57847	54307	78436	58301	60263	73027	70351	50521		1228184	1244834	1260993	1065959	1249887	1393447	1701989	1313295	1467062	1343082	
0.8081	0.8158		94642	85842	80290	103327	76742	110037	112970	93935	101864	68599		1339319	1277887	1279551	1365665	1623833	1428000	1436798	1449854	1251074	1468849	
0.0752	0.0968		60459	80661	51935	64961	62165	57484	60643	55354	58035	60277		1265600	1275170	1549680	1561335	1418771	1574017	1338445	1247299	1357899	1324513	
0.4058	0.4638		58867	56955	80992	92613	74705	50053	59925	84424	57146	65881		1195929	1220486	1221597	1493914	1229345	1163321	1538597	1382084	1221822	1222567	
0.4799	0.8797		101666	57957	64161	63568	90852	86184	81169	62844	56329	79771		1550927	1100590	1179046	1259811	1378938	1233951	1274186	1221545	1084151	1144645	
0.9157	0.3072		33573	54702	64478	70811	66578	54540	54570	84323	102980	68841		875825	1214291	1308836	1200984	1209847	1071736	1069143	1277951	1579274	1203401	
0.3976	0.14		70996	81254	62945	52929	58924	54518	58986	61019	64130	60935		1525718	1518995	1263031	1183344	1612164	1134035	1461629	1217307	1589957	1302478	
0.0776	0.7954		67385	74587	54980	57602	72079	56127	69444	56357	67185	63458		1290392	1167810	1304921	1692500	1341139	1213710	1416877	1210087	1356581	1158916	
0.6036	0.7669		75220	87773	84981	67928	111890	81745	72411	99084	96747	68777		1134356	1131273	1362646	1370720	1758613	1347866	1353187	1527473	1518254	1269688	
0.8102	0.8935		93866	81982	111472	77027	93182	76148	65505	87433	101277	100750		1441241	1455725	1396165	1232584	1348426	1419031	1149291	1695890	1615088	1296813	
0.7028	0.2346		99493	65440	70310	76806	65668	94306	59605	74285	68840	49860		1354518	1262566	1195405	1284137	1387987	1358564	1252176	1277416	1532277	1057750	
0.5847	0.2716		72506	67710	69969	67313	60720	57725	75249	80236	72438	92057		1448854	1332360	1291263	1362433	1243733	1271608	1283940	1303690	1345158	1627215	
0.4597	0.4009		83625	55611	74946	62323	56747	80970	77569	50200	59591	59219		1198496	1308354	1333968	1212367	1189985	1346281	1733978	1208996	1550899	1417582	
0.5028	0.4657		85267	75643	62248	75667	62928	78853	67051	50699	51319	81605		1423024	1483086	1209332	1604190	1257731	1618075	1243115	1052563	1213537	1257837	
0.5235	0.2684		63046	76955	87535	75745	56255	67554	62040	61678	61868	72515		1356765	1408056	1376178	1290416	1475870	1367978	1296331	1363974	1473750	1410054	
0.9368	0.4657		62063	69169	87558	71028	74293	69802	73241	85459	90986	76212		1320703	1538402	1365070	1296284	1126217	1345923	1410058	1435074	1376189	1442155	
0.9009	0.8428		109859	115664	95597	112489	90637	76124	62085	86934	80915	122069		1455951	1475139	1340362	1444744	1286495	1110101	1341223	1253662	1770723	1690313	
0.3763	0.5981		86528	54432	71508	74377	73143	59958	97826	60890	80417	61960		1498775	1067998	1472238	1260105	1695093	1359865	1429422	1488865	1451129	1418671	
0.6985	0.5545		113353	95766	64092	89379	67492	72491	81300	59283	64983	80196		1618517	1364024	1314757	1306394	1408541	1429587	1257246	1335642	1263659	1309594	
0.7327	0.1105		88622	90194	96891	79239	74656	57031	59626	95733	57839	63147		1411961	1632729	1389734	1570031	1242961	1144179	1532055	1579366	1226409	1354948	
0.8195	0.7951		70546	95122	108690	77088	87982	92883	104602	83134	83593	86504		1198751	1368332	1523849	1344756	1514135	1519884	1346760	1199133	1259545	1287360	
0.8977	0.9175		91875	64985	52497	73084	125445	93309	83910	83195	82911	106511		1243983	947010	827009	1390862	1524947	1471870	1261966	1360996	1303276	1396992	
0.2127	0.5443		53999	54782	62785	58539	58368	64285	48833	46427	47015	66487		1144653	1385906	1315565	1244010	1290126	1334299	1005485	1015527	1569006	1317377	
0.2508	0.6294		67301	74877	80614	80746	70297	70646	69692	80227	93253	97754		1216957	1584294	1572819	1642555	1395731	1394256	1541145	1446983	1496163	1635103	
0.679	0.1195		60969	72050	62560	66717	62344	89183	56664	72494	56822	61019		1421876	1379853	1449272	1335821	1138595	1367520	1227922	1360381	1223051	1090240	
0.0546	0.9412		54059	87132	54329	54547	91225	70573	83406	84729	63103	73261		1277097	1217287	1214091	1280397	1482534	1724171	1650724	1615520	1354354	1435263	
0.9093	0.6695		81069	80949	70616	80153	101575	88434	94431	109871	97344	93233		1509212	1193205	1219328	1439558	1478748	1316273	1315803	1358121	1301993	1425374	
0.8159	0.6608		73081	64662	74290	62944	106574	96248	70836	63016	69720	110529		1313360	1231615	1311407	1302430	1530765	1450385	1165351	1320057	1407373	1423916	
0.9353	0.0651		47658	76532	50102	49896	66425	72793	100208	54801	66724	60149		1050390	1334277	1077656	986413	1289520	1405449	1419139	1357426	1621165	1266492	
0.6493	0.8369		94191	97186	72152	91486	75383	72370	81660	59180	108772	82320		1473730	1431264	1526412	1615672	1290728	1333019	1307422	1478831	1482107	1443862	
0.693	0.4463		82309	81681	74166	72276	59635	78005	66445	88546	75099	63183		1260466	1184737	1218264	1477858	1144127	1183395	1232463	1253132	1193788	1159672	
0.0707	0.7471		68057	67243	70115	69055	52315	67932	67547	56370	49335	53762		1266756	1406511	1421587	1281087	1486940	1553694	1338335	1204554	1165362	1419332	
0.4974	0.6503		79056	61479	113543	82065	74475	77309	67459	70183	91446	58875		1510597	1324138	1517787	1380658	1444000	1261168	1453908	1317382	1582193	1332970	
0.7278	0.3198		87131	77176	83414	52087	71966	58289	68682	56053	115817	69751		1517865	1173803	1288771	1169794	1254031	1182977	1380900	1445965	1438094	1294945	
0.6694	0.5908		64095	58095	85595	109709	103563	102656	84258	89905	62990	67603		1153918	1234275	1425064	1336827	1647272	1296073	1581064	1414279	1250722	1322720	
0.3111	0.8237		62907	64285	64650	55385	60483	90126	64484	70651	71738	63988		1297251	1063729	1096930	1162497	1077162	1268217	1280545	1287137	1337917	1134159	
0.1311	0.2996		56975	59749	61303	62583	68531	58564	77062	54783	66336	59449		1283179	1195658	1171647	1479153	1266314	1260015	1433202	1362614	1419716	1195961	
0.7394	0.72		102137	79306	68752	74764	75480	79206	109807	111283	76069	97066		1603021	1350608	1425652	1368043	1326044	1443907	1627934	1441764	1328613	1477177	
0.8232	0.1087		48883	66770	72150	85255	67304	68173	66770	61200	75858	87255		1116995	1253710	1273824	1427417	1372183	1305188	1486475	1520739	1466193	1363026	
0.2839	0.6815		58871	71151	76103	75814	71749	65757	78313	96929	55472	71668		1418874	1588465	1440104	1319581	1314096	1336122	1653635	1269714	1431608	1464165	
0.9082	0.9907		86686	76947	96624	76629	78295	103783	118905	99649	67441	82567		1293959	1207970	1251601	1255689	1439655	1279944	1399200	1153228	1023816	1347509	
0.634	0.9509		85375	103148	98170	59000	110103	76752	59130	86057	84794	66543		1382780	1601401	1241716	1130799	1261615	1249869	1223335	1241554	1324233	1195939	
0.7077	0.8034		74792	69492	77541	63300	74287	97868	85704	59932	69769	92804		1168482	1096014	1043632	1097301	1051324	1238688	1037800	1168551	1123605	1436062	
0.9524	0.0898		70579	81217	94157	70340	89054	75143	68952	78816	82570	79244		1292545	1296402	1371104	1225210	1669371	1314065	1205358	1124560	1308091	1511470	
0.9724	0.0604		68083	61808	97659	72408	77952	68392	80077	66485	86873	64123		1180854	1552226	1558910	1193366	1307632	1300681	1407895	1246217	1433434	1468972	
0.9924	0.8425		89302	66558	84476	111620	80732	94691	75915	110038	120963	114554		1294606	976559	1230948	1270750	1170701	1351738	1229723	1509474	1668696	1348153	
0.7483	0.2024		76281	52197	80784	57243	66289	76476	90308	84482	62560	88365		1277856	1447153	1236690	1570295	1252646	1183259	1449098	1509858	1199074	1577488	
0.4318	0.2705		71575	61427	48639	65960	56548	58662	66061	58964	64279	66581		1309170	1203510	1019382	1263366	1236261	1192892	1455439	1258251	1425031	1541095	
0.7121	0.3365		78452	61502	70918	83157	65330	63802	70113	73500	60610	67338		1320487	1080981	1733236	1429931	1213035	1215851	1189076	1173744	1246974	1271595	
0.5381	0.9875		81654	81076	68604	90228	77985	59012	59501	65102	69892	64994		1227368	1427685	1365170	1640580	1513456	1183704	1123561	1302452	1240451	1292293	
0.3704	0.5746		48429	86245	69169	61470	57754	106957	73110	57356	79624	87953		1277084	1501368	1256325	1150292	1274425	1342887	1609498	1240883	1205761	1137910	
0.4437	0.9653		70342	80184	95803	92398	77881	82108	66093	55938	103065	70912		1375072	1509867	1554950	1593338	1470981	1489640	1321485	1374628	1792460	1283521	
0.5501	0.0781		54875	61919	65862	57571	61829	60242	75752	60295	73194	87353		1183116	1246490	1252307	1360920	1273804	1199138	1343228	1548043	1144455	1505967	
0.2723	0.8663		63719	68163	77399	60932	64481	66133	93103	83640	108196	53112		1168819	1206873	1213630	1158840	1414513	1455684	1327327	1381259	1274637	1240249	
0.1143	0.2648		81991	51789	63077	57070	57974	66429	64700	61220	55700	65536		1330881	1542731	1396267	1118585	1308259	1134399	1212463	1288786	1296291	1332436	
0.3737	0.9691		58260	95882	71890	65708	54338	96527	84444	68891	71118	99249		1210349	1560738	1221464	1230728	1319115	1451516	1382167	1262321	1336396	1300653	
0.1812	0.1337		56000	69332	60391	68578	54929	69162	59544	63818	49071	69202		1327922	1345214	1443444	1460475	1190551	1419813	1332919	1228035	1061159	1367155	
0.7086	0.8069		90321	73986	104223	82230	90295	105901	74404	75686	79672	79110		1467988	1478810	1521983	1428906	1563373	1655566	1456383	1245150	1504519	1401974	
0.8699	0.1936		76009	72794	77949	71848	70155	65554	70296	85769	60697	52245		1272289	1366920	1209978	1120097	1171617	1156082	1028300	1222500	1303069	939259	
0.6093	0.6588		72803	90145	88240	68108	83239	86139	66473	100128	104585	56414		1200816	1510750	1354521	1382250	1340352	1298068	1175464	1452700	1459078	1575154	
0.2371	0.7423		58780	58707	66654	81591	74278	59546	48926	77361	83137	66393		1365210	1250883	1294435	1454952	1429546	1237658	1206078	1517105	1537745	1312813	
0.4281	0.2075		55194	89809	45467	47515	45606	46136	79933	44872	65970	65658		1370675	1446677	981907	932202	941377	1189958	1273008	1108433	1467774	1177328	
0.3351	0.157		68871	74148	61490	51627	51691	72151	62840	72476	58077	64290		1217696	1305670	1226249	1324656	1276215	1258360	1434119	1454817	1483467	1400132	
0.7474	0.4422		69738	81190	93185	73395	93832	58077	54141	65464	69974	89934		1259664	1479738	1359404	1371492	1285011	1070201	1027679	1542707	1166276	1482745	
0.9402	0.3721		67356	109705	82671	89454	90549	100469	91138	61859	83318	101302		1359175	1360527	1380952	1313898	1438496	1405512	1326602	988589	1274241	1324784	
0.5326	0.7087		66336	63911	111629	75601	63715	96680	59843	83375	70044	74084		1196783	1238704	1321091	1336869	1576085	1638686	1232484	1510093	1129088	1343010	
0.1186	0.6734		60770	63962	84352	66636	45600	62510	62344	55371	51040	57694		1373323	1447745	1552110	1352476	1052613	1283408	1555806	1238431	1044653	1183303	
0.8133	0.5728		73886	71166	80329	73809	72621	96770	71711	60698	62683	86921		1250333	1201055	1214123	1263858	1305623	1507957	1193503	1039202	1055272	1207799	
0.0529	0.7684		86318	82185	52812	45524	59211	56701	52116	70271	87056	71546		1757487	1481033	1111831	1401764	1244345	1286362	1629623	1342712	1415470	1620328	
0.8942	0.9218		98513	75715	93763	119120	82649	77332	64477	92255	103955	90718		1580878	1295465	1258404	1585556	1465889	1199730	1160964	1173555	1256716	1110852	
0.3508	0.9379		51174	65202	81902	69736	66090	92874	67482	81250	88333	73999		1153704	1282050	1318764	1205533	1360234	1227850	1195320	1452807	1560396	1512330	
0.0949	0.4514		54167	67658	83483	38816	50567	59554	54225	72619	55622	58350		1101889	1207209	1185709	1274228	1300533	1352439	1321888	1255627	1163271	1155125	
0.8241	0.7378		95186	102079	106969	86164	65710	82427	81462	75567	72422	91829		1444351	1448041	1579283	1522140	1230229	1490905	1629449	1313637	1285922	1216380	
0.8057	0.5792		68986	91796	96757	92479	62033	66567	103377	70351	58027	77195		1153811	1337660	1341219	1250001	1248913	1335210	1454708	1098084	1096431	1443280	
0.8317	0.8301		103727	80931	66788	78304	70562	82293	110937	84609	106038	113662		1338440	1601098	1063054	1136929	1218691	1243432	1506269	1375706	1600781	1456339	
0.5757	0.9247		86754	66558	68047	84975	72422	89615	92701	83629	80471	72912		1323258	1117280	1148324	1309011	1278328	1387478	1463042	1244832	1415844	1299408	
0.5355	0.517		50874	87482	51915	68815	79707	74424	83772	58040	60323	59490		1240702	1551533	1138644	1286435	1486961	1424936	1325626	1232770	1194082	1174762	
0.19	0.636		76500	67577	69015	78554	89695	60962	61671	56839	61753	80212		1238457	1393960	1313974	1571538	1536697	1248253	1529913	1234591	1343266	1302348	
0.4053	0.3683		59407	52557	65893	62680	55847	88728	68753	66170	72311	46742		1183154	1298537	1276630	1407804	1303791	1255351	1334328	1248911	1121874	979737	
0.5475	0.5689		60925	91443	77211	65371	62117	71671	80232	82898	69523	73255		1219254	1415726	1495792	1182712	1206125	1071699	1256194	1509898	1398522	1192036	
0.4239	0.9279		77404	96248	91785	88338	102907	86654	78308	98262	80684	64997		1265017	1339431	1420239	1445265	1470665	1373869	1112021	1306738	1300417	1281719	
0.3265	0.4988		59788	78457	50700	61014	57651	69673	55318	70617	81617	69919		1458708	1443032	1294749	1130419	1214364	1273046	1216792	1192483	1140618	1459611	
0.7024	0.675		81560	81369	70306	83978	89540	103589	112361	91889	80934	76278		1425795	1337601	1286168	1339254	1369854	1453064	1574114	1445332	1401557	1342198	
0.3156	0.7992		92312	50990	95177	53297	88304	103371	81370	100153	78687	75827		1467431	1173324	1320980	1400829	1578011	1339711	1772844	1615154	1353399	1553101	
0.2803	0.98		72286	67049	90153	86065	65670	76262	90044	62005	83069	72358		1287962	1455003	1516885	1638889	1383126	1404037	1451420	1423551	1352709	1399039	
0.4479	0.822		77143	72181	88112	78195	72889	71098	72599	100947	86076	55388		1380758	1351482	1214801	1438599	1367228	1325394	1568904	1771078	1449371	1256351	
0.4866	0.7346		66527	62871	69063	107237	84427	91287	95594	53090	90753	69233		1158164	1285421	1316089	1557156	1431021	1592933	1320323	1475449	1542172	1183353	
0.4849	0.5178		90866	88005	92417	81502	71049	89175	101401	76860	69686	63530		1250039	1354088	1392229	1394409	1308282	1325653	1575688	1278433	1389247	1293678	
0.9526	0.9808		68687	92122	79269	79663	115991	111653	123842	93335	97381	113954		1334274	1345966	1227049	1292284	1447318	1419827	1567998	1594114	1394798	1531678	
0.2464	0.7513		84803	68558	77509	59030	58449	79319	59506	61597	74529	71062		1440961	1394565	1459883	1663251	1522707	1398627	1444865	1354886	1592151	1615787	
0.6637	0.8043		74391	79648	81255	85744	117447	74920	110405	74498	102410	74015		1185251	1291116	1270629	1223377	1402307	1279186	1387904	1140168	1334928	1299593	
0.4472	0.2562		81966	62733	86645	75202	70085	65942	69039	64572	66160	47762		1506284	1517132	1680344	1369438	1183206	1321041	1165305	1274030	1165304	1078309	
0.1917	0.3345		47528	47900	40781	42753	73606	80914	85735	71731	52186	71146		986275	1004708	1129856	1135729	1275126	1292980	1238407	1232684	1112200	1010727	
0.0917	0.2524		53833	48433	58440	67509	54371	70561	57067	54312	43454	54420		1352857	1326313	1448761	1604516	1315594	1240438	1522363	1349302	1205885	1274019	
0.4791	0.8236		56312	84988	94911	80701	71669	75888	71617	95124	85868	77337		1189980	1648295	1470297	1209291	1064132	1210807	1295384	1448383	1353711	1088952	
0.7416	0.2282		59768	68137	52047	82295	73247	56272	91842	79470	55839	61905		1199417	1337444	1211071	1657204	1257861	1094447	1299148	1411731	1246780	1283834	
0.5817	0.6372		87430	85911	73544	74726	72640	67633	92473	61599	63258	80735		1399747	1339330	1362777	1138831	1290861	1272756	1400541	1291956	1169425	1486770	
0.6397	0.4509		71358	55801	76293	78484	72760	94904	75773	69016	60524	88607		1367212	1170072	1347555	1394406	1177524	1710612	1300896	1245585	1224939	1366993	
0.2773	0.3431		47030	44462	44307	43942	44737	60611	72923	89314	54363	58008		992782	977189	1018696	999127	1411438	1371972	1731495	1370949	1136167	1185144	
0.4708	0.8844		61578	85125	84570	78670	66974	71803	54374	65837	88296	75264		1292158	1267191	1558064	1286143	1202659	1271758	1243634	1280655	1420003	1388523	
0.8771	0.3555		70944	68482	73020	81321	62514	95611	63498	71189	66772	72491		1295706	1374728	1404041	1335928	1184949	1646079	1247281	1607298	1233757	1481440	
0.4535	0.22		55301	69745	65658	81309	67852	61739	49634	47961	81852	58862		1453010	1428967	1487384	1581715	1614188	1187111	1071891	1221049	1437957	1402831	
0.1884	0.2934		51506	61778	68630	52375	54500	69990	65842	60411	70280	46752		1127163	1260330	1331694	1170188	1240509	1490793	1272732	1275907	1269390	1186428	
0.6466	0.2912		66309	74979	63229	94667	86956	77111	52197	63463	82515	64558		1226087	1252069	1248961	1163458	1418281	1524277	1114964	1232555	1425469	1275973	
0.1748	0.1887		57665	76142	64186	43207	53633	50425	75429	75352	68825	58768		1151442	1206851	1188898	1210138	1337451	1380990	1272926	1506756	1485776	1613323	
0.2682	0.9296		62777	62087	89775	58193	57479	51525	62559	74057	60137	61628		1326783	1380722	1589892	1176406	1142221	1208695	1415203	1225712	1197154	1223200	
0.7314	0.8516		72248	100906	83280	77122	108338	102990	123803	91213	115653	95475		1214469	1335530	1424335	1301235	1522539	1343560	1521756	1420876	1664777	1267823	
0.5787	0.6505		65088	69708	62976	80699	68388	88291	76338	80069	94512	72808		1114731	1251048	1216312	1282328	1270609	1251192	1163440	1396135	1431522	1417645	
0.6558	0.6741		90825	66163	93377	78576	85044	80394	88700	76394	118240	77797		1481045	1304434	1410913	1307047	1526378	1283825	1516264	1266192	1331871	1373015	
0.5194	0.2231		57550	73265	70493	81729	78704	89898	64038	78929	56221	76132		1191934	1285512	1310429	1426929	1357134	1506524	1420143	1437762	1390039	1289538	
0.6971	0.1625		49725	49294	66807	66811	80939	60453	97145	78812	71883	47406		1036496	1022745	1266317	1502143	1590423	1467674	1398257	1329884	1575762	1162632	
0.8745	0.0547		62261	52481	62343	48921	75291	75164	64338	58013	68827	82344		1081395	1136947	1220092	1439131	1298186	1409164	1131930	1336482	1337469	1354352	
0.6259	0.8047		94016	72561	82748	77980	80570	77571	97300	72328	72625	80145		1248653	1340974	1363952	1488097	1440827	1271730	1503753	1499021	1365252	1353514	
0.9648	0.6608		83951	78414	72220	78432	107401	66140	80181	71780	88550	95086		1437971	1390798	1304678	1633584	1516113	1317533	1345098	1445999	1329197	1502818	
0.2892	0.7358		59747	59528	98899	81885	50588	57286	49901	78087	69335	93050		1137587	1204865	1293886	1212956	1067122	1141867	1107212	1446361	1202848	1209898	
0.5299	0.3441		77697	97981	87375	68132	71886	77398	58392	66824	77955	72069		1615190	1564938	1472249	1447637	1286311	1223372	1226794	1397830	1236585	1193628	
0.1535	0.1421		53106	47766	48000	47688	81372	55586	48077	62105	48088	56252		1298511	1091952	1099193	1262583	1274675	1330308	1413209	1183565	1230633	1349933	
0.2018	0.8643		57520	77310	77048	64589	60751	62618	66789	73901	63653	68518		1108145	1310155	1540776	1423569	1369739	1296887	1648795	1472966	1519641	1452020	
0.6164	0.3945		89869	79224	74758	81625	74792	84769	90956	63619	86551	67213		1511376	1231863	1204403	1377230	1431035	1388595	1383904	1573601	1227692	1383893	
0.6462	0.6796		109704	105204	110265	68678	82845	83537	70181	72181	88645	66820		1809676	1381601	1464455	1219947	1308159	1256664	1506484	1197539	1349633	1335408	
0.1647	0.0564		74278	53866	45203	59868	68321	57585	57047	40425	48331	71203		1236499	1513388	1206239	1309320	1321119	1241770	1266335	1154195	1175035	1211845	
0.3816	0.3517		90919	55938	64588	71762	54538	48396	85525	98869	81889	73383		1554331	1242160	1255520	1441583	1111500	1480216	1476328	1316843	1353627	1332986	
0.515	0.4655		81189	48425	64924	68454	67048	70879	76556	74580	61539	80763		1210616	1154377	1120316	1487161	1285815	1348224	1293010	1248569	1328535	1221497	
0.5779	0.7331		66050	93183	97148	54976	63796	94947	101883	73329	67377	69641		1208310	1702754	1168520	1211569	1484494	1375897	1584112	1292244	1229591	1219533	
0.8714	0.1285		58980	97138	68928	62261	97550	62551	82419	78287	64273	70480		1521893	1651335	1551221	1265588	1659310	1244033	1345681	1443056	1632197	1199195	
0.2384	0.5201		83620	74217	56375	75572	62090	54671	60651	69366	58214	83667		1178855	1449567	1310838	1324654	1267938	1310128	1645799	1505440	1286995	1411417	
0.8663	0.739		73623	83535	70825	79557	84635	89169	70494	111044	99925	132785		1207706	1294056	1249437	1383191	1554396	1342903	1172419	1668115	1657344	1547817	
0.9436	0.2092		75899	83608	73944	96395	70866	62584	88371	65259	74738	70306		1228862	1165661	1547323	1555599	1294106	1034252	1182508	992309	1393508	1471206	
0.9782	0.3879		75027	70639	103438	81161	71671	101393	81822	81958	83058	99672		1387504	1318279	1381127	1265887	1537821	1352418	1316083	1476368	1237023	1375206	
0.3976	0.5415		70926	50979	53145	64889	57028	86288	59615	70643	73660	59802		1294779	1008184	1063787	1068948	1172729	1246739	992407	990284	1300329	1283163	
0.8892	0.7301		92863	94460	83844	81823	100335	63276	85908	95876	81393	106299		1411087	1253102	1343512	1471090	1403017	1177848	1384998	1556374	1410669	1655649	
0.1938	0.7567		63156	81276	66196	79244	94986	56807	81362	60922	66091	65595		1540150	1225814	1201339	1484782	1309359	1568305	1413947	1271498	1470668	1614889	
0.9019	0.179		65732	77744	86488	79423	86564	74867	84356	71596	75521	73434		1347704	1372960	1285384	1417246	1329063	1236049	1301725	1457635	1603625	1481740	
0.8646	0.1933		60881	72821	61097	51712	55647	72089	92288	67852	74969	55936		1200910	1071235	1179471	980485	1248900	1665729	1220745	1258177	1296789	1049618	
0.328	0.1854		70406	64764	53302	71072	64394	77799	73755	68927	89774	52940		1396499	1450746	1441220	1211234	1543406	1639848	1449817	1778295	1272145	1186425	
0.1868	0.1642		74026	81893	65068	64576	61178	62145	51410	54698	87562	63927		1263897	1586758	1366151	1533128	1376861	1344055	1483537	1327520	1557825	1581252	
0.5465	0.365		55049	78199	63538	101719	50692	75443	72260	71882	54439	60392		1188910	1183184	1066419	1038002	1095599	1097857	1112536	1083840	1288888	1330608	
0.9814	0.1615		76417	64065	56654	83959	66509	68339	108489	76020	111069	79288		1474796	1592547	1128479	1341303	1580181	1268462	1587414	1264409	1498749	1542277	
0.675	0.9244		87885	105380	78466	60606	72954	82742	74847	113336	79770	70552		1192246	1351855	1106357	1029726	1330416	1102327	1035578	1645944	1260310	1378999	
0.6429	0.5265		81550	56615	67815	69355	69492	103097	56692	68300	62529	57622		1276194	1301474	1272236	1383484	1304108	1559696	1259805	1145553	1221343	1173185	
0.7934	0.8767		70622	70740	70683	88781	85752	91892	79128	71901	71778	87159		1184455	1336775	1318917	1461572	1392079	1699164	1343483	1282514	1383755	1428305	
0.9144	0.061		73191	81236	71569	49079	63148	46108	73913	62218	49565	68080		1576952	1469072	1287771	1228531	1218063	1098351	1206018	1172755	1289662	1271749	
0.7617	0.7048		108623	97864	61708	72666	79842	68772	68807	98038	85934	106734		1484917	1528668	1254112	1371610	1322533	1088026	1159319	1383084	1639122	1650292	
0.4478	0.269		62743	60844	81952	86095	71961	66557	58371	65782	63153	81203		1413997	1270563	1617623	1639479	1722235	1499525	1295358	1365991	1609347	1600311	
0.3596	0.7379		98328	84223	83573	96673	84718	67158	62124	59140	62699	94577		1553658	1337709	1259029	1378320	1296490	1336419	1252676	1273712	1534015	1727302	
0.2244	0.952		81708	70153	94252	91983	69687	60260	102878	80098	58430	69692		1424390	1419582	1570089	1646068	1356706	1342174	1472860	1327243	1343379	1417771	
0.836	0.5486		86754	66170	111330	106545	88196	80552	55809	57823	86827	106623		1442538	1282765	1739997	1679691	1501773	1308772	1246974	1289112	1498294	1728112	
0.5164	0.1604		60029	64514	54678	56386	72238	58469	66397	55128	104953	64069		1255311	1247190	1273649	1154269	1458448	1393485	1252110	1390705	1375366	1324705	
0.4261	0.2326		57830	56343	50972	63407	56788	83344	55997	64101	51786	59826		1207648	1554990	1411581	1536381	1361962	1392044	1450656	1194034	1238132	1418729	
0.7827	0.5853		57304	101859	78420	78221	94703	65451	71621	67758	75212	67679		1110891	1293524	1295365	1290461	1281482	1259626	1265794	1456046	1460760	1451853	
0.1371	0.9819		80989	52114	49945	49234	57044	39210	68690	50003	65486	69371		1188546	1099234	1047122	1012462	996061	1069975	1248379	1121407	1282955	1523782	
0.9114	0.0563		59991	65785	50447	67131	70169	71345	68110	77832	64957	81839		1425958	1123877	1103593	1472511	1327782	1507885	1507222	1502925	1399501	1488837	
0.5085	0.6006		98765	77607	85998	99281	67264	61107	75291	63731	64053	72375		1688414	1380184	1703148	1644696	1309930	1316940	1298313	1167334	1283604	1474754	
0.7573	0.2624		63265	52297	79503	67433	92481	79650	78287	85319	74015	64385		1267682	1191583	1350090	1496326	1583198	1327818	1390807	1361247	1327053	1402279	
0.9662	0.651		87639	60724	64016	72206	60867	90734	65478	101182	116046	90269		1038299	1196336	1164989	1169905	1167721	1309934	1028094	1248485	1762169	1415095	
0.0771	0.9639		68062	54307	53347	81806	73561	78993	75293	68101	67877	67051		1381514	1141300	1162965	1455555	1342179	1367947	1242362	1245661	1229342	1320652	
0.6925	0.3464		73902	81535	99564	64583	79516	69346	103110	77533	71438	60982		1498716	1699748	1499666	1290978	1379234	1336990	1657374	1379647	1233121	1308150	
0.8804	0.088		50305	60264	59847	96749	68376	82218	69432	78197	50440	78428		1147839	1121583	1144787	1282528	1155864	1279581	1159367	1642747	1188645	1317120	
0.5104	0.1065		62984	63716	57251	81427	82768	96343	72343	64160	72135	67096		1233440	1092422	1292426	1281484	1162593	1385511	1226722	1230907	1227939	1289481	
0.9152	0.1852		71560	63033	71548	54996	94599	74984	53280	67747	81668	89374		1180561	1142443	1063052	1287417	1398468	1383746	1087775	1167706	1226203	1288786	
0.9464	0.6649		111300	83457	103155	98583	95965	94214	85581	91945	87159	99062		1522351	1442146	1637185	1707142	1569106	1664758	1597469	1686027	1601324	1466328	
0.3172	0.5377		78723	57237	76425	67427	73258	64934	63935	93416	82138	92564		1128978	1122126	1236937	1273702	1420053	1236821	1728197	1610058	1475339	1357415	
0.6588	0.8135		63022	108804	104025	71906	91562	112223	107732	108350	84337	95599		1163100	1778511	1319661	1331851	1319353	1492941	1329598	1192165	1369713	1224748	
0.5163	0.9096		89789	56879	91195	89518	84343	98497	55718	96109	65064	102426		1309708	1447985	1217955	1301739	1211517	1474070	1231532	1434435	1545979	1477897	
0.4146	0.5893		67537	67917	59365	61771	61689	58155	91298	82587	64895	85179		1318889	1261481	1459446	1445820	1188153	1199333	1386219	1342039	1069136	1421911	
0.3862	0.8385		74303	82796	80466	89659	65349	53045	62532	76159	55478	89093		1196853	1437134	1347316	1614324	1172971	1086706	1301251	1242291	1354369	1385861	
0.2457	0.8887		60498	50523	59767	71967	65093	82792	102429	76986	58607	81688		1276978	1086658	1321150	1405461	1259300	1481599	1409848	1265653	1178942	1335052	
0.88	0.4755		86721	81361	93895	97465	59753	55975	68491	90552	63515	89701		1425230	1544429	1349405	1228586	1276894	1199436	1327021	1594652	1274573	1629529	
0.5305	0.6491		81941	61999	72463	74900	75922	68948	83222	91442	83797	84732		1349837	1465020	1172081	1252203	1289467	1471348	1196744	1322763	1261197	1533733	
0.071	0.9091		82251	59414	64828	71904	90465	68492	60722	46671	59424	66933		1429267	1311993	1242383	1551619	1372293	1314815	1313079	1071174	1139783	1490425	
0.4855	0.3077		51261	83256	80811	73435	71917	61440	63237	85819	95508	80242		1231741	1511336	1384489	1456207	1341954	1417953	1355488	1748701	1488170	1252442	
0.2601	0.324		61715	70275	64552	70337	66448	57769	76307	59723	37353	48929		1332666	1431778	1134014	1369379	1323497	1496621	1560186	1148019	906135	1134006	
0.2136	0.8002		64377	72627	67595	71784	68090	48003	65575	68651	66337	63650		1300385	1292080	1347235	1532662	1072152	1348276	1246900	1278908	1111383	1291216	
0.2635	0.2911		55512	55970	54180	70932	55268	62238	64578	62187	79894	45770		1362004	1316964	1111932	1203679	1404320	1385065	1340246	1336259	1210432	1192020	
0.1632	0.3958		69747	61922	53328	45581	52052	69894	65125	73341	52861	65562		1355585	1358585	1225485	1184995	1439176	1458554	1436489	1425018	1641258	1501646	
0.0578	0.8623		56355	54322	65884	66555	62384	75658	62756	65807	75658	81952		1307152	1230971	1412929	1210199	1145113	1256193	1264210	1433166	1284799	1588865	
0.8376	0.6793		73107	95123	98890	120828	73827	95810	76832	91575	73536	78495		1786854	1438272	1380573	1770577	1165665	1153467	1172863	1349082	1511021	1221192	
0.4776	0.2557		92084	62080	57694	65015	85110	51264	48937	64760	57682	64269		1243834	1263697	1306151	1348242	1489269	1488186	1240647	1400970	1371119	1378477	
0.789	0.5385		107311	97298	75012	58599	79956	80999	85608	64650	88293	75101		1259649	1281813	1046385	1102522	1299781	1308589	1357234	1370000	1439070	1720326	
0.999	0.2394		113904	94198	83775	68473	75271	71590	68096	67946	83365	85635		1503471	1447840	1501530	1091331	1337078	1287295	1144965	1242283	1471559	1470417	
0.8525	0.5468		59947	114141	98666	81267	77035	86785	87345	88554	71407	77187		1070707	1604724	1339341	1259379	1316490	1363265	1300553	1289734	1251252	1611334	
0.8393	0.4428		107860	56727	73600	83119	69206	80240	67578	67746	100614	64287		1680225	1315179	1404622	1446712	1382999	1272784	1563210	1370197	1291678	1242139	
0.2798	0.8561		58347	76742	70032	60082	59428	80754	60850	67305	81800	66219		1166771	1210799	1134355	1266452	1316456	1341683	1264577	1410334	1410562	1387639	
0.5409	0.9865		98472	95845	80091	69920	101906	91406	74108	58534	90160	94875		1421303	1454137	1352439	1220821	1434181	1321295	1140517	1387916	1468581	1359104	
0.6451	0.4378		63696	69619	52346	77096	106982	81545	94578	85165	83385	75556		1360896	1334866	1210577	1157322	1295458	1231564	1498558	1348826	1460049	1384682	
0.3378	0.1813		66520	61692	71019	49299	64190	47863	52977	70404	78955	60687		1231814	1205692	1171517	1032842	1158432	1064839	1173683	1178202	1154693	1258469	
0.1579	0.5205		56829	63767	53536	84677	80962	86414	72001	65376	60732	70849		1415046	1390281	1215264	1231695	1340509	1613838	1541304	1217739	1414412	1653037	
0.3245	0.5397		59360	66840	74450	86371	58441	89811	87780	90002	53026	72801		1320753	1225091	1341000	1330075	1238018	1336492	1356138	1628717	1327165	1344316	
0.9419	0.861		116924	100211	85056	109808	106587	120145	107734	61132	75511	119358		1452167	1443186	1256836	1551185	1580497	1524161	1479515	1243142	1272313	1580718	
0.7477	0.2602		79796	67393	92729	60137	79898	62436	75345	69392	60314	76632		1403304	1456973	1314145	1244481	1339053	1267110	1334672	1223746	1328198	1336634	
0.8092	0.617		68207	86595	61165	71861	88056	67972	67395	104330	65186	73219		1276004	1183464	1222386	1384356	1296136	1093548	1330859	1407058	1387494	1270904	
0.3366	0.9507		81138	65581	65970	71998	77563	94284	77290	61599	81644	63011		1219381	1279636	1338544	1256631	1411437	1551639	1182872	1098593	1451367	1307172	
0.1249	0.8477		75709	79504	58853	48730	74150	47233	58760	85245	80469	57986		1311408	1433227	1347389	1221463	1314762	1514875	1337726	1550141	1189896	1287564	
0.4133	0.6218		55738	109521	79337	78053	69068	57256	60550	89385	71450	74862		1589500	1553383	1772138	1575651	1332493	1379000	1333415	1363496	1223152	1327507	
0.1432	0.588		53298	54100	79648	55225	96200	64417	58726	78941	80452	80619		1218200	1468486	1495696	1245626	1351817	1493304	1479271	1355642	1372761	1342725	
0.541	0.7881		61556	93413	83343	67511	67191	67928	68602	75112	69447	103066		1411595	1489579	1387315	1204034	1329875	1324769	1258284	1134295	1641172	1619962	
0.93	0.0956		67465	68004	54280	69888	108721	97902	60482	66772	68001	74663		1423029	1304102	1573108	1358921	1370728	1175484	1321962	1186439	1572994	1180675	
0.7608	0.6807		60897	103717	108501	97589	86582	96452	87447	78487	75782	82798		1205462	1405462	1446936	1529305	1552484	1630002	1577977	1388885	1520960	1544222	
0.7371	0.9696		85317	93918	75001	97065	83450	80739	71226	85550	78672	82131		1252782	1222962	1493149	1541792	1555305	1276966	1373776	1291955	1199719	1306371	
0.9764	0.1972		81200	54068	56821	58467	73717	95537	66747	62643	88867	76237		1175463	1140862	1067811	1366334	1325469	1339647	1155924	1463476	1283896	1363242	
0.9781	0.6663		108326	127489	74754	78442	67756	85721	104024	72887	109712	91487		1360999	1458694	1374353	1160969	1347509	1349707	1504689	1536205	1416079	1195448	
0.6224	0.3517		63501	61351	69734	89080	67720	58962	60406	79081	91399	70584		1125204	1142817	1533526	1612562	1429699	1158268	1411034	1621236	1395375	1305843	
0.24	0.3597		62956	68773	45904	46352	85221	46959	55232	64250	56485	57254		1175155	1142890	1030959	1314682	1181797	1041817	1110779	1138313	1229853	1317397	
0.2014	0.5139		57010	73029	78062	63426	49633	56004	48930	64297	64189	54129		1600380	1158776	1363039	1382847	1126107	1260163	1315307	1454122	1667344	1182510	
0.226	0.5878		66108	56976	54757	45752	63113	58259	69947	60387	75597	74129		1192764	1162985	1010848	1059179	1382728	1260821	1239831	1266531	1474173	1488575	
0.3501	0.5499		57327	84581	73596	62528	61607	52887	58013	83565	83010	60463		1149353	1375743	1532182	1389105	1300613	1249830	1207546	1323022	1451364	1286260	
0.635	0.8325		79847	57980	118769	65237	90756	110679	59570	114292	70235	68301		1381673	1115472	1567294	1225727	1320979	1306737	1194137	1563765	1264770	1130790	
0.7841	0.7258		78685	81719	128255	110155	110720	70720	72338	99350	96116	123105		1433681	1357791	1592988	1514402	1339608	1350861	1164356	1259349	1311559	1319020	
0.451	0.1115		67193	66942	45480	59402	41291	44057	60844	81447	83913	72069		1230732	1180485	1356296	1123334	1034277	1467441	1305510	1297954	1290332	1505911	
0.488	0.094		98320	62039	63162	46376	55945	66116	60501	53597	58659	64960		1455003	1177730	1372152	1257252	1178973	1438283	1213099	1398876	1369607	1598475	
0.2635	0.9849		69248	73798	78131	74398	52302	90127	84063	56000	70974	61819		1295711	1481966	1480048	1261418	1186220	1632995	1295533	1136945	1502335	1334494	
0.5123	0.3183		62002	57275	68171	66321	63210	57541	62065	56622	58523	93078		1209526	1444058	1630899	1278283	1246750	1254252	1271902	1276425	1242445	1528259	
0.8191	0.9067		80306	98665	71292	93634	110956	88940	93369	77216	103450	95313		1464846	1433259	1367567	1500599	1589752	1379147	1432628	1447700	1319169	1285481	
0.9063	0.7459		73872	110516	88158	94153	65614	110678	114436	78525	78019	66738		1283327	1400428	1535928	1237170	1242208	1370856	1529078	1510642	1253209	1050480	
0.1475	0.0761		51849	56848	56723	51111	67462	60629	55719	54567	39886	47838		1431096	1317714	1431616	1227576	1259563	1271016	1429650	1156567	1172659	1291139	
0.2686	0.1016		58843	48659	50631	52413	59292	53398	67571	51366	65614	52400		1546141	1152974	1436660	1392717	1227605	1468994	1313312	1420283	1398792	1336372	
0.3635	0.7527		60798	88814	71401	80220	79809	61793	97623	82547	83691	53436		1221046	1566033	1334465	1608435	1302130	1280222	1477649	1442505	1346439	1116150	
0.5389	0.7707		86459	59586	94750	74969	82598	73649	80161	84662	73045	86208		1508454	1286831	1491768	1370788	1266885	1376268	1596434	1423746	1457015	1536125	
0.2873	0.3289		65215	45787	69015	63739	45992	56823	62480	63456	73324	46590		1231317	1118335	1439287	1296310	1376991	1292288	1285964	1350269	1530945	1607300	
0.8026	0.7075		89523	83133	73699	89837	70883	82004	77386	70597	77605	84869		1483728	1485668	1178140	1279937	1238458	1282419	1118348	1287905	1320576	1329099	
0.1562	0.0952		57817	59520	80398	40492	69298	68219	49407	40634	40438	56922		1329447	1577351	1403576	1059852	1324175	1165229	1227796	1079785	1277958	1483291	
0.5621	0.0888		50181	63247	55161	72117	63195	63519	53010	71877	45536	54409		1038567	1614025	1198442	1233951	1405811	1374314	1161463	1061644	1069479	1224296	
0.2986	0.1245		62520	52433	51896	51237	58444	64655	87775	49290	74843	80320		1337170	1157219	1450815	1334396	1372866	1495211	1501900	1228958	1499660	1347318	
0.2181	0.6686		82631	57430	58771	65707	49098	56799	46785	70025	95861	72658		1364690	1311938	1508711	1113243	1058973	1213766	1320032	1242832	1600413	1186822	
0.9365	0.0627		70858	93442	48771	59186	74793	68395	61325	71186	100548	62695		1558836	1718063	1348630	1280718	1294776	1444480	1366242	1442359	1690564	1353676	
0.3565	0.1213		65616	65477	52051	78377	53505	62173	42480	74137	52041	55762		1263952	1294264	1303790	1746087	1374582	1252327	1411792	1191842	1134208	1430311	
0.1873	0.6542		46050	67468	59440	53592	79399	79185	48798	54797	67025	82379		1178338	1319298	1432348	1430733	1206887	1398964	1028308	1252622	1471672	1563052	
0.1415	0.9127		74511	55934	90832	73306	62285	59738	60385	60889	55619	50910		1209021	1288131	1409405	1394011	1512574	1445404	1314215	1402997	1106858	1352621	
0.5248	0.4048		58309	60599	78978	62843	49100	63986	71649	75141	41693	53175		1222967	1551112	1670642	1204318	1194792	1293737	1327627	1223822	1038144	1135462	
0.3964	0.0501		66193	62847	60810	67511	38844	35831	67893	54220	45335	54030		1315477	1304863	1696487	1391052	851545	1511925	1326664	1065664	1246384	1354829	
0.482	0.4702		65347	51555	49386	61416	91210	57519	48261	60698	94530	48560		1170625	1011744	1227059	1290875	1461861	1270128	1288137	1431932	1346455	1215030	
0.9733	0.6918		64146	86273	71643	95767	133839	114000	73248	79195	89505	83877		1310767	1200669	1213274	1548960	1542969	1141346	1241832	1324692	1307882	1261919	
0.5979	0.551		63920	75370	86551	79343	71960	66584	73470	83181	81173	66477		1333193	1327623	1421005	1342625	1255274	1182931	1364215	1314858	1448158	1307639	
0.1511	0.4777		75383	79683	49066	70113	62231	39042	71400	46781	69335	67148		1108780	1329265	1356093	1352315	1313126	1203400	1178112	1240676	1234930	1283514	
0.9361	0.3496		85706	77820	97403	88167	85328	79520	74652	72669	86232	92869		1299355	1270565	1341626	1496734	1299741	1516433	1298851	1244214	1247201	1358174	
0.5179	0.1275		59504	54302	39475	89985	46186	67156	66454	64075	71250	55407		1275754	1158261	1450398	1334415	1240838	1390334	1359796	1638615	1416409	1387152	
0.7514	0.812		97389	97938	75382	69794	73193	97642	89674	95892	84297	104460		1310326	1422809	1301696	1210672	1298228	1519931	1199015	1333334	1339759	1503526	
0.8449	0.6115		75209	64157	59915	81415	94683	104805	87161	78040	76392	98231		1301566	1228924	1427574	1429277	1513540	1670067	1209159	1173486	1273326	1675486	
0.8244	0.282		53839	68911	65586	70689	79686	120337	76046	82089	68137	70206		1297493	1150499	1240916	1377450	1336802	1486478	1245232	1228785	1280540	1404397	
0.7075	0.2135		93919	59223	77832	58715	58275	65911	78197	52847	62314	63602		1196946	1081841	1169765	1180244	1230482	1213716	1146499	1087644	1028248	1216710	
0.882	0.0696		66782	53020	61107	62142	59743	74347	78901	86976	67788	73890		1344392	1250764	1207888	1503525	1246911	1497294	1200893	1311393	1157169	1205547	
0.8065	0.2102		52029	81155	80989	68721	70786	55214	65085	63453	81071	64055		1196003	1284506	1586040	1511558	1247556	1265724	1291965	1411796	1415638	1624943	
0.6404	0.5102		88228	76761	52961	53760	58385	68068	71939	69301	75665	73776		1465537	1386658	1178321	989945	1099813	1306299	1209909	1419124	1164607	1188123	
0.0522	0.9136		63728	57178	62602	60142	55562	64675	47671	90989	37262	77376		1366124	1472718	1338123	1175136	1400236	1125222	1020796	1303672	1174136	1476180	
0.2731	0.4489		73914	79872	50265	45956	52774	56524	65438	62660	58432	90966		1533275	1357125	969365	1136382	1329170	1360309	1368654	1334975	1399467	1384652	
0.3263	0.3807		100730	75777	63942	83320	62441	63944	66872	68282	93388	53485		1519106	1394067	1419877	1406567	1378987	1396145	1326477	1207396	1182432	1153762	
0.149	0.5869		47188	44866	56901	70671	50539	75261	66752	58061	66844	54051		1175172	1145667	1241974	1626855	1459235	1706640	1485590	1561884	1392892	1086849	
0.9213	0.4503		74575	79632	87923	96427	95494	110896	59535	81331	78854	106552		1505023	1679502	1255379	1440536	1337621	1177222	1186001	1369183	1437075	1546682	
0.6593	0.5137		72560	79557	80557	84310	77622	75506	64163	54522	81693	73402		1225434	1346369	1277651	1480365	1241741	1286204	1213615	1426605	1406975	1639800	
0.916	0.5593		77983	91463	77830	81361	63527	59369	79859	100231	71251	59975		1578114	1680059	1271584	1555994	1048822	1076510	1270586	1573293	1052698	1282197	
0.7554	0.7529		104207	64365	76123	69292	126371	70261	118786	69677	101797	80179		1202195	1098645	1132434	1579734	1550235	1232030	1435586	1247381	1291892	1449513	
0.6948	0.3553		59318	71836	79381	85267	86399	73038	68460	95083	81740	79272		1196454	1310281	1142143	1320306	1523883	1328686	1439823	1514086	1431936	1226800	
0.9697	0.5896		69325	93978	86317	83041	122977	112093	83269	70604	109854	74118		1352008	1433365	1374647	1624159	1532806	1253734	1358186	1283786	1518657	1205162	
0.4086	0.2196		85936	102881	89712	68581	63436	64913	55773	70587	65909	74403		1360600	1707618	1599169	1209002	1318305	1327879	1214932	1435629	1221090	1300333	
0.5338	0.4844		60651	82370	69012	82425	55106	88033	77695	66932	59058	65719		1252383	1328928	1146707	1623989	1175016	1611111	1443885	1239844	1289714	1269442	
0.8595	0.2302		70023	66204	80728	75382	66250	68229	61636	62497	63310	85471		1487393	1254175	1222061	1394482	1465241	1231761	1065521	1206791	1293572	1131367	
0.6433	0.5568		73480	57772	97735	73075	76415	79559	68526	82524	85521	83403		1666314	1206492	1496606	1354162	1305306	1529168	1536113	1591336	1481515	1750885	
0.8781	0.9309		95048	63345	78771	91501	107383	77109	77014	95089	84725	73546		1204845	1265299	1187056	1513619	1372385	1216577	1261924	1435199	1505884	1216401	
0.1186	0.9145		56321	78702	59839	56527	91888	64600	46581	67902	62770	81067		1322849	1231473	1600078	1153333	1129633	1126940	1170710	1315200	1154683	1291859	
0.8591	0.1504		70741	75479	50376	52430	69715	64466	86683	62408	68938	64420		1170189	1536260	1109690	1208729	1235482	1378038	1548434	1246528	1366509	1403810	
0.1863	0.1305		48638	53287	76743	52562	58225	53343	51773	59979	54851	60063		1269385	1390262	1369539	1062925	1233333	1280230	1245495	1201959	1337897	1402505	
0.2234	0.4227		47614	57164	62180	75600	46900	60368	43151	70676	85105	75190		1435979	1334538	1432932	1283058	1241496	1337809	1132586	1367823	1331975	1367361	
0.8827	0.2794		90519	87945	71320	70951	73178	91285	72628	79160	104122	65557		1659291	1249626	1206673	1167219	1302049	1241666	1272996	1350198	1273234	1349110	
0.3333	0.0558		59974	50643	43330	52354	57120	42405	72687	54539	56456	74840		1312138	1069383	1340296	1271079	1466843	1120006	1581299	1489253	1382380	1308436	
0.8465	0.1533		96249	73143	56179	55936	67181	54912	79333	74174	85975	68393		1552249	1178245	1191558	1045793	1510863	1162386	1439027	1292384	1554297	1434402	
0.4673	0.5905		55799	103095	60453	70860	52408	78285	64361	63544	53985	62974		1224051	1547484	1215735	1327670	1063492	1304443	1613579	1204055	1149408	1065321	
0.9001	0.1137		50687	69004	67096	50986	65178	50568	63214	83688	87100	75312		1081530	1328024	1383966	1187769	1372891	1273711	1652222	1353616	1535819	1245995	
0.3757	0.2808		60822	51624	59011	58493	59501	47049	63200	89128	83440	82302		1330491	1161077	1312033	1247935	1258677	1029602	1575812	1489224	1387437	1526291	
0.7208	0.5082		64801	81658	55339	76752	64661	74380	56490	86447	56497	56304		1335785	1147937	1113568	1254133	1282050	1122073	1292916	1351476	1147435	1363610	
0.5915	0.152		81188	51265	55212	68102	50414	47259	70278	49192	59250	63723		1334524	1143069	1157678	1306896	1057604	1209608	1143843	1171161	1126315	1109405	
0.673	0.5691		61441	60338	101207	87672	55240	78624	75013	82389	83466	79120		1496178	1390903	1784204	1599405	1563310	1480001	1447765	1350588	1381886	1431736	
0.7934	0.3376		106380	61824	69546	75386	76657	69177	101005	66172	66489	70968		1354826	1215930	1221000	1521489	1195010	1392117	1450102	1392249	1209324	1363774	
0.6794	0.1378		64884	61149	71597	49735	60701	57785	66447	50000	66808	97032		1200018	1579667	1310505	1327183	1199597	1306420	1214594	1157995	1241622	1380450	
0.6475	0.6997		83198	121102	59525	71872	79418	84066	61439	79567	69868	108194		1245467	1352511	1283985	1529472	1202729	1272128	1268523	1325668	1694773	1423124	
0.4477	0.9558		103897	87139	74187	59880	60514	66839	43783	59730	74540	83726		1286835	1232570	1340056	1141980	1055796	1245815	1208864	1253771	1319433	1358342	
0.4293	0.8782		78569	66749	62692	53463	62075	72622	103052	83416	87341	71780		1329456	1211350	1110224	1065207	1135567	1377030	1452125	1469006	1291571	1285602	
0.1525	0.116		68937	34134	31625	63174	52546	52229	63120	73951	63943	69597		1064778	798678	1042136	1457652	1281408	1193509	1136818	1290280	1434444	1374723	
0.5325	0.7732		74057	71119	80583	76281	105014	67351	69898	62029	115737	58411		1283983	1232865	1290276	1429321	1274872	1203707	1187181	1229413	1667962	1120384	
0.8988	0.7589		83404	73029	64601	96910	98446	77140	84389	78810	91844	76030		1243176	1118174	1117953	1458104	1209112	1262876	1302364	1375394	1422094	1237553	
0.098	0.2375		51946	84675	66208	49630	46202	64949	50926	48441	41135	49549		1224756	1303215	1263303	1137229	1252499	1400683	1175788	1050626	1180009	1374154	
0.1456	0.9124		61561	68043	87364	66720	57753	68473	69597	57503	77015	76560		1334041	1334225	1443160	1333018	1451286	1337098	1135835	1096071	1307715	1460569	
0.6286	0.4966		101062	67686	65890	71064	74268	79082	87073	64340	61336	68393		1658025	1208301	1153273	1446911	1219277	1419491	1269041	1104101	1403851	1198798	
0.236	0.6491		56487	73713	61212	73136	83037	77475	48465	74380	64242	63152		1272763	1283239	1123716	1151689	1352477	1490409	1227285	1336992	1259317	1543200	
0.1926	0.8027		88825	65286	64500	60126	77232	82800	59716	75133	63908	95350		1229162	1357334	1384288	1341454	1413719	1488199	1440675	1610906	1380175	1395227	
0.3159	0.3339		65321	67974	37828	94380	88203	68261	63300	57164	84664	72896		1320327	1326651	1186171	1672844	1654618	1821741	1655523	1136265	1304260	1352169	
0.2552	0.1508		62058	68255	50161	66718	54746	72079	70585	74999	56936	74730		1437349	1180965	1262898	1390312	1318825	1457128	1556737	1541368	1311830	1319448	
0.6433	0.6267		66644	106648	95071	69895	92378	76131	74082	77499	102304	65904		1399479	1655648	1349644	1549465	1575688	1221292	1213752	1301896	1253899	1372271	
0.9746	0.2889		67482	58690	69126	78857	71010	79851	95807	64896	61602	75120		1080958	1067052	1288638	1171815	1326422	1253686	1169951	1053044	1220749	1346256	
0.9162	0.2567		103979	81682	66724	75829	68981	45776	84165	73661	95103	53813		1849981	1587008	1535058	1472532	1498784	1235435	1660346	1539343	1325895	1103127	
0.3035	0.9632		71626	68164	78179	67296	71347	62330	64400	77481	73888	53201		1446752	1190958	1426085	1403480	1209382	1242362	1285019	1557845	1510269	1061176	
0.1903	0.2459		57233	53779	47455	63358	53552	45153	68201	79254	44589	83145		1045005	1266289	1107325	1258152	1323444	1278461	1199815	1206970	1396329	1412428	
0.5699	0.5681		79481	59137	85445	99117	95447	65920	69763	87178	61480	110673		1478633	1297428	1481937	1455792	1568853	1592638	1295754	1247926	1385114	1849741	
0.8402	0.8004		103205	90942	91820	75236	106521	84160	71479	62822	69485	96070		1398222	1581651	1414853	1241699	1568546	1301175	1123290	1138002	1503489	1204653	
0.17	0.3507		50515	51595	69846	63504	54685	76707	72371	42561	59128	55918		1241974	1223995	1261715	1281797	1378464	1602900	1167047	1098755	1477636	1287160	
0.7722	0.9343		64903	97060	89766	98350	115175	73035	91488	102279	113262	73448		1527018	1293582	1476965	1425222	1329781	1421796	1484085	1600882	1486779	1227564	
0.8873	0.5188		110251	101004	76240	95598	123276	75857	88670	78325	102619	68276		1593098	1361882	1469984	1499552	1294633	1374373	1498058	1475650	1426962	1235165	
0.7778	0.1374		77238	57305	76596	79226	91658	70343	87213	95942	62794	82401		1297594	1260822	1278486	1315091	1400723	1559552	1637691	1597871	1358802	1420438	
0.7238	0.6044		67537	70214	88193	86871	96413	84280	97188	76414	100123	72157		1145583	1247352	1439525	1639447	1504337	1511131	1370075	1361740	1358749	1347145	
0.1945	0.8489		91025	65075	82646	70638	65682	74061	75359	57661	77554	59086		1182743	1298053	1633991	1608538	1202523	1480925	1225864	1213838	1152619	1223890	
0.8464	0.7311		74004	128771	88425	75690	84643	77856	67033	77652	71704	61131		1281433	1574883	1671735	1343122	1389234	1257533	1341545	1200603	1100437	1053857	
0.7122	0.9776		103546	104878	72788	94943	81760	80903	76319	74662	92222	90265		1296291	1230923	1253296	1601856	1469995	1463271	1371392	1417511	1175876	1178871	
0.4515	0.4172		50004	79755	49313	73988	57643	63762	80332	87457	59926	70295		1046758	1451778	1160921	1225149	1236342	1270432	1319173	1196070	1351892	1606051	
0.7697	0.2532		51282	83020	61917	59657	72630	80121	63347	68141	66302	81477		1229446	1498300	1541736	1437371	1526191	1281798	1315358	1397412	1477509	1598182	
0.1336	0.3958		65770	44187	52407	42876	50884	43842	55103	59674	43372	44224		1242935	1033000	1266257	1037045	1282040	1176618	1376243	1248286	1107213	1191569	
0.32	0.424		45898	64842	67262	50794	54152	56210	58721	66058	68439	68512		1125159	1327785	1144705	1037222	1174715	1218769	1272013	1361500	1380260	1262436	
0.272	0.4627		81720	58628	55674	89545	83158	68408	47277	52894	60104	79748		1258029	1328562	1263182	1407901	1621049	1329967	1058837	1472913	1500571	1358029	
0.7684	0.855		86324	85107	70382	69904	53924	107750	85477	80741	81126	108032		1461606	1205228	1167829	1148719	1307467	1626424	1366166	1466873	1419923	1473439	
0.736	0.437		60872	60851	60904	74022	80734	52505	74509	99460	87482	55139		1130528	1355472	1148331	1264886	1325776	1337714	1415157	1739287	1216615	1225239	
0.8268	0.6707		61422	85372	99341	91342	76325	111216	90337	77935	65323	70616		1029574	1282626	1286763	1612528	1157174	1372654	1316140	1396483	1266908	1237946	
0.1051	0.632		47620	62863	57041	54403	59380	58120	80604	69773	47502	45882		1205382	1297400	1214096	1291016	1180527	1146313	1389192	1282760	1301555	1352505	
0.5389	0.971		74957	71643	97468	75498	77307	72884	55970	82624	100330	89666		1369830	1337511	1391066	1479141	1245443	1135916	1103563	1304197	1417305	1455524	
0.4652	0.1374		71388	63853	44082	49602	72878	69514	51996	65381	56620	54980		1301680	1084168	1307743	1436467	1329525	1286050	1368350	1507156	1264047	1291657	
0.4059	0.119		48270	66912	45442	53364	61056	57797	63067	78549	54227	60047		1199372	1224597	1276464	1419133	1508274	1313916	1158019	1334801	1100373	1199773	
0.2354	0.9018		76300	89958	86760	76035	62773	82129	75481	88319	76397	74369		1491571	1430130	1402234	1510820	1373422	1537686	1599742	1544756	1593755	1505648	
