14	15	
0.5903	0.8415		52813	59069	61078	80323	92389	81231	66033	81442	63264	68794		1177353	1489559	1267012	1442488	1942051	1679686	1501786	1856773	1457238	1425379	
0.8127	0.9263		70319	90585	71972	89360	77987	91539	135931	62840	86473	99199		1523650	1761591	1921163	2109518	1653137	1360194	1511975	1088679	1338128	1527442	
0.3269	0.4683		45632	50832	41887	44880	40726	62360	64570	47637	43528	68617		1310168	1278292	1263475	1075197	1060037	1843390	1591905	1261141	1047925	1310140	
0.2099	0.1748		39566	36500	46066	43193	57784	43571	47524	58264	44557	56514		1596145	1204868	1338400	1373239	1969608	1360998	1353959	1543277	1454844	1616988	
0.5684	0.5529		53868	55146	74665	63848	66461	73541	73404	55005	67945	84439		1243161	1479583	1602402	1407914	1236985	1670711	1653894	1212919	1508089	1694909	
0.9931	0.1462		56633	52029	61563	57304	74585	58956	52707	62235	76862	69797		1062408	1049808	1364446	1360146	1480231	1262888	1244655	1309656	1562093	1528587	
0.0778	0.7105		68910	50671	42411	57380	45064	56857	41018	48854	56141	60309		1608229	1511790	1185925	1373479	1176087	1415764	1254025	1395085	1274904	1532960	
0.7653	0.1329		54356	72234	58116	60564	77288	57056	72516	69890	51640	47885		1253326	1353466	1351232	1337194	1594129	1387675	1798852	1675672	1256236	1275361	
0.9175	0.1626		65000	65900	49361	59245	60826	66665	66855	86258	63171	74199		1288947	1357046	1487700	1377862	1258502	1249290	1299902	1392368	1250476	1467093	
0.3852	0.9063		73065	57209	54646	61959	67192	69629	50810	53716	55185	77311		1413332	1237351	1184874	1359880	1254685	1564785	1236729	1107489	1222351	1320495	
0.9355	0.923		67912	80192	69865	90991	70862	73564	68125	105747	76379	76452		1143438	1311835	1443174	1281778	1298048	1299185	1438778	1606183	1376403	1375859	
0.8175	0.9676		60979	75430	68007	86619	69578	73025	85464	73210	99220	72382		1082991	1435150	1276768	1279376	1309609	1305337	1186832	1327508	1515203	1355051	
0.3369	0.3588		61843	53276	47934	71478	48381	39226	47139	48887	40261	49098		1498572	1478554	1417593	1546965	1375206	1029879	1141408	1375411	1171426	1374105	
0.6743	0.4832		65963	59215	50358	62747	58356	64109	50300	60328	59182	80530		1498480	1357743	1290692	1403369	1253590	1260583	1151872	1351245	1523390	1494991	
0.7512	0.4538		55476	59838	55647	57307	63962	72898	54730	60592	68257	77320		1282990	1316255	1211973	1225086	1397098	1354222	1268918	1389663	1569813	1588218	
0.8839	0.1503		69033	80126	52175	60989	63442	54729	65237	61534	79360	70734		1283427	1252610	1053371	1206907	1364829	1281099	1315175	1327967	1585171	1361618	
0.2172	0.738		63031	75218	62791	47985	51952	74755	42883	44601	44984	49501		1468768	1526070	1648014	1338010	1410422	1445345	1150260	1198182	1305604	1526850	
0.1137	0.4723		41299	39480	40062	45203	34987	45477	43326	39849	36039	39766		1144294	1232792	1157409	1170813	1184797	1350111	1197548	1207055	1052461	1272262	
0.6051	0.2444		52283	43124	72060	62619	67039	47608	44182	44642	43928	44135		1335480	1215557	1320100	1404478	1403900	1185302	1134072	1032562	1090637	1016745	
0.9273	0.1891		56146	60851	55275	56070	65872	60136	70047	68654	76376	53486		1343681	1283250	1390907	1209348	1331610	1335074	1542963	1293417	1737198	1266918	
0.6464	0.6879		53514	79105	62464	62482	73626	63018	66554	57884	73541	59640		1119155	1340164	1426025	1248207	1167340	1119862	1282695	1150003	1370814	1153805	
0.1355	0.37		49029	44123	63715	52095	55660	50920	56831	47933	39986	56901		1300962	1174582	1306207	1329319	1519282	1248813	1595166	1275262	1212918	1682892	
0.4283	0.2349		51765	40481	54384	62519	52973	61919	54737	63437	48714	63544		1283891	1095281	1368938	1386379	1279255	1575898	1402152	1206532	1344085	1471497	
0.5035	0.3757		62325	57684	68372	67745	49074	49645	47526	45546	44711	58525		1549014	1487250	1558352	1509984	1305041	1331397	1288551	1322500	1166253	1454352	
0.1587	0.0965		37227	53040	53730	41391	44420	62507	41395	40230	36868	38263		1358426	1601527	1455866	1196750	1489321	1317248	1291293	1167139	1281013	1261608	
0.1041	0.4991		35703	56609	39756	36356	45228	55759	43081	36821	47429	40348		1153814	1630466	1248213	1188610	1331203	1609553	1422640	1213469	1334534	1561542	
0.0801	0.5304		39480	52365	62617	42760	43532	39967	35798	46586	46292	53418		1204116	1372837	1341668	1319289	1347341	1182749	1014056	1164147	1339714	1458768	
0.9523	0.3979		61264	55896	74060	84369	59629	63177	55127	64500	82768	82590		1247734	1045212	1138124	1634462	1300258	1188767	1183023	1357574	1685203	1582322	
0.635	0.4785		58694	54760	69807	62036	47876	71642	69342	52817	62931	49351		1223040	1381571	1395093	1497756	1229356	1681374	1660922	1348110	1282641	1207373	
0.8452	0.8752		97145	85594	70023	63966	60185	61706	79883	69024	79007	67742		1390544	1474518	1333061	1278139	1092947	1088485	1368764	1201157	1363108	1330343	
0.7155	0.6025		62201	52191	69456	54411	63560	57642	56406	62245	76237	60056		1274467	1113288	1474928	1172152	1248092	1147474	1204123	1299002	1364461	1190704	
0.0795	0.7989		45779	44631	41082	43559	43746	52816	46170	63702	41041	61106		1196798	1192183	1214793	1239636	1198204	1382116	1231169	1629270	1144261	1278850	
0.5515	0.3762		45447	67349	58957	45879	44452	67962	63532	59503	48992	53565		1157841	1343521	1601635	1061411	1112394	1681338	1556602	1309851	1346620	1292432	
0.6454	0.4108		52986	55989	71002	77786	70638	53257	55041	54864	73836	56833		1349498	1333908	1630174	1662914	1451150	1359277	1407891	1452283	1294442	1249633	
0.3823	0.8034		73551	52838	54428	67904	67472	67575	54508	68527	52342	74493		1400869	1261791	1348987	1514387	1568410	1492430	1299634	1431657	1437878	1545967	
0.5839	0.907		78635	54321	85862	67566	61558	78972	54962	59829	61427	62268		1521687	1344943	1701558	1554743	1400234	1651068	1459493	1282766	1291166	1278921	
0.5197	0.541		51934	56458	61772	63169	56820	50873	62015	47169	71867	68652		1124768	1355838	1504167	1278024	1307664	1205947	1330317	1159569	1542908	1366433	
0.8841	0.5819		91967	59015	64595	68402	74967	61570	83167	63243	61185	68394		1447874	1145940	1281432	1358305	1255356	1242150	1514381	1297404	1152944	1254029	
0.3392	0.8755		53126	56437	53284	51316	51301	65644	70287	70267	48833	46828		1226582	1365723	1291609	1278748	1352383	1467056	1693995	1821321	1588994	1230534	
0.2559	0.5347		48912	38600	50422	58726	45770	47640	47432	47459	58796	42346		1393912	1044485	1589804	1492739	1229814	1204049	1333675	1531160	1393682	1200400	
0.8699	0.9757		85953	81164	73974	69943	85225	92013	62783	90806	71557	87752		1482395	1481159	1312601	1397046	1426495	1564680	1314419	1416905	1315103	1336744	
0.9721	0.1101		77076	50135	53197	70234	54325	65272	60677	80216	60900	55432		1427242	1173940	1499062	1479469	1120171	1221181	1303474	1409797	1301991	1137106	
0.4044	0.1115		44715	61168	57735	43476	66829	60676	53291	46185	63639	52402		1099476	1642263	1448235	1246813	1275546	1263277	1374738	1190225	1403346	1366329	
0.9214	0.3932		54066	61893	69072	68218	63246	48099	74795	74583	82999	81874		1220252	1326209	1205401	1288083	1297479	1287542	1545330	1311467	1699649	1248524	
0.3376	0.3478		69636	57325	69001	49136	51297	46222	62666	48978	48282	45127		1832172	1529886	1342438	1418568	1666012	1385619	1700188	1466538	1424214	1239635	
0.7397	0.5726		73051	73887	56296	61676	67708	78201	52254	53956	75255	52998		1439399	1115425	1091492	1525418	1410447	1582480	957567	1065182	1316225	1059433	
0.1604	0.8324		63393	49174	65846	56696	64039	62014	61580	56445	61319	60626		1429406	1499140	1731712	1422077	1444754	1501656	1426098	1444138	1431225	1511490	
0.9315	0.4618		68415	68108	64032	67792	57853	81685	85765	82815	57571	66270		1304671	1403149	1196419	1253036	1308740	1683995	1530829	1389316	1443922	1356999	
0.4319	0.7452		52109	69504	69585	59903	66351	56003	65212	55298	69273	85151		1258972	1518887	1490114	1274642	1270973	1244856	1536943	1147749	1386500	1651235	
0.1064	0.3409		46707	38616	41646	52703	48077	41461	53715	58465	38187	44835		1295178	1168836	1532646	1404545	1367737	1411110	1629024	1317442	1238618	1285810	
0.5503	0.4616		77301	71082	54327	72052	57659	50375	48527	48309	72394	70600		1427322	1481557	1380054	1754075	1620963	1375482	1078337	1076915	1522884	1481407	
0.8913	0.4452		83115	80184	81536	80002	67659	60834	58737	53109	78821	76807		1657318	1573796	1542035	1404281	1159737	1067000	1203345	1084943	1352824	1486319	
0.2355	0.0745		38209	36203	51313	39273	39642	45009	46770	36812	37287	56127		1296514	1300061	1290330	1139853	1113119	1395117	1370658	1170199	1186335	1278267	
0.9681	0.4939		79731	62416	73062	80455	61283	73791	66838	69836	74354	64972		1271231	1179668	1319987	1267162	1238778	1335824	1306074	1134392	1302951	1181508	
0.7861	0.9944		80382	68760	97433	76147	87632	80896	68317	87752	117472	71034		1302156	1317244	1456176	1395016	1576133	1114431	1261653	1282164	1413736	1153568	
0.7734	0.605		63517	67314	76775	60052	78010	65782	63496	60269	69614	61028		1319718	1280501	1624006	1259945	1487933	1219238	1250293	1102058	1175806	1290602	
0.8826	0.7988		83344	90241	78147	71997	68250	72184	66594	78814	69934	78210		1309145	1457823	1321966	1515789	1314147	1431414	1357108	1686707	1308373	1341752	
0.0627	0.7162		37124	52286	41459	41346	65458	47814	47884	55045	55839	40668		1171021	1339845	1154266	1175416	1495681	1365138	1514065	1542588	1427767	1176618	
0.1892	0.5101		45550	54218	40710	45331	51075	44248	49785	41889	46162	49027		1351656	1291979	1143614	1193578	1313037	1362717	1334885	1376201	1383551	1548398	
0.0683	0.7285		45417	56392	50975	44828	42203	55182	43562	69672	46568	60898		1512446	1304307	1653750	1338305	1205087	1244098	1359735	1511175	1259864	1441653	
0.1804	0.9484		58158	47752	44913	79050	50053	53491	44183	47809	44284	43547		1342372	1154514	1210934	1332681	1279296	1353930	1052573	1171004	1163363	1068575	
0.0988	0.599		43341	40316	54502	39750	40936	55687	39462	43215	44946	43310		1319778	1260393	1467509	1158086	1105245	1347307	1186627	1156842	1209084	1104147	
0.3985	0.3031		60943	61006	55092	38810	54787	44982	58235	72814	60967	44383		1477216	1418195	1148203	1222476	1381768	1197944	1517159	1469415	1404633	1261727	
0.8928	0.3103		62540	73594	80374	73069	58048	76911	81536	76160	78538	83866		1155411	1363042	1525159	1472815	1255407	1655179	1522512	1271131	1489660	1447910	
0.8858	0.7276		71595	69970	68651	59164	78680	88757	79602	59836	60119	87536		1333358	1398269	1159923	1209824	1384357	1611977	1387220	1156334	1243086	1568743	
0.7739	0.8136		58480	60434	69006	71315	93550	61987	54546	80885	89067	66044		1084356	1240394	1244059	1341001	1315194	1005923	1041903	1353344	1385049	1198116	
0.507	0.3734		60658	43133	52655	63450	55880	48681	67066	67406	68203	66601		1402303	1076152	1283552	1493727	1386367	1376311	1376628	1421530	1812620	1584815	
0.347	0.4027		63266	60672	47948	46431	63405	63118	59536	54318	63320	53856		1502955	1304247	1318869	1357720	1537374	1491923	1306962	1273299	1478353	1322061	
0.9859	0.5604		70591	62907	57835	71965	67934	58713	64581	63417	64646	78258		1529731	1410521	1228276	1301773	1281567	1267072	1344294	1243199	1082476	1401199	
0.3972	0.7063		54073	73522	68380	68346	52426	48214	45761	71345	50387	55769		1545854	1493968	1654578	1700937	1145856	1282058	1187762	1381913	1245430	1498367	
0.2098	0.9585		65900	65929	52353	64832	67239	57656	65979	48042	53861	72169		1697626	1287814	1429453	1582609	1330016	1637463	1266372	1135450	1310783	1605809	
0.9369	0.6408		78890	74653	67185	87117	75646	90408	69447	76518	85986	87139		1493272	1276523	1081414	1222434	1636854	1430709	1339784	1287968	1593164	1364782	
0.4448	0.2487		50355	53136	75295	78031	64407	60184	62590	41191	39947	64481		1253712	1255506	1222524	1652117	1736603	1732599	1545728	1077561	1228476	1558085	
0.6901	0.3277		49898	51306	59248	62288	61598	69268	52594	65757	52388	58486		1107676	1307565	1410919	1322599	1659612	1415445	1281262	1310892	1201683	1066155	
0.8645	0.4898		62665	61298	60654	68300	63155	72510	58908	64250	54729	65931		1281167	1231471	1121933	997906	1226097	1302312	1255233	1256787	1169921	1227533	
0.9945	0.8066		68815	68487	88284	71599	98396	72757	89498	71316	89819	80748		1217205	1173808	1354493	1248618	1364704	1339830	1296685	1232181	1186379	1271134	
0.1323	0.3013		37971	38717	38644	36329	34894	51979	53725	37812	41360	34581		1177439	1149956	1144352	1264089	1202265	1217681	1467293	1265526	1303930	1127114	
0.8838	0.2494		66977	54078	77965	72034	77719	80196	62473	77593	55733	67149		1322391	1131366	1483229	1594936	1407371	1486977	1531352	1607961	1334333	1666754	
0.8484	0.3847		65864	56213	73923	78620	57123	56615	52699	78372	62285	58136		1428338	1242055	1201886	1678825	1271807	1168557	1164396	1549671	1242574	1189247	
0.7727	0.8919		63071	59018	74019	67075	87312	71752	71682	90158	59777	66226		1124656	1075135	1243688	1388518	1100504	1289004	1601546	1594135	1063156	1264308	
0.2672	0.9439		49381	57139	45521	67134	53621	61709	46619	45376	53495	50006		1111568	1412105	1403350	1624241	1290265	1348211	1215631	1127702	1300822	1226294	
0.1302	0.9105		51371	56494	65150	45790	46352	50106	64589	48622	50820	46332		1144577	1309174	1458280	1294475	1174016	1292609	1633650	1308128	1320876	1212130	
0.4337	0.2114		51071	59692	48434	71298	43450	66233	59443	44890	43726	48426		1491525	1563848	1254042	1433944	1433997	1559155	1368524	1158464	1098018	1255345	
0.0909	0.8466		52613	46414	61217	69651	46901	56615	64644	38474	50845	41749		1587862	1378952	1547663	1347259	1288147	1294533	1545688	1056879	1393650	1237905	
0.7493	0.7651		91758	81546	85391	74455	60540	81493	76315	83141	79693	61133		1779974	1581527	1663802	1295151	1198281	1449044	1504272	1726122	1495674	1153862	
0.0899	0.9527		51938	45850	39413	43826	53303	44165	42652	42251	46801	60674		1198755	1333671	1180162	1364493	1273972	1208809	1174178	1108357	1287725	1434441	
0.0967	0.6505		50179	40802	54928	40078	42043	51409	41733	48305	43130	53486		1141179	1171007	1477694	1059855	1283439	1178033	1215726	1375561	1221341	1398885	
0.8801	0.3272		56814	76986	71502	59992	51676	71632	76197	52326	50576	65100		1143371	1533848	1317107	1288066	1212764	1488379	1442416	1041083	1134042	1395164	
0.7847	0.6805		64251	55369	73148	65221	82364	65886	76200	66595	61537	81729		1257965	1140107	1533268	1294083	1633557	1428094	1489454	1425927	1654743	1675989	
0.6572	0.1877		50612	59622	51756	66231	71716	50422	71494	57994	52864	65596		1284824	1171475	1243928	1397800	1289803	1168972	1488161	1302246	1379983	1320684	
0.9663	0.877		89824	91737	75747	84018	79450	93643	70699	72154	87578	92115		1511649	1583319	1292581	1379788	1673297	1401379	1350571	1272149	1405989	1535763	
0.7428	0.5501		61050	55475	71307	51891	56581	55866	65473	61530	57625	81596		1344197	1217098	1329191	1089199	1443341	1260625	1388185	1237024	1349516	1534291	
0.9577	0.1435		72740	72583	78269	67576	77835	80628	78290	57943	50245	64198		1425501	1516972	1698304	1307659	1550804	1409940	1503781	1226631	1066336	1386257	
0.3872	0.7585		72576	59343	50493	51291	49902	65157	55607	60714	65893	50106		1486418	1327084	1280613	1166020	1201337	1508394	1233023	1306137	1685357	1235755	
0.2192	0.9242		64577	46699	43613	49054	53551	46394	58930	64519	53178	44318		1653869	1404840	1191531	1238904	1246951	1057743	1373715	1343820	1252572	1142135	
0.2405	0.512		59284	48455	50034	41970	37965	65915	49552	37871	57095	42958		1185016	1142749	1215928	1118511	1143816	1389353	1248555	1205620	1399374	1197054	
0.3605	0.6359		63948	49229	63354	49950	46278	63987	50768	69256	59507	53561		1376197	1253707	1370102	1096911	1196165	1474650	1141676	1360183	1300539	1292304	
0.8446	0.7088		80187	87881	62676	77533	79702	75971	82400	64728	74948	63918		1308512	1382724	1124235	1234967	1374696	1335793	1463894	1296487	1259020	1253280	
0.3672	0.8184		46899	51704	54180	55198	59972	67119	53628	66678	59374	69767		1191647	1429871	1267520	1388102	1326786	1469004	1255670	1297828	1271999	1378069	
0.8923	0.6594		74758	70286	85047	74036	78224	62256	79366	63423	74240	81355		1393419	1500928	1564748	1811141	1327250	1240575	1341373	1371628	1545854	1786749	
0.4822	0.6103		46442	53265	54198	69561	57945	56101	58205	47293	46264	66163		1094961	1184223	1348811	1414698	1415365	1284104	1346573	1032840	1278416	1507664	
0.4201	0.4332		66320	60468	48493	41726	56648	50435	51311	52124	64783	60841		1528303	1343642	1053553	1061075	1440959	1509112	1579849	1318233	1288099	1576791	
0.9562	0.6839		73384	71072	62708	60415	70913	71615	67306	71575	76535	86472		1735545	1372454	1133190	1012885	1286232	1364887	1198162	1125002	1333201	1369604	
0.9768	0.7358		85753	72464	69055	91001	86999	75825	62573	63226	91412	67507		1456698	1289396	1194521	1480486	1725527	1545109	1186202	1070158	1403251	1222139	
0.9854	0.4639		63057	56682	79535	61487	77538	62291	82906	82709	84644	75274		1271545	1110234	1512733	1310324	1356880	1591728	1517572	1579379	1623002	1264563	
0.7542	0.1562		75561	63654	56022	70149	51385	52899	72600	78372	60818	72062		1456018	1362249	1308095	1586013	1351492	1348042	1447454	1617749	1413947	1446277	
0.372	0.2307		51386	50515	61304	61139	58708	58899	52582	44665	60288	58675		1354174	1564969	1503793	1744815	1547706	1392034	1360079	1204596	1300800	1406149	
0.5249	0.4002		54750	69361	69786	54237	51043	50411	54915	60939	61223	55634		1289821	1651314	1466545	1404895	1341190	1358768	1360626	1577747	1562098	1440988	
0.4187	0.5314		54302	45784	53060	45712	68252	60489	44837	58067	60549	68026		1213104	1114731	1289434	1150790	1416637	1325366	1249526	1443879	1465202	1486000	
0.5969	0.0552		47008	64974	52892	50173	71204	55907	50460	46477	53529	51029		1316150	1276565	1537837	1308776	1579083	1457300	1297616	1335330	1328779	1436101	
0.5126	0.1215		70642	51031	50546	39843	49825	54820	61919	70533	56496	43397		1263505	1383853	1222319	1156569	1254401	1288123	1418389	1290706	1342483	1219958	
0.5816	0.5742		69458	60377	76946	78302	72619	59015	53113	77962	68293	55189		1547334	1290790	1290750	1452861	1557486	1354978	1299669	1465109	1398123	1607761	
0.2059	0.095		42074	51573	58918	56927	42560	61383	34439	47167	41618	37505		1351122	1409920	1254945	1564367	1302020	1228560	1165303	1455131	1241155	1147526	
0.1569	0.2659		50504	60779	53293	44729	54622	41033	41889	40289	42950	40330		1466232	1372364	1385208	1298887	1764570	1337985	1246918	1202644	1364272	1412414	
0.889	0.4836		61694	60243	79679	54494	78433	68076	78292	73144	69485	83121		1232281	1136090	1202731	1138400	1322597	1361035	1220078	1407585	1565186	1227289	
0.3342	0.2988		43914	48741	54432	43992	48179	42105	46392	45205	54217	52512		1278778	1089170	1327937	1253747	1250738	1397733	1294526	1164980	1220719	1307665	
0.1649	0.0886		34678	39733	35122	32528	42034	52311	52389	37213	54142	54645		1334282	1328317	1286052	1125948	1498394	1721923	1378576	1280406	1336155	1586428	
0.1391	0.2138		41053	51344	45746	37129	52530	45517	38561	42033	50731	39471		1230996	1282662	1349310	1221420	1500915	1343517	1305558	1361142	1455888	1301002	
0.5125	0.1727		51571	52121	50296	60968	63388	48489	58207	44637	60362	69787		1346232	1364863	1396016	1697466	1501295	1288137	1043237	1186923	1447975	1699344	
0.76	0.6409		80991	65233	67035	76611	82844	63903	54297	54249	48366	58393		1675331	1488507	1220420	1296450	1532625	1402848	1081565	1085186	1038146	1263680	
0.9665	0.4127		79973	62363	79685	60375	83427	100931	86664	59399	61971	59037		1362994	1574698	1498788	1138512	1471053	1563861	1728408	1419490	1304598	1267530	
0.86	0.4172		74141	77653	78194	62733	52589	57020	82290	79445	59053	75351		1401988	1517265	1455488	1254480	983844	1355656	1197518	1394774	1282851	1281782	
0.4691	0.3812		67691	55387	46864	47045	72015	57120	46879	46085	45994	48114		1633713	1407888	1351775	1269498	1450264	1282508	1241392	1186534	1185841	1309112	
0.0505	0.6432		37897	38796	36875	40265	48085	63868	55317	35078	51680	42039		1057209	1109235	1101543	1186411	1232589	1348184	1613663	1225233	1259512	1373949	
0.0916	0.7809		52679	56490	60433	49011	41419	59636	52887	53927	54048	42926		1490486	1287641	1331746	1220836	1196552	1595507	1497310	1403539	1629679	1443824	
0.5403	0.3199		53319	69989	44210	58331	64718	67954	67164	68811	44355	66864		1273204	1385864	1036555	1396850	1586499	1576354	1667661	1517875	1238125	1621061	
0.1905	0.7965		63853	49953	53747	53688	54322	54171	50266	47897	55705	47366		1680172	1388738	1366992	1406563	1417322	1441462	1510034	1377661	1329527	1334462	
0.6184	0.3008		53826	47798	52312	54306	52056	49702	61531	65509	58155	44584		1345975	1264007	1381200	1430747	1329854	1240386	1362199	1322489	1284196	1184471	
0.6747	0.4978		49338	60934	74292	59499	64911	73067	60235	61555	67987	66061		1073880	1325559	1438233	1335243	1283038	1544615	1231143	1239417	1338686	1470351	
0.5804	0.3097		69224	56210	52864	70873	59261	70903	69028	59649	61996	67430		1374331	1324262	1434909	1781236	1430682	1754025	1596256	1129707	1436938	1693222	
0.9751	0.6629		66365	88953	70645	70475	82686	63305	88784	83060	64578	85401		1504010	1749988	1374095	1482930	1615132	1383090	1481917	1404343	1348891	1412844	
0.0596	0.9457		45675	69171	51965	58123	66765	41521	49932	44789	46253	46659		1323224	1387586	1515432	1362501	1279939	1140135	1359166	1095879	1251439	1223987	
0.1965	0.2389		35491	41064	46452	41111	46395	48469	54283	43721	40067	49332		1038548	1499039	1453299	1165451	1331824	1436137	1386024	1257115	1259654	1362307	
0.5711	0.2605		51338	54797	68969	61550	42788	48514	51541	56279	65854	54381		1255252	1137492	1514422	1181530	963948	1174996	1299234	1289601	1539345	1203890	
0.8016	0.5373		76936	83318	59748	53078	61169	62882	55900	52987	76349	68483		1571989	1417019	1248993	1321558	1153332	1362293	1146510	1125929	1273064	1342589	
0.612	0.2049		54016	52667	68768	65484	51691	66202	46472	51318	46367	56841		1260241	1363219	1657865	1467419	1344456	1180045	1073806	1192227	1085993	1329694	
0.9932	0.5903		83133	69966	75944	69395	69195	64073	60482	66735	58877	81029		1486189	1221929	1302351	1323646	1215007	1217087	1226204	1122671	1154123	1291470	
0.1834	0.8974		55334	45789	55380	53243	61236	46208	49241	57365	48125	51039		1342378	1216996	1246556	1343256	1147752	1259883	1212409	1230021	1025248	1282792	
0.5858	0.6676		67917	53635	76166	68789	69866	58300	53770	88301	86046	59668		1212079	1020732	1261088	1236547	1265496	1270238	981852	1268564	1487683	1286959	
0.7871	0.8333		75668	83026	78260	67628	69505	66357	73894	64100	99028	68955		1361910	1329076	1298291	1436666	1468991	1261715	1334465	1242877	1284696	1324473	
0.5916	0.111		67497	59943	63220	61626	59352	52838	68916	50902	49284	64256		1516235	1650197	1555639	1541724	1282725	1301265	1407569	1272253	1440464	1520625	
0.5529	0.7729		84599	58561	63620	74232	81566	55360	70460	62966	58175	73598		1451064	1190697	1389339	1384054	1310654	1250695	1293285	1323829	1257160	1562118	
0.1197	0.6092		53416	40712	49877	61755	51037	55190	38222	57696	51590	46227		1323485	1202946	1458416	1523948	1383467	1338785	1078497	1728129	1310434	1286401	
0.4577	0.2924		52418	57961	67350	46979	43930	60220	63160	67760	44340	52428		1171286	1276670	1204489	1275337	1082429	1232163	1364639	1316233	1022548	1333993	
0.6379	0.9251		66714	59184	82020	55960	66208	78808	71857	61672	82083	79557		1460838	1101366	1386601	1132510	1287180	1361703	1363678	1342776	1669799	1279703	
0.4629	0.4553		43317	43041	57218	67597	56023	79552	69377	73088	65387	43200		1019173	1220724	1237301	1516348	1289578	1441132	1635429	1703496	1195514	1078729	
0.9789	0.5208		59552	85697	67335	57106	67996	60846	66585	72811	74318	70433		1183926	1757413	1321541	1017019	1293050	1243890	1371738	1538700	1277270	1310863	
0.4185	0.3814		58832	47017	50683	55514	50177	55344	48543	63448	58724	60411		1244402	1325168	1263105	1397592	1282108	1297236	1271794	1619777	1330767	1494785	
0.4368	0.071		45815	42376	45714	44632	59001	46249	43106	43707	46534	67560		1178879	1020514	1208656	1200767	1268804	1206034	1337682	1318935	1181997	1243896	
0.6277	0.887		70693	62903	69641	70181	78385	65603	67926	61746	75959	72865		1456185	1283518	1386276	1443969	1453141	1353064	1530662	1541063	1451379	1445476	
0.9005	0.7005		63338	75898	68286	71184	84444	81402	59049	94755	83680	57870		1220034	1465564	1322167	1282567	1465957	1293639	1296768	1508185	1430306	1185109	
0.4679	0.2948		64216	67933	45640	64431	63085	61665	64483	55989	64680	44805		1326923	1486844	1144841	1510147	1503906	1496387	1554435	1370090	1703453	1201190	
0.5407	0.2008		56422	70585	47692	44806	45810	48176	51467	42281	49730	51144		1313042	1706340	1420025	1276583	1221937	1311849	1332111	1195329	1245483	1577029	
0.1883	0.6934		48056	44524	40183	59107	47187	44326	50398	47733	45836	50463		1242980	1305660	1182219	1535463	1454470	1506378	1253122	1447884	1388150	1759561	
0.6945	0.9055		77423	72694	67186	63003	76889	63116	78704	83815	93148	72323		1522789	1032779	1299026	1396684	1432592	1259441	1413474	1456228	1403548	1521700	
0.4873	0.1726		59528	71697	62538	44165	64846	41968	65514	58977	55785	40931		1279697	1471387	1343674	1188987	1228727	1228063	1426520	1470839	1575081	1049474	
0.074	0.5772		43557	55013	37906	55583	55974	59824	56461	51771	41559	55741		1400219	1563473	1203039	1467160	1478050	1255909	1270215	1344030	1278198	1445537	
0.8798	0.4917		69744	77758	58284	72052	68583	66846	83052	68262	59271	81104		1371167	1427126	1227027	1568363	1368437	1277237	1566311	1450506	1358084	1560924	
0.8873	0.5858		64760	59961	81272	77591	80685	65645	81414	83042	63333	80553		1191513	1291797	1604535	1455633	1545025	1374742	1418943	1706156	1413141	1636660	
0.3092	0.7955		49442	66325	65323	65826	50112	64559	60069	67469	53384	61436		1393258	1491736	1727258	1596395	1299088	1469315	1176084	1341761	1253591	1353782	
0.5703	0.6768		83993	50421	57743	55443	82305	76670	65850	65971	59709	52110		1433111	1064065	1316690	1153505	1470079	1382207	1298911	1315017	1412597	1133733	
0.1049	0.9233		51138	61359	52601	57951	57637	57748	50336	51169	45224	59224		1584439	1442026	1353144	1282810	1473801	1525181	1346948	1432961	1294708	1576619	
0.1149	0.9789		46429	43417	56096	45030	51298	52080	67010	43567	60517	54887		1207779	1098151	1255069	1287442	1466283	1479746	1367498	1223774	1519372	1308291	
0.574	0.858		78425	67353	62247	58898	59723	51059	65314	78190	57375	68599		1432994	1540496	1238503	1176776	1068338	1090872	1291627	1424775	1295355	1589216	
0.4415	0.4077		65063	52033	73237	57331	50562	64729	66423	62520	47474	41185		1300028	1358330	1378296	1401284	1391127	1233551	1485114	1358507	1186778	1378370	
0.7136	0.3092		66534	68207	62968	80522	49586	66905	52284	52083	64728	55575		1252765	1597020	1322118	1306489	1426893	1489726	1370628	1284079	1474317	1381778	
0.7457	0.2559		66767	50823	72702	56472	50766	53904	44352	55496	50807	50549		1291452	1406397	1577336	1301138	1200736	1300008	1032465	1268224	1272096	1310225	
0.5258	0.1857		50565	60864	50044	65655	54178	47005	64835	40976	45227	46323		1369838	1540990	1234669	1566036	1335565	1531299	1592576	984384	1123053	1261168	
0.4908	0.6523		59622	51562	61446	73225	47563	63856	71108	61824	49741	56234		1357811	1238574	1359308	1491301	1165520	1482451	1690008	1294580	1240285	1396928	
0.6115	0.1412		78623	60726	42343	64485	46073	48112	62091	69545	62733	49829		1537027	1318109	1142776	1421684	1212322	1155937	1227866	1330902	1288692	1264370	
0.5292	0.7682		55337	83486	53787	56977	55882	47986	49542	61790	61039	62559		1216132	1395462	1183476	1168398	1193257	1093961	1097065	1309282	1379503	1556129	
0.9766	0.7425		83921	89530	70503	70841	88065	86891	68855	60791	65790	82540		1338087	1670674	1499599	1320125	1285042	1568774	1254886	1137870	1143831	1173097	
0.6138	0.5006		62306	61071	54475	53233	71898	57251	71917	51795	68300	50762		1401648	1235608	1185260	1260601	1449931	1326315	1404016	1193859	1230723	1180328	
0.9292	0.6784		76139	87207	86940	90399	70275	67272	83208	75743	87103	66938		1393708	1378250	1736430	1744204	1359932	1297707	1528830	1751620	1533736	1315106	
0.843	0.0824		72116	68835	61615	74995	47416	47850	47772	40409	50754	56850		1602603	1501221	1319057	1240415	1094574	1097684	985420	1137951	1263167	1251933	
0.8923	0.0934		69361	64012	56484	80471	52669	47911	57041	58181	78908	73514		1678359	1368660	1340184	1317339	1075679	1055574	1328574	1429797	1364522	1600231	
0.4202	0.3587		72063	54307	59854	52383	66034	65047	64474	59373	51384	49936		1232983	1209962	1417812	1399576	1623179	1370803	1302285	1433314	1267607	1154832	
0.5288	0.5655		49835	54785	50782	49667	61572	55670	54782	71631	50964	54809		1171088	1205385	1131237	1273692	1447898	1226114	1368664	1514078	1186431	1384337	
0.9543	0.5623		80144	67322	68697	68652	84851	84881	83753	82714	73877	82651		1323097	1206540	1247816	1321670	1414518	1491916	1640218	1653781	1311863	1453465	
0.0955	0.2601		41041	41416	57013	40081	42238	36180	33209	49744	36414	41109		1278403	1347927	1537070	1325230	1332348	1214416	1129493	1461842	1163900	1330853	
0.8362	0.9213		89095	66395	81110	78971	80760	62231	74660	90329	78340	73038		1573957	1237895	1392628	1330448	1498646	1210107	1295220	1462738	1468440	1390299	
0.7037	0.9477		74380	84156	68759	72451	75136	77827	67911	73031	72379	59537		1524400	1739201	1322766	1290853	1265203	1273229	1283688	1368053	1268583	1186141	
0.7135	0.8022		75814	78024	60302	74149	68225	62175	80051	79728	85615	62336		1261449	1342434	1166897	1428349	1320063	1199572	1658114	1638431	1453562	1153080	
0.0573	0.7137		40790	39971	36319	43286	42587	52979	47530	51197	56488	44682		1199613	1034398	1140124	1265862	1221449	1437819	1232494	1448766	1220044	1193697	
0.4371	0.3022		52250	68402	46960	45526	49247	59584	51261	55059	42128	45710		1266197	1420401	1286358	1299823	1224491	1176172	1242011	1183253	1351864	1230935	
0.895	0.4999		67433	66491	81762	73713	78663	55846	77754	71813	68268	91253		1521378	1472797	1604044	1459100	1325045	1117757	1683521	1241960	1250030	1511821	
0.9212	0.862		68593	68706	72555	63173	83682	86264	90044	96352	66741	72420		1228184	1244834	1260993	1065959	1249887	1393447	1701989	1313295	1467062	1343082	
0.9648	0.5209		75927	65058	65006	94288	80456	90433	81844	70748	71562	85134		1339319	1277887	1279551	1365665	1623833	1428000	1436798	1449854	1251074	1468849	
0.4423	0.9256		57472	50728	81019	69640	61898	62354	62990	56789	67211	54406		1265600	1275170	1549680	1561335	1418771	1574017	1338445	1247299	1357899	1324513	
0.8404	0.0998		53238	51998	51024	70832	58379	46389	56087	50886	46211	49386		1195929	1220486	1221597	1493914	1229345	1163321	1538597	1382084	1221822	1222567	
0.2651	0.1926		54790	41320	43814	39687	44007	45679	51521	41266	38212	42883		1550927	1100590	1179046	1259811	1378938	1233951	1274186	1221545	1084151	1144645	
0.2572	0.3029		33847	48933	45360	41121	57111	37553	36528	51099	52445	41529		875825	1214291	1308836	1200984	1209847	1071736	1069143	1277951	1579274	1203401	
0.7527	0.7807		65012	79809	66197	71689	75623	61122	78186	59653	80288	83417		1525718	1518995	1263031	1183344	1612164	1134035	1461629	1217307	1589957	1302478	
0.901	0.2864		58479	50337	60325	77699	78820	65151	77096	59578	59103	59417		1290392	1167810	1304921	1692500	1341139	1213710	1416877	1210087	1356581	1158916	
0.5996	0.5854		56313	50713	69510	77425	78802	56017	69152	68493	71399	49679		1134356	1131273	1362646	1370720	1758613	1347866	1353187	1527473	1518254	1269688	
0.6761	0.1448		55063	63966	55422	58469	51255	64848	46566	71604	59956	54845		1441241	1455725	1396165	1232584	1348426	1419031	1149291	1695890	1615088	1296813	
0.0845	0.9441		58563	42584	43816	46028	58880	43528	43317	46109	51182	39060		1354518	1262566	1195405	1284137	1387987	1358564	1252176	1277416	1532277	1057750	
0.5545	0.8774		76977	62140	75258	57611	75695	63478	63053	65702	68479	76207		1448854	1332360	1291263	1362433	1243733	1271608	1283940	1303690	1345158	1627215	
0.958	0.1693		57146	64179	58222	64011	52679	61104	85513	61212	81099	71567		1198496	1308354	1333968	1212367	1189985	1346281	1733978	1208996	1550899	1417582	
0.4271	0.8536		82734	69501	67169	77076	53942	69659	52668	52335	60283	65915		1423024	1483086	1209332	1604190	1257731	1618075	1243115	1052563	1213537	1257837	
0.6401	0.3132		69160	54548	60181	60273	47145	47403	52366	67234	63386	62977		1356765	1408056	1376178	1290416	1475870	1367978	1296331	1363974	1473750	1410054	
0.7231	0.2625		51047	61576	48460	60630	46946	62996	61766	72095	52668	69842		1320703	1538402	1365070	1296284	1126217	1345923	1410058	1435074	1376189	1442155	
0.7398	0.7216		95645	59710	78578	62946	61272	53168	62044	61041	67525	82079		1455951	1475139	1340362	1444744	1286495	1110101	1341223	1253662	1770723	1690313	
0.1084	0.259		39124	34985	51062	39447	53782	37184	56573	39726	46066	45371		1498775	1067998	1472238	1260105	1695093	1359865	1429422	1488865	1451129	1418671	
0.6291	0.2676		69328	61845	52534	51825	61246	56163	52308	56009	56584	67136		1618517	1364024	1314757	1306394	1408541	1429587	1257246	1335642	1263659	1309594	
0.1182	0.4853		62668	41455	42529	53915	45266	40539	48241	57223	39578	45002		1411961	1632729	1389734	1570031	1242961	1144179	1532055	1579366	1226409	1354948	
0.2199	0.9916		63886	50169	75352	55012	72021	58902	52637	54536	46654	52573		1198751	1368332	1523849	1344756	1514135	1519884	1346760	1199133	1259545	1287360	
0.2029	0.9123		50752	42830	38401	55454	60027	57105	48743	51465	47084	65944		1243983	947010	827009	1390862	1524947	1471870	1261966	1360996	1303276	1396992	
0.9987	0.8437		64167	102549	71260	75567	74960	79162	64023	63008	106886	78183		1144653	1385906	1315565	1244010	1290126	1334299	1005485	1015527	1569006	1317377	
0.8547	0.1493		58470	89414	74990	80169	67325	64440	58957	69101	68198	69403		1216957	1584294	1572819	1642555	1395731	1394256	1541145	1446983	1496163	1635103	
0.9382	0.5113		84222	66566	91614	71652	55231	70521	84693	63442	83300	60134		1421876	1379853	1449272	1335821	1138595	1367520	1227922	1360381	1223051	1090240	
0.7136	0.6197		71988	52539	59978	73852	77970	75941	76354	57998	67052	65762		1277097	1217287	1214091	1280397	1482534	1724171	1650724	1615520	1354354	1435263	
0.3677	0.1672		51198	41586	56917	52006	57108	60301	43707	43220	51294	48366		1509212	1193205	1219328	1439558	1478748	1316273	1315803	1358121	1301993	1425374	
0.812	0.8404		61105	69114	66788	74381	88113	77525	60154	70317	70473	83025		1313360	1231615	1311407	1302430	1530765	1450385	1165351	1320057	1407373	1423916	
0.4721	0.8985		51562	64568	51777	52925	70707	56908	60875	74470	66300	54968		1050390	1334277	1077656	986413	1289520	1405449	1419139	1357426	1621165	1266492	
0.2223	0.3476		58980	48357	40094	68311	47671	41731	39897	53393	58562	50022		1473730	1431264	1526412	1615672	1290728	1333019	1307422	1478831	1482107	1443862	
0.5812	0.6435		56500	55977	62046	85932	52059	52100	58204	49892	54300	54687		1260466	1184737	1218264	1477858	1144127	1183395	1232463	1253132	1193788	1159672	
0.766	0.897		76043	86001	85216	69133	74494	83974	72980	64955	66899	75197		1266756	1406511	1421587	1281087	1486940	1553694	1338335	1204554	1165362	1419332	
0.5165	0.7967		64929	61402	84053	69262	54990	74106	73214	56595	73047	54291		1510597	1324138	1517787	1380658	1444000	1261168	1453908	1317382	1582193	1332970	
0.9019	0.9189		72588	78421	84180	63833	75378	63935	72262	91571	88134	67205		1517865	1173803	1288771	1169794	1254031	1182977	1380900	1445965	1438094	1294945	
0.9934	0.9065		70029	87914	81893	68902	100311	79249	95376	83386	76578	75501		1153918	1234275	1425064	1336827	1647272	1296073	1581064	1414279	1250722	1322720	
0.1395	0.8981		49452	40872	50503	41213	40365	48978	49733	51171	48731	43855		1297251	1063729	1096930	1162497	1077162	1268217	1280545	1287137	1337917	1134159	
0.5774	0.111		47159	46369	45216	66338	56728	52065	52791	64028	63258	45767		1283179	1195658	1171647	1479153	1266314	1260015	1433202	1362614	1419716	1195961	
0.8563	0.8272		85394	83417	89696	65394	72527	84142	84730	74568	84960	67502		1603021	1350608	1425652	1368043	1326044	1443907	1627934	1441764	1328613	1477177	
0.2154	0.8118		47259	48925	53264	50977	45441	56178	62807	69483	50295	68040		1116995	1253710	1273824	1427417	1372183	1305188	1486475	1520739	1466193	1363026	
0.8062	0.5729		90458	78414	80548	59278	70079	70519	82217	67157	65418	80125		1418874	1588465	1440104	1319581	1314096	1336122	1653635	1269714	1431608	1464165	
0.1923	0.5156		54185	42714	42158	47505	60549	46522	48165	44933	42093	55916		1293959	1207970	1251601	1255689	1439655	1279944	1399200	1153228	1023816	1347509	
0.8158	0.9237		86085	79162	69989	59495	67842	76203	77309	70408	85591	69301		1382780	1601401	1241716	1130799	1261615	1249869	1223335	1241554	1324233	1195939	
0.1958	0.6367		49013	43692	39158	42283	38596	44488	39297	44119	47938	61819		1168482	1096014	1043632	1097301	1051324	1238688	1037800	1168551	1123605	1436062	
0.3997	0.2424		52704	47928	57783	42979	62116	50662	48110	39148	51152	48344		1292545	1296402	1371104	1225210	1669371	1314065	1205358	1124560	1308091	1511470	
0.8599	0.8422		66147	77136	84688	64973	76079	84721	88631	80653	89097	97577		1180854	1552226	1558910	1193366	1307632	1300681	1407895	1246217	1433434	1468972	
0.3137	0.4327		49610	38936	46640	44684	44513	61085	40322	44028	59683	44315		1294606	976559	1230948	1270750	1170701	1351738	1229723	1509474	1668696	1348153	
0.1269	0.6086		55151	56224	40174	65416	40170	50544	47407	46541	39537	43783		1277856	1447153	1236690	1570295	1252646	1183259	1449098	1509858	1199074	1577488	
0.6912	0.5968		71444	62302	51021	61297	63623	66361	60886	56852	61129	85863		1309170	1203510	1019382	1263366	1236261	1192892	1455439	1258251	1425031	1541095	
0.4559	0.2901		47377	45430	66429	55708	46979	62141	46914	45531	46311	52509		1320487	1080981	1733236	1429931	1213035	1215851	1189076	1173744	1246974	1271595	
0.877	0.2208		54793	76096	54436	84929	83109	55121	49128	60494	54727	60329		1227368	1427685	1365170	1640580	1513456	1183704	1123561	1302452	1240451	1292293	
0.1311	0.474		42834	56290	45550	38181	42752	40797	54495	37863	49581	38395		1277084	1501368	1256325	1150292	1274425	1342887	1609498	1240883	1205761	1137910	
0.5439	0.7443		54664	61950	73658	74606	64370	71074	58439	59674	76902	60829		1375072	1509867	1554950	1593338	1470981	1489640	1321485	1374628	1792460	1283521	
0.107	0.4827		34712	38895	53849	49962	40151	40646	52894	52734	34136	50893		1183116	1246490	1252307	1360920	1273804	1199138	1343228	1548043	1144455	1505967	
0.4299	0.2465		44975	49789	44966	47731	48962	63374	48855	48870	45826	42050		1168819	1206873	1213630	1158840	1414513	1455684	1327327	1381259	1274637	1240249	
0.7636	0.7214		70302	78555	77054	59518	70050	65507	60691	88106	57030	80022		1330881	1542731	1396267	1118585	1308259	1134399	1212463	1288786	1296291	1332436	
0.1908	0.9393		65193	66104	47318	44630	96437	51541	66967	54882	56338	51335		1210349	1560738	1221464	1230728	1319115	1451516	1382167	1262321	1336396	1300653	
0.2187	0.1054		42179	46612	46258	54399	38542	54736	38676	40160	34723	46494		1327922	1345214	1443444	1460475	1190551	1419813	1332919	1228035	1061159	1367155	
0.0999	0.7669		60150	56872	55098	50095	58476	49361	47007	42832	59617	49605		1467988	1478810	1521983	1428906	1563373	1655566	1456383	1245150	1504519	1401974	
0.3777	0.1638		49812	59019	46826	43076	47891	41434	41490	48772	58664	37399		1272289	1366920	1209978	1120097	1171617	1156082	1028300	1222500	1303069	939259	
0.5502	0.7114		50044	77767	58961	76861	68063	68302	55301	67728	55881	76994		1200816	1510750	1354521	1382250	1340352	1298068	1175464	1452700	1459078	1575154	
0.4207	0.2614		62521	52164	49729	60656	53588	49306	57917	61725	60665	57530		1365210	1250883	1294435	1454952	1429546	1237658	1206078	1517105	1537745	1312813	
0.9121	0.6835		83642	89052	58202	56669	59667	75572	78452	88963	84708	68096		1370675	1446677	981907	932202	941377	1189958	1273008	1108433	1467774	1177328	
0.9027	0.1455		76518	68091	57754	68229	59605	50095	81342	83431	78046	65441		1217696	1305670	1226249	1324656	1276215	1258360	1434119	1454817	1483467	1400132	
0.267	0.0746		43556	53092	41831	54734	41597	33664	33961	57107	38798	53195		1259664	1479738	1359404	1371492	1285011	1070201	1027679	1542707	1166276	1482745	
0.829	0.1584		57446	73065	68856	74434	74014	65446	77677	54519	63719	56488		1359175	1360527	1380952	1313898	1438496	1405512	1326602	988589	1274241	1324784	
0.3894	0.6451		52673	48010	49193	62984	66117	69164	57712	64723	46378	60918		1196783	1238704	1321091	1336869	1576085	1638686	1232484	1510093	1129088	1343010	
0.8474	0.0524		55955	72212	71746	56792	48072	55635	73790	93555	50843	47005		1373323	1447745	1552110	1352476	1052613	1283408	1555806	1238431	1044653	1183303	
0.8448	0.232		53422	53159	49532	58152	62148	75340	53645	50164	48723	53245		1250333	1201055	1214123	1263858	1305623	1507957	1193503	1039202	1055272	1207799	
0.6722	0.5539		63269	62730	50065	67088	54384	56269	75358	60402	68491	70257		1757487	1481033	1111831	1401764	1244345	1286362	1629623	1342712	1415470	1620328	
0.4283	0.3517		65711	61565	49701	69455	63040	74564	48345	45770	49358	42107		1580878	1295465	1258404	1585556	1465889	1199730	1160964	1173555	1256716	1110852	
0.4944	0.5313		53606	64395	59139	51541	61630	58259	49613	84667	69956	54501		1153704	1282050	1318764	1205533	1360234	1227850	1195320	1452807	1560396	1512330	
0.2343	0.8373		46778	47576	50252	65031	50600	55793	51470	51825	45333	49274		1101889	1207209	1185709	1274228	1300533	1352439	1321888	1255627	1163271	1155125	
0.634	0.1189		63270	76682	83413	73493	53648	64780	67603	57172	51598	68269		1444351	1448041	1579283	1522140	1230229	1490905	1629449	1313637	1285922	1216380	
0.5167	0.9421		55528	60107	71344	58574	61619	59260	67868	56735	55730	66581		1153811	1337660	1341219	1250001	1248913	1335210	1454708	1098084	1096431	1443280	
0.1724	0.2173		40090	55259	34465	38138	35140	39351	51753	46916	53495	54884		1338440	1601098	1063054	1136929	1218691	1243432	1506269	1375706	1600781	1456339	
0.0841	0.4028		44763	37629	50955	41294	59341	40536	50081	41707	55863	41736		1323258	1117280	1148324	1309011	1278328	1387478	1463042	1244832	1415844	1299408	
0.7934	0.2427		53064	76485	52880	71980	65648	61925	61776	57061	53430	52418		1240702	1551533	1138644	1286435	1486961	1424936	1325626	1232770	1194082	1174762	
0.3645	0.6269		75794	64078	50311	65651	64242	58644	63553	57673	46966	56333		1238457	1393960	1313974	1571538	1536697	1248253	1529913	1234591	1343266	1302348	
0.5799	0.322		43229	52702	62470	70312	49700	52477	49788	49930	49883	44128		1183154	1298537	1276630	1407804	1303791	1255351	1334328	1248911	1121874	979737	
0.2408	0.4188		42736	50733	60441	47094	42412	56484	43348	60195	45702	43337		1219254	1415726	1495792	1182712	1206125	1071699	1256194	1509898	1398522	1192036	
0.7552	0.4938		65252	61956	85224	79201	62667	77975	52120	58377	56080	69427		1265017	1339431	1420239	1445265	1470665	1373869	1112021	1306738	1300417	1281719	
0.5258	0.9116		57854	74537	72356	57867	56116	63939	59888	62013	57759	63736		1458708	1443032	1294749	1130419	1214364	1273046	1216792	1192483	1140618	1459611	
0.4115	0.4388		51724	46538	44846	47476	58731	62250	70249	58888	51171	51900		1425795	1337601	1286168	1339254	1369854	1453064	1574114	1445332	1401557	1342198	
0.8904	0.4656		78391	54898	57495	72951	79159	57369	80647	79466	68093	67347		1467431	1173324	1320980	1400829	1578011	1339711	1772844	1615154	1353399	1553101	
0.762	0.9007		63925	93433	82711	83880	60658	69296	67857	85984	68153	76066		1287962	1455003	1516885	1638889	1383126	1404037	1451420	1423551	1352709	1399039	
0.4324	0.0564		51869	70278	44098	47020	52225	42175	42094	59547	61868	42967		1380758	1351482	1214801	1438599	1367228	1325394	1568904	1771078	1449371	1256351	
0.6	0.7189		69002	59202	52942	79197	86096	60288	70239	65709	83675	56649		1158164	1285421	1316089	1557156	1431021	1592933	1320323	1475449	1542172	1183353	
0.7875	0.8772		65207	63494	69246	76454	64504	64613	82548	63587	84059	67196		1250039	1354088	1392229	1394409	1308282	1325653	1575688	1278433	1389247	1293678	
0.084	0.3377		41867	42633	34124	41299	53858	32355	40660	54016	42348	42116		1334274	1345966	1227049	1292284	1447318	1419827	1567998	1594114	1394798	1531678	
0.9983	0.9333		85958	78334	83909	94274	88322	72103	71081	77020	93785	105732		1440961	1394565	1459883	1663251	1522707	1398627	1444865	1354886	1592151	1615787	
0.101	0.8138		44884	46226	46372	43197	51226	59578	69434	40044	43888	47875		1185251	1291116	1270629	1223377	1402307	1279186	1387904	1140168	1334928	1299593	
0.9672	0.644		81974	88045	87045	82890	64506	83236	65238	78249	64214	60129		1506284	1517132	1680344	1369438	1183206	1321041	1165305	1274030	1165304	1078309	
0.1084	0.3293		34200	37999	60207	41116	47027	39313	41364	41530	37394	33806		986275	1004708	1129856	1135729	1275126	1292980	1238407	1232684	1112200	1010727	
0.2316	0.2716		56135	45440	50769	57639	47824	62082	42807	47136	39877	44412		1352857	1326313	1448761	1604516	1315594	1240438	1522363	1349302	1205885	1274019	
0.1512	0.1214		34621	51705	56722	34126	34515	37141	42452	54044	52383	36334		1189980	1648295	1470297	1209291	1064132	1210807	1295384	1448383	1353711	1088952	
0.4072	0.0876		42915	53946	60318	61340	47793	39369	44108	63535	54288	65531		1199417	1337444	1211071	1657204	1257861	1094447	1299148	1411731	1246780	1283834	
0.9931	0.2818		86711	68945	78513	56777	62082	57362	57678	62038	59995	78844		1399747	1339330	1362777	1138831	1290861	1272756	1400541	1291956	1169425	1486770	
0.1659	0.8212		49523	49005	67225	63602	42475	81060	45418	48339	45154	57377		1367212	1170072	1347555	1394406	1177524	1710612	1300896	1245585	1224939	1366993	
0.1296	0.5168		37544	35294	36257	35143	66118	45485	54910	43508	39185	41905		992782	977189	1018696	999127	1411438	1371972	1731495	1370949	1136167	1185144	
0.7172	0.317		57605	48410	74334	70570	52920	58321	62763	70918	51951	74556		1292158	1267191	1558064	1286143	1202659	1271758	1243634	1280655	1420003	1388523	
0.2214	0.9315		50296	56422	50536	48832	43609	65244	47246	65929	43989	62096		1295706	1374728	1404041	1335928	1184949	1646079	1247281	1607298	1233757	1481440	
0.4169	0.9853		78642	69285	71699	70238	68289	54769	64302	48942	57844	69026		1453010	1428967	1487384	1581715	1614188	1187111	1071891	1221049	1437957	1402831	
0.2424	0.9236		47608	57201	52927	49209	47007	65414	57357	57442	57249	49595		1127163	1260330	1331694	1170188	1240509	1490793	1272732	1275907	1269390	1186428	
0.8849	0.7243		66408	67166	81908	58543	80383	93111	59897	66535	84484	72712		1226087	1252069	1248961	1163458	1418281	1524277	1114964	1232555	1425469	1275973	
0.2416	0.622		42972	45144	45624	46604	62570	66420	46234	60004	54646	56927		1151442	1206851	1188898	1210138	1337451	1380990	1272926	1506756	1485776	1613323	
0.3131	0.928		57529	60524	55912	46483	49869	52158	58672	51244	51487	49133		1326783	1380722	1589892	1176406	1142221	1208695	1415203	1225712	1197154	1223200	
0.1534	0.8488		46886	49126	49853	46772	60457	54231	55036	60260	63295	46095		1214469	1335530	1424335	1301235	1522539	1343560	1521756	1420876	1664777	1267823	
0.7535	0.2504		52573	54233	51811	46911	62373	63063	52605	77024	67020	65559		1114731	1251048	1216312	1282328	1270609	1251192	1163440	1396135	1431522	1417645	
0.2293	0.6424		52158	55808	62995	51960	61473	46225	45492	46292	65547	48206		1481045	1304434	1410913	1307047	1526378	1283825	1516264	1266192	1331871	1373015	
0.4025	0.3426		45724	45517	49038	50680	50992	58178	59788	46974	68415	54563		1191934	1285512	1310429	1426929	1357134	1506524	1420143	1437762	1390039	1289538	
0.4	0.2278		40840	40166	48139	62200	60138	48215	60072	51719	59937	64048		1036496	1022745	1266317	1502143	1590423	1467674	1398257	1329884	1575762	1162632	
0.1797	0.8682		43846	42601	49446	64034	50163	60293	42990	51672	55528	53910		1081395	1136947	1220092	1439131	1298186	1409164	1131930	1336482	1337469	1354352	
0.3113	0.8716		48919	71180	53946	62960	67689	48857	61263	72199	58396	57320		1248653	1340974	1363952	1488097	1440827	1271730	1503753	1499021	1365252	1353514	
0.6664	0.2464		73107	54859	65250	72955	61111	54879	63386	66237	63235	55557		1437971	1390798	1304678	1633584	1516113	1317533	1345098	1445999	1329197	1502818	
0.1771	0.4424		40356	40292	42804	39967	39890	41971	43733	42422	41159	50227		1137587	1204865	1293886	1212956	1067122	1141867	1107212	1446361	1202848	1209898	
0.5737	0.2544		69899	80239	67106	65109	52492	48581	58586	60362	49396	46079		1615190	1564938	1472249	1447637	1286311	1223372	1226794	1397830	1236585	1193628	
0.2277	0.8372		61512	45243	42392	49764	51946	48427	54271	50350	46775	46421		1298511	1091952	1099193	1262583	1274675	1330308	1413209	1183565	1230633	1349933	
0.5113	0.5439		47529	54903	63427	58679	61189	52376	52495	55025	56949	56675		1108145	1310155	1540776	1423569	1369739	1296887	1648795	1472966	1519641	1452020	
0.5251	0.0543		63391	45929	47642	49401	65603	59407	54795	64450	48152	54771		1511376	1231863	1204403	1377230	1431035	1388595	1383904	1573601	1227692	1383893	
0.5919	0.8906		79241	61320	64557	55342	61573	69645	79185	55137	69703	68906		1809676	1381601	1464455	1219947	1308159	1256664	1506484	1197539	1349633	1335408	
0.6242	0.7262		63067	75599	62018	76316	77029	61884	61355	51174	58300	60004		1236499	1513388	1206239	1309320	1321119	1241770	1266335	1154195	1175035	1211845	
0.2843	0.3804		54223	46036	46048	50722	44278	73549	61014	45355	45229	45844		1554331	1242160	1255520	1441583	1111500	1480216	1476328	1316843	1353627	1332986	
0.2397	0.2598		42037	41114	38720	45558	37258	51842	62146	47835	53777	39115		1210616	1154377	1120316	1487161	1285815	1348224	1293010	1248569	1328535	1221497	
0.3083	0.4558		48811	62297	47038	46917	46803	45699	59683	45319	43910	51949		1208310	1702754	1168520	1211569	1484494	1375897	1584112	1292244	1229591	1219533	
0.9784	0.4653		75571	81522	81633	60072	82217	62631	65630	71296	86156	60869		1521893	1651335	1551221	1265588	1659310	1244033	1345681	1443056	1632197	1199195	
0.9617	0.9072		69024	82614	94533	75176	85246	70599	93584	92267	75876	70333		1178855	1449567	1310838	1324654	1267938	1310128	1645799	1505440	1286995	1411417	
0.8156	0.2153		56634	67030	53842	73144	72331	59163	54858	72290	83525	74590		1207706	1294056	1249437	1383191	1554396	1342903	1172419	1668115	1657344	1547817	
0.4844	0.8493		74548	67762	79563	73110	67496	52038	51237	51236	63280	73902		1228862	1165661	1547323	1555599	1294106	1034252	1182508	992309	1393508	1471206	
0.5413	0.178		55904	58041	53057	48983	59908	50082	47160	66082	48595	58893		1387504	1318279	1381127	1265887	1537821	1352418	1316083	1476368	1237023	1375206	
0.1175	0.2657		38941	35079	35611	38447	37149	41883	32876	32808	48231	54228		1294779	1008184	1063787	1068948	1172729	1246739	992407	990284	1300329	1283163	
0.374	0.9644		62694	52944	52697	53423	62442	48995	57910	69054	61714	71197		1411087	1253102	1343512	1471090	1403017	1177848	1384998	1556374	1410669	1655649	
0.4216	0.3348		62551	40678	44699	58141	46978	62273	49056	46002	63234	64773		1540150	1225814	1201339	1484782	1309359	1568305	1413947	1271498	1470668	1614889	
0.8082	0.2436		86071	58050	58585	67632	55056	77849	50941	69761	64412	75742		1347704	1372960	1285384	1417246	1329063	1236049	1301725	1457635	1603625	1481740	
0.6394	0.5003		52283	55449	52947	47973	54100	75881	60317	61961	51465	50370		1200910	1071235	1179471	980485	1248900	1665729	1220745	1258177	1296789	1049618	
0.6077	0.3528		64364	72040	51398	49854	50559	63281	72180	62122	50861	56399		1396499	1450746	1441220	1211234	1543406	1639848	1449817	1778295	1272145	1186425	
0.51	0.8019		55438	53615	62278	63874	64930	63855	80230	55074	68078	74147		1263897	1586758	1366151	1533128	1376861	1344055	1483537	1327520	1557825	1581252	
0.2713	0.4803		47247	46096	42083	42046	42558	41183	45581	37943	41683	43905		1188910	1183184	1066419	1038002	1095599	1097857	1112536	1083840	1288888	1330608	
0.878	0.9417		64189	90662	62266	77823	91899	82020	79981	66708	73820	104269		1474796	1592547	1128479	1341303	1580181	1268462	1587414	1264409	1498749	1542277	
0.4098	0.2462		45280	58443	44419	41049	49969	49091	39993	61220	45735	55417		1192246	1351855	1106357	1029726	1330416	1102327	1035578	1645944	1260310	1378999	
0.9404	0.0973		56092	60026	66337	75048	65269	77440	65971	54422	57419	55118		1276194	1301474	1272236	1383484	1304108	1559696	1259805	1145553	1221343	1173185	
0.1028	0.2115		37015	40645	40930	53195	41569	54520	40417	37316	45058	53733		1184455	1336775	1318917	1461572	1392079	1699164	1343483	1282514	1383755	1428305	
0.3878	0.3051		63785	66244	65047	39517	51247	40018	41633	48864	63690	48350		1576952	1469072	1287771	1228531	1218063	1098351	1206018	1172755	1289662	1271749	
0.6276	0.2658		69228	70387	61733	69345	58475	49169	58528	66921	55166	68227		1484917	1528668	1254112	1371610	1322533	1088026	1159319	1383084	1639122	1650292	
0.978	0.1694		87860	68240	87132	78722	78731	72800	56421	61564	77297	98323		1413997	1270563	1617623	1639479	1722235	1499525	1295358	1365991	1609347	1600311	
0.7714	0.8171		83003	72347	65770	70572	58571	71822	66971	69647	86018	76321		1553658	1337709	1259029	1378320	1296490	1336419	1252676	1273712	1534015	1727302	
0.2428	0.6119		62716	40683	61302	61717	49254	50162	48005	57100	60432	53016		1424390	1419582	1570089	1646068	1356706	1342174	1472860	1327243	1343379	1417771	
0.8731	0.1204		67563	56280	69167	65286	61866	55002	49986	50467	58740	66393		1442538	1282765	1739997	1679691	1501773	1308772	1246974	1289112	1498294	1728112	
0.4168	0.2063		45736	48965	46116	44112	50331	49677	70694	44468	56996	52394		1255311	1247190	1273649	1154269	1458448	1393485	1252110	1390705	1375366	1324705	
0.6999	0.4884		55415	74379	67048	75214	77994	67347	78716	53149	53562	70783		1207648	1554990	1411581	1536381	1361962	1392044	1450656	1194034	1238132	1418729	
0.5297	0.4875		44865	54173	53553	72834	51297	50293	53531	69005	67904	69262		1110891	1293524	1295365	1290461	1281482	1259626	1265794	1456046	1460760	1451853	
0.1328	0.0697		32800	34669	31774	33275	32806	37858	51505	32515	36273	51683		1188546	1099234	1047122	1012462	996061	1069975	1248379	1121407	1282955	1523782	
0.3477	0.189		45390	43765	39153	52472	46642	58886	50861	61158	61985	44125		1425958	1123877	1103593	1472511	1327782	1507885	1507222	1502925	1399501	1488837	
0.2398	0.3034		62228	50649	45377	56894	45092	52342	43201	40802	41985	53364		1688414	1380184	1703148	1644696	1309930	1316940	1298313	1167334	1283604	1474754	
0.6374	0.6044		57747	59049	58724	75569	76067	59586	69395	63856	54584	74343		1267682	1191583	1350090	1496326	1583198	1327818	1390807	1361247	1327053	1402279	
0.6885	0.4085		47856	54924	54160	52737	55405	58143	49264	56257	75574	76509		1038299	1196336	1164989	1169905	1167721	1309934	1028094	1248485	1762169	1415095	
0.8975	0.9698		94930	68227	68543	90264	80519	73428	78960	97762	75591	69545		1381514	1141300	1162965	1455555	1342179	1367947	1242362	1245661	1229342	1320652	
0.3614	0.256		41772	60632	58747	46114	49123	62683	52594	49586	46365	46155		1498716	1699748	1499666	1290978	1379234	1336990	1657374	1379647	1233121	1308150	
0.2007	0.1203		40027	39517	39436	44706	38825	40729	39815	55590	39899	43865		1147839	1121583	1144787	1282528	1155864	1279581	1159367	1642747	1188645	1317120	
0.9694	0.2086		59590	59352	51980	71103	74856	77297	77021	77308	57396	61142		1233440	1092422	1292426	1281484	1162593	1385511	1226722	1230907	1227939	1289481	
0.055	0.781		38210	43393	40589	51520	36309	43682	38782	41309	52045	41519		1180561	1142443	1063052	1287417	1398468	1383746	1087775	1167706	1226203	1288786	
0.9821	0.6546		77051	73247	76938	88279	67832	89640	79672	87578	79016	77589		1522351	1442146	1637185	1707142	1569106	1664758	1597469	1686027	1601324	1466328	
0.0524	0.5237		36582	36794	37378	38327	51700	45123	60829	52182	52885	41217		1128978	1122126	1236937	1273702	1420053	1236821	1728197	1610058	1475339	1357415	
0.5792	0.2828		63034	69217	54141	54835	57869	69462	56118	55276	53057	69130		1163100	1778511	1319661	1331851	1319353	1492941	1329598	1192165	1369713	1224748	
0.1896	0.8774		48239	55522	47597	49725	60300	61507	50115	42175	53826	61601		1309708	1447985	1217955	1301739	1211517	1474070	1231532	1434435	1545979	1477897	
0.096	0.2566		46584	41442	53738	54354	37189	41008	54210	45120	32554	47661		1318889	1261481	1459446	1445820	1188153	1199333	1386219	1342039	1069136	1421911	
0.1958	0.2138		37542	59317	41581	56711	40555	47727	43399	44118	44959	48934		1196853	1437134	1347316	1614324	1172971	1086706	1301251	1242291	1354369	1385861	
0.9966	0.5697		69507	57164	70097	73900	68428	83650	98081	73218	74636	70706		1276978	1086658	1321150	1405461	1259300	1481599	1409848	1265653	1178942	1335052	
0.1108	0.4589		47111	56932	43072	42234	48361	35657	40730	59633	44387	56600		1425230	1544429	1349405	1228586	1276894	1199436	1327021	1594652	1274573	1629529	
0.3386	0.0582		46127	63760	51081	53002	43532	52474	41848	61042	41565	53182		1349837	1465020	1172081	1252203	1289467	1471348	1196744	1322763	1261197	1533733	
0.8926	0.9374		80631	92311	70330	90380	91701	62644	86530	65041	71015	81109		1429267	1311993	1242383	1551619	1372293	1314815	1313079	1071174	1139783	1490425	
0.6032	0.4207		78739	71543	71261	70468	53057	73388	55828	71130	74320	54635		1231741	1511336	1384489	1456207	1341954	1417953	1355488	1748701	1488170	1252442	
0.1673	0.1121		63032	51606	34855	52649	44283	54441	56742	35731	29362	36946		1332666	1431778	1134014	1369379	1323497	1496621	1560186	1148019	906135	1134006	
0.5048	0.2502		45851	42552	52279	60376	46543	55196	50430	50190	43419	41695		1300385	1292080	1347235	1532662	1072152	1348276	1246900	1278908	1111383	1291216	
0.3088	0.2821		60168	58557	47535	44143	61301	42329	51154	46858	47972	45126		1362004	1316964	1111932	1203679	1404320	1385065	1340246	1336259	1210432	1192020	
0.7548	0.6158		67551	62121	62596	69606	79452	74256	77351	76583	77928	89254		1355585	1358585	1225485	1184995	1439176	1458554	1436489	1425018	1641258	1501646	
0.6146	0.9039		77345	88305	77156	60477	64581	63539	58757	81348	64616	75915		1307152	1230971	1412929	1210199	1145113	1256193	1264210	1433166	1284799	1588865	
0.6953	0.393		61289	58271	54621	72157	51260	50500	52938	69222	61049	60569		1786854	1438272	1380573	1770577	1165665	1153467	1172863	1349082	1511021	1221192	
0.5104	0.1346		53987	51605	66967	48988	49387	72471	60030	49785	45738	52328		1243834	1263697	1306151	1348242	1489269	1488186	1240647	1400970	1371119	1378477	
0.7711	0.5735		61412	66706	52910	55536	65259	76291	69663	75241	71830	83681		1259649	1281813	1046385	1102522	1299781	1308589	1357234	1370000	1439070	1720326	
0.3684	0.2189		55897	49543	64412	39364	47494	43635	40011	42810	58035	50167		1503471	1447840	1501530	1091331	1337078	1287295	1144965	1242283	1471559	1470417	
0.2245	0.3124		38357	45149	42009	49051	45591	45805	43623	42171	41864	52172		1070707	1604724	1339341	1259379	1316490	1363265	1300553	1289734	1251252	1611334	
0.4901	0.6826		72369	55430	84965	71924	58618	51898	72736	69157	56202	69113		1680225	1315179	1404622	1446712	1382999	1272784	1563210	1370197	1291678	1242139	
0.3451	0.2622		37758	43104	42603	41052	43337	43523	41117	37755	55520	45610		1166771	1210799	1134355	1266452	1316456	1341683	1264577	1410334	1410562	1387639	
0.6262	0.2481		63757	68999	74210	55002	65381	57371	48236	74542	62484	58247		1421303	1454137	1352439	1220821	1434181	1321295	1140517	1387916	1468581	1359104	
0.8003	0.6757		69166	67100	60265	61290	71500	79723	80091	80350	65001	83070		1360896	1334866	1210577	1157322	1295458	1231564	1498558	1348826	1460049	1384682	
0.6	0.278		58026	52227	61150	47140	55174	62430	54069	61614	68320	67806		1231814	1205692	1171517	1032842	1158432	1064839	1173683	1178202	1154693	1258469	
0.4238	0.4134		62412	64154	50388	61672	48044	63700	53614	41470	63355	61850		1415046	1390281	1215264	1231695	1340509	1613838	1541304	1217739	1414412	1653037	
0.0922	0.8914		51517	48007	51764	63587	44969	49312	46272	60409	51705	44682		1320753	1225091	1341000	1330075	1238018	1336492	1356138	1628717	1327165	1344316	
0.4824	0.4927		69347	59853	52540	67707	55359	70871	79662	48357	58935	69154		1452167	1443186	1256836	1551185	1580497	1524161	1479515	1243142	1272313	1580718	
0.42	0.2312		54366	62223	47310	47770	60632	55824	68027	48132	63845	54229		1403304	1456973	1314145	1244481	1339053	1267110	1334672	1223746	1328198	1336634	
0.2693	0.8919		52791	49111	49957	56023	52126	43109	52308	52036	53119	49352		1276004	1183464	1222386	1384356	1296136	1093548	1330859	1407058	1387494	1270904	
0.9066	0.851		70038	83791	88907	68722	88990	91346	71773	62809	100234	73107		1219381	1279636	1338544	1256631	1411437	1551639	1182872	1098593	1451367	1307172	
0.096	0.9161		49482	43682	51594	50119	48308	44066	58664	58305	40353	44068		1311408	1433227	1347389	1221463	1314762	1514875	1337726	1550141	1189896	1287564	
0.6093	0.1723		67539	66657	69412	68637	54507	84243	45700	65366	43030	54066		1589500	1553383	1772138	1575651	1332493	1379000	1333415	1363496	1223152	1327507	
0.4559	0.782		52044	63419	62054	49483	53648	52246	56701	52762	60379	55880		1218200	1468486	1495696	1245626	1351817	1493304	1479271	1355642	1372761	1342725	
0.6667	0.9898		65182	73430	68325	68762	63923	67456	66494	64919	91960	82051		1411595	1489579	1387315	1204034	1329875	1324769	1258284	1134295	1641172	1619962	
0.624	0.9703		82571	64953	85037	75863	65925	58081	83831	52247	73374	56886		1423029	1304102	1573108	1358921	1370728	1175484	1321962	1186439	1572994	1180675	
0.1596	0.6394		38371	46382	61043	59670	57468	57044	59341	60756	59840	60301		1205462	1405462	1446936	1529305	1552484	1630002	1577977	1388885	1520960	1544222	
0.4735	0.8799		61406	54520	73153	64989	74904	60108	55936	54733	56752	70449		1252782	1222962	1493149	1541792	1555305	1276966	1373776	1291955	1199719	1306371	
0.2621	0.3072		41054	40347	40809	86219	43443	45875	40908	40586	49315	44542		1175463	1140862	1067811	1366334	1325469	1339647	1155924	1463476	1283896	1363242	
0.1906	0.4782		49924	49854	42359	48656	45752	43545	49744	66603	41830	37812		1360999	1458694	1374353	1160969	1347509	1349707	1504689	1536205	1416079	1195448	
0.403	0.2128		43204	49175	60712	60085	42776	42494	46280	62236	62268	58964		1125204	1142817	1533526	1612562	1429699	1158268	1411034	1621236	1395375	1305843	
0.5968	0.9205		58974	64364	56316	75392	58263	52407	62674	55072	60251	62059		1175155	1142890	1030959	1314682	1181797	1041817	1110779	1138313	1229853	1317397	
0.9985	0.6255		85693	62238	72482	83992	60366	74445	87817	77022	116881	58689		1600380	1158776	1363039	1382847	1126107	1260163	1315307	1454122	1667344	1182510	
0.9573	0.9339		78431	72748	68122	68060	93352	77249	75293	94747	93079	92673		1192764	1162985	1010848	1059179	1382728	1260821	1239831	1266531	1474173	1488575	
0.2926	0.276		44069	53798	60160	50120	48874	44701	45210	44450	51106	43027		1149353	1375743	1532182	1389105	1300613	1249830	1207546	1323022	1451364	1286260	
0.2062	0.2057		46339	35345	60441	43872	45752	44131	42028	57566	40113	38962		1381673	1115472	1567294	1225727	1320979	1306737	1194137	1563765	1264770	1130790	
0.7007	0.5852		77963	75117	68780	67235	59205	53300	56728	77039	74950	64925		1433681	1357791	1592988	1514402	1339608	1350861	1164356	1259349	1311559	1319020	
0.2282	0.1816		51472	40880	51998	38807	35298	51841	45318	44634	43028	56862		1230732	1180485	1356296	1123334	1034277	1467441	1305510	1297954	1290332	1505911	
0.2959	0.444		61269	48600	61353	55447	45629	55156	49460	43716	61415	67173		1455003	1177730	1372152	1257252	1178973	1438283	1213099	1398876	1369607	1598475	
0.5407	0.96		69291	69933	59119	58985	54740	80169	60485	53765	73208	57254		1295711	1481966	1480048	1261418	1186220	1632995	1295533	1136945	1502335	1334494	
0.7293	0.9148		58064	67761	80575	62629	64361	62345	71234	66298	61708	81771		1209526	1444058	1630899	1278283	1246750	1254252	1271902	1276425	1242445	1528259	
0.2142	0.8089		56920	53892	61166	42450	55253	49097	64019	61642	49004	50379		1464846	1433259	1367567	1500599	1589752	1379147	1432628	1447700	1319169	1285481	
0.082	0.7464		54372	50236	58491	41315	43664	51525	60162	54321	50987	38098		1283327	1400428	1535928	1237170	1242208	1370856	1529078	1510642	1253209	1050480	
0.8618	0.6802		89317	77525	78463	83992	62508	87565	89199	59412	57982	61607		1431096	1317714	1431616	1227576	1259563	1271016	1429650	1156567	1172659	1291139	
0.199	0.5401		60234	43463	46404	52663	39380	57184	50390	43915	46894	43746		1546141	1152974	1436660	1392717	1227605	1468994	1313312	1420283	1398792	1336372	
0.7088	0.3537		58699	70393	79785	70758	58054	54489	72176	56420	60262	49430		1221046	1566033	1334465	1608435	1302130	1280222	1477649	1442505	1346439	1116150	
0.5273	0.9644		78328	64035	75350	58498	57405	73438	63578	61559	62620	56796		1508454	1286831	1491768	1370788	1266885	1376268	1596434	1423746	1457015	1536125	
0.5777	0.177		56532	41995	74668	47380	52168	69379	54592	54971	61559	49251		1231317	1118335	1439287	1296310	1376991	1292288	1285964	1350269	1530945	1607300	
0.917	0.1378		53753	82436	54659	73320	56934	63030	49243	55773	69423	65575		1483728	1485668	1178140	1279937	1238458	1282419	1118348	1287905	1320576	1329099	
0.9036	0.4505		107878	64930	80679	73882	64753	58984	58902	59040	58480	64992		1329447	1577351	1403576	1059852	1324175	1165229	1227796	1079785	1277958	1483291	
0.8319	0.4401		52109	84007	61989	59282	72079	79453	52610	52887	51958	64654		1038567	1614025	1198442	1233951	1405811	1374314	1161463	1061644	1069479	1224296	
0.2283	0.9864		48064	46412	66032	49742	68253	51820	66142	56877	67360	64506		1337170	1157219	1450815	1334396	1372866	1495211	1501900	1228958	1499660	1347318	
0.4018	0.2417		48135	47797	64229	40287	41233	43005	56856	45483	64523	54716		1364690	1311938	1508711	1113243	1058973	1213766	1320032	1242832	1600413	1186822	
0.5292	0.6008		66245	71683	63542	57750	62608	74272	56031	70255	70582	69965		1558836	1718063	1348630	1280718	1294776	1444480	1366242	1442359	1690564	1353676	
0.2798	0.8845		48837	54736	53520	69139	55068	49704	68760	45628	40160	58161		1263952	1294264	1303790	1746087	1374582	1252327	1411792	1191842	1134208	1430311	
0.3853	0.4757		42788	50981	63990	63640	44008	62656	44233	48943	54182	63698		1178338	1319298	1432348	1430733	1206887	1398964	1028308	1252622	1471672	1563052	
0.1081	0.1013		35904	51369	50265	45416	45724	54152	40656	40276	32735	51018		1209021	1288131	1409405	1394011	1512574	1445404	1314215	1402997	1106858	1352621	
0.1122	0.7037		51091	49922	61151	43502	55623	48156	52571	61402	34695	40941		1222967	1551112	1670642	1204318	1194792	1293737	1327627	1223822	1038144	1135462	
0.0899	0.2984		43163	40487	54784	50516	29183	59619	54299	33344	40526	45134		1315477	1304863	1696487	1391052	851545	1511925	1326664	1065664	1246384	1354829	
0.3339	0.9861		52451	46697	51969	53285	68737	66175	55224	54299	51178	51621		1170625	1011744	1227059	1290875	1461861	1270128	1288137	1431932	1346455	1215030	
0.5309	0.8536		56968	54583	56076	82205	66716	52282	71993	60898	59056	55236		1310767	1200669	1213274	1548960	1542969	1141346	1241832	1324692	1307882	1261919	
0.3264	0.6679		49559	54744	57267	58380	48951	46361	56569	49244	67527	48946		1333193	1327623	1421005	1342625	1255274	1182931	1364215	1314858	1448158	1307639	
0.3463	0.5992		42918	50294	64224	47290	51145	45887	45208	76208	73691	49567		1108780	1329265	1356093	1352315	1313126	1203400	1178112	1240676	1234930	1283514	
0.8178	0.3553		69294	59724	64181	75430	64659	77318	57542	72164	65428	64782		1299355	1270565	1341626	1496734	1299741	1516433	1298851	1244214	1247201	1358174	
0.0875	0.6911		48095	36083	53748	40585	41968	51192	42368	57731	58669	54135		1275754	1158261	1450398	1334415	1240838	1390334	1359796	1638615	1416409	1387152	
0.2148	0.8146		57405	66682	48649	45415	46336	54238	41249	60778	51046	59536		1310326	1422809	1301696	1210672	1298228	1519931	1199015	1333334	1339759	1503526	
0.9749	0.4166		78156	66060	78999	83888	85149	83377	62970	67612	66409	86148		1301566	1228924	1427574	1429277	1513540	1670067	1209159	1173486	1273326	1675486	
0.6732	0.38		58280	53627	52956	84960	69786	59321	53231	68069	57112	85988		1297493	1150499	1240916	1377450	1336802	1486478	1245232	1228785	1280540	1404397	
0.7492	0.3674		62600	52841	53459	49921	61796	52833	76870	50949	54446	61520		1196946	1081841	1169765	1180244	1230482	1213716	1146499	1087644	1028248	1216710	
0.3118	0.5111		53234	63525	52896	72344	60613	69844	45097	47323	41514	45219		1344392	1250764	1207888	1503525	1246911	1497294	1200893	1311393	1157169	1205547	
0.751	0.7094		54301	68592	80151	61616	58070	59049	76897	66117	74421	87673		1196003	1284506	1586040	1511558	1247556	1265724	1291965	1411796	1415638	1624943	
0.4318	0.0834		54392	53225	79892	39299	43215	56598	45377	62393	38949	48928		1465537	1386658	1178321	989945	1099813	1306299	1209909	1419124	1164607	1188123	
0.8631	0.666		83094	85454	75814	60008	84883	63369	62170	69153	62491	74890		1366124	1472718	1338123	1175136	1400236	1125222	1020796	1303672	1174136	1476180	
0.7034	0.4165		71734	58218	48659	56367	58973	60659	60227	53390	55479	57362		1533275	1357125	969365	1136382	1329170	1360309	1368654	1334975	1399467	1384652	
0.8073	0.9167		87433	89301	77233	91982	79705	65052	68093	68796	68286	67133		1519106	1394067	1419877	1406567	1378987	1396145	1326477	1207396	1182432	1153762	
0.7346	0.5416		51207	61079	57191	67286	75254	63724	60393	62295	60931	57768		1175172	1145667	1241974	1626855	1459235	1706640	1485590	1561884	1392892	1086849	
0.8766	0.8893		84426	91715	65489	86462	70193	80788	67354	88289	77608	76036		1505023	1679502	1255379	1440536	1337621	1177222	1186001	1369183	1437075	1546682	
0.5756	0.7023		55160	59317	53870	72468	60098	55843	55697	72013	59363	84399		1225434	1346369	1277651	1480365	1241741	1286204	1213615	1426605	1406975	1639800	
0.0516	0.9304		60426	58277	42252	58081	39925	40467	57408	51810	39125	46408		1578114	1680059	1271584	1555994	1048822	1076510	1270586	1573293	1052698	1282197	
0.2566	0.5631		42598	40561	41590	71072	62285	47663	49058	47712	47267	57202		1202195	1098645	1132434	1579734	1550235	1232030	1435586	1247381	1291892	1449513	
0.0976	0.3064		37454	44657	36354	51896	51599	46010	47142	55887	40693	49093		1196454	1310281	1142143	1320306	1523883	1328686	1439823	1514086	1431936	1226800	
0.8298	0.2366		87434	49083	56446	75965	76474	50698	54855	53764	78168	47776		1352008	1433365	1374647	1624159	1532806	1253734	1358186	1283786	1518657	1205162	
0.5001	0.3291		49274	69586	63821	46778	51534	51239	54587	56667	47915	47553		1360600	1707618	1599169	1209002	1318305	1327879	1214932	1435629	1221090	1300333	
0.5994	0.0669		45404	50122	45817	66174	58986	65373	63644	49565	47462	58532		1252383	1328928	1146707	1623989	1175016	1611111	1443885	1239844	1289714	1269442	
0.0887	0.6524		52805	38767	41353	57511	41153	42724	40707	56892	49045	44486		1487393	1254175	1222061	1394482	1465241	1231761	1065521	1206791	1293572	1131367	
0.5453	0.9254		79427	52383	78139	67926	61300	74672	59464	75961	69267	75261		1666314	1206492	1496606	1354162	1305306	1529168	1536113	1591336	1481515	1750885	
0.8197	0.4635		58833	77835	65720	77461	64747	57502	73044	77516	66717	57613		1204845	1265299	1187056	1513619	1372385	1216577	1261924	1435199	1505884	1216401	
0.5687	0.0579		45124	62208	48062	51858	41693	51313	55209	48685	54278	49754		1322849	1231473	1600078	1153333	1129633	1126940	1170710	1315200	1154683	1291859	
0.7115	0.5061		54665	59016	50769	74366	59697	64894	55716	60207	68248	68278		1170189	1536260	1109690	1208729	1235482	1378038	1548434	1246528	1366509	1403810	
0.4052	0.144		56775	47770	41894	40954	45120	52213	70385	44240	52331	69221		1269385	1390262	1369539	1062925	1233333	1280230	1245495	1201959	1337897	1402505	
0.4523	0.0628		61109	50374	61043	50626	62448	56230	43245	49215	48293	58620		1435979	1334538	1432932	1283058	1241496	1337809	1132586	1367823	1331975	1367361	
0.8499	0.1235		74563	57037	48775	64870	58588	57581	51549	58247	51720	69724		1659291	1249626	1206673	1167219	1302049	1241666	1272996	1350198	1273234	1349110	
0.8381	0.2711		58801	54774	57090	54703	66197	53665	75850	74934	64525	88554		1312138	1069383	1340296	1271079	1466843	1120006	1581299	1489253	1382380	1308436	
0.6117	0.6045		70154	55420	55410	49982	74020	54068	65160	70004	58302	53806		1552249	1178245	1191558	1045793	1510863	1162386	1439027	1292384	1554297	1434402	
0.2124	0.4849		41569	43764	41976	47372	48515	43913	53673	42640	52097	37884		1224051	1547484	1215735	1327670	1063492	1304443	1613579	1204055	1149408	1065321	
0.9492	0.4158		49750	61317	59602	56459	77558	62024	81273	61015	72152	62444		1081530	1328024	1383966	1187769	1372891	1273711	1652222	1353616	1535819	1245995	
0.2936	0.2176		67886	41326	54438	46305	41628	39566	43691	58451	49610	56653		1330491	1161077	1312033	1247935	1258677	1029602	1575812	1489224	1387437	1526291	
0.6396	0.3405		58658	63156	45746	52000	50756	46937	55899	53293	53867	62255		1335785	1147937	1113568	1254133	1282050	1122073	1292916	1351476	1147435	1363610	
0.9036	0.1048		61151	62543	58998	77325	48952	67498	53975	55188	53978	52062		1334524	1143069	1157678	1306896	1057604	1209608	1143843	1171161	1126315	1109405	
0.763	0.823		67554	72541	82654	82020	67614	69760	79173	64653	84284	79850		1496178	1390903	1784204	1599405	1563310	1480001	1447765	1350588	1381886	1431736	
0.474	0.4776		60164	52018	48416	66020	47140	65867	66463	56204	48758	51387		1354826	1215930	1221000	1521489	1195010	1392117	1450102	1392249	1209324	1363774	
0.141	0.5336		42799	44058	39067	41560	40401	51263	40579	43495	42323	44453		1200018	1579667	1310505	1327183	1199597	1306420	1214594	1157995	1241622	1380450	
0.41	0.2602		48108	55482	45153	48401	49596	46657	45614	65011	72970	47063		1245467	1352511	1283985	1529472	1202729	1272128	1268523	1325668	1694773	1423124	
0.596	0.0724		46588	45117	59884	45362	42665	50825	46508	50879	48123	51743		1286835	1232570	1340056	1141980	1055796	1245815	1208864	1253771	1319433	1358342	
0.3025	0.0635		43463	43267	40741	38357	37941	57698	50890	45904	39822	54581		1329456	1211350	1110224	1065207	1135567	1377030	1452125	1469006	1291571	1285602	
0.2258	0.9236		45058	38325	38856	66053	66077	49848	48027	47551	73203	56754		1064778	798678	1042136	1457652	1281408	1193509	1136818	1290280	1434444	1374723	
0.4272	0.3594		50988	45771	47539	55141	45692	54099	48567	45551	63493	46757		1283983	1232865	1290276	1429321	1274872	1203707	1187181	1229413	1667962	1120384	
0.3457	0.6924		63256	44201	44086	67712	63777	47451	49804	69037	67060	52070		1243176	1118174	1117953	1458104	1209112	1262876	1302364	1375394	1422094	1237553	
0.5192	0.0696		53728	59680	48872	44459	43597	56045	48812	43914	56788	47422		1224756	1303215	1263303	1137229	1252499	1400683	1175788	1050626	1180009	1374154	
0.1604	0.0612		42057	47677	41108	49904	48774	52490	36386	37085	48885	42632		1334041	1334225	1443160	1333018	1451286	1337098	1135835	1096071	1307715	1460569	
0.757	0.0862		70990	74297	54789	70310	49650	54351	68524	44486	51611	51545		1658025	1208301	1153273	1446911	1219277	1419491	1269041	1104101	1403851	1198798	
0.4718	0.281		45815	55588	52989	46764	41891	56620	53824	56780	52906	71908		1272763	1283239	1123716	1151689	1352477	1490409	1227285	1336992	1259317	1543200	
0.3812	0.7776		48711	55802	62611	49530	59149	67864	53365	69109	52348	55896		1229162	1357334	1384288	1341454	1413719	1488199	1440675	1610906	1380175	1395227	
0.2868	0.7752		51482	65818	43111	57134	48483	65455	66557	42543	42596	54515		1320327	1326651	1186171	1672844	1654618	1821741	1655523	1136265	1304260	1352169	
0.4956	0.5636		62220	44716	48284	55702	52855	63519	79471	72991	62536	51877		1437349	1180965	1262898	1390312	1318825	1457128	1556737	1541368	1311830	1319448	
0.8169	0.4957		62114	78475	62452	78535	84628	52392	59414	64150	53995	68675		1399479	1655648	1349644	1549465	1575688	1221292	1213752	1301896	1253899	1372271	
0.0501	0.1747		37226	31397	38859	34387	38716	43283	34200	33787	32193	43042		1080958	1067052	1288638	1171815	1326422	1253686	1169951	1053044	1220749	1346256	
0.8197	0.0803		86263	76957	68911	61654	65537	42314	77049	52252	67335	46899		1849981	1587008	1535058	1472532	1498784	1235435	1660346	1539343	1325895	1103127	
0.8047	0.2796		70398	71265	55065	62412	53637	61171	54181	72484	75279	53382		1446752	1190958	1426085	1403480	1209382	1242362	1285019	1557845	1510269	1061176	
0.8132	0.1401		55749	64086	51822	57530	57292	47662	51893	46793	67229	63487		1045005	1266289	1107325	1258152	1323444	1278461	1199815	1206970	1396329	1412428	
0.0696	0.0525		38446	34551	41928	48212	52341	50860	37920	37228	39586	66937		1478633	1297428	1481937	1455792	1568853	1592638	1295754	1247926	1385114	1849741	
0.9478	0.1824		66857	80185	77834	74946	62297	65869	56734	51199	85032	56002		1398222	1581651	1414853	1241699	1568546	1301175	1123290	1138002	1503489	1204653	
0.0566	0.4889		38964	33966	60072	48334	39406	53651	34777	30892	40902	43275		1241974	1223995	1261715	1281797	1378464	1602900	1167047	1098755	1477636	1287160	
0.5628	0.905		80049	53442	99586	67207	66399	69465	68562	66684	68679	58736		1527018	1293582	1476965	1425222	1329781	1421796	1484085	1600882	1486779	1227564	
0.6294	0.7759		73223	70960	77394	62917	59995	57309	78766	58526	62487	61550		1593098	1361882	1469984	1499552	1294633	1374373	1498058	1475650	1426962	1235165	
0.135	0.3746		41560	39109	36143	42758	39719	53918	54249	55668	63580	46037		1297594	1260822	1278486	1315091	1400723	1559552	1637691	1597871	1358802	1420438	
0.4616	0.39		46086	50707	64710	65393	55536	71523	62615	55080	52282	51245		1145583	1247352	1439525	1639447	1504337	1511131	1370075	1361740	1358749	1347145	
0.5994	0.6754		48693	58083	74848	84910	49961	58518	54889	54906	52658	61755		1182743	1298053	1633991	1608538	1202523	1480925	1225864	1213838	1152619	1223890	
0.1166	0.9361		50444	58831	59348	48613	59135	43207	48589	41649	43464	39952		1281433	1574883	1671735	1343122	1389234	1257533	1341545	1200603	1100437	1053857	
0.4787	0.4037		52606	59422	47350	68535	57202	71096	43648	71348	46924	47303		1296291	1230923	1253296	1601856	1469995	1463271	1371392	1417511	1175876	1178871	
0.1113	0.9482		40225	56791	44755	48471	58667	47781	48032	47054	44123	60607		1046758	1451778	1160921	1225149	1236342	1270432	1319173	1196070	1351892	1606051	
0.3328	0.5051		50472	49968	54490	53810	44245	44542	40796	45581	58208	54050		1229446	1498300	1541736	1437371	1526191	1281798	1315358	1397412	1477509	1598182	
0.6685	0.7563		71014	55445	59692	52755	54027	53750	75435	63567	57631	62412		1242935	1033000	1266257	1037045	1282040	1176618	1376243	1248286	1107213	1191569	
0.6386	0.3703		47559	56283	46350	48407	50921	69889	54391	57093	77094	51992		1125159	1327785	1144705	1037222	1174715	1218769	1272013	1361500	1380260	1262436	
0.3297	0.5863		46251	54980	47799	55066	66755	53746	40428	46653	62703	56705		1258029	1328562	1263182	1407901	1621049	1329967	1058837	1472913	1500571	1358029	
0.3733	0.3346		62797	46131	65972	40321	49150	64037	49038	63756	43091	44171		1461606	1205228	1167829	1148719	1307467	1626424	1366166	1466873	1419923	1473439	
0.9108	0.9203		63517	91094	64433	71150	94739	86387	78458	91985	68121	72807		1130528	1355472	1148331	1264886	1325776	1337714	1415157	1739287	1216615	1225239	
0.8568	0.8007		59960	81098	64895	86811	70092	76140	68387	73243	77819	66831		1029574	1282626	1286763	1612528	1157174	1372654	1316140	1396483	1266908	1237946	
0.3	0.5456		49351	63506	46300	46716	47089	43468	58335	50627	48874	66068		1205382	1297400	1214096	1291016	1180527	1146313	1389192	1282760	1301555	1352505	
0.0844	0.0862		43717	40501	39661	47495	37247	39294	31458	43054	43431	54730		1369830	1337511	1391066	1479141	1245443	1135916	1103563	1304197	1417305	1455524	
0.2973	0.4413		47952	41140	43012	58123	43545	46737	43710	54286	43675	44659		1301680	1084168	1307743	1436467	1329525	1286050	1368350	1507156	1264047	1291657	
0.8001	0.8383		78139	78314	71850	87604	83205	73999	63499	77460	57909	64970		1199372	1224597	1276464	1419133	1508274	1313916	1158019	1334801	1100373	1199773	
0.7377	0.2312		71619	75064	60778	71897	70264	66843	72237	71688	70256	52240		1491571	1430130	1402234	1510820	1373422	1537686	1599742	1544756	1593755	1505648	
