10	11	
0.5079	0.7278		30705	47564	31121	31986	48025	63775	46380	45743	44653	39775		1177353	1489559	1267012	1442488	1942051	1679686	1501786	1856773	1457238	1425379	
0.2586	0.7873		42576	32033	32598	43945	39447	28006	32612	28862	31662	31713		1523650	1761591	1921163	2109518	1653137	1360194	1511975	1088679	1338128	1527442	
0.7385	0.3206		32052	37322	30269	32916	28017	55851	48193	35411	31543	46777		1310168	1278292	1263475	1075197	1060037	1843390	1591905	1261141	1047925	1310140	
0.2351	0.9478		29945	31100	37763	68006	37239	32137	38315	36293	37122	43534		1596145	1204868	1338400	1373239	1969608	1360998	1353959	1543277	1454844	1616988	
0.6332	0.3684		33305	41865	47479	39445	29192	46231	48364	35206	43036	38468		1243161	1479583	1602402	1407914	1236985	1670711	1653894	1212919	1508089	1694909	
0.8636	0.8012		45394	37456	42894	42036	54583	45203	43918	42952	48471	55493		1062408	1049808	1364446	1360146	1480231	1262888	1244655	1309656	1562093	1528587	
0.9167	0.1845		47407	41939	34379	46100	35258	49090	31929	39986	34869	35886		1608229	1511790	1185925	1373479	1176087	1415764	1254025	1395085	1274904	1532960	
0.7835	0.617		43603	40201	40145	44859	43444	42585	53479	51540	52875	34158		1253326	1353466	1351232	1337194	1594129	1387675	1798852	1675672	1256236	1275361	
0.4661	0.0862		30554	30687	20402	29642	27535	31115	31046	39548	26223	28148		1288947	1357046	1487700	1377862	1258502	1249290	1299902	1392368	1250476	1467093	
0.55	0.0567		40897	29056	26682	25620	31538	39363	23868	24144	24548	54491		1413332	1237351	1184874	1359880	1254685	1564785	1236729	1107489	1222351	1320495	
0.1793	0.2027		20336	20643	18067	28670	24697	23223	22545	36317	28923	22876		1143438	1311835	1443174	1281778	1298048	1299185	1438778	1606183	1376403	1375859	
0.4605	0.327		23655	39472	27147	27389	27797	31340	31204	32114	48662	45760		1082991	1435150	1276768	1279376	1309609	1305337	1186832	1327508	1515203	1355051	
0.8321	0.7632		53006	53958	42955	53400	60951	34108	43571	49319	35395	43392		1498572	1478554	1417593	1546965	1375206	1029879	1141408	1375411	1171426	1374105	
0.1691	0.6577		30095	43481	27826	26388	28742	35793	25637	35782	36538	44281		1498480	1357743	1290692	1403369	1253590	1260583	1151872	1351245	1523390	1494991	
0.5066	0.0753		29852	27965	24705	24457	34328	33368	24826	28719	28354	39313		1282990	1316255	1211973	1225086	1397098	1354222	1268918	1389663	1569813	1588218	
0.4682	0.6965		28393	35324	26466	31212	35155	45030	35192	35891	37925	43310		1283427	1252610	1053371	1206907	1364829	1281099	1315175	1327967	1585171	1361618	
0.7157	0.6035		35769	42144	52210	38481	42344	34275	30677	33443	49486	35688		1468768	1526070	1648014	1338010	1410422	1445345	1150260	1198182	1305604	1526850	
0.1336	0.4065		23641	24492	25896	37584	20555	36359	24538	24587	20952	23305		1144294	1232792	1157409	1170813	1184797	1350111	1197548	1207055	1052461	1272262	
0.986	0.4453		57079	32106	41043	37102	48811	39478	34979	31348	33404	31759		1335480	1215557	1320100	1404478	1403900	1185302	1134072	1032562	1090637	1016745	
0.31	0.1533		26644	26489	19774	24352	27330	28104	32728	31001	35262	19877		1343681	1283250	1390907	1209348	1331610	1335074	1542963	1293417	1737198	1266918	
0.4042	0.7366		29208	47204	45611	40168	39491	35570	34846	31930	48379	32222		1119155	1340164	1426025	1248207	1167340	1119862	1282695	1150003	1370814	1153805	
0.0643	0.657		30629	20619	38819	36703	31494	36755	38985	33876	24628	37991		1300962	1174582	1306207	1329319	1519282	1248813	1595166	1275262	1212918	1682892	
0.9734	0.9719		49323	41239	54691	59040	41657	58187	46280	43756	48153	72212		1283891	1095281	1368938	1386379	1279255	1575898	1402152	1206532	1344085	1471497	
0.3008	0.4781		34716	33988	40684	41063	31026	36928	28832	27041	22852	33530		1549014	1487250	1558352	1509984	1305041	1331397	1288551	1322500	1166253	1454352	
0.7536	0.1823		29354	42753	28414	35846	35510	36122	28209	30598	28246	30651		1358426	1601527	1455866	1196750	1489321	1317248	1291293	1167139	1281013	1261608	
0.8904	0.4647		31442	52224	36022	33447	43861	51876	39588	31115	56487	35779		1153814	1630466	1248213	1188610	1331203	1609553	1422640	1213469	1334534	1561542	
0.6513	0.8371		37419	51492	54609	39682	44075	39667	34197	39332	44873	53440		1204116	1372837	1341668	1319289	1347341	1182749	1014056	1164147	1339714	1458768	
0.6432	0.7517		41187	32249	44759	39855	38893	36165	32338	42989	54158	61534		1247734	1045212	1138124	1634462	1300258	1188767	1183023	1357574	1685203	1582322	
0.1624	0.1943		25153	25789	34277	31583	18029	33701	31574	21108	22914	20530		1223040	1381571	1395093	1497756	1229356	1681374	1660922	1348110	1282641	1207373	
0.8643	0.3998		51326	49651	37619	36825	38149	31845	50804	47634	42698	35564		1390544	1474518	1333061	1278139	1092947	1088485	1368764	1201157	1363108	1330343	
0.6611	0.4056		34532	28129	33590	28042	37027	32646	31773	31692	35540	30559		1274467	1113288	1474928	1172152	1248092	1147474	1204123	1299002	1364461	1190704	
0.7816	0.7401		41892	41948	38039	53526	41221	47421	42099	59122	39209	49233		1196798	1192183	1214793	1239636	1198204	1382116	1231169	1629270	1144261	1278850	
0.7098	0.0553		25170	27294	40990	25590	24086	31243	35270	36565	27207	30163		1157841	1343521	1601635	1061411	1112394	1681338	1556602	1309851	1346620	1292432	
0.8832	0.3235		33754	37598	50228	48981	50213	38283	46326	33659	36436	36479		1349498	1333908	1630174	1662914	1451150	1359277	1407891	1452283	1294442	1249633	
1.0	0.3659		50825	42647	49995	50943	52935	50433	46338	50719	39626	65885		1400869	1261791	1348987	1514387	1568410	1492430	1299634	1431657	1437878	1545967	
0.7809	0.6787		51950	34287	56776	50589	45643	59895	32572	43486	50901	42061		1521687	1344943	1701558	1554743	1400234	1651068	1459493	1282766	1291166	1278921	
0.6136	0.9021		36442	42018	47515	51007	43644	37843	41319	37178	64418	60617		1124768	1355838	1504167	1278024	1307664	1205947	1330317	1159569	1542908	1366433	
0.1589	0.227		36849	20471	23472	28050	24056	21066	34106	22263	21594	24562		1447874	1145940	1281432	1358305	1255356	1242150	1514381	1297404	1152944	1254029	
0.2253	0.0719		22904	30084	25202	25159	21599	28042	35771	34040	29875	18261		1226582	1365723	1291609	1278748	1352383	1467056	1693995	1821321	1588994	1230534	
0.1134	0.9728		35335	30082	33889	28634	29517	35951	30681	30488	41181	26747		1393912	1044485	1589804	1492739	1229814	1204049	1333675	1531160	1393682	1200400	
0.7459	0.8678		50891	48952	44362	68677	55353	65634	36750	56589	40561	48415		1482395	1481159	1312601	1397046	1426495	1564680	1314419	1416905	1315103	1336744	
0.6676	0.3846		47200	28481	30254	36304	43135	37489	34181	39273	39070	30251		1427242	1173940	1499062	1479469	1120171	1221181	1303474	1409797	1301991	1137106	
0.6034	0.1377		23902	30629	30545	29289	30013	28596	41079	27371	32825	37395		1099476	1642263	1448235	1246813	1275546	1263277	1374738	1190225	1403346	1366329	
0.8183	0.1579		29333	38256	29776	36232	33272	22496	37186	30398	46481	26595		1220252	1326209	1205401	1288083	1297479	1287542	1545330	1311467	1699649	1248524	
0.781	0.3339		39039	45088	35825	41071	39987	35838	49514	37516	43693	31990		1832172	1529886	1342438	1418568	1666012	1385619	1700188	1466538	1424214	1239635	
0.5806	0.1677		37076	23689	27293	30567	35036	42341	23400	25562	29860	23391		1439399	1115425	1091492	1525418	1410447	1582480	957567	1065182	1316225	1059433	
0.2345	0.5003		38832	28834	41110	26701	39832	40139	39761	30712	38457	37816		1429406	1499140	1731712	1422077	1444754	1501656	1426098	1444138	1431225	1511490	
0.27	0.5232		45447	32993	26300	30374	22305	39222	32473	25586	38036	29803		1304671	1403149	1196419	1253036	1308740	1683995	1530829	1389316	1443922	1356999	
0.6808	0.6601		36328	55877	49848	44078	53954	39629	47125	35252	37748	55103		1258972	1518887	1490114	1274642	1270973	1244856	1536943	1147749	1386500	1651235	
0.2292	0.1044		25744	20952	32016	34173	28029	23811	27203	28165	22808	27932		1295178	1168836	1532646	1404545	1367737	1411110	1629024	1317442	1238618	1285810	
0.111	0.6567		45691	39135	25362	39349	30837	28496	24275	25147	43275	38949		1427322	1481557	1380054	1754075	1620963	1375482	1078337	1076915	1522884	1481407	
0.825	0.1147		61119	38330	44834	45062	39495	27350	30281	27183	33819	41931		1657318	1573796	1542035	1404281	1159737	1067000	1203345	1084943	1352824	1486319	
0.5862	0.7737		31382	31163	50874	34085	34829	37966	42390	31802	32570	48950		1296514	1300061	1290330	1139853	1113119	1395117	1370658	1170199	1186335	1278267	
0.4222	0.1861		27005	24942	32493	24753	27913	34158	31284	26089	28106	28443		1271231	1179668	1319987	1267162	1238778	1335824	1306074	1134392	1302951	1181508	
0.1245	0.9864		24989	44690	26040	39477	43110	29333	28651	31308	31655	31652		1302156	1317244	1456176	1395016	1576133	1114431	1261653	1282164	1413736	1153568	
0.8661	0.6021		46030	38355	51705	38746	55140	40912	49328	41866	36566	39766		1319718	1280501	1624006	1259945	1487933	1219238	1250293	1102058	1175806	1290602	
0.4416	0.2683		29168	32637	32885	30710	28385	29998	25700	33985	28371	33740		1309145	1457823	1321966	1515789	1314147	1431414	1357108	1686707	1308373	1341752	
0.633	0.8647		35587	49230	47708	41030	45269	44860	45016	53472	52396	39260		1171021	1339845	1154266	1175416	1495681	1365138	1514065	1542588	1427767	1176618	
0.8699	0.7786		44424	51286	39110	42508	56013	57151	50034	41825	43742	48583		1351656	1291979	1143614	1193578	1313037	1362717	1334885	1376201	1383551	1548398	
0.0997	0.8558		39587	30136	29905	29912	26309	29489	32951	43665	31417	32222		1512446	1304307	1653750	1338305	1205087	1244098	1359735	1511175	1259864	1441653	
0.2789	0.1325		29924	22967	19061	36260	22895	26624	19544	23254	19323	21252		1342372	1154514	1210934	1332681	1279296	1353930	1052573	1171004	1163363	1068575	
0.0591	0.7364		34190	23135	26486	25744	24292	36394	23735	25770	24526	28600		1319778	1260393	1467509	1158086	1105245	1347307	1186627	1156842	1209084	1104147	
0.1373	0.1087		32732	32641	26063	18698	28146	22704	36468	23210	27563	22788		1477216	1418195	1148203	1222476	1381768	1197944	1517159	1469415	1404633	1261727	
0.089	0.9501		22387	36798	41341	37788	28395	34442	36557	25240	38282	30225		1155411	1363042	1525159	1472815	1255407	1655179	1522512	1271131	1489660	1447910	
0.2172	0.3692		27938	26748	23632	20235	31207	38208	26554	23554	20002	38115		1333358	1398269	1159923	1209824	1384357	1611977	1387220	1156334	1243086	1568743	
0.4514	0.1812		20780	20856	34069	30097	28369	23393	21132	27994	25483	24881		1084356	1240394	1244059	1341001	1315194	1005923	1041903	1353344	1385049	1198116	
0.1657	0.5592		37048	23409	28366	35194	28007	25517	32369	43626	34568	37213		1402303	1076152	1283552	1493727	1386367	1376311	1376628	1421530	1812620	1584815	
0.5694	0.7025		54362	47743	36310	32725	47886	47702	36752	41530	48752	43955		1502955	1304247	1318869	1357720	1537374	1491923	1306962	1273299	1478353	1322061	
0.3693	0.3809		26349	32703	24574	31208	31714	25815	27453	27571	27703	28568		1529731	1410521	1228276	1301773	1281567	1267072	1344294	1243199	1082476	1401199	
0.4128	0.9165		43817	36339	49111	52352	33527	30096	31685	32918	35649	44022		1545854	1493968	1654578	1700937	1145856	1282058	1187762	1381913	1245430	1498367	
0.1465	0.5887		39152	39781	28527	39602	28328	30763	30723	27764	31464	39623		1697626	1287814	1429453	1582609	1330016	1637463	1266372	1135450	1310783	1605809	
0.9361	0.718		51505	48189	45527	59110	57391	51589	49823	52327	63282	43388		1493272	1276523	1081414	1222434	1636854	1430709	1339784	1287968	1593164	1364782	
0.7891	0.3289		33228	38407	44365	54846	49038	46834	43845	28648	27955	52435		1253712	1255506	1222524	1652117	1736603	1732599	1545728	1077561	1228476	1558085	
0.4746	0.3612		23986	27228	30864	37741	39312	28022	32237	28862	29254	35002		1107676	1307565	1410919	1322599	1659612	1415445	1281262	1310892	1201683	1066155	
0.1823	0.5986		35685	27305	26060	21197	26637	35208	26835	27794	30928	28996		1281167	1231471	1121933	997906	1226097	1302312	1255233	1256787	1169921	1227533	
0.2982	0.3348		24785	25606	31425	25952	40402	27811	30465	25543	24076	31406		1217205	1173808	1354493	1248618	1364704	1339830	1296685	1232181	1186379	1271134	
0.8776	0.4664		49643	34943	37592	49596	33196	48998	51115	34510	36777	34433		1177439	1149956	1144352	1264089	1202265	1217681	1467293	1265526	1303930	1127114	
0.3302	0.3539		33923	27169	41335	29094	30725	41527	29280	38218	25586	34336		1322391	1131366	1483229	1594936	1407371	1486977	1531352	1607961	1334333	1666754	
0.9602	0.9904		52726	66020	56497	78418	47686	59581	42092	62814	52857	53624		1428338	1242055	1201886	1678825	1271807	1168557	1164396	1549671	1242574	1189247	
0.2721	0.4008		25350	22025	32099	26868	23294	29415	32221	26259	22276	25935		1124656	1075135	1243688	1388518	1100504	1289004	1601546	1594135	1063156	1264308	
0.7663	0.4372		32373	40368	32761	48708	42683	47124	28693	28617	36986	35139		1111568	1412105	1403350	1624241	1290265	1348211	1215631	1127702	1300822	1226294	
0.363	0.3348		25075	30009	37357	30345	25967	37025	39630	39706	33301	28658		1144577	1309174	1458280	1294475	1174016	1292609	1633650	1308128	1320876	1212130	
0.6924	0.9515		55516	46791	42798	39794	38837	56515	52877	38932	40740	74910		1491525	1563848	1254042	1433944	1433997	1559155	1368524	1158464	1098018	1255345	
0.1031	0.3911		32729	33417	36045	29727	25437	23371	34200	19150	29043	19288		1587862	1378952	1547663	1347259	1288147	1294533	1545688	1056879	1393650	1237905	
0.7559	0.7345		52845	54357	51309	40196	37666	61934	52369	38796	53782	35975		1779974	1581527	1663802	1295151	1198281	1449044	1504272	1726122	1495674	1153862	
0.3196	0.2802		28712	32225	20633	24699	26606	24195	23985	23949	27966	33117		1198755	1333671	1180162	1364493	1273972	1208809	1174178	1108357	1287725	1434441	
0.3552	0.8753		35021	33321	45782	32183	43366	31471	34054	39275	34906	46471		1141179	1171007	1477694	1059855	1283439	1178033	1215726	1375561	1221341	1398885	
0.4497	0.8734		33728	38247	45219	35274	34964	44730	48085	30904	30938	37847		1143371	1533848	1317107	1288066	1212764	1488379	1442416	1041083	1134042	1395164	
0.4769	0.9875		40575	35087	43502	38905	59139	38618	46418	37829	36103	52365		1257965	1140107	1533268	1294083	1633557	1428094	1489454	1425927	1654743	1675989	
0.1902	0.083		24706	29929	21377	27673	21579	33348	24726	21486	22521	24931		1284824	1171475	1243928	1397800	1289803	1168972	1488161	1302246	1379983	1320684	
0.5694	0.3697		43028	39805	33540	32185	40860	36972	37949	31024	31121	44524		1511649	1583319	1292581	1379788	1673297	1401379	1350571	1272149	1405989	1535763	
0.3833	0.5641		32652	28521	32909	27638	30602	29429	34715	29478	27030	40538		1344197	1217098	1329191	1089199	1443341	1260625	1388185	1237024	1349516	1534291	
0.993	0.6217		51673	52329	59567	55301	55931	44264	57609	43689	35732	50686		1425501	1516972	1698304	1307659	1550804	1409940	1503781	1226631	1066336	1386257	
0.5217	0.9349		48868	34684	46211	36813	35864	47536	38470	39356	68402	34366		1486418	1327084	1280613	1166020	1201337	1508394	1233023	1306137	1685357	1235755	
0.6789	0.2397		43401	28029	26044	29105	32634	28448	38084	45655	30766	25429		1653869	1404840	1191531	1238904	1246951	1057743	1373715	1343820	1252572	1142135	
0.274	0.506		25887	26821	32137	35768	23344	28545	32048	24278	46891	26707		1185016	1142749	1215928	1118511	1143816	1389353	1248555	1205620	1399374	1197054	
0.5051	0.1105		31079	32027	26865	25562	24334	37446	24404	27993	35153	36157		1376197	1253707	1370102	1096911	1196165	1474650	1141676	1360183	1300539	1292304	
0.6912	0.6608		49755	46568	33361	34201	38381	48450	51029	36830	38284	36021		1308512	1382724	1124235	1234967	1374696	1335793	1463894	1296487	1259020	1253280	
0.2048	0.4452		21658	24532	36156	29204	31362	38608	26734	37048	27025	36864		1191647	1429871	1267520	1388102	1326786	1469004	1255670	1297828	1271999	1378069	
0.921	1.0		53135	46793	67484	59344	47739	44846	46477	45837	52899	61342		1393419	1500928	1564748	1811141	1327250	1240575	1341373	1371628	1545854	1786749	
0.5253	0.2351		22973	29161	28800	43729	40410	27748	33351	23665	23168	28731		1094961	1184223	1348811	1414698	1415365	1284104	1346573	1032840	1278416	1507664	
0.0937	0.8188		38564	36571	23500	22502	32281	28070	28211	39260	38177	32705		1528303	1343642	1053553	1061075	1440959	1509112	1579849	1318233	1288099	1576791	
0.1966	0.2644		24263	26134	19058	19447	25658	28570	22280	26157	29141	36586		1735545	1372454	1133190	1012885	1286232	1364887	1198162	1125002	1333201	1369604	
0.8585	0.2957		36902	35880	33421	46643	48115	37816	28839	28719	36932	29499		1456698	1289396	1194521	1480486	1725527	1545109	1186202	1070158	1403251	1222139	
0.3839	0.3236		27869	24493	43238	34857	29714	25523	41141	30723	41100	33536		1271545	1110234	1512733	1310324	1356880	1591728	1517572	1579379	1623002	1264563	
0.5996	0.3821		48441	43590	38878	43151	30588	30815	33773	45829	37098	45506		1456018	1362249	1308095	1586013	1351492	1348042	1447454	1617749	1413947	1446277	
0.5621	0.1045		32400	33199	42561	41763	41491	34628	33156	26522	24636	39557		1354174	1564969	1503793	1744815	1547706	1392034	1360079	1204596	1300800	1406149	
0.853	0.5239		42674	44243	46028	42700	42020	52432	39061	48137	46124	46212		1289821	1651314	1466545	1404895	1341190	1358768	1360626	1577747	1562098	1440988	
0.6806	0.8399		34031	34410	43023	36771	63858	47888	35687	50704	54575	41430		1213104	1114731	1289434	1150790	1416637	1325366	1249526	1443879	1465202	1486000	
0.4168	0.2814		33958	31708	34420	25395	45579	34687	29869	25933	28240	30283		1316150	1276565	1537837	1308776	1579083	1457300	1297616	1335330	1328779	1436101	
0.2003	0.6664		32301	33771	25985	22606	29658	32069	29612	31975	30898	25297		1263505	1383853	1222319	1156569	1254401	1288123	1418389	1290706	1342483	1219958	
0.7477	0.279		44504	28441	33261	53235	42254	33853	31525	36503	43858	34963		1547334	1290790	1290750	1452861	1557486	1354978	1299669	1465109	1398123	1607761	
0.0781	0.5331		25578	24935	23995	36550	26638	21267	19265	31624	32701	21937		1351122	1409920	1254945	1564367	1302020	1228560	1165303	1455131	1241155	1147526	
0.7866	0.3535		50446	47910	46801	39124	46867	35607	35216	32234	36342	33250		1466232	1372364	1385208	1298887	1764570	1337985	1246918	1202644	1364272	1412414	
0.2202	0.3687		26093	24407	23549	21522	36238	30656	21341	29517	27310	38054		1232281	1136090	1202731	1138400	1322597	1361035	1220078	1407585	1565186	1227289	
0.2712	0.8485		37220	29872	37624	30059	32898	30728	31020	45807	45129	41271		1278778	1089170	1327937	1253747	1250738	1397733	1294526	1164980	1220719	1307665	
0.0751	0.0902		15992	23571	15684	15815	25061	32283	26394	16517	22880	34353		1334282	1328317	1286052	1125948	1498394	1721923	1378576	1280406	1336155	1586428	
0.2528	0.7546		30425	27307	33634	27902	44014	33543	27789	41062	44490	29121		1230996	1282662	1349310	1221420	1500915	1343517	1305558	1361142	1455888	1301002	
0.8965	0.6522		39248	42592	42199	50855	57675	54541	34342	38559	55707	51221		1346232	1364863	1396016	1697466	1501295	1288137	1043237	1186923	1447975	1699344	
0.811	0.201		48110	36396	46623	44445	46829	34076	26925	29989	22871	30364		1675331	1488507	1220420	1296450	1532625	1402848	1081565	1085186	1038146	1263680	
0.3873	0.4425		36352	36162	36931	26090	28379	34548	45184	27360	26960	27150		1362994	1574698	1498788	1138512	1471053	1563861	1728408	1419490	1304598	1267530	
0.3226	0.2951		30746	39444	37382	30958	20734	25736	22201	34967	23845	24577		1401988	1517265	1455488	1254480	983844	1355656	1197518	1394774	1282851	1281782	
0.515	0.6101		30719	34598	30354	29372	35153	41519	30952	29995	34926	32392		1633713	1407888	1351775	1269498	1450264	1282508	1241392	1186534	1185841	1309112	
0.7248	0.156		29873	29847	24700	35642	40192	31457	44685	24861	24498	32796		1057209	1109235	1101543	1186411	1232589	1348184	1613663	1225233	1259512	1373949	
0.9285	0.399		43388	35939	40898	34756	35704	61360	49241	49567	53217	49622		1490486	1287641	1331746	1220836	1196552	1595507	1497310	1403539	1629679	1443824	
0.5066	0.6888		34400	40965	27333	52303	46074	46732	55457	46420	30588	59105		1273204	1385864	1036555	1396850	1586499	1576354	1667661	1517875	1238125	1621061	
0.3868	0.7508		41246	34953	39921	38398	38252	45939	37829	35263	38382	33584		1680172	1388738	1366992	1406563	1417322	1441462	1510034	1377661	1329527	1334462	
0.9542	0.5905		41319	52409	43187	39423	58940	52198	43209	38589	45442	35179		1345975	1264007	1381200	1430747	1329854	1240386	1362199	1322489	1284196	1184471	
0.7708	0.664		35231	42154	41359	41692	44192	35086	44716	53799	53608	44618		1073880	1325559	1438233	1335243	1283038	1544615	1231143	1239417	1338686	1470351	
0.3934	0.1676		23839	27297	31535	39776	31673	40152	41799	27282	31083	38768		1374331	1324262	1434909	1781236	1430682	1754025	1596256	1129707	1436938	1693222	
0.3544	0.8563		42943	47564	44915	41392	30479	33242	53911	36454	31425	35938		1504010	1749988	1374095	1482930	1615132	1383090	1481917	1404343	1348891	1412844	
0.8591	0.6598		40528	57773	47950	52221	40761	35858	44319	40253	41173	41043		1323224	1387586	1515432	1362501	1279939	1140135	1359166	1095879	1251439	1223987	
0.0522	0.7337		20634	31558	28474	23801	30163	24663	36243	22845	29061	24469		1038548	1499039	1453299	1165451	1331824	1436137	1386024	1257115	1259654	1362307	
0.3854	0.6393		32240	24842	34382	32754	26744	25927	36722	37366	43228	38399		1255252	1137492	1514422	1181530	963948	1174996	1299234	1289601	1539345	1203890	
0.4155	0.3999		45754	34384	32765	26285	27570	36424	27535	24843	25658	35433		1571989	1417019	1248993	1321558	1153332	1362293	1146510	1125929	1273064	1342589	
0.6429	0.6551		32197	36974	51817	49123	37430	32590	33346	43286	33347	36773		1260241	1363219	1657865	1467419	1344456	1180045	1073806	1192227	1085993	1329694	
0.2394	0.1863		34081	25952	26719	26065	22298	27883	20496	23217	20657	30336		1486189	1221929	1302351	1323646	1215007	1217087	1226204	1122671	1154123	1291470	
0.3091	0.83		45603	41415	41121	37163	29782	29510	30891	45259	29274	34113		1342378	1216996	1246556	1343256	1147752	1259883	1212409	1230021	1025248	1282792	
0.6498	0.8308		41498	36112	47204	42363	41981	41177	32941	40819	44570	45476		1212079	1020732	1261088	1236547	1265496	1270238	981852	1268564	1487683	1286959	
0.6009	0.1373		31837	24475	29804	37903	36581	28926	35823	30247	26131	27800		1361910	1329076	1298291	1436666	1468991	1261715	1334465	1242877	1284696	1324473	
0.0523	0.1062		30429	27723	30392	30643	24478	20926	28342	24641	21288	30686		1516235	1650197	1555639	1541724	1282725	1301265	1407569	1272253	1440464	1520625	
0.3128	0.4608		38652	28749	35473	27089	43812	25894	32065	26185	27427	39109		1451064	1190697	1389339	1384054	1310654	1250695	1293285	1323829	1257160	1562118	
0.2198	0.8588		42872	32368	38881	28629	36364	32362	24491	42457	36593	34630		1323485	1202946	1458416	1523948	1383467	1338785	1078497	1728129	1310434	1286401	
0.3214	0.5262		28837	36546	35126	37166	26280	25784	40524	44037	26129	33144		1171286	1276670	1204489	1275337	1082429	1232163	1364639	1316233	1022548	1333993	
0.7353	0.3249		32723	27831	46804	28213	28155	35254	32266	36376	47001	31416		1460838	1101366	1386601	1132510	1287180	1361703	1363678	1342776	1669799	1279703	
0.9544	0.621		35026	35166	35510	60419	45581	46634	54020	42523	35456	34440		1019173	1220724	1237301	1516348	1289578	1441132	1635429	1703496	1195514	1078729	
0.6938	0.599		31385	55200	42611	30062	30907	40833	37237	40500	50249	47110		1183926	1757413	1321541	1017019	1293050	1243890	1371738	1538700	1277270	1310863	
0.6908	0.8989		52600	49478	46503	47653	51961	55368	47909	53823	48680	51133		1244402	1325168	1263105	1397592	1282108	1297236	1271794	1619777	1330767	1494785	
0.92	0.6821		37695	38127	45046	43023	42428	42474	39607	37819	42471	42784		1178879	1020514	1208656	1200767	1268804	1206034	1337682	1318935	1181997	1243896	
0.8661	0.1142		36710	45183	36735	34270	43704	42989	36585	31006	44326	36629		1456185	1283518	1386276	1443969	1453141	1353064	1530662	1541063	1451379	1445476	
0.3689	0.4945		37389	36802	37533	29435	40323	40015	28498	38212	39684	24046		1220034	1465564	1322167	1282567	1465957	1293639	1296768	1508185	1430306	1185109	
0.4754	0.8469		34541	33693	34619	48612	41687	37184	50476	40634	50439	32755		1326923	1486844	1144841	1510147	1503906	1496387	1554435	1370090	1703453	1201190	
0.6213	0.9572		44729	57862	50503	37786	51638	45866	41323	35077	41649	43278		1313042	1706340	1420025	1276583	1221937	1311849	1332111	1195329	1245483	1577029	
0.1711	0.9417		34962	28017	25404	44125	30801	33404	35004	30439	28494	40186		1242980	1305660	1182219	1535463	1454470	1506378	1253122	1447884	1388150	1759561	
0.4239	0.4992		40775	23457	34717	27047	35937	35466	42337	43348	32148	40021		1522789	1032779	1299026	1396684	1432592	1259441	1413474	1456228	1403548	1521700	
0.77	0.8258		40523	40188	44072	55478	38605	35995	42264	51236	49993	35849		1279697	1471387	1343674	1188987	1228727	1228063	1426520	1470839	1575081	1049474	
0.9512	0.7334		44150	66553	43738	61844	60941	40403	55376	48745	45197	57322		1400219	1563473	1203039	1467160	1478050	1255909	1270215	1344030	1278198	1445537	
0.9717	0.7232		44506	48564	43837	62328	55925	46213	59115	63895	44779	66186		1371167	1427126	1227027	1568363	1368437	1277237	1566311	1450506	1358084	1560924	
0.6919	0.9606		38313	39984	51342	42194	51085	38782	54439	60540	40539	53562		1191513	1291797	1604535	1455633	1545025	1374742	1418943	1706156	1413141	1636660	
0.3482	0.9366		39451	42571	46135	43826	33814	47656	32566	47210	45751	42125		1393258	1491736	1727258	1596395	1299088	1469315	1176084	1341761	1253591	1353782	
0.8746	0.4708		51178	32735	39987	37010	52699	35525	39313	39164	48348	31565		1433111	1064065	1316690	1153505	1470079	1382207	1298911	1315017	1412597	1133733	
0.2927	0.3363		31771	30818	24813	27253	36898	37387	30842	30598	25306	37692		1584439	1442026	1353144	1282810	1473801	1525181	1346948	1432961	1294708	1576619	
0.7345	0.6847		40381	35307	39403	42749	44332	53002	55201	34819	50942	37851		1207779	1098151	1255069	1287442	1466283	1479746	1367498	1223774	1519372	1308291	
0.2581	0.4481		38733	29310	28566	34453	32570	20725	26154	29477	25796	27947		1432994	1540496	1238503	1176776	1068338	1090872	1291627	1424775	1295355	1589216	
0.3891	0.0986		32708	30776	38523	26614	33113	24173	24643	26574	23542	20006		1300028	1358330	1378296	1401284	1391127	1233551	1485114	1358507	1186778	1378370	
0.6652	0.1378		31528	30068	43131	27169	27916	39237	29374	27508	34831	31455		1252765	1597020	1322118	1306489	1426893	1489726	1370628	1284079	1474317	1381778	
0.4359	0.2399		23929	28944	39676	28678	26525	28872	21582	35875	24419	35641		1291452	1406397	1577336	1301138	1200736	1300008	1032465	1268224	1272096	1310225	
0.4732	0.9184		36362	47547	33269	34925	46268	35172	50805	29801	31599	34265		1369838	1540990	1234669	1566036	1335565	1531299	1592576	984384	1123053	1261168	
0.1732	0.791		42948	28649	34918	42778	23584	28868	41560	31535	24220	30948		1357811	1238574	1359308	1491301	1165520	1482451	1690008	1294580	1240285	1396928	
0.9114	0.9679		63905	49753	39558	54661	57896	46347	51508	51780	41069	48171		1537027	1318109	1142776	1421684	1212322	1155937	1227866	1330902	1288692	1264370	
0.1378	0.0636		19594	31905	20654	16958	20653	16628	17517	23077	23048	26363		1216132	1395462	1183476	1168398	1193257	1093961	1097065	1309282	1379503	1556129	
0.853	0.9538		61253	58298	58445	46460	61878	52502	43910	38083	41676	41685		1338087	1670674	1499599	1320125	1285042	1568774	1254886	1137870	1143831	1173097	
0.1177	0.6205		31428	29932	26203	25451	39628	36623	39434	25121	25387	27934		1401648	1235608	1185260	1260601	1449931	1326315	1404016	1193859	1230723	1180328	
0.3855	0.6618		38016	36490	46549	35556	30844	30243	34752	39507	47113	29874		1393708	1378250	1736430	1744204	1359932	1297707	1528830	1751620	1533736	1315106	
0.0518	0.1746		26434	29816	25817	21567	17145	17522	17179	13359	25245	23383		1602603	1501221	1319057	1240415	1094574	1097684	985420	1137951	1263167	1251933	
0.992	0.8724		56855	55535	48533	53516	49109	45794	55043	53408	63693	60037		1678359	1368660	1340184	1317339	1075679	1055574	1328574	1429797	1364522	1600231	
0.1094	0.4031		25389	25105	32763	25505	36199	26527	19435	27483	25786	33308		1232983	1209962	1417812	1399576	1623179	1370803	1302285	1433314	1267607	1154832	
0.5044	0.8752		36096	37371	33434	33220	41043	37922	38542	49071	48407	38607		1171088	1205385	1131237	1273692	1447898	1226114	1368664	1514078	1186431	1384337	
0.9755	0.1537		33412	31229	34395	34093	43148	51621	54755	49941	49551	45338		1323097	1206540	1247816	1321670	1414518	1491916	1640218	1653781	1311863	1453465	
0.5439	0.3684		32434	30410	47629	31213	35783	26875	26689	39784	29250	33428		1278403	1347927	1537070	1325230	1332348	1214416	1129493	1461842	1163900	1330853	
0.9288	0.4546		51903	37628	49504	39811	41373	42043	44790	55272	51050	43416		1573957	1237895	1392628	1330448	1498646	1210107	1295220	1462738	1468440	1390299	
0.1072	0.051		25615	33304	23242	20048	22738	19595	23284	26558	19778	17248		1524400	1739201	1322766	1290853	1265203	1273229	1283688	1368053	1268583	1186141	
0.5204	0.8589		39811	37903	33580	44469	37144	35420	48076	51161	50066	36084		1261449	1342434	1166897	1428349	1320063	1199572	1658114	1638431	1453562	1153080	
0.532	0.9653		36034	35761	31648	32759	37097	49787	31478	35813	39495	59253		1199613	1034398	1140124	1265862	1221449	1437819	1232494	1448766	1220044	1193697	
0.0835	0.4465		25342	29140	22561	29789	29891	22516	30683	27788	18682	23782		1266197	1420401	1286358	1299823	1224491	1176172	1242011	1183253	1351864	1230935	
0.7207	0.2497		39953	40195	44749	29423	32100	24860	43230	29047	46582	39974		1521378	1472797	1604044	1459100	1325045	1117757	1683521	1241960	1250030	1511821	
0.595	0.1754		33730	37818	33694	26156	23438	45754	42396	30927	26787	29213		1228184	1244834	1260993	1065959	1249887	1393447	1701989	1313295	1467062	1343082	
0.2564	0.6984		30883	29483	22295	33160	32931	39697	39915	39383	26236	27160		1339319	1277887	1279551	1365665	1623833	1428000	1436798	1449854	1251074	1468849	
0.8408	0.7459		40934	37883	41841	44246	47794	51683	44258	41123	37582	37052		1265600	1275170	1549680	1561335	1418771	1574017	1338445	1247299	1357899	1324513	
0.5407	0.6551		32132	44462	26977	47649	43192	27899	34592	45699	27470	27758		1195929	1220486	1221597	1493914	1229345	1163321	1538597	1382084	1221822	1222567	
0.6336	0.5145		46034	30362	32844	36524	39771	33235	38704	38282	29985	38324		1550927	1100590	1179046	1259811	1378938	1233951	1274186	1221545	1084151	1144645	
0.5214	0.466		21908	28350	40119	30876	28891	24171	25176	35726	37312	28379		875825	1214291	1308836	1200984	1209847	1071736	1069143	1277951	1579274	1203401	
0.1242	0.4691		26882	31456	25776	30871	36064	23394	24276	24242	35715	35544		1525718	1518995	1263031	1183344	1612164	1134035	1461629	1217307	1589957	1302478	
0.644	0.4896		32155	26675	35286	45677	35790	30188	40845	31526	33948	35144		1290392	1167810	1304921	1692500	1341139	1213710	1416877	1210087	1356581	1158916	
0.68	0.1311		27378	25643	39171	48016	46901	34679	29995	41650	48498	34308		1134356	1131273	1362646	1370720	1758613	1347866	1353187	1527473	1518254	1269688	
0.6878	0.9555		44355	49326	43726	45599	42282	45861	36988	58696	46669	46370		1441241	1455725	1396165	1232584	1348426	1419031	1149291	1695890	1615088	1296813	
0.9306	0.9861		53130	48877	53382	63331	65991	46895	61988	53712	50997	41521		1354518	1262566	1195405	1284137	1387987	1358564	1252176	1277416	1532277	1057750	
0.6139	0.2468		53236	31274	31202	27849	32855	39367	27852	35197	35548	41914		1448854	1332360	1291263	1362433	1243733	1271608	1283940	1303690	1345158	1627215	
0.1282	0.9362		33146	33349	36368	32804	26014	31301	45806	31586	35041	28908		1198496	1308354	1333968	1212367	1189985	1346281	1733978	1208996	1550899	1417582	
0.0861	0.6213		32869	24151	24388	28069	26528	35989	22925	22345	23913	22158		1423024	1483086	1209332	1604190	1257731	1618075	1243115	1052563	1213537	1257837	
0.7457	0.8798		55978	56284	47008	46533	37323	39062	41955	43488	59077	47706		1356765	1408056	1376178	1290416	1475870	1367978	1296331	1363974	1473750	1410054	
0.3185	0.9638		31645	36001	31158	34160	32690	40084	40782	36060	36361	36822		1320703	1538402	1365070	1296284	1126217	1345923	1410058	1435074	1376189	1442155	
0.8582	0.2228		40304	43596	32303	44706	31507	27181	33681	32235	37445	40981		1455951	1475139	1340362	1444744	1286495	1110101	1341223	1253662	1770723	1690313	
0.8576	0.2677		39262	28601	50983	35677	46653	31248	48232	35302	40966	39993		1498775	1067998	1472238	1260105	1695093	1359865	1429422	1488865	1451129	1418671	
0.7441	0.4055		56073	43188	32256	34418	40012	38987	39896	40494	33945	32135		1618517	1364024	1314757	1306394	1408541	1429587	1257246	1335642	1263659	1309594	
0.2419	0.5913		32185	29604	25833	30833	29330	26134	25675	36832	26739	42345		1411961	1632729	1389734	1570031	1242961	1144179	1532055	1579366	1226409	1354948	
0.9945	0.4543		36187	45013	52015	49055	48498	45913	44729	42264	52637	41779		1198751	1368332	1523849	1344756	1514135	1519884	1346760	1199133	1259545	1287360	
0.3432	0.5501		27478	23941	19819	34947	34851	35151	29304	31998	30763	33217		1243983	947010	827009	1390862	1524947	1471870	1261966	1360996	1303276	1396992	
0.2334	0.0571		17677	24547	22240	21231	26100	22643	17443	17172	21871	28238		1144653	1385906	1315565	1244010	1290126	1334299	1005485	1015527	1569006	1317377	
0.7664	0.436		38730	44267	49192	38302	37248	32855	36635	44224	34609	45153		1216957	1584294	1572819	1642555	1395731	1394256	1541145	1446983	1496163	1635103	
0.5905	0.8558		55189	55320	39178	42085	33605	50145	38939	36625	38819	35731		1421876	1379853	1449272	1335821	1138595	1367520	1227922	1360381	1223051	1090240	
0.8843	0.6705		50837	33058	54946	48415	57657	63059	61541	51451	49621	50066		1277097	1217287	1214091	1280397	1482534	1724171	1650724	1615520	1354354	1435263	
0.7201	0.4454		47764	31537	32404	40566	45545	50352	33652	34518	36360	40484		1509212	1193205	1219328	1439558	1478748	1316273	1315803	1358121	1301993	1425374	
0.2295	0.8157		26136	27490	50301	25225	43233	35515	27656	31812	29641	31662		1313360	1231615	1311407	1302430	1530765	1450385	1165351	1320057	1407373	1423916	
0.645	0.5374		28809	31972	28797	27953	44807	32701	39565	53966	34671	38258		1050390	1334277	1077656	986413	1289520	1405449	1419139	1357426	1621165	1266492	
0.9075	0.3515		40762	53872	37926	58424	43506	39739	38568	51836	49512	43882		1473730	1431264	1526412	1615672	1290728	1333019	1307422	1478831	1482107	1443862	
0.2891	0.8735		31351	31760	31296	46833	29519	29925	32378	29513	29049	30938		1260466	1184737	1218264	1477858	1144127	1183395	1232463	1253132	1193788	1159672	
0.8697	0.2374		43910	38564	38646	38517	45105	48913	38952	32795	45565	41826		1266756	1406511	1421587	1281087	1486940	1553694	1338335	1204554	1165362	1419332	
0.7849	0.2829		35281	33604	44921	40999	35023	29994	55939	43130	46334	28577		1510597	1324138	1517787	1380658	1444000	1261168	1453908	1317382	1582193	1332970	
0.3753	0.2462		25096	29216	25593	22332	26595	22031	27743	31321	33056	35009		1517865	1173803	1288771	1169794	1254031	1182977	1380900	1445965	1438094	1294945	
0.4008	0.5015		28019	44817	35337	35893	43616	34907	42474	44986	36502	31022		1153918	1234275	1425064	1336827	1647272	1296073	1581064	1414279	1250722	1322720	
0.6623	0.6614		62050	34468	34288	29910	31235	38258	40847	43997	39200	37027		1297251	1063729	1096930	1162497	1077162	1268217	1280545	1287137	1337917	1134159	
0.2487	0.5112		34838	24280	25603	28108	31764	28397	30176	35005	36501	22649		1283179	1195658	1171647	1479153	1266314	1260015	1433202	1362614	1419716	1195961	
0.4287	0.1206		35615	25864	35442	29276	28937	37341	36723	30503	31532	31305		1603021	1350608	1425652	1368043	1326044	1443907	1627934	1441764	1328613	1477177	
0.8252	0.3884		29459	36494	40892	39412	33610	35056	37091	44369	56087	41126		1116995	1253710	1273824	1427417	1372183	1305188	1486475	1520739	1466193	1363026	
0.2189	0.9128		31331	42025	34785	29901	35052	31596	40667	29945	33169	44589		1418874	1588465	1440104	1319581	1314096	1336122	1653635	1269714	1431608	1464165	
0.5905	0.2762		35881	33667	28439	33950	43343	30102	37814	25387	28767	39433		1293959	1207970	1251601	1255689	1439655	1279944	1399200	1153228	1023816	1347509	
0.1492	0.5925		38411	28862	26824	20715	32919	32665	36882	34329	37769	26540		1382780	1601401	1241716	1130799	1261615	1249869	1223335	1241554	1324233	1195939	
0.4957	0.3542		27869	26541	24260	30848	23570	39875	23575	27920	31065	38429		1168482	1096014	1043632	1097301	1051324	1238688	1037800	1168551	1123605	1436062	
0.8739	0.8591		49875	49591	52344	55749	50171	50436	46143	36729	45426	47343		1292545	1296402	1371104	1225210	1669371	1314065	1205358	1124560	1308091	1511470	
0.1397	0.6759		25166	25392	38293	26279	32605	28640	30915	29108	39870	28422		1180854	1552226	1558910	1193366	1307632	1300681	1407895	1246217	1433434	1468972	
0.682	0.3703		33960	27309	45246	33914	32582	39606	28086	38726	46821	36957		1294606	976559	1230948	1270750	1170701	1351738	1229723	1509474	1668696	1348153	
0.1754	0.5447		27151	37324	27322	37094	33833	24446	30629	30262	25073	34649		1277856	1447153	1236690	1570295	1252646	1183259	1449098	1509858	1199074	1577488	
0.1726	0.0857		22652	24413	17443	22989	21424	21176	23883	26221	24316	31496		1309170	1203510	1019382	1263366	1236261	1192892	1455439	1258251	1425031	1541095	
0.6156	0.3515		29788	30450	44947	37526	32127	29721	30986	29554	36505	31333		1320487	1080981	1733236	1429931	1213035	1215851	1189076	1173744	1246974	1271595	
0.0729	0.5679		22663	35660	23317	28693	34858	22089	20172	26327	22828	25976		1227368	1427685	1365170	1640580	1513456	1183704	1123561	1302452	1240451	1292293	
0.7697	0.8451		42321	44296	45239	38931	42558	47381	47333	39318	50014	39161		1277084	1501368	1256325	1150292	1274425	1342887	1609498	1240883	1205761	1137910	
0.4435	0.0958		26122	38294	40197	38511	30907	27827	26673	27493	40412	26295		1375072	1509867	1554950	1593338	1470981	1489640	1321485	1374628	1792460	1283521	
0.9573	0.9916		41184	45113	48872	57405	48086	57631	69681	59871	44746	59135		1183116	1246490	1252307	1360920	1273804	1199138	1343228	1548043	1144455	1505967	
0.9077	0.2948		32437	38515	32885	32561	50860	47806	40852	36559	45446	28781		1168819	1206873	1213630	1158840	1414513	1455684	1327327	1381259	1274637	1240249	
0.402	0.5715		36519	33237	33412	28135	30979	31385	28858	32395	28733	41681		1330881	1542731	1396267	1118585	1308259	1134399	1212463	1288786	1296291	1332436	
0.4841	0.5268		32508	46228	32943	29846	25975	33199	47015	37022	37307	31432		1210349	1560738	1221464	1230728	1319115	1451516	1382167	1262321	1336396	1300653	
0.6219	0.8952		41326	46991	36831	55284	41599	41315	41972	41441	33656	45064		1327922	1345214	1443444	1460475	1190551	1419813	1332919	1228035	1061159	1367155	
0.1633	0.4925		30270	35750	35819	33652	37734	39699	34127	25021	29132	32226		1467988	1478810	1521983	1428906	1563373	1655566	1456383	1245150	1504519	1401974	
0.3306	0.9421		39999	34526	35183	30766	32335	31225	33952	35488	60367	28428		1272289	1366920	1209978	1120097	1171617	1156082	1028300	1222500	1303069	939259	
0.96	0.075		29382	45854	46489	36347	40840	31173	33954	39786	30448	49840		1200816	1510750	1354521	1382250	1340352	1298068	1175464	1452700	1459078	1575154	
0.4126	0.2179		41903	29267	27918	37468	46407	27377	29550	37802	42533	26012		1365210	1250883	1294435	1454952	1429546	1237658	1206078	1517105	1537745	1312813	
0.1054	0.2861		32415	26742	20971	17432	18629	21960	30034	20750	24963	23330		1370675	1446677	981907	932202	941377	1189958	1273008	1108433	1467774	1177328	
0.8748	0.7251		42518	46385	41629	47006	38446	39687	41480	60904	57254	46784		1217696	1305670	1226249	1324656	1276215	1258360	1434119	1454817	1483467	1400132	
0.3815	0.3634		29701	43876	25483	39011	36484	22789	25202	32988	27731	38165		1259664	1479738	1359404	1371492	1285011	1070201	1027679	1542707	1166276	1482745	
0.321	0.9872		42589	40845	38781	50103	48811	39888	34349	34048	38142	36211		1359175	1360527	1380952	1313898	1438496	1405512	1326602	988589	1274241	1324784	
0.9137	0.5763		40139	41457	46847	45350	52926	57210	50979	65717	36164	60640		1196783	1238704	1321091	1336869	1576085	1638686	1232484	1510093	1129088	1343010	
0.8355	0.459		37537	58339	48526	38772	31672	49306	50521	33864	33156	32631		1373323	1447745	1552110	1352476	1052613	1283408	1555806	1238431	1044653	1183303	
0.412	0.9483		33917	45177	30103	36872	41622	47816	33188	31528	29504	31436		1250333	1201055	1214123	1263858	1305623	1507957	1193503	1039202	1055272	1207799	
0.5726	0.6916		44013	41510	29188	40187	31967	33628	47859	37011	36099	51709		1757487	1481033	1111831	1401764	1244345	1286362	1629623	1342712	1415470	1620328	
0.2902	0.8415		51651	31554	31951	42861	42811	43249	30350	28897	48382	26153		1580878	1295465	1258404	1585556	1465889	1199730	1160964	1173555	1256716	1110852	
0.2192	0.2973		25782	26717	29969	22102	32729	24656	29705	26755	37628	27000		1153704	1282050	1318764	1205533	1360234	1227850	1195320	1452807	1560396	1512330	
0.4904	0.2769		26179	22886	29982	25331	29421	33972	29546	29329	25497	28299		1101889	1207209	1185709	1274228	1300533	1352439	1321888	1255627	1163271	1155125	
0.9539	0.5627		51980	45377	53019	60664	49269	52442	58040	46762	38008	37715		1444351	1448041	1579283	1522140	1230229	1490905	1629449	1313637	1285922	1216380	
0.9251	0.388		31647	48681	40534	43659	39900	38324	49053	42532	36759	43950		1153811	1337660	1341219	1250001	1248913	1335210	1454708	1098084	1096431	1443280	
0.1091	0.371		23501	35782	19833	21786	18740	20948	33916	34302	34499	34161		1338440	1601098	1063054	1136929	1218691	1243432	1506269	1375706	1600781	1456339	
0.766	0.2901		38827	30894	31360	39311	49344	34824	42470	35236	46352	35833		1323258	1117280	1148324	1309011	1278328	1387478	1463042	1244832	1415844	1299408	
0.8764	0.9951		68167	52858	42678	57280	43925	45306	51769	56500	43635	42388		1240702	1551533	1138644	1286435	1486961	1424936	1325626	1232770	1194082	1174762	
0.8551	0.8908		49813	59159	44073	58980	65965	41288	71194	57810	42200	48095		1238457	1393960	1313974	1571538	1536697	1248253	1529913	1234591	1343266	1302348	
0.7556	0.1202		27252	30677	31331	38549	27343	31398	26697	35892	37869	25212		1183154	1298537	1276630	1407804	1303791	1255351	1334328	1248911	1121874	979737	
0.1846	0.5411		26205	34665	39188	25665	26457	24138	30476	46053	28269	26303		1219254	1415726	1495792	1182712	1206125	1071699	1256194	1509898	1398522	1192036	
0.9108	0.5508		37755	59058	45178	46304	46904	63572	40765	48172	50276	42623		1265017	1339431	1420239	1445265	1470665	1373869	1112021	1306738	1300417	1281719	
0.8511	0.0888		27747	44232	42404	28530	28652	35012	40983	29033	37549	33763		1458708	1443032	1294749	1130419	1214364	1273046	1216792	1192483	1140618	1459611	
0.3754	0.9167		37005	34212	34777	35564	40940	46043	50648	42311	37736	40867		1425795	1337601	1286168	1339254	1369854	1453064	1574114	1445332	1401557	1342198	
0.8171	0.9166		47165	37940	52141	51215	58039	41198	58058	57534	45382	47946		1467431	1173324	1320980	1400829	1578011	1339711	1772844	1615154	1353399	1553101	
0.4397	0.9402		41024	41011	58020	49243	35574	38259	37552	37829	38330	43785		1287962	1455003	1516885	1638889	1383126	1404037	1451420	1423551	1352709	1399039	
0.6948	0.1033		35345	28281	28820	31907	34474	30048	26570	41135	32068	29282		1380758	1351482	1214801	1438599	1367228	1325394	1568904	1771078	1449371	1256351	
0.1842	0.7029		25428	41303	22994	40173	29340	34004	29290	26325	38363	27049		1158164	1285421	1316089	1557156	1431021	1592933	1320323	1475449	1542172	1183353	
0.064	0.379		26478	17884	24456	28477	27011	24780	26770	28119	22195	29012		1250039	1354088	1392229	1394409	1308282	1325653	1575688	1278433	1389247	1293678	
0.9036	0.8334		44870	46248	42448	48432	59275	37018	46031	65339	45833	48979		1334274	1345966	1227049	1292284	1447318	1419827	1567998	1594114	1394798	1531678	
0.346	0.1218		31245	31008	27170	45865	32599	33553	34019	27596	36177	30421		1440961	1394565	1459883	1663251	1522707	1398627	1444865	1354886	1592151	1615787	
0.1666	0.7856		28744	25261	29453	27731	38142	26100	26871	23478	26996	31332		1185251	1291116	1270629	1223377	1402307	1279186	1387904	1140168	1334928	1299593	
0.6808	0.2519		40508	44243	45984	35845	29061	31794	29455	32592	29025	24818		1506284	1517132	1680344	1369438	1183206	1321041	1165305	1274030	1165304	1078309	
0.7045	0.1426		25203	24017	31675	33638	35320	29178	31987	32112	29463	26291		986275	1004708	1129856	1135729	1275126	1292980	1238407	1232684	1112200	1010727	
0.269	0.2719		29097	27280	39017	37465	26532	27759	26134	29072	32650	29671		1352857	1326313	1448761	1604516	1315594	1240438	1522363	1349302	1205885	1274019	
0.5902	0.8271		30813	51732	49644	39594	31758	34570	48626	42422	51320	34452		1189980	1648295	1470297	1209291	1064132	1210807	1295384	1448383	1353711	1088952	
0.446	0.9311		47643	35507	54069	50067	37697	30671	46292	39388	36896	35849		1199417	1337444	1211071	1657204	1257861	1094447	1299148	1411731	1246780	1283834	
0.7548	0.4707		50559	40286	45207	31544	38810	31426	34195	36208	33235	57844		1399747	1339330	1362777	1138831	1290861	1272756	1400541	1291956	1169425	1486770	
0.8579	0.926		46556	51497	57295	50411	42423	58944	52964	69998	44131	62324		1367212	1170072	1347555	1394406	1177524	1710612	1300896	1245585	1224939	1366993	
0.0531	0.8843		22515	21056	20997	21163	42696	33790	39407	35673	24226	26012		992782	977189	1018696	999127	1411438	1371972	1731495	1370949	1136167	1185144	
0.4929	0.8139		36796	36281	44469	39822	32791	37695	43436	37608	33908	43749		1292158	1267191	1558064	1286143	1202659	1271758	1243634	1280655	1420003	1388523	
0.9745	0.4926		39839	42477	46743	53664	37424	56601	53390	58796	40440	61543		1295706	1374728	1404041	1335928	1184949	1646079	1247281	1607298	1233757	1481440	
0.8832	0.5573		41700	48374	55348	57771	54467	43023	34136	34962	56935	52932		1453010	1428967	1487384	1581715	1614188	1187111	1071891	1221049	1437957	1402831	
0.4027	0.8596		33517	45847	41394	35961	33173	38313	37229	37197	35826	37267		1127163	1260330	1331694	1170188	1240509	1490793	1272732	1275907	1269390	1186428	
0.6523	0.134		31272	30520	26455	23843	31412	43119	24002	28550	36332	36184		1226087	1252069	1248961	1163458	1418281	1524277	1114964	1232555	1425469	1275973	
0.654	0.4383		32662	31685	31096	39440	33584	46896	33375	49435	40872	41576		1151442	1206851	1188898	1210138	1337451	1380990	1272926	1506756	1485776	1613323	
0.2048	0.2142		25428	27781	35555	18191	20422	18014	28577	22517	22034	21883		1326783	1380722	1589892	1176406	1142221	1208695	1415203	1225712	1197154	1223200	
0.665	0.2168		29091	33151	32147	30337	44899	38983	37883	43567	45601	26282		1214469	1335530	1424335	1301235	1522539	1343560	1521756	1420876	1664777	1267823	
0.4208	0.0812		24536	24121	24338	30037	31416	28669	20924	35182	35593	27664		1114731	1251048	1216312	1282328	1270609	1251192	1163440	1396135	1431522	1417645	
0.7497	0.0849		33955	34857	32732	34424	32145	30545	29670	30449	36851	32027		1481045	1304434	1410913	1307047	1526378	1283825	1516264	1266192	1331871	1373015	
0.3926	0.4545		27786	28579	31487	33463	35046	30600	34782	27935	42634	35457		1191934	1285512	1310429	1426929	1357134	1506524	1420143	1437762	1390039	1289538	
0.2175	0.1253		18297	19551	25318	25525	34947	25683	34697	27893	34416	18105		1036496	1022745	1266317	1502143	1590423	1467674	1398257	1329884	1575762	1162632	
0.588	0.5172		32903	26903	34346	38100	46319	42953	26479	33937	31732	42643		1081395	1136947	1220092	1439131	1298186	1409164	1131930	1336482	1337469	1354352	
0.2124	0.084		17818	20977	23540	31981	33618	20822	31468	41775	22121	28317		1248653	1340974	1363952	1488097	1440827	1271730	1503753	1499021	1365252	1353514	
0.7904	0.9904		42751	46160	42529	60445	51431	51594	46299	63779	39146	51710		1437971	1390798	1304678	1633584	1516113	1317533	1345098	1445999	1329197	1502818	
0.6948	0.0676		27614	26965	35554	44109	28805	35197	38756	24768	27811	28734		1137587	1204865	1293886	1212956	1067122	1141867	1107212	1446361	1202848	1209898	
0.2307	0.1098		46973	38147	36531	24621	27318	22231	28871	29891	23189	21549		1615190	1564938	1472249	1447637	1286311	1223372	1226794	1397830	1236585	1193628	
0.967	0.6026		50955	37775	38794	41450	45423	45685	51609	43250	46723	60276		1298511	1091952	1099193	1262583	1274675	1330308	1413209	1183565	1230633	1349933	
0.4618	0.7727		32147	34082	43779	39044	40740	28387	41278	36799	48834	37578		1108145	1310155	1540776	1423569	1369739	1296887	1648795	1472966	1519641	1452020	
0.1245	0.4261		44966	24403	22980	24799	37228	29744	24425	35630	19371	30271		1511376	1231863	1204403	1377230	1431035	1388595	1383904	1573601	1227692	1383893	
0.2658	0.9643		46564	34190	42409	34333	34477	26702	31082	43525	42259	27817		1809676	1381601	1464455	1219947	1308159	1256664	1506484	1197539	1349633	1335408	
0.686	0.8799		46001	50824	43658	54112	42456	43991	55227	38813	37889	43935		1236499	1513388	1206239	1309320	1321119	1241770	1266335	1154195	1175035	1211845	
0.7174	0.0608		37077	31071	32802	37934	28071	36055	36139	42762	28146	39481		1554331	1242160	1255520	1441583	1111500	1480216	1476328	1316843	1353627	1332986	
0.2509	0.3421		25628	17917	21305	28106	26604	31801	35163	26480	24836	20964		1210616	1154377	1120316	1487161	1285815	1348224	1293010	1248569	1328535	1221497	
0.4356	0.6436		48860	43389	34170	32812	34368	32277	43637	31279	34682	32654		1208310	1702754	1168520	1211569	1484494	1375897	1584112	1292244	1229591	1219533	
0.369	0.8346		43428	48239	47210	28485	47021	33145	35147	34897	46597	33033		1521893	1651335	1551221	1265588	1659310	1244033	1345681	1443056	1632197	1199195	
0.1714	0.3247		26439	30049	25822	25976	24585	23965	40712	27591	24440	31525		1178855	1449567	1310838	1324654	1267938	1310128	1645799	1505440	1286995	1411417	
0.2717	0.2593		23259	34636	23608	37524	33967	24664	24338	24292	27028	39107		1207706	1294056	1249437	1383191	1554396	1342903	1172419	1668115	1657344	1547817	
0.226	0.7365		33928	27670	33404	40569	32296	23226	30775	24070	32313	40100		1228862	1165661	1547323	1555599	1294106	1034252	1182508	992309	1393508	1471206	
0.8231	0.7733		50247	40310	52185	44190	45016	46048	40497	58566	41750	45056		1387504	1318279	1381127	1265887	1537821	1352418	1316083	1476368	1237023	1375206	
0.652	0.253		32036	26115	26010	27574	30998	31151	24582	23921	27487	31244		1294779	1008184	1063787	1068948	1172729	1246739	992407	990284	1300329	1283163	
0.3483	0.3847		29908	26599	39706	28841	33807	23949	29562	39786	32568	41564		1411087	1253102	1343512	1471090	1403017	1177848	1384998	1556374	1410669	1655649	
0.9255	0.9432		63312	42079	47301	60869	48844	68409	70598	51682	64920	70199		1540150	1225814	1201339	1484782	1309359	1568305	1413947	1271498	1470668	1614889	
0.7927	0.9713		63998	70712	51505	45761	44424	44950	39262	57238	51920	49469		1347704	1372960	1285384	1417246	1329063	1236049	1301725	1457635	1603625	1481740	
0.5922	0.5873		31176	31857	34374	28965	52469	58192	34696	39138	31652	30720		1200910	1071235	1179471	980485	1248900	1665729	1220745	1258177	1296789	1049618	
0.6029	0.2769		39279	43781	29833	29856	34555	51877	39054	32936	28562	39646		1396499	1450746	1441220	1211234	1543406	1639848	1449817	1778295	1272145	1186425	
0.7043	0.7178		36270	36514	61127	52241	37021	44828	35152	37201	55050	54107		1263897	1586758	1366151	1533128	1376861	1344055	1483537	1327520	1557825	1581252	
0.2368	0.5861		28504	28033	25656	32807	29221	33251	25430	28098	22824	27091		1188910	1183184	1066419	1038002	1095599	1097857	1112536	1083840	1288888	1330608	
0.7818	0.9517		38458	59735	37510	52999	60103	38657	54651	50679	47936	46673		1474796	1592547	1128479	1341303	1580181	1268462	1587414	1264409	1498749	1542277	
0.8941	0.3705		37148	51713	36442	30445	52292	34886	34269	55379	38681	47918		1192246	1351855	1106357	1029726	1330416	1102327	1035578	1645944	1260310	1378999	
0.1623	0.6994		27010	46301	36986	33460	39434	31514	24020	32771	25191	26108		1276194	1301474	1272236	1383484	1304108	1559696	1259805	1145553	1221343	1173185	
0.8761	0.8993		53750	43534	45597	64595	48966	59734	56298	45032	54648	40288		1184455	1336775	1318917	1461572	1392079	1699164	1343483	1282514	1383755	1428305	
0.2848	0.6922		48453	29712	36935	24069	34699	25732	29174	31516	41630	37105		1576952	1469072	1287771	1228531	1218063	1098351	1206018	1172755	1289662	1271749	
0.9997	0.9028		62128	63154	61878	57859	53354	43740	54369	57949	52343	60910		1484917	1528668	1254112	1371610	1322533	1088026	1159319	1383084	1639122	1650292	
0.5613	0.3		53050	35741	52701	46426	43300	32153	28977	46737	43220	36961		1413997	1270563	1617623	1639479	1722235	1499525	1295358	1365991	1609347	1600311	
0.2134	0.2435		37053	28441	22556	32280	18790	24849	25763	24736	37406	29569		1553658	1337709	1259029	1378320	1296490	1336419	1252676	1273712	1534015	1727302	
0.2891	0.7994		33774	25583	32246	44744	37484	44791	33784	29619	34295	43622		1424390	1419582	1570089	1646068	1356706	1342174	1472860	1327243	1343379	1417771	
0.1736	0.6866		36546	30604	37858	34437	35011	25478	25725	40480	29418	32668		1442538	1282765	1739997	1679691	1501773	1308772	1246974	1289112	1498294	1728112	
0.1486	0.3209		26087	25080	20741	22836	26738	26122	23132	22914	26837	25853		1255311	1247190	1273649	1154269	1458448	1393485	1252110	1390705	1375366	1324705	
0.0608	0.5788		28599	36718	33822	36305	37350	30686	23862	21811	19717	35813		1207648	1554990	1411581	1536381	1361962	1392044	1450656	1194034	1238132	1418729	
0.9942	0.7304		37272	49989	46055	41127	45957	47019	50209	71827	59785	47032		1110891	1293524	1295365	1290461	1281482	1259626	1265794	1456046	1460760	1451853	
0.5932	0.741		33518	35217	29660	32181	36079	30639	33650	30596	46587	51056		1188546	1099234	1047122	1012462	996061	1069975	1248379	1121407	1282955	1523782	
0.5327	0.6644		36058	33657	29701	40055	41873	45921	39263	47619	45308	42090		1425958	1123877	1103593	1472511	1327782	1507885	1507222	1502925	1399501	1488837	
0.7334	0.5355		52573	42054	40347	51423	49436	38951	35028	36919	34984	44599		1688414	1380184	1703148	1644696	1309930	1316940	1298313	1167334	1283604	1474754	
0.1596	0.9734		27886	26184	32734	31239	31995	32007	42579	35380	29244	37432		1267682	1191583	1350090	1496326	1583198	1327818	1390807	1361247	1327053	1402279	
0.7785	0.6983		34589	41249	40003	43009	38992	39997	34377	40010	56162	66624		1038299	1196336	1164989	1169905	1167721	1309934	1028094	1248485	1762169	1415095	
0.6239	0.6077		42289	34229	35737	49873	41971	37463	34272	38255	39188	30512		1381514	1141300	1162965	1455555	1342179	1367947	1242362	1245661	1229342	1320652	
0.3013	0.6754		27707	44065	41023	32259	29803	27680	41933	27946	30205	29006		1498716	1699748	1499666	1290978	1379234	1336990	1657374	1379647	1233121	1308150	
0.8862	0.3822		38821	36963	37620	42989	38971	43885	40399	58904	54514	39126		1147839	1121583	1144787	1282528	1155864	1279581	1159367	1642747	1188645	1317120	
0.9112	0.9457		66711	52937	39708	45803	44756	58663	59660	50136	44124	47806		1233440	1092422	1292426	1281484	1162593	1385511	1226722	1230907	1227939	1289481	
0.6583	0.3711		31365	30471	33883	41783	31841	33652	27870	30813	35269	45422		1180561	1142443	1063052	1287417	1398468	1383746	1087775	1167706	1226203	1288786	
0.5547	0.384		36189	33609	36027	44812	43654	51426	44567	44956	38262	36705		1522351	1442146	1637185	1707142	1569106	1664758	1597469	1686027	1601324	1466328	
0.7329	0.692		34933	35578	52800	37555	44565	46962	59758	50477	40307	44013		1128978	1122126	1236937	1273702	1420053	1236821	1728197	1610058	1475339	1357415	
0.4539	0.4967		24926	44028	31854	41297	38316	43832	34153	42153	38799	40974		1163100	1778511	1319661	1331851	1319353	1492941	1329598	1192165	1369713	1224748	
0.4228	0.0607		21266	30773	24588	26593	26222	33016	26119	20146	28945	36633		1309708	1447985	1217955	1301739	1211517	1474070	1231532	1434435	1545979	1477897	
0.2953	0.9394		34714	34074	46106	33355	30316	33973	38950	38204	27626	43419		1318889	1261481	1459446	1445820	1188153	1199333	1386219	1342039	1069136	1421911	
0.1968	0.1546		23625	28466	22979	35806	28038	18543	28074	21894	26835	29472		1196853	1437134	1347316	1614324	1172971	1086706	1301251	1242291	1354369	1385861	
0.1684	0.3377		30569	40172	22718	22879	27088	32593	28243	26728	30207	29032		1276978	1086658	1321150	1405461	1259300	1481599	1409848	1265653	1178942	1335052	
0.2939	0.5729		34643	31562	31000	29936	28123	26321	30243	45398	38415	42058		1425230	1544429	1349405	1228586	1276894	1199436	1327021	1594652	1274573	1629529	
0.7337	0.9706		44734	55946	43523	43798	44976	55338	42584	53899	44980	58172		1349837	1465020	1172081	1252203	1289467	1471348	1196744	1322763	1261197	1533733	
0.9103	0.9718		50902	42401	43298	68023	50059	45114	45330	39188	43444	52704		1429267	1311993	1242383	1551619	1372293	1314815	1313079	1071174	1139783	1490425	
0.1636	0.6778		31327	36063	40396	41145	42182	40470	31365	38755	33846	28885		1231741	1511336	1384489	1456207	1341954	1417953	1355488	1748701	1488170	1252442	
0.9893	0.9132		50318	57243	47722	85622	54059	77142	69169	47319	40240	49897		1332666	1431778	1134014	1369379	1323497	1496621	1560186	1148019	906135	1134006	
0.2165	0.4055		35894	26545	26950	31379	23537	32185	27363	27461	26528	23732		1300385	1292080	1347235	1532662	1072152	1348276	1246900	1278908	1111383	1291216	
0.1147	0.9616		42479	33868	26055	28540	47262	30877	34599	30840	30925	27551		1362004	1316964	1111932	1203679	1404320	1385065	1340246	1336259	1210432	1192020	
0.877	0.7534		47395	44649	43233	41334	57190	43435	63796	50742	43115	42377		1355585	1358585	1225485	1184995	1439176	1458554	1436489	1425018	1641258	1501646	
0.7244	0.1938		41275	42971	45242	28858	37757	34232	29217	40151	32771	36576		1307152	1230971	1412929	1210199	1145113	1256193	1264210	1433166	1284799	1588865	
0.4094	0.2393		31659	32538	40352	40899	24188	23911	27448	37372	42999	27222		1786854	1438272	1380573	1770577	1165665	1153467	1172863	1349082	1511021	1221192	
0.7871	0.1723		34396	32743	31904	36126	50900	42323	30640	34564	31592	38288		1243834	1263697	1306151	1348242	1489269	1488186	1240647	1400970	1371119	1378477	
0.1243	0.3098		22751	27912	19949	21216	31398	28470	29103	18651	25630	34924		1259649	1281813	1046385	1102522	1299781	1308589	1357234	1370000	1439070	1720326	
0.7905	0.8304		54691	48255	58957	35790	44788	41042	36480	41040	53135	54926		1503471	1447840	1501530	1091331	1337078	1287295	1144965	1242283	1471559	1470417	
0.4265	0.6148		32334	32078	32938	39313	40452	34720	27817	32569	49555	65350		1070707	1604724	1339341	1259379	1316490	1363265	1300553	1289734	1251252	1611334	
0.8778	0.0656		47734	33021	31611	49521	48134	30473	37164	38880	33928	31718		1680225	1315179	1404622	1446712	1382999	1272784	1563210	1370197	1291678	1242139	
0.9043	0.1448		28600	32361	31448	31989	33643	35775	32003	32242	40829	39818		1166771	1210799	1134355	1266452	1316456	1341683	1264577	1410334	1410562	1387639	
0.5599	0.1284		38429	42151	40325	30089	26307	34138	26092	32249	29614	35223		1421303	1454137	1352439	1220821	1434181	1321295	1140517	1387916	1468581	1359104	
0.3442	0.7379		33491	39342	29436	30579	47911	37474	45384	44328	45883	44427		1360896	1334866	1210577	1157322	1295458	1231564	1498558	1348826	1460049	1384682	
0.2486	0.0845		34182	20964	24297	19655	27701	17674	28895	25281	18122	26614		1231814	1205692	1171517	1032842	1158432	1064839	1173683	1178202	1154693	1258469	
0.498	0.4955		41028	43204	28449	25943	31665	43107	38074	24455	42979	41250		1415046	1390281	1215264	1231695	1340509	1613838	1541304	1217739	1414412	1653037	
0.589	0.0743		35036	30471	29987	30826	26791	35881	29901	40788	35165	26998		1320753	1225091	1341000	1330075	1238018	1336492	1356138	1628717	1327165	1344316	
0.1733	0.3077		34842	29999	26182	37641	25397	22304	32887	22512	22976	37130		1452167	1443186	1256836	1551185	1580497	1524161	1479515	1243142	1272313	1580718	
0.2014	0.2105		29912	34235	38587	23591	33936	31676	27258	24877	24947	38188		1403304	1456973	1314145	1244481	1339053	1267110	1334672	1223746	1328198	1336634	
0.0624	0.1403		26711	22161	20812	19596	22566	16293	28028	22171	25283	19396		1276004	1183464	1222386	1384356	1296136	1093548	1330859	1407058	1387494	1270904	
0.8309	0.0817		29849	31417	37222	28541	29910	58398	32329	41451	34267	33529		1219381	1279636	1338544	1256631	1411437	1551639	1182872	1098593	1451367	1307172	
0.1911	0.6175		37384	26513	33991	28192	31188	29049	29262	40898	27371	28332		1311408	1433227	1347389	1221463	1314762	1514875	1337726	1550141	1189896	1287564	
0.9806	0.7977		67197	45753	64747	66490	51480	52485	55913	56889	45628	50504		1589500	1553383	1772138	1575651	1332493	1379000	1333415	1363496	1223152	1327507	
0.6117	0.8954		37665	46379	44814	37796	45951	41466	50320	39363	47556	52833		1218200	1468486	1495696	1245626	1351817	1493304	1479271	1355642	1372761	1342725	
0.3781	0.5263		28474	36091	32550	34345	29610	44079	36188	33010	42836	42181		1411595	1489579	1387315	1204034	1329875	1324769	1258284	1134295	1641172	1619962	
0.2946	0.679		35732	24603	44644	27498	31758	24722	32768	21695	47155	24416		1423029	1304102	1573108	1358921	1370728	1175484	1321962	1186439	1572994	1180675	
0.8177	0.2701		26634	44903	33541	36512	52135	44247	39863	50940	48064	50418		1205462	1405462	1446936	1529305	1552484	1630002	1577977	1388885	1520960	1544222	
0.1663	0.4145		26877	31720	37179	35840	38111	26551	23596	27157	25007	26728		1252782	1222962	1493149	1541792	1555305	1276966	1373776	1291955	1199719	1306371	
0.6467	0.9624		43993	39467	48571	36077	42171	50920	38972	39775	54404	48076		1175463	1140862	1067811	1366334	1325469	1339647	1155924	1463476	1283896	1363242	
0.7846	0.4256		47512	45865	35387	58617	38276	43096	42040	37252	52268	35500		1360999	1458694	1374353	1160969	1347509	1349707	1504689	1536205	1416079	1195448	
0.2735	0.8554		29532	31699	31919	42921	28031	29753	34000	44025	47135	30074		1125204	1142817	1533526	1612562	1429699	1158268	1411034	1621236	1395375	1305843	
0.4911	0.1907		25866	29295	23238	32605	31379	21518	35951	22360	36922	28699		1175155	1142890	1030959	1314682	1181797	1041817	1110779	1138313	1229853	1317397	
0.741	0.4239		47960	30381	37716	44454	32582	35699	38428	40587	43014	31455		1600380	1158776	1363039	1382847	1126107	1260163	1315307	1454122	1667344	1182510	
0.2496	0.5648		29774	27397	22205	23131	28218	28769	25875	28823	39945	39259		1192764	1162985	1010848	1059179	1382728	1260821	1239831	1266531	1474173	1488575	
0.1658	0.9193		33487	38447	41341	43539	35742	45744	31173	27754	36731	37556		1149353	1375743	1532182	1389105	1300613	1249830	1207546	1323022	1451364	1286260	
0.0656	0.6123		34202	20302	36993	36295	35990	27470	24218	36726	24281	22922		1381673	1115472	1567294	1225727	1320979	1306737	1194137	1563765	1264770	1130790	
0.3108	0.8483		35547	36333	35292	46672	33416	30999	31283	33259	31520	37571		1433681	1357791	1592988	1514402	1339608	1350861	1164356	1259349	1311559	1319020	
0.3606	0.8345		28343	32593	43546	31762	30357	43345	40600	36722	44016	46766		1230732	1180485	1356296	1123334	1034277	1467441	1305510	1297954	1290332	1505911	
0.6421	0.9952		56631	43774	55629	53592	41850	40528	37992	38869	39487	45587		1455003	1177730	1372152	1257252	1178973	1438283	1213099	1398876	1369607	1598475	
0.4722	0.5616		36727	40572	30415	29689	26367	46399	30297	26080	40175	26022		1295711	1481966	1480048	1261418	1186220	1632995	1295533	1136945	1502335	1334494	
0.3621	0.4343		27208	31290	30978	27448	27610	29624	27330	44604	27342	41812		1209526	1444058	1630899	1278283	1246750	1254252	1271902	1276425	1242445	1528259	
0.6876	0.5715		34359	41963	49600	35802	44275	36919	53120	53928	37043	37423		1464846	1433259	1367567	1500599	1589752	1379147	1432628	1447700	1319169	1285481	
0.7602	0.3505		31999	37783	47292	32284	49605	40641	36251	43939	44869	28288		1283327	1400428	1535928	1237170	1242208	1370856	1529078	1510642	1253209	1050480	
0.6462	0.6983		50937	49309	55322	27232	37720	42123	49117	31434	32218	34711		1431096	1317714	1431616	1227576	1259563	1271016	1429650	1156567	1172659	1291139	
0.9303	0.4138		60171	50746	37124	39271	34982	41692	48804	41679	56266	41766		1546141	1152974	1436660	1392717	1227605	1468994	1313312	1420283	1398792	1336372	
0.868	0.953		43467	55783	50461	60254	47599	47266	55400	48143	47386	42554		1221046	1566033	1334465	1608435	1302130	1280222	1477649	1442505	1346439	1116150	
0.3727	0.4315		41909	30817	44723	28693	30081	30845	36727	31180	32115	40047		1508454	1286831	1491768	1370788	1266885	1376268	1596434	1423746	1457015	1536125	
0.2449	0.2587		25483	19520	37511	42415	37939	20065	26656	23895	34179	23772		1231317	1118335	1439287	1296310	1376991	1292288	1285964	1350269	1530945	1607300	
0.4711	0.4638		28473	42655	27409	33187	28727	31274	39449	30128	44956	32626		1483728	1485668	1178140	1279937	1238458	1282419	1118348	1287905	1320576	1329099	
0.5324	0.6165		40089	43873	48091	32555	34223	30602	30878	35917	30757	35367		1329447	1577351	1403576	1059852	1324175	1165229	1227796	1079785	1277958	1483291	
0.0673	0.9546		24233	35551	29441	25659	33177	40129	22116	22427	23874	29052		1038567	1614025	1198442	1233951	1405811	1374314	1161463	1061644	1069479	1224296	
0.4938	0.6545		34663	29637	40190	31055	34210	34799	51717	27191	47618	34627		1337170	1157219	1450815	1334396	1372866	1495211	1501900	1228958	1499660	1347318	
0.8204	0.8541		47457	49428	61028	39663	37953	53688	41855	47902	63192	43400		1364690	1311938	1508711	1113243	1058973	1213766	1320032	1242832	1600413	1186822	
0.3861	0.6254		40896	46803	35619	31257	36308	48954	33728	44684	51337	44649		1558836	1718063	1348630	1280718	1294776	1444480	1366242	1442359	1690564	1353676	
0.6703	0.5804		33791	37959	37691	55380	52228	34674	52345	39626	30816	57040		1263952	1294264	1303790	1746087	1374582	1252327	1411792	1191842	1134208	1430311	
0.43	0.9574		30475	54897	57881	48783	33423	47591	32070	37814	40395	50342		1178338	1319298	1432348	1430733	1206887	1398964	1028308	1252622	1471672	1563052	
0.0691	0.2932		21305	34492	34303	29092	27056	34214	23753	28233	18298	24049		1209021	1288131	1409405	1394011	1512574	1445404	1314215	1402997	1106858	1352621	
0.4114	0.2273		31312	27385	40399	31614	21163	32296	25310	25274	18660	24997		1222967	1551112	1670642	1204318	1194792	1293737	1327627	1223822	1038144	1135462	
0.6984	0.2139		44970	35363	51415	46422	22571	32567	33693	26668	33652	55141		1315477	1304863	1696487	1391052	851545	1511925	1326664	1065664	1246384	1354829	
0.6582	0.8607		42193	34592	37154	38010	52735	41580	42484	45517	38000	39421		1170625	1011744	1227059	1290875	1461861	1270128	1288137	1431932	1346455	1215030	
0.2034	0.6489		26295	26335	25612	42374	51253	31764	26398	30490	28213	26657		1310767	1200669	1213274	1548960	1542969	1141346	1241832	1324692	1307882	1261919	
0.6591	0.5533		34652	40576	39841	44732	32927	49692	40051	34911	37574	35591		1333193	1327623	1421005	1342625	1255274	1182931	1364215	1314858	1448158	1307639	
0.4998	0.5106		24746	29300	46004	30123	31091	24685	28385	32130	39415	30591		1108780	1329265	1356093	1352315	1313126	1203400	1178112	1240676	1234930	1283514	
0.7581	0.3019		36567	35046	38293	35249	37350	44608	37932	33757	31833	37502		1299355	1270565	1341626	1496734	1299741	1516433	1298851	1244214	1247201	1358174	
0.2292	0.9608		36112	30121	40890	37173	26332	35795	41219	45180	30177	30440		1275754	1158261	1450398	1334415	1240838	1390334	1359796	1638615	1416409	1387152	
0.3557	0.4179		38601	24610	32954	26507	29127	34513	24139	44532	31104	39007		1310326	1422809	1301696	1210672	1298228	1519931	1199015	1333334	1339759	1503526	
0.2121	0.399		22797	28339	24630	37419	32991	30596	28123	23231	24477	38449		1301566	1228924	1427574	1429277	1513540	1670067	1209159	1173486	1273326	1675486	
0.0622	0.2662		23489	20618	27549	24662	27450	34244	20505	21016	25949	29391		1297493	1150499	1240916	1377450	1336802	1486478	1245232	1228785	1280540	1404397	
0.2971	0.411		22672	25183	25214	25001	28185	26198	29353	21479	26205	35348		1196946	1081841	1169765	1180244	1230482	1213716	1146499	1087644	1028248	1216710	
0.3754	0.969		42309	39457	31855	44850	34555	55054	34187	49247	29615	34271		1344392	1250764	1207888	1503525	1246911	1497294	1200893	1311393	1157169	1205547	
0.6499	0.2407		24952	37070	44716	29980	28635	30693	29282	42597	31364	44389		1196003	1284506	1586040	1511558	1247556	1265724	1291965	1411796	1415638	1624943	
0.1671	0.5678		29158	32782	25076	22765	25961	28944	24577	27249	22073	24673		1465537	1386658	1178321	989945	1099813	1306299	1209909	1419124	1164607	1188123	
0.3184	0.7379		33390	53824	32441	29243	32788	30486	29491	33873	29217	41028		1366124	1472718	1338123	1175136	1400236	1125222	1020796	1303672	1174136	1476180	
0.4158	0.7702		49048	40577	27657	32386	36027	48402	41797	35677	43218	48661		1533275	1357125	969365	1136382	1329170	1360309	1368654	1334975	1399467	1384652	
0.244	0.639		46508	29128	30743	37443	42759	27498	28349	28204	29534	25945		1519106	1394067	1419877	1406567	1378987	1396145	1326477	1207396	1182432	1153762	
0.3528	0.9795		29442	30524	34050	41492	46480	47662	37823	43578	36401	34276		1175172	1145667	1241974	1626855	1459235	1706640	1485590	1561884	1392892	1086849	
0.1623	0.2295		28678	33523	24724	32231	22701	25348	22327	25691	31837	24897		1505023	1679502	1255379	1440536	1337621	1177222	1186001	1369183	1437075	1546682	
0.5618	0.6668		41231	39899	36507	48534	36609	33020	32316	28288	39993	60228		1225434	1346369	1277651	1480365	1241741	1286204	1213615	1426605	1406975	1639800	
0.501	0.2757		42078	42436	46577	42633	23780	24569	29151	35212	24253	33369		1578114	1680059	1271584	1555994	1048822	1076510	1270586	1573293	1052698	1282197	
0.9209	0.3151		34333	30840	37944	37563	49538	44000	55748	42181	42863	54430		1202195	1098645	1132434	1579734	1550235	1232030	1435586	1247381	1291892	1449513	
0.2438	0.1508		21563	28056	22081	32053	37217	24883	22671	22180	24959	32540		1196454	1310281	1142143	1320306	1523883	1328686	1439823	1514086	1431936	1226800	
0.6224	0.5808		39675	35378	38011	51523	50778	34921	35439	33642	40877	29896		1352008	1433365	1374647	1624159	1532806	1253734	1358186	1283786	1518657	1205162	
0.8528	0.6441		52375	41802	58625	42078	42342	42926	42313	49426	40632	40741		1360600	1707618	1599169	1209002	1318305	1327879	1214932	1435629	1221090	1300333	
0.5062	0.3062		29255	34039	30668	42459	24717	28531	42239	29445	26803	42618		1252383	1328928	1146707	1623989	1175016	1611111	1443885	1239844	1289714	1269442	
0.7375	0.3274		44055	29124	40475	49265	33474	36622	31474	37269	50600	35798		1487393	1254175	1222061	1394482	1465241	1231761	1065521	1206791	1293572	1131367	
0.8629	0.0684		47388	31989	47779	39788	33845	45656	31687	46262	37419	45253		1666314	1206492	1496606	1354162	1305306	1529168	1536113	1591336	1481515	1750885	
0.2	0.2553		24072	30301	22908	34344	28290	28518	31646	34634	24384	22142		1204845	1265299	1187056	1513619	1372385	1216577	1261924	1435199	1505884	1216401	
0.4975	0.7339		31006	31143	48627	32975	37963	35615	34596	39741	39054	36930		1322849	1231473	1600078	1153333	1129633	1126940	1170710	1315200	1154683	1291859	
0.6368	0.3879		39532	32430	27853	28276	36640	39141	40068	32733	42374	35080		1170189	1536260	1109690	1208729	1235482	1378038	1548434	1246528	1366509	1403810	
0.485	0.8593		37335	38696	46030	31403	45175	41723	34723	32997	50977	49480		1269385	1390262	1369539	1062925	1233333	1280230	1245495	1201959	1337897	1402505	
0.3731	0.1807		39836	27943	42971	30145	32770	38008	37066	37436	26635	34576		1435979	1334538	1432932	1283058	1241496	1337809	1132586	1367823	1331975	1367361	
0.7516	0.4095		48676	36494	29585	29458	41350	35032	34048	38360	32296	34753		1659291	1249626	1206673	1167219	1302049	1241666	1272996	1350198	1273234	1349110	
0.2282	0.7877		30363	27498	34182	26130	33680	25364	43388	31617	39309	30101		1312138	1069383	1340296	1271079	1466843	1120006	1581299	1489253	1382380	1308436	
0.1632	0.3743		35597	22417	22598	24369	36247	22812	29832	34056	26350	22985		1552249	1178245	1191558	1045793	1510863	1162386	1439027	1292384	1554297	1434402	
0.2493	0.7608		28104	29462	37122	30730	24729	31830	30786	40664	29926	31618		1224051	1547484	1215735	1327670	1063492	1304443	1613579	1204055	1149408	1065321	
0.776	0.3675		25434	42699	50498	28947	34773	30632	48908	41930	45992	34148		1081530	1328024	1383966	1187769	1372891	1273711	1652222	1353616	1535819	1245995	
0.2941	0.7624		36925	28514	41674	30523	38359	26597	31706	42359	34552	32911		1330491	1161077	1312033	1247935	1258677	1029602	1575812	1489224	1387437	1526291	
0.5648	0.3068		34537	27721	25233	29091	28827	25460	41376	39222	33806	40205		1335785	1147937	1113568	1254133	1282050	1122073	1292916	1351476	1147435	1363610	
0.2578	0.5572		36729	23241	27884	33018	22803	31361	27578	28049	28696	25534		1334524	1143069	1157678	1306896	1057604	1209608	1143843	1171161	1126315	1109405	
0.6566	0.4446		37111	40205	46720	40215	28136	35961	31698	39470	46729	36658		1496178	1390903	1784204	1599405	1563310	1480001	1447765	1350588	1381886	1431736	
0.8594	0.7148		51142	42949	53506	50814	42482	53770	53147	45699	39570	42268		1354826	1215930	1221000	1521489	1195010	1392117	1450102	1392249	1209324	1363774	
0.8824	0.1496		34411	39995	32880	32913	40356	45614	32322	28106	32160	36569		1200018	1579667	1310505	1327183	1199597	1306420	1214594	1157995	1241622	1380450	
0.9885	0.5291		40870	37195	38857	46588	40756	42502	42231	40354	42792	42983		1245467	1352511	1283985	1529472	1202729	1272128	1268523	1325668	1694773	1423124	
0.9395	0.0593		33863	28324	48840	30738	27127	37138	34137	43888	37795	41666		1286835	1232570	1340056	1141980	1055796	1245815	1208864	1253771	1319433	1358342	
0.8425	0.9735		46512	45814	48868	57708	45602	51899	55964	53852	41765	67756		1329456	1211350	1110224	1065207	1135567	1377030	1452125	1469006	1291571	1285602	
0.2535	0.2638		22631	16467	15349	36785	26631	24235	21850	22357	24416	33616		1064778	798678	1042136	1457652	1281408	1193509	1136818	1290280	1434444	1374723	
0.9467	0.0841		37948	42247	31390	35289	30498	39596	32725	29917	49706	33537		1283983	1232865	1290276	1429321	1274872	1203707	1187181	1229413	1667962	1120384	
0.5868	0.6736		29928	31673	29067	50382	32729	32421	34157	33751	42623	32779		1243176	1118174	1117953	1458104	1209112	1262876	1302364	1375394	1422094	1237553	
0.1789	0.1969		28485	35283	30745	21705	23701	28441	32923	20990	26701	25358		1224756	1303215	1263303	1137229	1252499	1400683	1175788	1050626	1180009	1374154	
0.4577	0.545		35432	42873	44545	37409	41762	46872	25890	32717	35555	32016		1334041	1334225	1443160	1333018	1451286	1337098	1135835	1096071	1307715	1460569	
0.5679	0.0909		39807	31727	36828	38666	27224	28219	38419	23916	32742	22106		1658025	1208301	1153273	1446911	1219277	1419491	1269041	1104101	1403851	1198798	
0.9829	0.5146		39455	54808	39385	36437	34846	52071	62241	46627	39881	50426		1272763	1283239	1123716	1151689	1352477	1490409	1227285	1336992	1259317	1543200	
0.8461	0.8066		39705	46659	43541	37196	47711	55813	48430	55566	42783	53695		1229162	1357334	1384288	1341454	1413719	1488199	1440675	1610906	1380175	1395227	
0.7168	0.8428		64097	37971	37451	44557	41527	63752	58543	36021	41903	49618		1320327	1326651	1186171	1672844	1654618	1821741	1655523	1136265	1304260	1352169	
0.2936	0.2433		20994	22998	22644	27987	28125	34084	35816	41375	26555	26271		1437349	1180965	1262898	1390312	1318825	1457128	1556737	1541368	1311830	1319448	
0.2182	0.1236		21868	35967	28642	36229	39766	19422	23633	26738	18779	29389		1399479	1655648	1349644	1549465	1575688	1221292	1213752	1301896	1253899	1372271	
0.7195	0.1467		29413	26668	31257	29433	28336	32258	47897	26872	26615	45298		1080958	1067052	1288638	1171815	1326422	1253686	1169951	1053044	1220749	1346256	
0.509	0.5257		32766	36424	34371	34399	34744	23435	53606	41295	30989	25747		1849981	1587008	1535058	1472532	1498784	1235435	1660346	1539343	1325895	1103127	
0.5684	0.7791		37212	33575	35164	57123	32448	35692	34652	52494	48785	33107		1446752	1190958	1426085	1403480	1209382	1242362	1285019	1557845	1510269	1061176	
0.3055	0.6364		27860	36371	28958	30927	31533	30879	29807	29777	31259	39548		1045005	1266289	1107325	1258152	1323444	1278461	1199815	1206970	1396329	1412428	
0.5343	0.8975		38014	45408	53364	39292	55124	52522	38532	50880	36369	57883		1478633	1297428	1481937	1455792	1568853	1592638	1295754	1247926	1385114	1849741	
0.3287	0.1334		30666	37746	37315	33270	39453	21591	20571	20541	38825	26479		1398222	1581651	1414853	1241699	1568546	1301175	1123290	1138002	1503489	1204653	
0.306	0.1216		25579	19219	26625	25356	23285	37836	21688	15943	30349	29938		1241974	1223995	1261715	1281797	1378464	1602900	1167047	1098755	1477636	1287160	
0.7895	0.8622		58973	38344	41481	50869	40721	42628	51060	47759	50240	50592		1527018	1293582	1476965	1425222	1329781	1421796	1484085	1600882	1486779	1227564	
0.2091	0.7335		42312	31818	40760	36122	32852	26058	41025	26821	40081	29405		1593098	1361882	1469984	1499552	1294633	1374373	1498058	1475650	1426962	1235165	
0.6241	0.3483		33939	32022	32419	33880	39595	46035	45480	44665	30911	37428		1297594	1260822	1278486	1315091	1400723	1559552	1637691	1597871	1358802	1420438	
0.6043	0.5612		31845	35925	47869	47826	36583	43344	40205	41487	35984	36755		1145583	1247352	1439525	1639447	1504337	1511131	1370075	1361740	1358749	1347145	
0.3426	0.6205		27913	32312	43580	36497	27850	36796	28908	32520	29431	36474		1182743	1298053	1633991	1608538	1202523	1480925	1225864	1213838	1152619	1223890	
0.9118	0.5772		48173	54812	58541	67472	41498	54153	56724	41680	41026	36820		1281433	1574883	1671735	1343122	1389234	1257533	1341545	1200603	1100437	1053857	
0.9463	0.2827		38284	37144	33032	52198	55861	39811	34670	36983	33852	33530		1296291	1230923	1253296	1601856	1469995	1463271	1371392	1417511	1175876	1178871	
0.8437	0.2483		27766	49274	48919	31205	34477	34876	38635	33894	35158	47701		1046758	1451778	1160921	1225149	1236342	1270432	1319173	1196070	1351892	1606051	
0.9472	0.8311		52267	55359	63622	72121	84999	70157	62058	75876	81015	90684		1229446	1498300	1541736	1437371	1526191	1281798	1315358	1397412	1477509	1598182	
0.8112	0.3556		46105	32210	35009	28355	29890	28918	51992	48973	32303	35519		1242935	1033000	1266257	1037045	1282040	1176618	1376243	1248286	1107213	1191569	
0.2988	0.9557		27272	35197	28914	30868	28424	32561	32708	45400	54563	31371		1125159	1327785	1144705	1037222	1174715	1218769	1272013	1361500	1380260	1262436	
0.5402	0.2209		28452	33700	27768	39558	41159	33842	22604	26161	41547	35173		1258029	1328562	1263182	1407901	1621049	1329967	1058837	1472913	1500571	1358029	
0.4204	0.8287		48755	33329	38119	30363	36605	48621	36941	36491	30122	32867		1461606	1205228	1167829	1148719	1307467	1626424	1366166	1466873	1419923	1473439	
0.9019	0.9678		40347	66854	44126	49016	47664	51777	51916	64082	48335	54406		1130528	1355472	1148331	1264886	1325776	1337714	1415157	1739287	1216615	1225239	
0.8509	0.3776		31222	36069	39576	50749	38577	47604	38192	43691	43321	45342		1029574	1282626	1286763	1612528	1157174	1372654	1316140	1396483	1266908	1237946	
0.5136	0.1063		28963	28419	27375	27540	30309	40231	36372	33651	26439	25458		1205382	1297400	1214096	1291016	1180527	1146313	1389192	1282760	1301555	1352505	
0.3629	0.0942		32741	26050	37911	37421	25506	28605	22104	31509	30549	41036		1369830	1337511	1391066	1479141	1245443	1135916	1103563	1304197	1417305	1455524	
0.8846	0.1353		33573	32637	35542	39318	38231	45705	30636	42248	33624	31847		1301680	1084168	1307743	1436467	1329525	1286050	1368350	1507156	1264047	1291657	
0.6564	0.1431		23684	32100	31575	32318	43127	35376	39424	43141	24623	28918		1199372	1224597	1276464	1419133	1508274	1313916	1158019	1334801	1100373	1199773	
0.625	0.3215		35868	38017	36406	45193	29605	38537	53410	46840	30449	30580		1491571	1430130	1402234	1510820	1373422	1537686	1599742	1544756	1593755	1505648	
