24	25	
0.1309	0.9579		29762	19727	28586	25360	41988	33175	26709	33203	24311	22919		1177353	1489559	1267012	1442488	1942051	1679686	1501786	1856773	1457238	1425379	
0.4416	0.3263		20512	33058	74598	90927	34929	20760	29399	18820	27222	37959		1523650	1761591	1921163	2109518	1653137	1360194	1511975	1088679	1338128	1527442	
0.1752	0.9875		25329	25259	27628	22952	21807	35728	36073	25372	22906	31235		1310168	1278292	1263475	1075197	1060037	1843390	1591905	1261141	1047925	1310140	
0.3373	0.3944		25552	19139	23372	32781	40930	22446	26418	20664	31778	29590		1596145	1204868	1338400	1373239	1969608	1360998	1353959	1543277	1454844	1616988	
0.9836	0.6687		34237	47291	43523	41021	45882	46875	48885	34218	40605	47392		1243161	1479583	1602402	1407914	1236985	1670711	1653894	1212919	1508089	1694909	
0.0816	0.2728		13320	13094	23423	18590	21065	17022	21828	16882	26188	26403		1062408	1049808	1364446	1360146	1480231	1262888	1244655	1309656	1562093	1528587	
0.2737	0.1532		28384	27842	19129	24615	16705	26575	16827	21560	22281	26268		1608229	1511790	1185925	1373479	1176087	1415764	1254025	1395085	1274904	1532960	
0.812	0.5718		31160	41853	32667	40320	42202	32649	41894	39647	29203	29330		1253326	1353466	1351232	1337194	1594129	1387675	1798852	1675672	1256236	1275361	
0.4181	0.5531		32298	27693	37195	32532	24820	35549	34783	44574	24609	27321		1288947	1357046	1487700	1377862	1258502	1249290	1299902	1392368	1250476	1467093	
0.128	0.4015		27689	24158	17760	25989	20104	27464	23452	17277	17090	21982		1413332	1237351	1184874	1359880	1254685	1564785	1236729	1107489	1222351	1320495	
0.8567	0.3565		24041	28148	25979	27466	28482	29871	28304	37006	28639	29533		1143438	1311835	1443174	1281778	1298048	1299185	1438778	1606183	1376403	1375859	
0.1747	0.4873		13415	19739	19008	19378	18930	22022	19155	21658	29268	26051		1082991	1435150	1276768	1279376	1309609	1305337	1186832	1327508	1515203	1355051	
0.3051	0.3277		18875	24512	28571	23775	23746	16617	18858	19944	16765	21994		1498572	1478554	1417593	1546965	1375206	1029879	1141408	1375411	1171426	1374105	
0.9714	0.6031		44100	35508	29026	39690	31679	34813	29919	31993	33805	48092		1498480	1357743	1290692	1403369	1253590	1260583	1151872	1351245	1523390	1494991	
0.9752	0.9991		40536	44896	41649	39347	58757	41438	35884	43287	53176	52265		1282990	1316255	1211973	1225086	1397098	1354222	1268918	1389663	1569813	1588218	
0.5385	0.4451		31162	24229	20828	23586	28311	23824	27087	27712	35372	35110		1283427	1252610	1053371	1206907	1364829	1281099	1315175	1327967	1585171	1361618	
0.7602	0.6155		48754	41131	39095	39082	38315	34716	30322	25535	28378	45553		1468768	1526070	1648014	1338010	1410422	1445345	1150260	1198182	1305604	1526850	
0.0879	0.3389		17729	16886	21038	18709	20495	17202	17560	19099	15280	26727		1144294	1232792	1157409	1170813	1184797	1350111	1197548	1207055	1052461	1272262	
0.1052	0.6651		21226	30224	21344	20463	29317	18191	20171	17278	20740	16966		1335480	1215557	1320100	1404478	1403900	1185302	1134072	1032562	1090637	1016745	
0.8347	0.4764		29374	31924	38004	26641	32630	29858	38228	26853	38755	29134		1343681	1283250	1390907	1209348	1331610	1335074	1542963	1293417	1737198	1266918	
0.8818	0.5112		26405	40307	52774	28904	28724	27851	31843	29425	36735	30905		1119155	1340164	1426025	1248207	1167340	1119862	1282695	1150003	1370814	1153805	
0.6078	0.3257		28177	29793	29797	19402	34040	29184	33634	25255	23120	32989		1300962	1174582	1306207	1329319	1519282	1248813	1595166	1275262	1212918	1682892	
0.9633	0.7623		37551	33347	49073	49541	44688	51658	43063	37583	39543	49023		1283891	1095281	1368938	1386379	1279255	1575898	1402152	1206532	1344085	1471497	
0.5465	0.7012		39279	33306	39385	39026	28603	33428	27127	26623	25414	33700		1549014	1487250	1558352	1509984	1305041	1331397	1288551	1322500	1166253	1454352	
0.6966	0.2923		23435	33614	25360	23563	30187	26385	25446	23495	31089	22715		1358426	1601527	1455866	1196750	1489321	1317248	1291293	1167139	1281013	1261608	
0.3764	0.7345		22638	36515	25888	22942	31029	36784	30852	23271	24659	25871		1153814	1630466	1248213	1188610	1331203	1609553	1422640	1213469	1334534	1561542	
0.6563	0.4542		22453	30961	27902	33256	27492	24912	22072	21860	30637	35754		1204116	1372837	1341668	1319289	1347341	1182749	1014056	1164147	1339714	1458768	
0.1897	0.9686		25729	22329	22994	34938	24851	24480	27948	35480	33230	33002		1247734	1045212	1138124	1634462	1300258	1188767	1183023	1357574	1685203	1582322	
0.2218	0.7785		25167	24934	23661	33220	23012	32811	33015	33587	25146	20559		1223040	1381571	1395093	1497756	1229356	1681374	1660922	1348110	1282641	1207373	
0.3112	0.8836		35738	35572	29237	26462	23217	23900	32236	23946	31765	25949		1390544	1474518	1333061	1278139	1092947	1088485	1368764	1201157	1363108	1330343	
0.2416	0.9931		28711	23678	26098	23643	29198	25285	25943	25844	28142	25957		1274467	1113288	1474928	1172152	1248092	1147474	1204123	1299002	1364461	1190704	
0.4459	0.1102		20468	19714	18344	17666	18314	23134	27355	33448	16947	28708		1196798	1192183	1214793	1239636	1198204	1382116	1231169	1629270	1144261	1278850	
0.4769	0.9706		28758	42286	41537	28963	27125	42105	42591	30950	33536	32601		1157841	1343521	1601635	1061411	1112394	1681338	1556602	1309851	1346620	1292432	
0.9185	0.8117		37154	54242	46417	46630	46464	43261	36386	38970	35475	36523		1349498	1333908	1630174	1662914	1451150	1359277	1407891	1452283	1294442	1249633	
0.8496	0.9918		39411	38048	39388	47705	47826	48288	38210	38754	36252	47283		1400869	1261791	1348987	1514387	1568410	1492430	1299634	1431657	1437878	1545967	
0.9492	0.1329		30884	21148	35978	28369	33403	39207	27214	25483	23401	23352		1521687	1344943	1701558	1554743	1400234	1651068	1459493	1282766	1291166	1278921	
0.3056	0.3823		19971	31091	30753	22419	21185	21356	22093	19736	30356	24741		1124768	1355838	1504167	1278024	1307664	1205947	1330317	1159569	1542908	1366433	
0.3936	0.8219		38183	25569	31069	41848	35710	27289	36624	27678	25931	28660		1447874	1145940	1281432	1358305	1255356	1242150	1514381	1297404	1152944	1254029	
0.9184	0.7187		34043	39407	37457	33766	33653	42675	46085	50880	56128	31087		1226582	1365723	1291609	1278748	1352383	1467056	1693995	1821321	1588994	1230534	
0.1191	0.5757		23728	17538	27704	29674	19372	19909	18575	23333	22267	17155		1393912	1044485	1589804	1492739	1229814	1204049	1333675	1531160	1393682	1200400	
0.8818	0.7902		57099	38987	38711	36504	38421	48666	33344	53997	37399	34787		1482395	1481159	1312601	1397046	1426495	1564680	1314419	1416905	1315103	1336744	
0.9928	0.7967		48315	35090	47336	40021	37645	46370	37749	48623	39807	38677		1427242	1173940	1499062	1479469	1120171	1221181	1303474	1409797	1301991	1137106	
0.2836	0.871		22742	36186	30907	24951	31358	26002	25886	25216	31174	40164		1099476	1642263	1448235	1246813	1275546	1263277	1374738	1190225	1403346	1366329	
0.3969	0.7346		24096	27438	27284	25366	27879	21384	39263	28434	41918	28052		1220252	1326209	1205401	1288083	1297479	1287542	1545330	1311467	1699649	1248524	
0.0519	0.5673		27275	24817	20944	19542	27254	17459	29549	18949	19941	17413		1832172	1529886	1342438	1418568	1666012	1385619	1700188	1466538	1424214	1239635	
0.2485	0.3658		21627	20499	18731	32987	22464	29166	16204	16118	20260	15530		1439399	1115425	1091492	1525418	1410447	1582480	957567	1065182	1316225	1059433	
0.0626	0.754		29056	21926	30299	30152	23252	29645	26298	21842	27719	28317		1429406	1499140	1731712	1422077	1444754	1501656	1426098	1444138	1431225	1511490	
0.872	0.7987		37693	46935	39971	38828	34291	48856	47588	48625	35989	40862		1304671	1403149	1196419	1253036	1308740	1683995	1530829	1389316	1443922	1356999	
0.7171	0.5626		27980	35993	37848	32955	38317	39799	40171	35145	36880	42672		1258972	1518887	1490114	1274642	1270973	1244856	1536943	1147749	1386500	1651235	
0.9062	0.6391		31477	30932	52142	42399	36357	42781	43522	38960	37480	38175		1295178	1168836	1532646	1404545	1367737	1411110	1629024	1317442	1238618	1285810	
0.1498	0.6543		35948	31480	34320	31025	30947	22882	19571	19365	31042	23118		1427322	1481557	1380054	1754075	1620963	1375482	1078337	1076915	1522884	1481407	
0.1254	0.881		33810	31333	29674	34846	19932	21880	21559	21021	22756	34065		1657318	1573796	1542035	1404281	1159737	1067000	1203345	1084943	1352824	1486319	
0.4691	0.4235		25508	21748	20279	22391	20990	39108	27813	24252	21936	31366		1296514	1300061	1290330	1139853	1113119	1395117	1370658	1170199	1186335	1278267	
0.9853	0.9612		45154	36433	45501	39264	39317	42273	44466	37654	39485	43446		1271231	1179668	1319987	1267162	1238778	1335824	1306074	1134392	1302951	1181508	
0.8101	0.4659		28284	28186	29858	38073	39404	27305	27054	31643	39851	24803		1302156	1317244	1456176	1395016	1576133	1114431	1261653	1282164	1413736	1153568	
0.2966	0.7113		25112	25905	34648	23256	32856	25025	25344	22741	22794	23011		1319718	1280501	1624006	1259945	1487933	1219238	1250293	1102058	1175806	1290602	
0.8669	0.9212		44686	48865	33333	58173	38288	41282	46149	50661	38440	41617		1309145	1457823	1321966	1515789	1314147	1431414	1357108	1686707	1308373	1341752	
0.406	0.27		27215	25580	19016	22566	28940	23554	28767	28672	29401	26454		1171021	1339845	1154266	1175416	1495681	1365138	1514065	1542588	1427767	1176618	
0.2669	0.2007		23934	22164	16681	15754	19672	18843	14783	18091	20153	28041		1351656	1291979	1143614	1193578	1313037	1362717	1334885	1376201	1383551	1548398	
0.2512	0.3072		21044	18831	28436	20650	18354	19114	18899	27382	17403	24672		1512446	1304307	1653750	1338305	1205087	1244098	1359735	1511175	1259864	1441653	
0.4989	0.4557		28980	23018	20824	24085	22520	26700	20618	23087	22267	20100		1342372	1154514	1210934	1332681	1279296	1353930	1052573	1171004	1163363	1068575	
0.3416	0.0605		17363	17032	28022	15776	16187	16058	15998	18171	18316	14242		1319778	1260393	1467509	1158086	1105245	1347307	1186627	1156842	1209084	1104147	
0.9086	0.7396		37352	43420	33651	34349	38557	35345	50985	47251	33526	35709		1477216	1418195	1148203	1222476	1381768	1197944	1517159	1469415	1404633	1261727	
0.8681	0.0826		19364	24911	33609	33907	23230	33753	30579	27525	36545	23488		1155411	1363042	1525159	1472815	1255407	1655179	1522512	1271131	1489660	1447910	
0.5566	0.6519		29495	30583	24999	32471	34907	38734	34549	24336	24338	38493		1333358	1398269	1159923	1209824	1384357	1611977	1387220	1156334	1243086	1568743	
0.6682	0.9874		31207	37337	34742	40924	45004	31052	29503	41999	34718	35350		1084356	1240394	1244059	1341001	1315194	1005923	1041903	1353344	1385049	1198116	
0.4307	0.7723		35536	23919	31020	35760	29376	27285	27567	37707	51572	37585		1402303	1076152	1283552	1493727	1386367	1376311	1376628	1421530	1812620	1584815	
0.4972	0.9782		41922	37936	33982	31588	29925	41497	30489	33969	42932	36757		1502955	1304247	1318869	1357720	1537374	1491923	1306962	1273299	1478353	1322061	
0.4829	0.492		35538	28237	29209	26388	23342	24356	35170	22714	19968	36098		1529731	1410521	1228276	1301773	1281567	1267072	1344294	1243199	1082476	1401199	
0.5883	0.8567		42155	42245	42914	42150	30180	37822	27858	31319	32075	42685		1545854	1493968	1654578	1700937	1145856	1282058	1187762	1381913	1245430	1498367	
0.7634	0.9811		48577	37110	45789	46841	43577	48416	35647	38298	36086	48336		1697626	1287814	1429453	1582609	1330016	1637463	1266372	1135450	1310783	1605809	
0.7718	0.4005		37648	28956	25088	37572	36017	35577	28828	26593	36176	37858		1493272	1276523	1081414	1222434	1636854	1430709	1339784	1287968	1593164	1364782	
0.7971	0.8791		35281	40318	32167	52421	48586	43548	41441	47875	51488	48979		1253712	1255506	1222524	1652117	1736603	1732599	1545728	1077561	1228476	1558085	
0.5235	0.707		26658	42303	40087	30127	38807	32694	30791	29689	27494	26549		1107676	1307565	1410919	1322599	1659612	1415445	1281262	1310892	1201683	1066155	
0.3372	0.9235		30695	28478	27171	25670	27396	33328	27092	29847	28188	28291		1281167	1231471	1121933	997906	1226097	1302312	1255233	1256787	1169921	1227533	
0.8584	0.8406		38817	35009	41388	37326	48332	39030	35156	54035	38929	40488		1217205	1173808	1354493	1248618	1364704	1339830	1296685	1232181	1186379	1271134	
0.7623	0.8761		32880	32980	35385	33647	33546	32724	41247	33013	42304	36815		1177439	1149956	1144352	1264089	1202265	1217681	1467293	1265526	1303930	1127114	
0.7764	0.822		39540	32932	47155	46233	52709	45977	46799	43978	34594	44350		1322391	1131366	1483229	1594936	1407371	1486977	1531352	1607961	1334333	1666754	
0.2038	0.0669		20078	21896	17701	25115	14929	19227	12558	24665	18056	12735		1428338	1242055	1201886	1678825	1271807	1168557	1164396	1549671	1242574	1189247	
0.9121	0.0616		23473	20373	23395	22884	20699	24978	30128	31258	20587	22739		1124656	1075135	1243688	1388518	1100504	1289004	1601546	1594135	1063156	1264308	
0.2834	0.558		20590	26252	19601	31726	22350	20941	20420	18628	21586	23299		1111568	1412105	1403350	1624241	1290265	1348211	1215631	1127702	1300822	1226294	
0.9907	0.9508		36077	42760	53852	36516	35935	48533	51274	52110	42756	40865		1144577	1309174	1458280	1294475	1174016	1292609	1633650	1308128	1320876	1212130	
0.1806	0.2623		31448	25827	16642	23579	22292	25737	19739	17109	14702	16933		1491525	1563848	1254042	1433944	1433997	1559155	1368524	1158464	1098018	1255345	
0.1949	0.3543		23987	20678	29060	27841	19753	20653	26550	16902	18428	15204		1587862	1378952	1547663	1347259	1288147	1294533	1545688	1056879	1393650	1237905	
0.4129	0.9808		40517	42558	40289	31769	29020	40456	36722	39843	39894	27517		1779974	1581527	1663802	1295151	1198281	1449044	1504272	1726122	1495674	1153862	
0.6491	0.2124		23434	21675	19503	21457	21231	24858	20851	20996	22410	25406		1198755	1333671	1180162	1364493	1273972	1208809	1174178	1108357	1287725	1434441	
0.1254	0.2823		18167	18232	24952	16298	16965	17968	16484	24688	20106	24020		1141179	1171007	1477694	1059855	1283439	1178033	1215726	1375561	1221341	1398885	
0.9041	0.6031		31097	42260	36339	31437	31164	38612	35501	29010	29107	44643		1143371	1533848	1317107	1288066	1212764	1488379	1442416	1041083	1134042	1395164	
0.2665	0.9188		29051	23335	32706	29067	36833	28151	27415	34673	41269	35663		1257965	1140107	1533268	1294083	1633557	1428094	1489454	1425927	1654743	1675989	
0.1736	0.2627		18676	27184	19528	19112	17764	14591	19880	17011	25312	15234		1284824	1171475	1243928	1397800	1289803	1168972	1488161	1302246	1379983	1320684	
0.9969	0.9291		44081	45084	42716	46943	52255	47274	46328	41096	44017	45920		1511649	1583319	1292581	1379788	1673297	1401379	1350571	1272149	1405989	1535763	
0.3114	0.5635		24269	21707	23532	20308	30689	25353	24298	24433	21502	29533		1344197	1217098	1329191	1089199	1443341	1260625	1388185	1237024	1349516	1534291	
0.3963	0.6358		34078	29861	34947	24248	35169	25521	35021	24007	24367	26583		1425501	1516972	1698304	1307659	1550804	1409940	1503781	1226631	1066336	1386257	
0.6071	0.7977		37764	29323	27558	30373	30079	38966	33208	39489	42140	30369		1486418	1327084	1280613	1166020	1201337	1508394	1233023	1306137	1685357	1235755	
0.8796	0.5021		40171	46874	29285	31350	31325	26876	32927	38602	30223	25499		1653869	1404840	1191531	1238904	1246951	1057743	1373715	1343820	1252572	1142135	
0.6625	0.2425		22016	22421	22278	21248	19712	31701	28574	31283	35223	21536		1185016	1142749	1215928	1118511	1143816	1389353	1248555	1205620	1399374	1197054	
0.0963	0.159		21592	15912	25239	16176	17726	22316	16975	16989	17841	15956		1376197	1253707	1370102	1096911	1196165	1474650	1141676	1360183	1300539	1292304	
0.2638	0.5647		20167	25013	19938	23193	23069	26610	29540	22210	20279	22930		1308512	1382724	1124235	1234967	1374696	1335793	1463894	1296487	1259020	1253280	
0.5515	0.4477		22815	23696	25080	26202	29206	57382	28524	35614	22833	31366		1191647	1429871	1267520	1388102	1326786	1469004	1255670	1297828	1271999	1378069	
0.3379	0.3785		28697	20542	30326	29938	20310	19432	22682	22449	25524	32267		1393419	1500928	1564748	1811141	1327250	1240575	1341373	1371628	1545854	1786749	
0.5295	0.9596		28128	32876	36008	40650	35314	36667	35793	29198	45959	42161		1094961	1184223	1348811	1414698	1415365	1284104	1346573	1032840	1278416	1507664	
0.6943	0.7707		43208	33666	28330	27090	37959	43821	33546	31087	31901	42588		1528303	1343642	1053553	1061075	1440959	1509112	1579849	1318233	1288099	1576791	
0.8867	0.4859		42734	35421	25516	24911	30974	30913	25614	31013	35809	29397		1735545	1372454	1133190	1012885	1286232	1364887	1198162	1125002	1333201	1369604	
0.3471	0.6746		31984	23586	24485	33998	37716	34606	30318	22610	24276	22403		1456698	1289396	1194521	1480486	1725527	1545109	1186202	1070158	1403251	1222139	
0.9829	0.4188		31388	27253	37934	30481	30363	41088	32942	40993	41703	30414		1271545	1110234	1512733	1310324	1356880	1591728	1517572	1579379	1623002	1264563	
0.5403	0.9803		43849	31018	30244	41182	33317	32827	45569	42395	48139	44624		1456018	1362249	1308095	1586013	1351492	1348042	1447454	1617749	1413947	1446277	
0.5671	0.4488		34227	35017	34836	34663	32273	25789	26293	25735	25473	38222		1354174	1564969	1503793	1744815	1547706	1392034	1360079	1204596	1300800	1406149	
0.8462	0.403		33027	38862	41351	29482	27437	27003	34927	40295	35540	29075		1289821	1651314	1466545	1404895	1341190	1358768	1360626	1577747	1562098	1440988	
0.4717	0.4425		22845	21882	25642	20780	38586	32350	20222	27922	33502	33788		1213104	1114731	1289434	1150790	1416637	1325366	1249526	1443879	1465202	1486000	
0.1022	0.1652		17432	14968	22627	18111	30693	17618	17037	19241	23873	17246		1316150	1276565	1537837	1308776	1579083	1457300	1297616	1335330	1328779	1436101	
0.674	0.0782		22260	21953	22588	16944	22493	21213	30262	29518	23835	22173		1263505	1383853	1222319	1156569	1254401	1288123	1418389	1290706	1342483	1219958	
0.5202	0.209		31305	19293	21863	22511	31976	22425	20892	28363	20962	20708		1547334	1290790	1290750	1452861	1557486	1354978	1299669	1465109	1398123	1607761	
0.3149	0.3122		34396	24280	21524	29873	22926	21782	21383	29715	20917	20316		1351122	1409920	1254945	1564367	1302020	1228560	1165303	1455131	1241155	1147526	
0.0663	0.5087		22786	18814	22594	19343	25111	18916	19079	16150	16593	18128		1466232	1372364	1385208	1298887	1764570	1337985	1246918	1202644	1364272	1412414	
0.8645	0.4143		28591	27368	29840	36737	29753	32042	30525	34736	42782	29454		1232281	1136090	1202731	1138400	1322597	1361035	1220078	1407585	1565186	1227289	
0.304	0.8208		21990	21690	24545	32806	27174	42282	31287	26034	27432	25574		1278778	1089170	1327937	1253747	1250738	1397733	1294526	1164980	1220719	1307665	
0.874	0.1674		23682	21722	33749	20149	38054	34699	23387	22621	27045	34560		1334282	1328317	1286052	1125948	1498394	1721923	1378576	1280406	1336155	1586428	
0.4159	0.6382		26267	26037	28320	26167	33879	28735	24280	25433	26934	25701		1230996	1282662	1349310	1221420	1500915	1343517	1305558	1361142	1455888	1301002	
0.7797	0.8716		43394	37081	47702	45225	44764	39467	31103	34488	41834	46230		1346232	1364863	1396016	1697466	1501295	1288137	1043237	1186923	1447975	1699344	
0.7423	0.2313		33745	22515	22718	35200	33247	28561	19790	20206	21459	21696		1675331	1488507	1220420	1296450	1532625	1402848	1081565	1085186	1038146	1263680	
0.7079	0.38		29770	29124	34295	21179	34286	40727	38397	24861	23770	23836		1362994	1574698	1498788	1138512	1471053	1563861	1728408	1419490	1304598	1267530	
0.9889	0.6114		39337	42685	37416	34090	29814	36652	32044	43007	31923	36619		1401988	1517265	1455488	1254480	983844	1355656	1197518	1394774	1282851	1281782	
0.3268	0.8916		43311	30224	39204	26481	37812	31421	27377	26003	26317	26046		1633713	1407888	1351775	1269498	1450264	1282508	1241392	1186534	1185841	1309112	
0.1648	0.1696		15853	15438	13963	16728	16683	16771	26519	25532	17128	24074		1057209	1109235	1101543	1186411	1232589	1348184	1613663	1225233	1259512	1373949	
0.6551	0.9709		40634	36612	42300	34961	32907	45139	41596	32632	42381	32152		1490486	1287641	1331746	1220836	1196552	1595507	1497310	1403539	1629679	1443824	
0.2161	0.3044		19465	17804	14467	20053	25353	28271	27667	19969	15468	29434		1273204	1385864	1036555	1396850	1586499	1576354	1667661	1517875	1238125	1621061	
0.0632	0.6861		29091	24041	20223	23701	29447	21346	28610	30527	19867	19852		1680172	1388738	1366992	1406563	1417322	1441462	1510034	1377661	1329527	1334462	
0.6721	0.4761		27973	24928	27404	32026	26081	26240	35050	27353	36380	26688		1345975	1264007	1381200	1430747	1329854	1240386	1362199	1322489	1284196	1184471	
0.7803	0.3902		22027	28919	28429	28213	28569	43953	27376	28480	31697	38664		1073880	1325559	1438233	1335243	1283038	1544615	1231143	1239417	1338686	1470351	
0.6201	0.9497		34950	31974	36417	44835	39819	45966	43707	28568	34832	44729		1374331	1324262	1434909	1781236	1430682	1754025	1596256	1129707	1436938	1693222	
0.0845	0.1511		15962	25141	19971	17547	24966	16330	16000	22713	14480	17576		1504010	1749988	1374095	1482930	1615132	1383090	1481917	1404343	1348891	1412844	
0.6359	0.5907		28543	29998	45820	28315	39588	27958	32073	29358	28775	30290		1323224	1387586	1515432	1362501	1279939	1140135	1359166	1095879	1251439	1223987	
0.6285	0.7501		25835	29056	40206	29149	32125	31337	31300	31135	29998	35362		1038548	1499039	1453299	1165451	1331824	1436137	1386024	1257115	1259654	1362307	
0.1728	0.1743		17784	18526	25080	16380	13711	18151	15237	26745	24986	16237		1255252	1137492	1514422	1181530	963948	1174996	1299234	1289601	1539345	1203890	
0.3521	0.18		27193	25624	16670	26245	17921	20646	16675	18279	18540	23693		1571989	1417019	1248993	1321558	1153332	1362293	1146510	1125929	1273064	1342589	
0.8643	0.2894		27724	35497	43710	34770	26461	26029	22537	27735	24068	30545		1260241	1363219	1657865	1467419	1344456	1180045	1073806	1192227	1085993	1329694	
0.5649	0.6721		35548	26818	28390	30370	27701	27396	34801	28911	28437	35783		1486189	1221929	1302351	1323646	1215007	1217087	1226204	1122671	1154123	1291470	
0.4408	0.0687		19243	20963	16902	26217	16779	24695	19376	19949	16367	19793		1342378	1216996	1246556	1343256	1147752	1259883	1212409	1230021	1025248	1282792	
0.2688	0.1413		19706	16321	16924	18162	18066	25883	14137	16625	27199	19171		1212079	1020732	1261088	1236547	1265496	1270238	981852	1268564	1487683	1286959	
0.1637	0.7091		21408	23663	24369	28523	20586	21244	27738	20901	23102	22916		1361910	1329076	1298291	1436666	1468991	1261715	1334465	1242877	1284696	1324473	
0.2996	0.9329		36286	35123	35916	36081	26295	27380	31118	27445	35436	35421		1516235	1650197	1555639	1541724	1282725	1301265	1407569	1272253	1440464	1520625	
0.4772	0.2365		29412	18745	26684	29470	22876	19780	19434	19303	19966	29542		1451064	1190697	1389339	1384054	1310654	1250695	1293285	1323829	1257160	1562118	
0.7547	0.622		34843	30741	32381	45141	29779	31560	26397	46861	29619	31981		1323485	1202946	1458416	1523948	1383467	1338785	1078497	1728129	1310434	1286401	
0.5549	0.2032		26454	31713	24605	21127	19123	22155	29891	25057	19374	23055		1171286	1276670	1204489	1275337	1082429	1232163	1364639	1316233	1022548	1333993	
0.9774	0.6148		32709	29786	44434	29117	31852	35090	38715	33643	44102	31656		1460838	1101366	1386601	1132510	1287180	1361703	1363678	1342776	1669799	1279703	
0.4918	0.0608		15527	18404	17968	31587	21398	26069	26701	27014	25907	14644		1019173	1220724	1237301	1516348	1289578	1441132	1635429	1703496	1195514	1078729	
0.5076	0.2136		18586	30682	19893	18530	19972	20166	19786	22786	21687	18599		1183926	1757413	1321541	1017019	1293050	1243890	1371738	1538700	1277270	1310863	
0.9709	0.4126		28996	27555	31640	28339	30808	29290	29103	38332	30519	35894		1244402	1325168	1263105	1397592	1282108	1297236	1271794	1619777	1330767	1494785	
0.3119	0.19		18237	16117	22929	19810	22576	20043	19856	25970	17466	20169		1178879	1020514	1208656	1200767	1268804	1206034	1337682	1318935	1181997	1243896	
0.2992	0.7658		28303	23314	28517	30940	32967	27290	36268	26192	25664	32538		1456185	1283518	1386276	1443969	1453141	1353064	1530662	1541063	1451379	1445476	
0.5654	0.9339		28080	36252	33074	30798	33797	30885	35489	44107	41948	31710		1220034	1465564	1322167	1282567	1465957	1293639	1296768	1508185	1430306	1185109	
0.0548	0.0783		18340	23279	13427	21082	23587	23531	23431	18334	24423	12819		1326923	1486844	1144841	1510147	1503906	1496387	1554435	1370090	1703453	1201190	
0.5072	0.383		26054	36449	21669	22122	18230	21910	21376	19437	21394	35158		1313042	1706340	1420025	1276583	1221937	1311849	1332111	1195329	1245483	1577029	
0.2059	0.3065		20399	24106	17548	26323	16440	20166	18238	20544	17655	18461		1242980	1305660	1182219	1535463	1454470	1506378	1253122	1447884	1388150	1759561	
0.1878	0.5821		28067	18824	20656	28384	25708	22818	32416	30745	30937	30726		1522789	1032779	1299026	1396684	1432592	1259441	1413474	1456228	1403548	1521700	
0.7105	0.893		36034	48235	33305	34767	32067	29645	42613	49389	45166	29992		1279697	1471387	1343674	1188987	1228727	1228063	1426520	1470839	1575081	1049474	
0.3234	0.9497		29396	38092	27248	38223	39731	31960	36187	32199	27910	32648		1400219	1563473	1203039	1467160	1478050	1255909	1270215	1344030	1278198	1445537	
0.1231	0.5889		21259	21156	18568	29302	24766	19196	29201	22101	19211	29478		1371167	1427126	1227027	1568363	1368437	1277237	1566311	1450506	1358084	1560924	
0.4819	0.4924		24575	22076	32444	24247	31937	32328	32366	33660	23200	31024		1191513	1291797	1604535	1455633	1545025	1374742	1418943	1706156	1413141	1636660	
0.9756	0.416		28206	39301	38767	31085	29033	39979	27577	38706	29865	30402		1393258	1491736	1727258	1596395	1299088	1469315	1176084	1341761	1253591	1353782	
0.7322	0.0656		30263	19829	36741	20051	31273	31166	19973	25814	22357	17764		1433111	1064065	1316690	1153505	1470079	1382207	1298911	1315017	1412597	1133733	
0.1007	0.3054		24767	21075	27337	17476	24513	24755	18645	18602	16231	24734		1584439	1442026	1353144	1282810	1473801	1525181	1346948	1432961	1294708	1576619	
0.4073	0.3122		20112	21458	29298	24455	30524	24443	19697	19640	29460	22346		1207779	1098151	1255069	1287442	1466283	1479746	1367498	1223774	1519372	1308291	
0.3515	0.1741		28736	29123	18501	19282	15827	15500	23432	20428	18356	28589		1432994	1540496	1238503	1176776	1068338	1090872	1291627	1424775	1295355	1589216	
0.8145	0.7867		34188	36394	50358	37896	35062	35091	53148	35432	32970	31022		1300028	1358330	1378296	1401284	1391127	1233551	1485114	1358507	1186778	1378370	
0.5942	0.7853		30998	38162	28962	34860	40142	38857	28498	29838	34724	31801		1252765	1597020	1322118	1306489	1426893	1489726	1370628	1284079	1474317	1381778	
0.4064	0.4323		22740	21624	32332	24979	20500	23245	15874	23126	20604	22431		1291452	1406397	1577336	1301138	1200736	1300008	1032465	1268224	1272096	1310225	
0.4353	0.0942		26900	29654	19049	27386	22069	27095	27276	15005	14990	17189		1369838	1540990	1234669	1566036	1335565	1531299	1592576	984384	1123053	1261168	
0.9185	0.95		43085	39615	43283	51623	34993	39350	50893	40311	36862	43086		1357811	1238574	1359308	1491301	1165520	1482451	1690008	1294580	1240285	1396928	
0.3769	0.588		37000	35899	25462	32070	22894	23094	31905	28723	25270	27013		1537027	1318109	1142776	1421684	1212322	1155937	1227866	1330902	1288692	1264370	
0.3138	0.3475		16782	27588	19491	19076	20663	16853	17246	20680	19084	24324		1216132	1395462	1183476	1168398	1193257	1093961	1097065	1309282	1379503	1556129	
0.664	0.5835		34494	37097	30450	29720	28584	37075	29190	23994	26811	27659		1338087	1670674	1499599	1320125	1285042	1568774	1254886	1137870	1143831	1173097	
0.4882	0.5999		30278	25812	26311	33923	35602	26374	35072	26216	25955	24786		1401648	1235608	1185260	1260601	1449931	1326315	1404016	1193859	1230723	1180328	
0.3308	0.7329		29268	35166	36848	37536	27643	25578	36958	35272	35072	25749		1393708	1378250	1736430	1744204	1359932	1297707	1528830	1751620	1533736	1315106	
0.1846	0.1154		22684	23285	16795	22393	13911	13414	13632	10852	25991	17447		1602603	1501221	1319057	1240415	1094574	1097684	985420	1137951	1263167	1251933	
0.1017	0.5597		28962	23354	20417	20801	15774	15919	18926	18725	22495	27332		1678359	1368660	1340184	1317339	1075679	1055574	1328574	1429797	1364522	1600231	
0.3639	0.6276		24488	24779	33843	34116	34775	26006	26619	29306	26366	24224		1232983	1209962	1417812	1399576	1623179	1370803	1302285	1433314	1267607	1154832	
0.9933	0.3195		26602	29188	26581	25534	38677	27429	39578	37409	27000	39389		1171088	1205385	1131237	1273692	1447898	1226114	1368664	1514078	1186431	1384337	
0.5637	0.1887		20511	20249	22517	20182	20523	30496	30231	28829	32117	31752		1323097	1206540	1247816	1321670	1414518	1491916	1640218	1653781	1311863	1453465	
0.2326	0.8478		26645	26935	39417	26313	22945	22433	21771	31246	23368	27284		1278403	1347927	1537070	1325230	1332348	1214416	1129493	1461842	1163900	1330853	
0.5856	0.3592		34391	22479	28122	22438	30798	22275	23001	27862	28392	40665		1573957	1237895	1392628	1330448	1498646	1210107	1295220	1462738	1468440	1390299	
0.7659	0.5486		43487	40793	30415	38707	30635	27914	34242	29374	28434	30274		1524400	1739201	1322766	1290853	1265203	1273229	1283688	1368053	1268583	1186141	
0.3736	0.4582		21184	29324	25891	27926	26369	20505	30271	30700	24255	27386		1261449	1342434	1166897	1428349	1320063	1199572	1658114	1638431	1453562	1153080	
0.5608	0.4173		24800	22896	25315	37402	26046	32082	25346	30334	23665	23509		1199613	1034398	1140124	1265862	1221449	1437819	1232494	1448766	1220044	1193697	
0.7081	0.1505		24550	32120	23050	22348	23064	33359	24198	35256	35797	21981		1266197	1420401	1286358	1299823	1224491	1176172	1242011	1183253	1351864	1230935	
0.6514	0.6379		38746	37698	40766	39685	40421	26176	38601	30363	36300	38244		1521378	1472797	1604044	1459100	1325045	1117757	1683521	1241960	1250030	1511821	
0.0978	0.1502		15461	15180	22174	12317	20033	22723	25279	13797	17562	18443		1228184	1244834	1260993	1065959	1249887	1393447	1701989	1313295	1467062	1343082	
0.8961	0.0914		25640	23991	32154	29788	28601	25030	27005	32124	21853	29484		1339319	1277887	1279551	1365665	1623833	1428000	1436798	1449854	1251074	1468849	
0.6844	0.952		35938	39027	45970	42475	40419	44163	35657	34145	42319	33515		1265600	1275170	1549680	1561335	1418771	1574017	1338445	1247299	1357899	1324513	
0.4705	0.9079		32174	29192	26334	38883	33451	43952	39246	28946	27767	29776		1195929	1220486	1221597	1493914	1229345	1163321	1538597	1382084	1221822	1222567	
0.7417	0.2948		33693	21675	22696	25565	54676	24307	23955	29488	22613	20297		1550927	1100590	1179046	1259811	1378938	1233951	1274186	1221545	1084151	1144645	
0.9962	0.1552		18454	27032	26565	28016	23820	24595	23296	29889	36790	31484		875825	1214291	1308836	1200984	1209847	1071736	1069143	1277951	1579274	1203401	
0.8148	0.5429		57263	39224	31731	28133	39921	29574	31774	40495	38731	28220		1525718	1518995	1263031	1183344	1612164	1134035	1461629	1217307	1589957	1302478	
0.5784	0.8751		32282	31611	30583	42193	42028	32993	33479	31351	40040	32221		1290392	1167810	1304921	1692500	1341139	1213710	1416877	1210087	1356581	1158916	
0.1147	0.5534		19880	15864	24341	22241	32893	21936	20521	23763	26778	18041		1134356	1131273	1362646	1370720	1758613	1347866	1353187	1527473	1518254	1269688	
0.2605	0.7845		24891	27321	26856	23236	24476	26656	21965	36592	36832	21386		1441241	1455725	1396165	1232584	1348426	1419031	1149291	1695890	1615088	1296813	
0.2931	0.7014		24919	25784	22928	24885	22459	26031	23467	22756	22083	20725		1354518	1262566	1195405	1284137	1387987	1358564	1252176	1277416	1532277	1057750	
0.3213	0.1589		26401	18423	17724	21617	19585	26765	17948	17607	20120	26838		1448854	1332360	1291263	1362433	1243733	1271608	1283940	1303690	1345158	1627215	
0.1046	0.4559		17936	26427	21968	23427	16218	19969	31795	18778	32440	24892		1198496	1308354	1333968	1212367	1189985	1346281	1733978	1208996	1550899	1417582	
0.5377	0.1014		28380	27443	21337	29988	28697	28715	19001	18396	20491	21407		1423024	1483086	1209332	1604190	1257731	1618075	1243115	1052563	1213537	1257837	
0.3636	0.1827		26889	20127	21394	23815	34238	23113	19830	22651	27336	20430		1356765	1408056	1376178	1290416	1475870	1367978	1296331	1363974	1473750	1410054	
0.9749	0.5046		36529	47028	31696	28405	27320	36059	32259	32968	30267	33786		1320703	1538402	1365070	1296284	1126217	1345923	1410058	1435074	1376189	1442155	
0.8557	0.4036		30663	27692	28538	32615	26208	23015	35819	25028	42513	38671		1455951	1475139	1340362	1444744	1286495	1110101	1341223	1253662	1770723	1690313	
0.6285	0.07		28529	18570	28283	19173	31452	20919	18867	18912	24626	24804		1498775	1067998	1472238	1260105	1695093	1359865	1429422	1488865	1451129	1418671	
0.5582	0.5533		37173	36302	26450	26347	32669	28136	25653	28557	28957	28184		1618517	1364024	1314757	1306394	1408541	1429587	1257246	1335642	1263659	1309594	
0.168	0.5597		30963	31175	18999	33292	22051	20193	22648	32666	22185	21867		1411961	1632729	1389734	1570031	1242961	1144179	1532055	1579366	1226409	1354948	
0.7808	0.2376		26338	27729	33286	24943	37159	33961	25147	22301	22719	25059		1198751	1368332	1523849	1344756	1514135	1519884	1346760	1199133	1259545	1287360	
0.6853	0.5866		30345	21811	21150	33194	39031	39237	29216	29787	27469	27494		1243983	947010	827009	1390862	1524947	1471870	1261966	1360996	1303276	1396992	
0.6227	0.359		19779	26934	34352	26343	25351	22508	19517	21874	32832	26125		1144653	1385906	1315565	1244010	1290126	1334299	1005485	1015527	1569006	1317377	
0.9351	0.6715		38300	46724	45860	48043	36031	39407	46255	50865	33872	47731		1216957	1584294	1572819	1642555	1395731	1394256	1541145	1446983	1496163	1635103	
0.49	0.2922		29933	24006	29987	22797	18117	31748	21291	33191	20100	20260		1421876	1379853	1449272	1335821	1138595	1367520	1227922	1360381	1223051	1090240	
0.8234	0.083		21017	21154	23692	23409	31984	31520	28977	32092	26539	26768		1277097	1217287	1214091	1280397	1482534	1724171	1650724	1615520	1354354	1435263	
0.9369	0.4099		39854	28451	30958	34867	36767	32082	25835	29116	27959	31816		1509212	1193205	1219328	1439558	1478748	1316273	1315803	1358121	1301993	1425374	
0.9666	0.1609		24297	23990	24329	30807	34577	27479	22605	24894	27001	25316		1313360	1231615	1311407	1302430	1530765	1450385	1165351	1320057	1407373	1423916	
0.2758	0.703		20512	25580	19966	21091	24643	30807	26116	33987	33726	22401		1050390	1334277	1077656	986413	1289520	1405449	1419139	1357426	1621165	1266492	
0.9765	0.8285		45741	40144	38495	55343	37270	37583	36240	43738	49385	39985		1473730	1431264	1526412	1615672	1290728	1333019	1307422	1478831	1482107	1443862	
0.8731	0.3489		25923	25932	24334	37581	26583	23745	27183	27094	26401	25116		1260466	1184737	1218264	1477858	1144127	1183395	1232463	1253132	1193788	1159672	
0.1365	0.152		15471	25677	26818	18231	22160	23596	20193	15458	14013	22994		1266756	1406511	1421587	1281087	1486940	1553694	1338335	1204554	1165362	1419332	
0.4877	0.7486		41636	29896	37590	32838	39402	29170	37002	27140	36983	33211		1510597	1324138	1517787	1380658	1444000	1261168	1453908	1317382	1582193	1332970	
0.1428	0.0797		15279	12511	17495	15143	15150	12797	18210	19857	16572	14912		1517865	1173803	1288771	1169794	1254031	1182977	1380900	1445965	1438094	1294945	
0.7286	0.5623		24605	29875	39997	23653	39495	36201	41357	45381	30639	29797		1153918	1234275	1425064	1336827	1647272	1296073	1581064	1414279	1250722	1322720	
0.8736	0.5027		29138	25190	28277	25573	27779	29924	27902	31962	28327	27728		1297251	1063729	1096930	1162497	1077162	1268217	1280545	1287137	1337917	1134159	
0.5427	0.4145		22771	20837	25481	34023	20720	25866	33840	32020	30045	21302		1283179	1195658	1171647	1479153	1266314	1260015	1433202	1362614	1419716	1195961	
0.9451	0.87		43339	40440	49002	35277	39793	48452	50969	41667	36957	50909		1603021	1350608	1425652	1368043	1326044	1443907	1627934	1441764	1328613	1477177	
0.7655	0.7019		31550	33166	34949	42421	42558	33264	43044	47498	49491	41745		1116995	1253710	1273824	1427417	1372183	1305188	1486475	1520739	1466193	1363026	
0.7839	0.5887		38978	46015	37259	28336	33732	41978	40263	29895	41553	40056		1418874	1588465	1440104	1319581	1314096	1336122	1653635	1269714	1431608	1464165	
0.1266	0.6751		22476	20580	20925	25145	28593	22288	24438	21931	20119	26544		1293959	1207970	1251601	1255689	1439655	1279944	1399200	1153228	1023816	1347509	
0.2155	0.3108		26515	28103	18491	26876	17751	19103	19148	19414	23044	16772		1382780	1601401	1241716	1130799	1261615	1249869	1223335	1241554	1324233	1195939	
0.7898	0.0963		23213	20652	18377	20919	18232	21590	19350	18503	22379	30290		1168482	1096014	1043632	1097301	1051324	1238688	1037800	1168551	1123605	1436062	
0.1569	0.9684		28876	26118	29034	22957	36575	29295	29384	20998	20758	26652		1292545	1296402	1371104	1225210	1669371	1314065	1205358	1124560	1308091	1511470	
0.0577	0.7889		19856	31551	26288	21608	22463	26523	29691	21816	32253	29843		1180854	1552226	1558910	1193366	1307632	1300681	1407895	1246217	1433434	1468972	
0.3817	0.8555		31194	23480	27284	33895	29575	37146	24756	41299	36802	26903		1294606	976559	1230948	1270750	1170701	1351738	1229723	1509474	1668696	1348153	
0.9228	0.1342		25013	33525	24103	37152	25663	22384	29066	33610	22831	33886		1277856	1447153	1236690	1570295	1252646	1183259	1449098	1509858	1199074	1577488	
0.872	0.844		36844	39509	33600	37980	34561	32110	38300	37517	34251	46679		1309170	1203510	1019382	1263366	1236261	1192892	1455439	1258251	1425031	1541095	
0.1694	0.5096		18321	16517	29453	24058	19305	18039	18772	18139	19028	20058		1320487	1080981	1733236	1429931	1213035	1215851	1189076	1173744	1246974	1271595	
0.446	0.871		29816	32149	30665	40716	39070	27205	25274	30741	28845	30871		1227368	1427685	1365170	1640580	1513456	1183704	1123561	1302452	1240451	1292293	
0.5923	0.0822		21981	29905	20153	18727	21176	16309	28672	26565	22032	17962		1277084	1501368	1256325	1150292	1274425	1342887	1609498	1240883	1205761	1137910	
0.9022	0.5466		37817	35749	39189	41472	34963	35593	31886	32164	41424	32233		1375072	1509867	1554950	1593338	1470981	1489640	1321485	1374628	1792460	1283521	
0.1875	0.8573		26223	23983	25125	27386	30917	24522	24376	32874	20221	31846		1183116	1246490	1252307	1360920	1273804	1199138	1343228	1548043	1144455	1505967	
0.646	0.8284		32195	31944	33731	31442	37387	50649	34031	36296	29830	33546		1168819	1206873	1213630	1158840	1414513	1455684	1327327	1381259	1274637	1240249	
0.0507	0.2645		16121	15145	24803	14184	18949	14124	15219	22480	22502	23611		1330881	1542731	1396267	1118585	1308259	1134399	1212463	1288786	1296291	1332436	
0.9195	0.6661		32487	45984	36555	49049	55823	43589	45752	35726	39659	34245		1210349	1560738	1221464	1230728	1319115	1451516	1382167	1262321	1336396	1300653	
0.5057	0.7543		31289	31328	37056	37100	28237	37550	28024	27413	26159	32353		1327922	1345214	1443444	1460475	1190551	1419813	1332919	1228035	1061159	1367155	
0.5853	0.6908		43164	37635	48934	33081	41393	39135	39759	27897	31177	34257		1467988	1478810	1521983	1428906	1563373	1655566	1456383	1245150	1504519	1401974	
0.3072	0.1096		18831	18979	18982	17846	16288	18617	14493	18400	25766	14388		1272289	1366920	1209978	1120097	1171617	1156082	1028300	1222500	1303069	939259	
0.7897	0.5925		26396	44241	31147	40798	31125	29185	32269	32047	29997	41332		1200816	1510750	1354521	1382250	1340352	1298068	1175464	1452700	1459078	1575154	
0.9797	0.2674		37048	25014	32876	33800	31657	27490	31067	42981	35705	30573		1365210	1250883	1294435	1454952	1429546	1237658	1206078	1517105	1537745	1312813	
0.1116	0.4212		25815	23458	14023	14064	14991	16587	22140	23010	25943	16542		1370675	1446677	981907	932202	941377	1189958	1273008	1108433	1467774	1177328	
0.3163	0.4381		20800	27160	27054	25192	21215	19783	29509	25330	31498	25415		1217696	1305670	1226249	1324656	1276215	1258360	1434119	1454817	1483467	1400132	
0.7102	0.288		24109	33544	32918	32738	24797	21524	17669	34382	21017	31847		1259664	1479738	1359404	1371492	1285011	1070201	1027679	1542707	1166276	1482745	
0.3998	0.3269		23523	21134	33179	21622	31160	28899	27945	16816	20801	21789		1359175	1360527	1380952	1313898	1438496	1405512	1326602	988589	1274241	1324784	
0.2444	0.6812		22476	21118	23356	33151	31411	33113	20532	31385	21310	35994		1196783	1238704	1321091	1336869	1576085	1638686	1232484	1510093	1129088	1343010	
0.491	0.6778		42514	39614	37019	32278	26139	33115	35626	25996	24975	23563		1373323	1447745	1552110	1352476	1052613	1283408	1555806	1238431	1044653	1183303	
0.3292	0.6628		26515	27123	24864	25196	29723	32524	23899	21201	21393	22121		1250333	1201055	1214123	1263858	1305623	1507957	1193503	1039202	1055272	1207799	
0.2759	0.8027		35250	29478	21228	30974	23861	47885	34957	26604	25226	56546		1757487	1481033	1111831	1401764	1244345	1286362	1629623	1342712	1415470	1620328	
0.6726	0.8241		44386	35184	33913	41894	39104	34518	46594	31690	33306	31225		1580878	1295465	1258404	1585556	1465889	1199730	1160964	1173555	1256716	1110852	
0.2092	0.1887		19152	17389	18973	16267	21592	20900	16850	27017	26733	22228		1153704	1282050	1318764	1205533	1360234	1227850	1195320	1452807	1560396	1512330	
0.0605	0.344		15133	15106	16573	19678	18127	20407	18090	15117	15177	16890		1101889	1207209	1185709	1274228	1300533	1352439	1321888	1255627	1163271	1155125	
0.8603	0.2659		30261	36705	37385	35969	26081	35611	41206	24255	26753	27674		1444351	1448041	1579283	1522140	1230229	1490905	1629449	1313637	1285922	1216380	
0.4398	0.8028		24490	29414	34178	27315	29488	37549	32755	26284	27990	38173		1153811	1337660	1341219	1250001	1248913	1335210	1454708	1098084	1096431	1443280	
0.7973	0.7782		33717	44795	31242	32256	31714	29694	45485	35194	44469	34493		1338440	1601098	1063054	1136929	1218691	1243432	1506269	1375706	1600781	1456339	
0.8978	0.5575		32802	29692	29486	33005	40087	40986	49147	32928	42756	32626		1323258	1117280	1148324	1309011	1278328	1387478	1463042	1244832	1415844	1299408	
0.5899	0.3416		23021	33697	22559	31919	31528	32074	24233	24099	21811	21034		1240702	1551533	1138644	1286435	1486961	1424936	1325626	1232770	1194082	1174762	
0.5998	0.5246		27237	35822	26073	34329	34548	30201	34312	23858	31047	24541		1238457	1393960	1313974	1571538	1536697	1248253	1529913	1234591	1343266	1302348	
0.6968	0.7184		30148	32555	35755	41531	45933	32060	45370	32587	31218	28061		1183154	1298537	1276630	1407804	1303791	1255351	1334328	1248911	1121874	979737	
0.1793	0.31		17328	25657	19848	16632	17279	16998	18696	27808	23845	20785		1219254	1415726	1495792	1182712	1206125	1071699	1256194	1509898	1398522	1192036	
0.0866	0.7658		20994	21884	25858	23204	27167	28417	18855	21085	21931	27194		1265017	1339431	1420239	1445265	1470665	1373869	1112021	1306738	1300417	1281719	
0.0582	0.7374		18646	25111	23955	18721	18991	27263	25696	20517	16611	28784		1458708	1443032	1294749	1130419	1214364	1273046	1216792	1192483	1140618	1459611	
0.6879	0.9859		37571	36928	31728	33935	36255	34889	45961	40785	34125	37700		1425795	1337601	1286168	1339254	1369854	1453064	1574114	1445332	1401557	1342198	
0.3974	0.6778		34034	21495	24353	26318	34225	25807	34594	36241	32176	31474		1467431	1173324	1320980	1400829	1578011	1339711	1772844	1615154	1353399	1553101	
0.689	0.927		36103	44022	43106	48957	52862	36507	60612	43116	36887	38297		1287962	1455003	1516885	1638889	1383126	1404037	1451420	1423551	1352709	1399039	
0.606	0.7628		34612	39223	30775	40799	35675	40116	31345	39771	39454	28380		1380758	1351482	1214801	1438599	1367228	1325394	1568904	1771078	1449371	1256351	
0.6863	0.1918		21002	27809	24097	33692	31541	24972	23599	21367	24073	21987		1158164	1285421	1316089	1557156	1431021	1592933	1320323	1475449	1542172	1183353	
0.1019	0.6315		21022	21632	21698	36290	21703	19067	28345	18822	28020	19980		1250039	1354088	1392229	1394409	1308282	1325653	1575688	1278433	1389247	1293678	
0.7862	0.3461		27466	27697	21975	26596	36416	27193	33345	37165	28211	24964		1334274	1345966	1227049	1292284	1447318	1419827	1567998	1594114	1394798	1531678	
0.3521	0.9878		31741	27543	32589	40671	39419	27672	29412	28436	37483	37730		1440961	1394565	1459883	1663251	1522707	1398627	1444865	1354886	1592151	1615787	
0.9666	0.1936		26145	24340	27342	25215	35519	23406	36998	23351	27604	29171		1185251	1291116	1270629	1223377	1402307	1279186	1387904	1140168	1334928	1299593	
0.453	0.925		37831	43486	40215	34934	30071	31048	35695	30282	28178	26022		1506284	1517132	1680344	1369438	1183206	1321041	1165305	1274030	1165304	1078309	
0.7892	0.3603		22604	24963	24249	26671	32001	28004	25731	28289	28607	22919		986275	1004708	1129856	1135729	1275126	1292980	1238407	1232684	1112200	1010727	
0.6538	0.7467		37677	32043	35915	42168	38570	30704	36841	34225	31227	37180		1352857	1326313	1448761	1604516	1315594	1240438	1522363	1349302	1205885	1274019	
0.5631	0.7799		25413	38421	39192	34312	26823	29069	46790	38674	30539	25958		1189980	1648295	1470297	1209291	1064132	1210807	1295384	1448383	1353711	1088952	
0.7031	0.0758		20295	25123	20130	30909	22636	19975	26632	28524	20253	19904		1199417	1337444	1211071	1657204	1257861	1094447	1299148	1411731	1246780	1283834	
0.541	0.9964		43320	32318	41393	30397	33685	30314	28490	37863	31896	42444		1399747	1339330	1362777	1138831	1290861	1272756	1400541	1291956	1169425	1486770	
0.1454	0.0879		16865	17064	25670	25257	13204	25149	17024	15770	16115	17164		1367212	1170072	1347555	1394406	1177524	1710612	1300896	1245585	1224939	1366993	
0.3029	0.7368		21767	22859	21494	26032	32564	34795	33215	28824	23419	24600		992782	977189	1018696	999127	1411438	1371972	1731495	1370949	1136167	1185144	
0.6897	0.4621		28493	37310	37810	27108	25505	40472	31613	27145	27943	28700		1292158	1267191	1558064	1286143	1202659	1271758	1243634	1280655	1420003	1388523	
0.4667	0.7717		33829	32516	26279	27596	27845	36650	26931	37062	25339	36512		1295706	1374728	1404041	1335928	1184949	1646079	1247281	1607298	1233757	1481440	
0.9422	0.9914		47486	48465	50769	50351	54816	38689	35223	35849	42171	41822		1453010	1428967	1487384	1581715	1614188	1187111	1071891	1221049	1437957	1402831	
0.0998	0.7255		20383	25661	22829	31958	27427	32838	22169	21948	23079	26811		1127163	1260330	1331694	1170188	1240509	1490793	1272732	1275907	1269390	1186428	
0.8237	0.392		25598	28035	28236	25895	35945	38406	25226	26374	30496	27173		1226087	1252069	1248961	1163458	1418281	1524277	1114964	1232555	1425469	1275973	
0.3185	0.6374		22719	22860	22752	24460	33616	33822	24346	34693	36435	40924		1151442	1206851	1188898	1210138	1337451	1380990	1272926	1506756	1485776	1613323	
0.3309	0.9469		29390	29238	31453	24684	26392	30159	32848	26941	27662	26038		1326783	1380722	1589892	1176406	1142221	1208695	1415203	1225712	1197154	1223200	
0.6849	0.3586		24885	26974	27658	26722	33975	24184	29973	34026	35678	22141		1214469	1335530	1424335	1301235	1522539	1343560	1521756	1420876	1664777	1267823	
0.1218	0.1679		14909	20398	15376	12786	17357	21066	13173	23353	22312	22028		1114731	1251048	1216312	1282328	1270609	1251192	1163440	1396135	1431522	1417645	
0.8458	0.835		40197	37308	37772	38418	47031	38057	44937	56428	36840	46894		1481045	1304434	1410913	1307047	1526378	1283825	1516264	1266192	1331871	1373015	
0.6191	0.9767		31121	34771	41356	35563	33467	43357	42349	32678	37843	35753		1191934	1285512	1310429	1426929	1357134	1506524	1420143	1437762	1390039	1289538	
0.3325	0.5634		20521	19334	23186	32436	31694	31337	33158	26911	31939	22783		1036496	1022745	1266317	1502143	1590423	1467674	1398257	1329884	1575762	1162632	
0.3732	0.7326		22802	22606	22522	38436	27942	32486	22486	27997	31719	25404		1081395	1136947	1220092	1439131	1298186	1409164	1131930	1336482	1337469	1354352	
0.7947	0.8202		30522	36998	36829	42629	44325	34107	38759	50615	35230	38404		1248653	1340974	1363952	1488097	1440827	1271730	1503753	1499021	1365252	1353514	
0.3144	0.0904		27013	19745	21751	27561	19361	19099	15541	22034	18204	19084		1437971	1390798	1304678	1633584	1516113	1317533	1345098	1445999	1329197	1502818	
0.5102	0.1562		19618	19370	19043	20204	18290	20727	16465	30429	24663	22989		1137587	1204865	1293886	1212956	1067122	1141867	1107212	1446361	1202848	1209898	
0.3134	0.9638		42710	39073	38199	39150	29331	26778	27219	35381	27387	24267		1615190	1564938	1472249	1447637	1286311	1223372	1226794	1397830	1236585	1193628	
0.8899	0.3496		25716	26236	22486	27775	25535	27697	33865	26680	26221	32490		1298511	1091952	1099193	1262583	1274675	1330308	1413209	1183565	1230633	1349933	
0.19	0.842		20902	25561	29280	28340	33631	21339	34945	36995	34865	26367		1108145	1310155	1540776	1423569	1369739	1296887	1648795	1472966	1519641	1452020	
0.0715	0.6107		30948	18013	18606	22612	19802	25575	20973	26478	19543	23177		1511376	1231863	1204403	1377230	1431035	1388595	1383904	1573601	1227692	1383893	
0.294	0.8447		36594	27515	37105	23744	27442	25882	36605	22996	31553	42007		1809676	1381601	1464455	1219947	1308159	1256664	1506484	1197539	1349633	1335408	
0.4743	0.3301		23019	35456	22698	22425	25504	21612	22623	17463	24784	21005		1236499	1513388	1206239	1309320	1321119	1241770	1266335	1154195	1175035	1211845	
0.7326	0.6675		40689	29118	29010	39432	26491	46383	38650	32531	45044	34086		1554331	1242160	1255520	1441583	1111500	1480216	1476328	1316843	1353627	1332986	
0.6421	0.9198		43988	39566	30748	57965	43405	54175	33175	35033	32927	31650		1210616	1154377	1120316	1487161	1285815	1348224	1293010	1248569	1328535	1221497	
0.6188	0.0733		18770	28454	18448	20904	21523	21047	28569	18288	19843	19025		1208310	1702754	1168520	1211569	1484494	1375897	1584112	1292244	1229591	1219533	
0.9637	0.1521		30969	34732	34025	23148	34866	24164	26310	26500	40218	21236		1521893	1651335	1551221	1265588	1659310	1244033	1345681	1443056	1632197	1199195	
0.1233	0.9895		20104	30618	27967	26661	28043	25240	34318	27815	23576	24292		1178855	1449567	1310838	1324654	1267938	1310128	1645799	1505440	1286995	1411417	
0.9018	0.8143		36149	35526	44244	45897	44024	37416	36141	48162	46046	45907		1207706	1294056	1249437	1383191	1554396	1342903	1172419	1668115	1657344	1547817	
0.8324	0.1515		22393	19905	32572	32790	22602	20602	23386	21879	30069	33207		1228862	1165661	1547323	1555599	1294106	1034252	1182508	992309	1393508	1471206	
0.8115	0.1651		35376	25605	23025	23108	34878	27860	23185	32047	25070	24784		1387504	1318279	1381127	1265887	1537821	1352418	1316083	1476368	1237023	1375206	
0.2373	0.1496		14454	15649	13909	15429	15656	19252	13824	14806	23243	20637		1294779	1008184	1063787	1068948	1172729	1246739	992407	990284	1300329	1283163	
0.1782	0.584		30929	20004	20644	33033	27843	18496	25017	29555	23002	30795		1411087	1253102	1343512	1471090	1403017	1177848	1384998	1556374	1410669	1655649	
0.7547	0.9752		45904	31849	34713	36392	34745	45013	35775	35912	46582	49541		1540150	1225814	1201339	1484782	1309359	1568305	1413947	1271498	1470668	1614889	
0.9106	0.7231		38236	36672	38321	36503	36005	33249	42984	42148	45972	47599		1347704	1372960	1285384	1417246	1329063	1236049	1301725	1457635	1603625	1481740	
0.8661	0.2444		28441	22904	23372	20937	23749	33809	21931	24087	23588	20829		1200910	1071235	1179471	980485	1248900	1665729	1220745	1258177	1296789	1049618	
0.5582	0.3688		30848	33732	33726	20242	27938	33507	24713	38702	26583	25249		1396499	1450746	1441220	1211234	1543406	1639848	1449817	1778295	1272145	1186425	
0.162	0.4489		29149	28286	18752	34691	24976	22504	29587	21044	29309	30108		1263897	1586758	1366151	1533128	1376861	1344055	1483537	1327520	1557825	1581252	
0.4375	0.2277		30151	20999	16628	18168	21832	18866	20365	19491	18727	30519		1188910	1183184	1066419	1038002	1095599	1097857	1112536	1083840	1288888	1330608	
0.8392	0.6621		28400	44500	28737	32295	44022	29784	43039	28549	35891	43460		1474796	1592547	1128479	1341303	1580181	1268462	1587414	1264409	1498749	1542277	
0.4168	0.1916		19667	24976	18526	15487	25787	19008	16014	29874	19728	19354		1192246	1351855	1106357	1029726	1330416	1102327	1035578	1645944	1260310	1378999	
0.3071	0.5763		24099	25376	22465	24339	22554	32909	24558	19670	24988	19487		1276194	1301474	1272236	1383484	1304108	1559696	1259805	1145553	1221343	1173185	
0.7223	0.8492		31859	40298	35946	44934	35758	45071	35973	32773	37183	32325		1184455	1336775	1318917	1461572	1392079	1699164	1343483	1282514	1383755	1428305	
0.5558	0.8958		44276	41246	30975	27935	33591	33305	43483	31710	38722	32837		1576952	1469072	1287771	1228531	1218063	1098351	1206018	1172755	1289662	1271749	
0.7003	0.2477		32114	32358	23908	29838	27577	21291	20771	29765	25285	34718		1484917	1528668	1254112	1371610	1322533	1088026	1159319	1383084	1639122	1650292	
0.3276	0.6103		34319	25549	32213	34095	34559	25493	30560	25199	32005	33634		1413997	1270563	1617623	1639479	1722235	1499525	1295358	1365991	1609347	1600311	
0.8251	0.4289		37150	31820	27549	27759	24227	27419	28430	26477	38867	39338		1553658	1337709	1259029	1378320	1296490	1336419	1252676	1273712	1534015	1727302	
0.2291	0.7208		33911	36187	33156	33351	25205	23787	25786	28085	32102	22982		1424390	1419582	1570089	1646068	1356706	1342174	1472860	1327243	1343379	1417771	
0.3431	0.4287		27238	19947	28284	22508	29746	20942	20057	20814	32056	23727		1442538	1282765	1739997	1679691	1501773	1308772	1246974	1289112	1498294	1728112	
0.3137	0.3873		27756	22484	22252	19840	30643	24321	20286	31132	20054	22531		1255311	1247190	1273649	1154269	1458448	1393485	1252110	1390705	1375366	1324705	
0.5786	0.5581		26455	37594	28294	36847	24847	26695	31514	24485	24657	27742		1207648	1554990	1411581	1536381	1361962	1392044	1450656	1194034	1238132	1418729	
0.2398	0.1047		14866	16365	15979	20872	15372	15581	18077	24731	24802	24687		1110891	1293524	1295365	1290461	1281482	1259626	1265794	1456046	1460760	1451853	
0.6818	0.8289		30609	30754	29805	29645	30462	34130	33146	29667	29665	44450		1188546	1099234	1047122	1012462	996061	1069975	1248379	1121407	1282955	1523782	
0.8659	0.711		37928	32673	29798	39351	35430	44156	45692	42990	43585	54020		1425958	1123877	1103593	1472511	1327782	1507885	1507222	1502925	1399501	1488837	
0.6677	0.6029		40265	40351	41351	38048	31765	31023	29043	28322	28074	27671		1688414	1380184	1703148	1644696	1309930	1316940	1298313	1167334	1283604	1474754	
0.4736	0.5598		23600	20336	24164	28326	33785	28003	24095	28302	24978	24866		1267682	1191583	1350090	1496326	1583198	1327818	1390807	1361247	1327053	1402279	
0.6975	0.52		23881	26627	26183	26418	27019	28755	23553	27330	38194	33325		1038299	1196336	1164989	1169905	1167721	1309934	1028094	1248485	1762169	1415095	
0.8214	0.563		42000	32423	30301	39536	30084	33071	30310	32814	31051	57940		1381514	1141300	1162965	1455555	1342179	1367947	1242362	1245661	1229342	1320652	
0.5549	0.1871		25228	30290	29116	20020	27699	23883	29722	20238	22244	19901		1498716	1699748	1499666	1290978	1379234	1336990	1657374	1379647	1233121	1308150	
0.3825	0.5114		24686	22426	21975	23580	19393	27735	25629	32824	21644	28844		1147839	1121583	1144787	1282528	1155864	1279581	1159367	1642747	1188645	1317120	
0.4672	0.9758		31985	27336	34903	32588	30475	40041	31698	31765	28759	36734		1233440	1092422	1292426	1281484	1162593	1385511	1226722	1230907	1227939	1289481	
0.7134	0.4307		23345	25682	22518	33220	35868	27443	25243	22524	28113	27113		1180561	1142443	1063052	1287417	1398468	1383746	1087775	1167706	1226203	1288786	
0.4733	0.2906		24841	22385	32690	30027	20265	30636	30052	31091	21445	21175		1522351	1442146	1637185	1707142	1569106	1664758	1597469	1686027	1601324	1466328	
0.631	0.6262		25982	32492	27436	27160	36144	30908	42161	38058	37630	28843		1128978	1122126	1236937	1273702	1420053	1236821	1728197	1610058	1475339	1357415	
0.5333	0.5139		30688	37585	36975	39362	26329	37437	27438	24956	25820	31781		1163100	1778511	1319661	1331851	1319353	1492941	1329598	1192165	1369713	1224748	
0.7901	0.2654		26732	35419	23931	35116	24723	33687	25431	33705	33870	33452		1309708	1447985	1217955	1301739	1211517	1474070	1231532	1434435	1545979	1477897	
0.5298	0.9906		38893	31650	42800	42281	31839	35445	35007	31922	27774	39191		1318889	1261481	1459446	1445820	1188153	1199333	1386219	1342039	1069136	1421911	
0.1442	0.7096		20142	29547	23467	31484	20763	22070	25357	21371	31620	32304		1196853	1437134	1347316	1614324	1172971	1086706	1301251	1242291	1354369	1385861	
0.6633	0.4801		28007	25097	35172	28243	31490	33854	28055	28382	25542	28245		1276978	1086658	1321150	1405461	1259300	1481599	1409848	1265653	1178942	1335052	
0.0612	0.0837		22519	25910	14508	13953	16165	11926	14910	23640	17169	23716		1425230	1544429	1349405	1228586	1276894	1199436	1327021	1594652	1274573	1629529	
0.7268	0.5275		30997	37693	26508	26159	29026	41348	27748	28437	27108	34901		1349837	1465020	1172081	1252203	1289467	1471348	1196744	1322763	1261197	1533733	
0.2323	0.0565		17787	21467	16912	18504	15386	16850	16831	12742	13090	20285		1429267	1311993	1242383	1551619	1372293	1314815	1313079	1071174	1139783	1490425	
0.8866	0.8713		37184	46261	47834	48578	38426	47930	40733	51276	49666	37716		1231741	1511336	1384489	1456207	1341954	1417953	1355488	1748701	1488170	1252442	
0.917	0.1976		33245	35054	23597	32674	27884	36475	36583	26449	18368	21440		1332666	1431778	1134014	1369379	1323497	1496621	1560186	1148019	906135	1134006	
0.492	0.4025		21763	19698	22337	32841	21839	27210	22168	23517	19359	19797		1300385	1292080	1347235	1532662	1072152	1348276	1246900	1278908	1111383	1291216	
0.7458	0.3078		29239	36844	22657	23410	35357	41116	25861	26434	28587	22549		1362004	1316964	1111932	1203679	1404320	1385065	1340246	1336259	1210432	1192020	
0.7866	0.8888		34143	34622	37866	34137	55271	45972	47198	40660	47340	44999		1355585	1358585	1225485	1184995	1439176	1458554	1436489	1425018	1641258	1501646	
0.8028	0.6358		38436	37062	38670	30146	30876	35750	45937	40415	32334	43901		1307152	1230971	1412929	1210199	1145113	1256193	1264210	1433166	1284799	1588865	
0.81	0.7524		51776	52475	34778	44559	30005	33313	32704	41940	45969	38886		1786854	1438272	1380573	1770577	1165665	1153467	1172863	1349082	1511021	1221192	
0.4066	0.785		27913	30070	32796	26204	28541	38699	28107	28976	26405	27233		1243834	1263697	1306151	1348242	1489269	1488186	1240647	1400970	1371119	1378477	
0.3661	0.2294		30982	18102	15308	18293	20671	22805	27901	23706	21307	29237		1259649	1281813	1046385	1102522	1299781	1308589	1357234	1370000	1439070	1720326	
0.6414	0.7909		39894	33517	42708	28095	33902	31888	27937	30308	42346	35935		1503471	1447840	1501530	1091331	1337078	1287295	1144965	1242283	1471559	1470417	
0.1362	0.9191		20446	32317	23279	23765	26008	25931	24456	29045	23017	34105		1070707	1604724	1339341	1259379	1316490	1363265	1300553	1289734	1251252	1611334	
0.5976	0.2525		41935	24187	32478	37123	23874	18777	29685	31549	26150	24907		1680225	1315179	1404622	1446712	1382999	1272784	1563210	1370197	1291678	1242139	
0.8788	0.9537		40183	40126	37061	46069	49288	46417	43633	45082	38784	51683		1166771	1210799	1134355	1266452	1316456	1341683	1264577	1410334	1410562	1387639	
0.4451	0.3399		32613	31903	33986	23549	20716	25251	21474	20116	24090	26374		1421303	1454137	1352439	1220821	1434181	1321295	1140517	1387916	1468581	1359104	
0.6844	0.3774		26360	25204	25280	24084	25039	26144	33867	34100	41710	24246		1360896	1334866	1210577	1157322	1295458	1231564	1498558	1348826	1460049	1384682	
0.7171	0.4341		30819	35320	33192	23983	26282	27389	28295	25670	31496	28690		1231814	1205692	1171517	1032842	1158432	1064839	1173683	1178202	1154693	1258469	
0.773	0.707		39818	34353	31234	30890	30582	41181	32680	27679	41495	37457		1415046	1390281	1215264	1231695	1340509	1613838	1541304	1217739	1414412	1653037	
0.6457	0.382		40734	28787	31074	26730	24142	25263	21782	35134	29063	25047		1320753	1225091	1341000	1330075	1238018	1336492	1356138	1628717	1327165	1344316	
0.9278	0.3105		32846	33921	29687	38217	30099	36472	32010	29058	25786	38319		1452167	1443186	1256836	1551185	1580497	1524161	1479515	1243142	1272313	1580718	
0.5385	0.98		43231	43218	33483	32437	35186	30913	35716	34077	35701	41059		1403304	1456973	1314145	1244481	1339053	1267110	1334672	1223746	1328198	1336634	
0.97	0.6017		33921	31759	33618	33484	34619	28819	32680	35199	36703	34737		1276004	1183464	1222386	1384356	1296136	1093548	1330859	1407058	1387494	1270904	
0.2275	0.5991		21398	23847	30518	23777	32866	28931	20780	18644	32275	23358		1219381	1279636	1338544	1256631	1411437	1551639	1182872	1098593	1451367	1307172	
0.5833	0.9803		34446	31764	38256	34256	35079	49765	31860	34936	30766	32943		1311408	1433227	1347389	1221463	1314762	1514875	1337726	1550141	1189896	1287564	
0.7375	0.6834		41645	45096	43336	42089	33624	41853	45089	32293	30002	31852		1589500	1553383	1772138	1575651	1332493	1379000	1333415	1363496	1223152	1327507	
0.427	0.6815		25627	28980	31098	34739	27551	27482	28661	28357	27092	23534		1218200	1468486	1495696	1245626	1351817	1493304	1479271	1355642	1372761	1342725	
0.9985	0.0967		37335	29504	25740	23581	21110	31853	25673	20650	34136	35194		1411595	1489579	1387315	1204034	1329875	1324769	1258284	1134295	1641172	1619962	
0.5847	0.6897		35816	27745	39383	30635	31472	25025	29367	22818	39535	25726		1423029	1304102	1573108	1358921	1370728	1175484	1321962	1186439	1572994	1180675	
0.824	0.8976		33028	36711	46034	47848	44728	46274	45053	42749	47507	48372		1205462	1405462	1446936	1529305	1552484	1630002	1577977	1388885	1520960	1544222	
0.5963	0.2845		26971	23189	33253	39305	33283	25189	23646	21876	22889	21157		1252782	1222962	1493149	1541792	1555305	1276966	1373776	1291955	1199719	1306371	
0.7929	0.8839		32352	38040	34857	45882	34768	38003	36435	36326	35835	42200		1175463	1140862	1067811	1366334	1325469	1339647	1155924	1463476	1283896	1363242	
0.2684	0.9087		25582	30329	26692	24567	33450	26526	36235	41690	27345	22974		1360999	1458694	1374353	1160969	1347509	1349707	1504689	1536205	1416079	1195448	
0.4398	0.8108		26530	27340	36912	37061	28884	27508	38329	38460	25783	32829		1125204	1142817	1533526	1612562	1429699	1158268	1411034	1621236	1395375	1305843	
0.4981	0.2876		19805	19945	19338	32422	20906	19691	21076	21562	20776	24942		1175155	1142890	1030959	1314682	1181797	1041817	1110779	1138313	1229853	1317397	
0.4737	0.2804		31387	19874	22091	27695	19620	22538	24745	29960	33119	17740		1600380	1158776	1363039	1382847	1126107	1260163	1315307	1454122	1667344	1182510	
0.8744	0.7909		37305	34900	31374	34913	45360	37355	37162	39555	46875	45986		1192764	1162985	1010848	1059179	1382728	1260821	1239831	1266531	1474173	1488575	
0.8202	0.1957		22867	30790	33623	40425	26038	24795	22465	28597	24841	25242		1149353	1375743	1532182	1389105	1300613	1249830	1207546	1323022	1451364	1286260	
0.5037	0.2057		27386	17037	31208	22401	20931	22305	20988	30793	23285	20138		1381673	1115472	1567294	1225727	1320979	1306737	1194137	1563765	1264770	1130790	
0.5753	0.0838		27361	27974	20769	23440	19917	29145	20230	18414	19864	22573		1433681	1357791	1592988	1514402	1339608	1350861	1164356	1259349	1311559	1319020	
0.3197	0.9124		28345	26211	34387	27138	25180	32301	43103	26557	24309	27167		1230732	1180485	1356296	1123334	1034277	1467441	1305510	1297954	1290332	1505911	
0.8406	0.7365		48436	30970	49051	40479	32759	43035	33199	43390	43276	42799		1455003	1177730	1372152	1257252	1178973	1438283	1213099	1398876	1369607	1598475	
0.2691	0.192		20278	23908	17091	17264	19783	29152	17854	14706	27124	16816		1295711	1481966	1480048	1261418	1186220	1632995	1295533	1136945	1502335	1334494	
0.5459	0.5569		21894	28265	36480	29105	25059	35937	25010	24716	24051	25899		1209526	1444058	1630899	1278283	1246750	1254252	1271902	1276425	1242445	1528259	
0.8363	0.7188		43846	37058	42775	28965	37054	48915	43438	44647	34193	34498		1464846	1433259	1367567	1500599	1589752	1379147	1432628	1447700	1319169	1285481	
0.5071	0.1739		24777	31978	31178	17444	22373	20015	30717	30604	19705	17744		1283327	1400428	1535928	1237170	1242208	1370856	1529078	1510642	1253209	1050480	
0.7234	0.2413		34000	22745	29708	24626	22628	24799	32125	22096	20942	24396		1431096	1317714	1431616	1227576	1259563	1271016	1429650	1156567	1172659	1291139	
0.2637	0.6816		33315	22676	23134	29358	20463	32016	25468	24055	38292	24981		1546141	1152974	1436660	1392717	1227605	1468994	1313312	1420283	1398792	1336372	
0.176	0.8278		22940	34651	23623	36088	24852	25466	26391	27337	24922	21414		1221046	1566033	1334465	1608435	1302130	1280222	1477649	1442505	1346439	1116150	
0.0644	0.2719		22455	16977	17102	17451	14880	15076	25615	16901	24594	17742		1508454	1286831	1491768	1370788	1266885	1376268	1596434	1423746	1457015	1536125	
0.3415	0.439		18807	17288	24708	21732	23757	24893	20837	20885	32160	38719		1231317	1118335	1439287	1296310	1376991	1292288	1285964	1350269	1530945	1607300	
0.7039	0.9315		30751	40674	34839	34120	33221	33638	31273	36788	37682	38504		1483728	1485668	1178140	1279937	1238458	1282419	1118348	1287905	1320576	1329099	
0.1321	0.6358		30168	30721	28057	18472	22036	19328	25381	19181	20842	34123		1329447	1577351	1403576	1059852	1324175	1165229	1227796	1079785	1277958	1483291	
0.8704	0.6397		29190	43495	35171	34093	34104	41168	28259	27922	33777	40545		1038567	1614025	1198442	1233951	1405811	1374314	1161463	1061644	1069479	1224296	
0.8429	0.1317		29405	22591	33824	22975	33056	33851	30826	25749	34663	38563		1337170	1157219	1450815	1334396	1372866	1495211	1501900	1228958	1499660	1347318	
0.3019	0.8874		28440	28673	37188	24355	22871	23290	33257	25902	36505	25473		1364690	1311938	1508711	1113243	1058973	1213766	1320032	1242832	1600413	1186822	
0.3619	0.613		31418	33960	26256	29222	24528	31103	25878	33124	32503	23652		1558836	1718063	1348630	1280718	1294776	1444480	1366242	1442359	1690564	1353676	
0.1344	0.4476		23412	20943	20516	29350	24326	17516	23181	15397	14573	23020		1263952	1294264	1303790	1746087	1374582	1252327	1411792	1191842	1134208	1430311	
0.8338	0.6094		28188	33316	42059	32964	34175	35010	28023	31105	40587	40698		1178338	1319298	1432348	1430733	1206887	1398964	1028308	1252622	1471672	1563052	
0.1343	0.5055		17794	21285	27458	24669	26008	28614	20954	23785	16458	17384		1209021	1288131	1409405	1394011	1512574	1445404	1314215	1402997	1106858	1352621	
0.4352	0.6413		27388	35899	37200	26221	40620	29308	34375	24428	20938	25424		1222967	1551112	1670642	1204318	1194792	1293737	1327627	1223822	1038144	1135462	
0.6408	0.8564		52860	35404	44998	37097	25374	43817	32212	29094	34675	34656		1315477	1304863	1696487	1391052	851545	1511925	1326664	1065664	1246384	1354829	
0.5765	0.9708		28805	28526	32259	31290	40345	31653	33971	38577	31880	28173		1170625	1011744	1227059	1290875	1461861	1270128	1288137	1431932	1346455	1215030	
0.2982	0.8701		24884	25000	25138	45158	31723	23032	25874	28025	27809	25918		1310767	1200669	1213274	1548960	1542969	1141346	1241832	1324692	1307882	1261919	
0.3804	0.4894		21340	25299	26989	28415	21641	21394	25198	34765	32626	25433		1333193	1327623	1421005	1342625	1255274	1182931	1364215	1314858	1448158	1307639	
0.3035	0.4932		17912	22442	29938	20860	22568	23198	31976	22006	21882	29121		1108780	1329265	1356093	1352315	1313126	1203400	1178112	1240676	1234930	1283514	
0.4084	0.3865		24964	22762	25214	30308	25082	36791	31454	20747	20599	25220		1299355	1270565	1341626	1496734	1299741	1516433	1298851	1244214	1247201	1358174	
0.9816	0.5694		43611	28391	40402	40766	34546	32750	36712	57847	34432	46223		1275754	1158261	1450398	1334415	1240838	1390334	1359796	1638615	1416409	1387152	
0.6943	0.719		30272	30085	32952	30427	31001	43386	42499	36432	33000	39340		1310326	1422809	1301696	1210672	1298228	1519931	1199015	1333334	1339759	1503526	
0.4906	0.4661		25525	26804	35121	32410	32319	31913	22191	24696	26090	33848		1301566	1228924	1427574	1429277	1513540	1670067	1209159	1173486	1273326	1675486	
0.5255	0.3517		25610	22105	22454	24886	22146	27382	22566	22763	24118	31528		1297493	1150499	1240916	1377450	1336802	1486478	1245232	1228785	1280540	1404397	
0.3482	0.0569		18173	17444	16237	14118	18683	17095	15066	16088	14094	17028		1196946	1081841	1169765	1180244	1230482	1213716	1146499	1087644	1028248	1216710	
0.8782	0.254		28733	24424	21298	39656	28698	35872	23730	25873	21551	25086		1344392	1250764	1207888	1503525	1246911	1497294	1200893	1311393	1157169	1205547	
0.9067	0.5798		29745	32584	40897	40800	31074	36963	30202	34778	34100	41547		1196003	1284506	1586040	1511558	1247556	1265724	1291965	1411796	1415638	1624943	
0.3907	0.3181		31044	25461	25598	18103	19625	22571	22745	31080	20520	21837		1465537	1386658	1178321	989945	1099813	1306299	1209909	1419124	1164607	1188123	
0.5223	0.287		24086	37003	32836	22913	22344	21318	18868	22379	18421	26260		1366124	1472718	1338123	1175136	1400236	1125222	1020796	1303672	1174136	1476180	
0.3049	0.9004		37653	34460	23415	29524	29394	39281	27591	27307	25965	26391		1533275	1357125	969365	1136382	1329170	1360309	1368654	1334975	1399467	1384652	
0.7692	0.1378		38492	33443	37657	26130	23688	31168	22798	24249	19982	21155		1519106	1394067	1419877	1406567	1378987	1396145	1326477	1207396	1182432	1153762	
0.7515	0.8765		36725	46700	39571	45599	52969	39463	46202	38293	42131	33024		1175172	1145667	1241974	1626855	1459235	1706640	1485590	1561884	1392892	1086849	
0.191	0.3489		28720	28592	16678	24877	19298	17405	17935	20300	23208	28795		1505023	1679502	1255379	1440536	1337621	1177222	1186001	1369183	1437075	1546682	
0.7201	0.1334		21316	22258	20539	30866	24214	21369	32981	30607	26818	31034		1225434	1346369	1277651	1480365	1241741	1286204	1213615	1426605	1406975	1639800	
0.1268	0.4064		27599	29128	25263	28071	15035	16309	18416	22460	15494	17067		1578114	1680059	1271584	1555994	1048822	1076510	1270586	1573293	1052698	1282197	
0.3593	0.6518		22837	22551	24308	33017	33362	24085	31266	25464	25433	32298		1202195	1098645	1132434	1579734	1550235	1232030	1435586	1247381	1291892	1449513	
0.0778	0.5087		16091	25162	15996	17028	25254	21457	25074	26702	25050	23661		1196454	1310281	1142143	1320306	1523883	1328686	1439823	1514086	1431936	1226800	
0.5292	0.4949		26042	29299	22317	34108	34570	22029	23128	28357	35732	21935		1352008	1433365	1374647	1624159	1532806	1253734	1358186	1283786	1518657	1205162	
0.7325	0.9029		42332	43860	44101	31460	37435	53725	36118	46080	34773	34775		1360600	1707618	1599169	1209002	1318305	1327879	1214932	1435629	1221090	1300333	
0.251	0.2812		18044	20037	17679	28104	18979	28694	26853	18631	17266	18988		1252383	1328928	1146707	1623989	1175016	1611111	1443885	1239844	1289714	1269442	
0.4951	0.2733		27933	22596	23492	31788	31321	21567	19751	21785	22955	19848		1487393	1254175	1222061	1394482	1465241	1231761	1065521	1206791	1293572	1131367	
0.1645	0.5119		30004	17398	29452	19595	20372	30088	29937	27933	27597	28058		1666314	1206492	1496606	1354162	1305306	1529168	1536113	1591336	1481515	1750885	
0.976	0.2193		27678	29149	25001	35224	28648	30330	26796	35488	26005	24369		1204845	1265299	1187056	1513619	1372385	1216577	1261924	1435199	1505884	1216401	
0.8978	0.4878		27718	28400	48902	27288	26074	28183	31135	29644	26703	31919		1322849	1231473	1600078	1153333	1129633	1126940	1170710	1315200	1154683	1291859	
0.8184	0.0659		19192	32191	24455	21344	22570	25770	30400	22408	22463	30267		1170189	1536260	1109690	1208729	1235482	1378038	1548434	1246528	1366509	1403810	
0.5498	0.7559		28870	39398	27632	27075	28117	30672	28733	31234	34026	40816		1269385	1390262	1369539	1062925	1233333	1280230	1245495	1201959	1337897	1402505	
0.6318	0.8505		42912	34094	41560	35970	31559	33046	31281	42417	31214	45713		1435979	1334538	1432932	1283058	1241496	1337809	1132586	1367823	1331975	1367361	
0.1518	0.8197		31009	21349	21201	21713	25155	22573	24825	27261	21949	22532		1659291	1249626	1206673	1167219	1302049	1241666	1272996	1350198	1273234	1349110	
0.0994	0.8216		24255	18658	32182	21055	26725	19828	30428	30958	25350	20480		1312138	1069383	1340296	1271079	1466843	1120006	1581299	1489253	1382380	1308436	
0.6378	0.2533		33998	21047	23460	24728	31082	18941	32428	29699	26224	31505		1552249	1178245	1191558	1045793	1510863	1162386	1439027	1292384	1554297	1434402	
0.4891	0.5295		23715	34649	21093	31248	36930	26002	37007	26119	22946	21552		1224051	1547484	1215735	1327670	1063492	1304443	1613579	1204055	1149408	1065321	
0.4999	0.9274		27808	33790	32764	35867	33780	30263	41158	45165	37690	30360		1081530	1328024	1383966	1187769	1372891	1273711	1652222	1353616	1535819	1245995	
0.8433	0.5699		31028	26323	31771	34712	28727	27249	48238	41713	35860	34667		1330491	1161077	1312033	1247935	1258677	1029602	1575812	1489224	1387437	1526291	
0.6089	0.234		23035	21694	20707	21768	21410	17531	24249	30120	21543	26693		1335785	1147937	1113568	1254133	1282050	1122073	1292916	1351476	1147435	1363610	
0.1232	0.3638		19737	16944	16768	17160	14543	16711	15492	15450	16945	16447		1334524	1143069	1157678	1306896	1057604	1209608	1143843	1171161	1126315	1109405	
0.9925	0.7556		49650	42053	47608	47656	47098	48504	43422	34600	37064	39573		1496178	1390903	1784204	1599405	1563310	1480001	1447765	1350588	1381886	1431736	
0.2079	0.4399		25898	20922	18080	28068	18352	27655	27741	25424	20682	28738		1354826	1215930	1221000	1521489	1195010	1392117	1450102	1392249	1209324	1363774	
0.8464	0.9772		40108	55098	56750	40008	36017	45364	39946	35914	37647	40045		1200018	1579667	1310505	1327183	1199597	1306420	1214594	1157995	1241622	1380450	
0.0758	0.4083		13823	18564	19952	22314	16989	22075	15679	15719	26333	18324		1245467	1352511	1283985	1529472	1202729	1272128	1268523	1325668	1694773	1423124	
0.9108	0.758		32607	34868	40787	33808	31178	37309	35546	36300	35592	34696		1286835	1232570	1340056	1141980	1055796	1245815	1208864	1253771	1319433	1358342	
0.3924	0.4773		28468	24712	22794	19277	18790	24316	28243	27633	22765	28293		1329456	1211350	1110224	1065207	1135567	1377030	1452125	1469006	1291571	1285602	
0.3163	0.3666		19608	17659	32382	29995	23431	19368	17618	27550	36471	26374		1064778	798678	1042136	1457652	1281408	1193509	1136818	1290280	1434444	1374723	
0.4126	0.0519		17313	19372	19714	17733	18972	16599	22899	16426	25792	17358		1283983	1232865	1290276	1429321	1274872	1203707	1187181	1229413	1667962	1120384	
0.7882	0.463		29151	25124	26850	38064	25943	25473	27714	32205	26508	29948		1243176	1118174	1117953	1458104	1209112	1262876	1302364	1375394	1422094	1237553	
0.7141	0.4779		32284	26454	29277	25724	27306	32342	29979	25228	27880	27973		1224756	1303215	1263303	1137229	1252499	1400683	1175788	1050626	1180009	1374154	
0.985	0.3859		31905	30003	34531	28369	36429	34112	27716	27912	35161	39927		1334041	1334225	1443160	1333018	1451286	1337098	1135835	1096071	1307715	1460569	
0.6863	0.7288		41823	30319	30273	39869	31685	32871	29538	27558	32040	30051		1658025	1208301	1153273	1446911	1219277	1419491	1269041	1104101	1403851	1198798	
0.9458	0.8217		36036	38974	37264	41054	35950	48821	36202	42572	39075	49287		1272763	1283239	1123716	1151689	1352477	1490409	1227285	1336992	1259317	1543200	
0.4478	0.5593		22741	26556	29222	23823	28202	33951	32797	32841	34480	25506		1229162	1357334	1384288	1341454	1413719	1488199	1440675	1610906	1380175	1395227	
0.0856	0.3466		16819	16637	16099	26238	26524	26631	26337	14160	16460	23099		1320327	1326651	1186171	1672844	1654618	1821741	1655523	1136265	1304260	1352169	
0.942	0.4183		28813	30878	28708	30422	29639	35087	38639	43818	34093	26283		1437349	1180965	1262898	1390312	1318825	1457128	1556737	1541368	1311830	1319448	
0.5314	0.2147		29059	31886	22393	47360	28427	24319	21022	21535	19996	26370		1399479	1655648	1349644	1549465	1575688	1221292	1213752	1301896	1253899	1372271	
0.2698	0.4506		19935	16675	23071	18911	18986	19116	17603	18030	19498	24978		1080958	1067052	1288638	1171815	1326422	1253686	1169951	1053044	1220749	1346256	
0.6339	0.0785		35592	33928	27442	24685	27697	21200	28023	19923	25810	16359		1849981	1587008	1535058	1472532	1498784	1235435	1660346	1539343	1325895	1103127	
0.6031	0.4913		24042	29362	35853	30767	24122	26424	22896	33852	35665	21337		1446752	1190958	1426085	1403480	1209382	1242362	1285019	1557845	1510269	1061176	
0.1688	0.0623		14547	14313	12403	16664	13859	25296	14961	11989	15414	16315		1045005	1266289	1107325	1258152	1323444	1278461	1199815	1206970	1396329	1412428	
0.782	0.2642		32630	23473	33540	32297	25607	35292	24356	21048	35559	40483		1478633	1297428	1481937	1455792	1568853	1592638	1295754	1247926	1385114	1849741	
0.6245	0.3354		25370	34281	22254	21470	25399	25573	22335	26155	34144	22347		1398222	1581651	1414853	1241699	1568546	1301175	1123290	1138002	1503489	1204653	
0.7235	0.4671		29249	24424	27983	33431	29709	42252	28819	20206	39040	41599		1241974	1223995	1261715	1281797	1378464	1602900	1167047	1098755	1477636	1287160	
0.4453	0.7476		37346	26364	36978	30477	23882	31251	33001	38670	37806	23426		1527018	1293582	1476965	1425222	1329781	1421796	1484085	1600882	1486779	1227564	
0.5246	0.063		26047	21626	28633	30639	17012	18019	29027	18469	20600	20218		1593098	1361882	1469984	1499552	1294633	1374373	1498058	1475650	1426962	1235165	
0.1526	0.5042		22582	29751	17055	27769	25597	28350	30666	27663	25215	22982		1297594	1260822	1278486	1315091	1400723	1559552	1637691	1597871	1358802	1420438	
0.5174	0.806		26022	30628	38667	39317	33460	37990	32418	29798	28778	30668		1145583	1247352	1439525	1639447	1504337	1511131	1370075	1361740	1358749	1347145	
0.8988	0.1872		25095	28951	34503	34662	32844	39320	23405	24169	22867	29657		1182743	1298053	1633991	1608538	1202523	1480925	1225864	1213838	1152619	1223890	
0.5676	0.976		33529	42144	41497	44077	32314	31155	34912	32996	29162	28588		1281433	1574883	1671735	1343122	1389234	1257533	1341545	1200603	1100437	1053857	
0.4769	0.6864		26818	24314	26152	37489	31025	36114	27192	37773	25443	25223		1296291	1230923	1253296	1601856	1469995	1463271	1371392	1417511	1175876	1178871	
0.4721	0.3484		18559	28863	20960	21358	23735	23872	24195	18839	26046	33437		1046758	1451778	1160921	1225149	1236342	1270432	1319173	1196070	1351892	1606051	
0.1231	0.3411		18652	17941	22411	21291	16142	16206	13973	16312	24375	21812		1229446	1498300	1541736	1437371	1526191	1281798	1315358	1397412	1477509	1598182	
0.1312	0.9052		27738	20460	21185	20020	30647	21587	33730	23163	22646	24940		1242935	1033000	1266257	1037045	1282040	1176618	1376243	1248286	1107213	1191569	
0.7484	0.1321		21723	23779	18972	18643	20898	21535	21516	26628	27896	24191		1125159	1327785	1144705	1037222	1174715	1218769	1272013	1361500	1380260	1262436	
0.1232	0.9705		24863	29461	23190	28095	31843	26750	20128	28511	31840	24364		1258029	1328562	1263182	1407901	1621049	1329967	1058837	1472913	1500571	1358029	
0.0762	0.3659		17516	16575	16012	14716	25911	26300	18276	18244	21111	19107		1461606	1205228	1167829	1148719	1307467	1626424	1366166	1466873	1419923	1473439	
0.3279	0.4826		18249	31712	19451	24601	23639	20784	23563	33347	19271	21420		1130528	1355472	1148331	1264886	1325776	1337714	1415157	1739287	1216615	1225239	
0.7402	0.3338		21316	27679	28952	36868	23831	28930	26011	29800	26015	23655		1029574	1282626	1286763	1612528	1157174	1372654	1316140	1396483	1266908	1237946	
0.9196	0.9681		37704	41754	37981	38659	40081	36687	45734	39939	38454	39212		1205382	1297400	1214096	1291016	1180527	1146313	1389192	1282760	1301555	1352505	
0.2992	0.5144		26351	23579	22354	27795	23019	23188	17333	26881	23441	32252		1369830	1337511	1391066	1479141	1245443	1135916	1103563	1304197	1417305	1455524	
0.4385	0.6988		26160	22049	25469	31687	27925	25859	28251	36793	27738	25878		1301680	1084168	1307743	1436467	1329525	1286050	1368350	1507156	1264047	1291657	
0.7514	0.3021		25158	23073	25337	33483	34488	35281	28618	27222	21566	24336		1199372	1224597	1276464	1419133	1508274	1313916	1158019	1334801	1100373	1199773	
0.5072	0.9375		41886	30963	36176	42225	33667	41332	41630	43413	39604	40624		1491571	1430130	1402234	1510820	1373422	1537686	1599742	1544756	1593755	1505648	
