18	19	
0.8766	0.4849		25062	35201	28620	35989	40527	40026	33990	38846	34478	30459		1177353	1489559	1267012	1442488	1942051	1679686	1501786	1856773	1457238	1425379	
0.9918	0.52		30472	51007	33430	42668	42852	31475	47908	28765	33370	43705		1523650	1761591	1921163	2109518	1653137	1360194	1511975	1088679	1338128	1527442	
0.6019	0.7221		28311	33696	31999	25422	28587	46240	40662	30156	25632	35306		1310168	1278292	1263475	1075197	1060037	1843390	1591905	1261141	1047925	1310140	
0.1694	0.8502		31945	21454	26308	24518	34516	26501	31307	24130	27100	33294		1596145	1204868	1338400	1373239	1969608	1360998	1353959	1543277	1454844	1616988	
0.4154	0.4873		22744	34047	33180	28591	23183	33711	36426	22316	28368	33184		1243161	1479583	1602402	1407914	1236985	1670711	1653894	1212919	1508089	1694909	
0.2897	0.4931		17655	18071	23278	31613	28581	21628	19336	20631	31530	24200		1062408	1049808	1364446	1360146	1480231	1262888	1244655	1309656	1562093	1528587	
0.2639	0.9011		37007	29866	26212	37009	36984	36488	25508	29713	29588	34780		1608229	1511790	1185925	1373479	1176087	1415764	1254025	1395085	1274904	1532960	
0.6573	0.5584		28729	41502	29804	27822	38619	30015	38823	37018	26822	24529		1253326	1353466	1351232	1337194	1594129	1387675	1798852	1675672	1256236	1275361	
0.8064	0.6008		34737	34602	26577	39165	32103	34566	35687	29524	31497	34546		1288947	1357046	1487700	1377862	1258502	1249290	1299902	1392368	1250476	1467093	
0.25	0.5529		29365	20170	21340	25150	29387	29685	19856	19539	23272	25526		1413332	1237351	1184874	1359880	1254685	1564785	1236729	1107489	1222351	1320495	
0.8412	0.2		20163	23028	23877	25872	24109	25572	23981	35297	26584	26350		1143438	1311835	1443174	1281778	1298048	1299185	1438778	1606183	1376403	1375859	
0.1474	0.6024		16573	20141	19245	28248	19890	22070	19758	22671	30001	22075		1082991	1435150	1276768	1279376	1309609	1305337	1186832	1327508	1515203	1355051	
0.4568	0.8168		35426	34120	50203	51277	33894	26239	30584	28124	24587	31089		1498572	1478554	1417593	1546965	1375206	1029879	1141408	1375411	1171426	1374105	
0.2671	0.4318		30150	30615	17755	20428	19301	21568	17079	20827	19194	35665		1498480	1357743	1290692	1403369	1253590	1260583	1151872	1351245	1523390	1494991	
0.6337	0.5851		28173	31195	26926	26719	29142	30058	26178	31525	46377	38534		1282990	1316255	1211973	1225086	1397098	1354222	1268918	1389663	1569813	1588218	
0.3759	0.5457		20167	22587	20370	22478	24934	22389	25346	26087	33912	24324		1283427	1252610	1053371	1206907	1364829	1281099	1315175	1327967	1585171	1361618	
0.6084	0.5328		27905	40549	37071	25992	27738	35161	27623	21274	25091	25561		1468768	1526070	1648014	1338010	1410422	1445345	1150260	1198182	1305604	1526850	
0.2776	0.4438		19469	22696	22359	21734	31787	20414	20068	22219	18050	19555		1144294	1232792	1157409	1170813	1184797	1350111	1197548	1207055	1052461	1272262	
0.4779	0.0767		19952	23994	19744	18484	25265	15748	15357	14840	15362	16913		1335480	1215557	1320100	1404478	1403900	1185302	1134072	1032562	1090637	1016745	
0.8797	0.854		34918	37238	44234	34654	39776	38594	46019	37595	45926	52433		1343681	1283250	1390907	1209348	1331610	1335074	1542963	1293417	1737198	1266918	
0.8176	0.5025		25679	38797	31000	28328	41939	30574	31244	26119	36737	29119		1119155	1340164	1426025	1248207	1167340	1119862	1282695	1150003	1370814	1153805	
0.1243	0.186		20885	18417	25608	15043	26165	17462	25898	18500	15438	26566		1300962	1174582	1306207	1329319	1519282	1248813	1595166	1275262	1212918	1682892	
0.9941	0.4635		38936	26229	40006	42583	46729	40622	34530	35117	32151	42591		1283891	1095281	1368938	1386379	1279255	1575898	1402152	1206532	1344085	1471497	
0.7528	0.4191		39673	31580	37038	38558	26477	33551	25134	26783	22898	31934		1549014	1487250	1558352	1509984	1305041	1331397	1288551	1322500	1166253	1454352	
0.5944	0.4492		24764	34311	32342	25760	29320	32572	30706	23786	30544	23673		1358426	1601527	1455866	1196750	1489321	1317248	1291293	1167139	1281013	1261608	
0.0752	0.3103		13784	27730	15815	12964	18293	25849	21767	13364	16107	17627		1153814	1630466	1248213	1188610	1331203	1609553	1422640	1213469	1334534	1561542	
0.4361	0.6615		24545	31530	28219	27896	37046	24177	23177	22615	30466	35026		1204116	1372837	1341668	1319289	1347341	1182749	1014056	1164147	1339714	1458768	
0.8854	0.8417		36283	32218	36496	47027	35802	36277	54335	37840	49647	46882		1247734	1045212	1138124	1634462	1300258	1188767	1183023	1357574	1685203	1582322	
0.306	0.7481		25799	25136	24606	27918	21450	34836	33866	24322	24672	21257		1223040	1381571	1395093	1497756	1229356	1681374	1660922	1348110	1282641	1207373	
0.1737	0.6146		29923	29716	33672	24842	17883	18037	25656	20446	25635	20952		1390544	1474518	1333061	1278139	1092947	1088485	1368764	1201157	1363108	1330343	
0.7112	0.4921		28927	23635	27439	24836	30001	27953	26188	26248	29784	25231		1274467	1113288	1474928	1172152	1248092	1147474	1204123	1299002	1364461	1190704	
0.4524	0.3611		22688	23009	20263	22153	20938	25295	23141	35798	19108	20838		1196798	1192183	1214793	1239636	1198204	1382116	1231169	1629270	1144261	1278850	
0.2888	0.4934		17682	28883	23714	21961	18940	31603	31247	33174	20285	22497		1157841	1343521	1601635	1061411	1112394	1681338	1556602	1309851	1346620	1292432	
0.8212	0.1795		25323	25852	41071	33343	34305	24037	22786	25088	23927	24383		1349498	1333908	1630174	1662914	1451150	1359277	1407891	1452283	1294442	1249633	
0.8885	0.8759		38278	37601	37816	46828	46641	46578	38198	44724	35909	46761		1400869	1261791	1348987	1514387	1568410	1492430	1299634	1431657	1437878	1545967	
0.8209	0.9618		50323	33686	47589	42159	38361	49277	56318	41416	38647	35608		1521687	1344943	1701558	1554743	1400234	1651068	1459493	1282766	1291166	1278921	
0.3904	0.9056		28743	34015	33458	32184	29784	28593	31057	25686	39160	36507		1124768	1355838	1504167	1278024	1307664	1205947	1330317	1159569	1542908	1366433	
0.1661	0.1373		27118	15047	17124	17294	28414	15492	24583	18686	15493	17479		1447874	1145940	1281432	1358305	1255356	1242150	1514381	1297404	1152944	1254029	
0.3787	0.7729		26180	30691	27374	25588	26009	33658	39769	42425	24796	23585		1226582	1365723	1291609	1278748	1352383	1467056	1693995	1821321	1588994	1230534	
0.4156	0.9225		48082	25905	36729	39399	29101	30912	30147	45249	37977	27048		1393912	1044485	1589804	1492739	1229814	1204049	1333675	1531160	1393682	1200400	
0.217	0.8655		31706	45510	29366	23233	27846	38157	24258	35602	24459	24678		1482395	1481159	1312601	1397046	1426495	1564680	1314419	1416905	1315103	1336744	
0.1889	0.4591		29665	20615	31242	26386	18494	36093	18702	28009	20590	19727		1427242	1173940	1499062	1479469	1120171	1221181	1303474	1409797	1301991	1137106	
0.1233	0.8132		31056	32486	27354	22559	22130	22764	23464	23932	32090	27968		1099476	1642263	1448235	1246813	1275546	1263277	1374738	1190225	1403346	1366329	
0.2684	0.5479		18206	21219	24509	24457	30656	15251	33066	23854	32014	22979		1220252	1326209	1205401	1288083	1297479	1287542	1545330	1311467	1699649	1248524	
0.6136	0.5087		36739	33470	26380	28098	42601	25646	43452	27535	40897	30512		1832172	1529886	1342438	1418568	1666012	1385619	1700188	1466538	1424214	1239635	
0.1729	0.1777		25636	18415	16534	18932	22085	27304	14123	14323	16402	14164		1439399	1115425	1091492	1525418	1410447	1582480	957567	1065182	1316225	1059433	
0.4456	0.2715		32930	22121	33321	29160	31679	31285	31162	29162	29310	28490		1429406	1499140	1731712	1422077	1444754	1501656	1426098	1444138	1431225	1511490	
0.9311	0.6549		37754	51472	32981	35844	31182	51732	45632	33616	34444	36307		1304671	1403149	1196419	1253036	1308740	1683995	1530829	1389316	1443922	1356999	
0.2411	0.919		25505	34870	35033	31050	32596	38924	31997	31488	34608	44108		1258972	1518887	1490114	1274642	1270973	1244856	1536943	1147749	1386500	1651235	
0.6698	0.5551		30125	26615	29358	37723	32285	37819	37194	26523	29841	32089		1295178	1168836	1532646	1404545	1367737	1411110	1629024	1317442	1238618	1285810	
0.3418	0.3839		36493	31362	21217	31578	31344	18869	19211	18467	30725	31563		1427322	1481557	1380054	1754075	1620963	1375482	1078337	1076915	1522884	1481407	
0.3548	0.533		33188	31480	29048	34728	33304	21428	24475	19241	21810	30205		1657318	1573796	1542035	1404281	1159737	1067000	1203345	1084943	1352824	1486319	
0.6408	0.2342		31517	19861	29697	21514	20934	32965	28199	22614	21477	30309		1296514	1300061	1290330	1139853	1113119	1395117	1370658	1170199	1186335	1278267	
0.9187	0.7504		33346	38807	40201	41072	35540	46401	34734	37385	37494	37327		1271231	1179668	1319987	1267162	1238778	1335824	1306074	1134392	1302951	1181508	
0.619	0.6333		27237	28981	29095	38484	37188	27556	33685	35298	38810	27513		1302156	1317244	1456176	1395016	1576133	1114431	1261653	1282164	1413736	1153568	
0.4583	0.3432		22756	22607	30506	21391	30612	21859	22821	19937	21676	25722		1319718	1280501	1624006	1259945	1487933	1219238	1250293	1102058	1175806	1290602	
0.2812	0.5682		24658	32179	19341	23730	22773	23619	26706	27317	22984	24126		1309145	1457823	1321966	1515789	1314147	1431414	1357108	1686707	1308373	1341752	
0.0866	0.5407		15698	24700	17950	17979	26764	21908	26631	27189	27310	17347		1171021	1339845	1154266	1175416	1495681	1365138	1514065	1542588	1427767	1176618	
0.2763	0.7833		25379	32559	23690	23060	27351	26438	32166	30972	27451	35258		1351656	1291979	1143614	1193578	1313037	1362717	1334885	1376201	1383551	1548398	
0.9268	0.6658		35912	37244	46312	36040	44096	33899	34088	44075	42015	48060		1512446	1304307	1653750	1338305	1205087	1244098	1359735	1511175	1259864	1441653	
0.8983	0.549		36290	30845	27363	32532	29381	33630	29106	29808	29461	28189		1342372	1154514	1210934	1332681	1279296	1353930	1052573	1171004	1163363	1068575	
0.3058	0.2591		19634	17027	24592	17894	18157	25573	18241	19750	20377	17787		1319778	1260393	1467509	1158086	1105245	1347307	1186627	1156842	1209084	1104147	
0.5549	0.5956		36716	39481	29668	22555	31993	32036	33282	40092	26319	25010		1477216	1418195	1148203	1222476	1381768	1197944	1517159	1469415	1404633	1261727	
0.8402	0.2692		27512	35069	38439	35700	25742	36023	34646	28671	36909	24528		1155411	1363042	1525159	1472815	1255407	1655179	1522512	1271131	1489660	1447910	
0.3661	0.9987		31107	30973	26005	26159	34682	39807	28984	25816	25554	40860		1333358	1398269	1159923	1209824	1384357	1611977	1387220	1156334	1243086	1568743	
0.326	0.9137		23640	25401	29701	30637	36624	25508	24967	35596	26426	27042		1084356	1240394	1244059	1341001	1315194	1005923	1041903	1353344	1385049	1198116	
0.147	0.6764		30125	18629	25070	28585	24316	20715	25694	31899	31121	29564		1402303	1076152	1283552	1493727	1386367	1376311	1376628	1421530	1812620	1584815	
0.246	0.4367		30030	28488	19955	19694	28607	29518	22142	24473	30782	25961		1502955	1304247	1318869	1357720	1537374	1491923	1306962	1273299	1478353	1322061	
0.3372	0.4673		29572	21239	18538	27579	21330	20990	30238	20695	21051	24670		1529731	1410521	1228276	1301773	1281567	1267072	1344294	1243199	1082476	1401199	
0.4767	0.2044		33776	30367	30678	30758	19841	19618	18015	19142	19342	27049		1545854	1493968	1654578	1700937	1145856	1282058	1187762	1381913	1245430	1498367	
0.3147	0.1334		28129	25021	20480	27843	25274	19654	17910	17578	26851	30116		1697626	1287814	1429453	1582609	1330016	1637463	1266372	1135450	1310783	1605809	
0.0835	0.6743		28762	24640	18178	28433	28786	24361	21517	21806	24173	28355		1493272	1276523	1081414	1222434	1636854	1430709	1339784	1287968	1593164	1364782	
0.5273	0.1077		22648	23042	15618	36929	29948	28187	25746	17118	15429	30700		1253712	1255506	1222524	1652117	1736603	1732599	1545728	1077561	1228476	1558085	
0.0799	0.3131		17428	15981	18527	21451	20019	21054	16696	20998	16383	15841		1107676	1307565	1410919	1322599	1659612	1415445	1281262	1310892	1201683	1066155	
0.5006	0.4245		22463	22902	23773	22665	25145	27828	22873	24882	23915	23633		1281167	1231471	1121933	997906	1226097	1302312	1255233	1256787	1169921	1227533	
0.7324	0.5016		34626	26003	38330	27358	36838	27267	26528	26396	26030	30924		1217205	1173808	1354493	1248618	1364704	1339830	1296685	1232181	1186379	1271134	
0.2756	0.474		19706	19026	20857	18409	19736	19368	23775	19246	30192	17055		1177439	1149956	1144352	1264089	1202265	1217681	1467293	1265526	1303930	1127114	
0.4048	0.5946		28999	23441	35160	38684	34581	35927	35801	34362	22972	32876		1322391	1131366	1483229	1594936	1407371	1486977	1531352	1607961	1334333	1666754	
0.1673	0.4862		24063	21500	20908	34664	18771	19099	18017	29611	21566	18628		1428338	1242055	1201886	1678825	1271807	1168557	1164396	1549671	1242574	1189247	
0.9638	0.7258		30680	31607	40132	34539	36238	37270	46413	44920	30932	35749		1124656	1075135	1243688	1388518	1100504	1289004	1601546	1594135	1063156	1264308	
0.5089	0.4783		21895	29318	20525	39006	25000	24400	23699	22124	24133	25022		1111568	1412105	1403350	1624241	1290265	1348211	1215631	1127702	1300822	1226294	
0.3739	0.5215		21510	28124	35956	22683	23117	29482	34504	23729	26765	21697		1144577	1309174	1458280	1294475	1174016	1292609	1633650	1308128	1320876	1212130	
0.5255	0.6094		26509	37561	26129	32710	44469	36039	42123	25301	22817	26713		1491525	1563848	1254042	1433944	1433997	1559155	1368524	1158464	1098018	1255345	
0.6388	0.2713		28419	27024	33569	34248	25761	25433	33883	19723	22658	20010		1587862	1378952	1547663	1347259	1288147	1294533	1545688	1056879	1393650	1237905	
0.7688	0.1827		33772	34213	32031	25182	22683	34274	32571	37487	33902	23354		1779974	1581527	1663802	1295151	1198281	1449044	1504272	1726122	1495674	1153862	
0.6105	0.5451		27386	27113	23591	25166	27387	27110	25260	24722	25291	30430		1198755	1333671	1180162	1364493	1273972	1208809	1174178	1108357	1287725	1434441	
0.2863	0.3665		20750	18820	27694	18287	19609	20456	20610	29242	19217	27818		1141179	1171007	1477694	1059855	1283439	1178033	1215726	1375561	1221341	1398885	
0.7878	0.1098		22758	31600	28659	24488	21788	28836	31631	19442	20244	25123		1143371	1533848	1317107	1288066	1212764	1488379	1442416	1041083	1134042	1395164	
0.7217	0.7969		34397	30267	32735	34647	49957	34831	37262	36257	55211	44030		1257965	1140107	1533268	1294083	1633557	1428094	1489454	1425927	1654743	1675989	
0.9466	0.5529		30471	28616	32799	33591	31912	28642	33413	35489	39333	37088		1284824	1171475	1243928	1397800	1289803	1168972	1488161	1302246	1379983	1320684	
0.7632	0.7774		35464	38990	34952	35447	44316	41759	32954	32725	49077	45123		1511649	1583319	1292581	1379788	1673297	1401379	1350571	1272149	1405989	1535763	
0.734	0.9198		37282	33875	34091	32467	35401	33717	37307	36784	33961	52524		1344197	1217098	1329191	1089199	1443341	1260625	1388185	1237024	1349516	1534291	
0.239	0.6556		29912	27764	34417	22921	32619	31120	33090	21979	20016	28943		1425501	1516972	1698304	1307659	1550804	1409940	1503781	1226631	1066336	1386257	
0.733	0.0763		29388	29940	20441	20515	20068	28699	23626	25619	26512	19920		1486418	1327084	1280613	1166020	1201337	1508394	1233023	1306137	1685357	1235755	
0.9079	0.4926		41244	28378	25653	34030	31112	26363	40394	45655	29817	25210		1653869	1404840	1191531	1238904	1246951	1057743	1373715	1343820	1252572	1142135	
0.6271	0.159		23854	20845	21447	20250	17550	30324	25938	17840	30694	20176		1185016	1142749	1215928	1118511	1143816	1389353	1248555	1205620	1399374	1197054	
0.9639	0.235		35135	25724	34860	25375	24082	35074	25823	26990	30073	25005		1376197	1253707	1370102	1096911	1196165	1474650	1141676	1360183	1300539	1292304	
0.3659	0.9722		29842	31788	26227	30301	32147	33302	37341	31439	27316	28496		1308512	1382724	1124235	1234967	1374696	1335793	1463894	1296487	1259020	1253280	
0.8267	0.7872		32123	33681	35667	47099	39237	44894	39438	43610	34982	46258		1191647	1429871	1267520	1388102	1326786	1469004	1255670	1297828	1271999	1378069	
0.6466	0.787		33217	30583	42085	43971	30664	30584	33551	31847	36158	40233		1393419	1500928	1564748	1811141	1327250	1240575	1341373	1371628	1545854	1786749	
0.5054	0.2043		16751	21620	22839	29017	24212	28218	23638	18584	17071	20350		1094961	1184223	1348811	1414698	1415365	1284104	1346573	1032840	1278416	1507664	
0.3756	0.1029		28201	19388	14363	14280	22456	22293	20264	19293	21437	26639		1528303	1343642	1053553	1061075	1440959	1509112	1579849	1318233	1288099	1576791	
0.2894	0.9547		38529	28484	23178	24674	29045	28975	25680	28652	31202	31893		1735545	1372454	1133190	1012885	1286232	1364887	1198162	1125002	1333201	1369604	
0.7462	0.0826		31749	20996	27528	31646	27731	23002	18254	29311	29556	17760		1456698	1289396	1194521	1480486	1725527	1545109	1186202	1070158	1403251	1222139	
0.8477	0.6215		30777	27943	40313	31383	31548	51681	34855	42466	42077	42615		1271545	1110234	1512733	1310324	1356880	1591728	1517572	1579379	1623002	1264563	
0.5263	0.8418		45007	29537	31529	39143	28043	30786	34984	41576	36053	35724		1456018	1362249	1308095	1586013	1351492	1348042	1447454	1617749	1413947	1446277	
0.5513	0.2379		26043	33316	31392	32884	30390	20834	37623	19730	22607	30824		1354174	1564969	1503793	1744815	1547706	1392034	1360079	1204596	1300800	1406149	
0.7472	0.1556		22033	33043	33645	26911	39560	21896	24601	36212	28234	26133		1289821	1651314	1466545	1404895	1341190	1358768	1360626	1577747	1562098	1440988	
0.7965	0.3285		25260	23776	29729	22912	36087	32016	22289	41947	38543	36342		1213104	1114731	1289434	1150790	1416637	1325366	1249526	1443879	1465202	1486000	
0.937	0.7678		37832	34257	45505	38014	52862	39733	36684	35108	35515	36968		1316150	1276565	1537837	1308776	1579083	1457300	1297616	1335330	1328779	1436101	
0.6818	0.2831		24926	25089	32014	20021	23527	39541	38935	32794	26348	29546		1263505	1383853	1222319	1156569	1254401	1288123	1418389	1290706	1342483	1219958	
0.5081	0.8386		38803	27389	35179	35743	42309	32438	30029	41917	37975	29670		1547334	1290790	1290750	1452861	1557486	1354978	1299669	1465109	1398123	1607761	
0.7302	0.8768		36571	40090	35594	45775	35725	35869	48374	40584	35471	47494		1351122	1409920	1254945	1564367	1302020	1228560	1165303	1455131	1241155	1147526	
0.4564	0.2196		26087	20382	28724	22697	28739	21205	21922	23631	21854	19434		1466232	1372364	1385208	1298887	1764570	1337985	1246918	1202644	1364272	1412414	
0.9846	0.3958		30734	28542	33080	24910	29326	32804	31821	32548	33506	40085		1232281	1136090	1202731	1138400	1322597	1361035	1220078	1407585	1565186	1227289	
0.6171	0.647		25500	26003	33062	39550	28895	41987	29975	28042	34963	41698		1278778	1089170	1327937	1253747	1250738	1397733	1294526	1164980	1220719	1307665	
0.309	0.8859		23171	25536	39949	22132	28349	37238	27675	23457	28674	36618		1334282	1328317	1286052	1125948	1498394	1721923	1378576	1280406	1336155	1586428	
0.8884	0.7246		35220	42474	39603	32008	44316	39804	34131	34999	49356	31774		1230996	1282662	1349310	1221420	1500915	1343517	1305558	1361142	1455888	1301002	
0.2904	0.7672		25766	26620	26578	33478	33750	25242	22502	24029	32707	35021		1346232	1364863	1396016	1697466	1501295	1288137	1043237	1186923	1447975	1699344	
0.9355	0.8142		48491	56838	36090	44712	49252	42883	33656	35863	30731	39985		1675331	1488507	1220420	1296450	1532625	1402848	1081565	1085186	1038146	1263680	
0.799	0.414		36789	26113	36270	23791	38350	36440	41133	25248	25812	26265		1362994	1574698	1498788	1138512	1471053	1563861	1728408	1419490	1304598	1267530	
0.8381	0.0541		22485	30779	30675	20920	17661	21430	21334	40512	21965	27151		1401988	1517265	1455488	1254480	983844	1355656	1197518	1394774	1282851	1281782	
0.6158	0.2389		37601	27402	29970	19289	32034	27421	21283	21198	20706	21277		1633713	1407888	1351775	1269498	1450264	1282508	1241392	1186534	1185841	1309112	
0.2979	0.2234		18733	17737	15048	18475	18637	21376	28412	14612	19083	20051		1057209	1109235	1101543	1186411	1232589	1348184	1613663	1225233	1259512	1373949	
0.7164	0.6345		40044	30908	33362	30169	28470	40128	36114	33268	38247	28299		1490486	1287641	1331746	1220836	1196552	1595507	1497310	1403539	1629679	1443824	
0.8597	0.8967		38543	36952	33688	39487	50304	47927	48532	47230	33947	47894		1273204	1385864	1036555	1396850	1586499	1576354	1667661	1517875	1238125	1621061	
0.9608	0.7665		48011	39310	51365	41766	41055	41912	52832	44831	38325	41382		1680172	1388738	1366992	1406563	1417322	1441462	1510034	1377661	1329527	1334462	
0.9996	0.487		31970	28510	36249	30351	44859	31280	32663	32171	35379	25947		1345975	1264007	1381200	1430747	1329854	1240386	1362199	1322489	1284196	1184471	
0.6647	0.5815		24768	33433	31021	30317	31064	38993	28409	35106	35990	40673		1073880	1325559	1438233	1335243	1283038	1544615	1231143	1239417	1338686	1470351	
0.8062	0.8088		41937	36208	46863	45986	41945	45911	45533	38249	39709	44634		1374331	1324262	1434909	1781236	1430682	1754025	1596256	1129707	1436938	1693222	
0.847	0.8153		37266	45995	49073	38761	42946	35051	35119	39094	35162	43701		1504010	1749988	1374095	1482930	1615132	1383090	1481917	1404343	1348891	1412844	
0.2254	0.1182		17686	22049	20603	21417	24546	22533	19989	15289	17380	18663		1323224	1387586	1515432	1362501	1279939	1140135	1359166	1095879	1251439	1223987	
0.9296	0.5225		26046	29837	33802	30203	34494	30711	39774	32377	29895	34354		1038548	1499039	1453299	1165451	1331824	1436137	1386024	1257115	1259654	1362307	
0.1178	0.46		19154	23820	28666	18995	14921	19480	19345	26535	26447	20127		1255252	1137492	1514422	1181530	963948	1174996	1299234	1289601	1539345	1203890	
0.822	0.5278		41844	36567	25821	49639	28446	31005	25973	31926	29520	34353		1571989	1417019	1248993	1321558	1153332	1362293	1146510	1125929	1273064	1342589	
0.4139	0.3429		23392	23268	31276	29753	31380	19893	17549	20914	18915	22773		1260241	1363219	1657865	1467419	1344456	1180045	1073806	1192227	1085993	1329694	
0.3145	0.2615		26451	18315	19549	29243	28742	18496	26738	19758	16524	25955		1486189	1221929	1302351	1323646	1215007	1217087	1226204	1122671	1154123	1291470	
0.7933	0.9032		36022	48026	33871	48207	35977	34917	37043	42502	35935	39721		1342378	1216996	1246556	1343256	1147752	1259883	1212409	1230021	1025248	1282792	
0.5353	0.2912		26440	20680	21315	21372	22295	24105	18214	21146	31856	25307		1212079	1020732	1261088	1236547	1265496	1270238	981852	1268564	1487683	1286959	
0.8906	0.3962		29648	26735	29516	28138	25878	28938	31289	25685	26145	28944		1361910	1329076	1298291	1436666	1468991	1261715	1334465	1242877	1284696	1324473	
0.8297	0.9749		48647	46930	46385	47330	42658	38401	43467	38554	42601	47301		1516235	1650197	1555639	1541724	1282725	1301265	1407569	1272253	1440464	1520625	
0.544	0.3763		31945	24120	29484	32776	32626	22902	21769	22604	24455	32202		1451064	1190697	1389339	1384054	1310654	1250695	1293285	1323829	1257160	1562118	
0.4468	0.3929		29581	22704	29863	36941	33620	24009	19075	32245	21624	24399		1323485	1202946	1458416	1523948	1383467	1338785	1078497	1728129	1310434	1286401	
0.851	0.1631		23505	28371	22387	23035	22346	22437	33592	27755	21982	24880		1171286	1276670	1204489	1275337	1082429	1232163	1364639	1316233	1022548	1333993	
0.8222	0.6399		44162	29187	42453	27842	30813	34208	36760	31735	42156	30398		1460838	1101366	1386601	1132510	1287180	1361703	1363678	1342776	1669799	1279703	
0.6517	0.488		22611	25977	28694	36571	29450	37070	36745	36901	35098	22203		1019173	1220724	1237301	1516348	1289578	1441132	1635429	1703496	1195514	1078729	
0.8982	0.576		28738	42417	30229	27463	32337	30000	39555	33748	34095	35817		1183926	1757413	1321541	1017019	1293050	1243890	1371738	1538700	1277270	1310863	
0.3993	0.3144		20434	19136	31321	20970	21704	21507	26506	29322	26682	26502		1244402	1325168	1263105	1397592	1282108	1297236	1271794	1619777	1330767	1494785	
0.9912	0.7014		34535	30718	36541	37193	39247	37142	34775	58154	33668	36677		1178879	1020514	1208656	1200767	1268804	1206034	1337682	1318935	1181997	1243896	
0.8253	0.6714		36753	31079	36516	44675	41447	37186	32732	33200	34411	39701		1456185	1283518	1386276	1443969	1453141	1353064	1530662	1541063	1451379	1445476	
0.4893	0.5661		23305	28017	26054	23286	34467	23042	24636	35034	33825	21687		1220034	1465564	1322167	1282567	1465957	1293639	1296768	1508185	1430306	1185109	
0.6948	0.8208		37421	43989	31923	43653	43392	43912	44411	37780	43951	32123		1326923	1486844	1144841	1510147	1503906	1496387	1554435	1370090	1703453	1201190	
0.9114	0.7411		42590	50345	35468	40593	32520	36272	35293	29743	32911	35558		1313042	1706340	1420025	1276583	1221937	1311849	1332111	1195329	1245483	1577029	
0.3108	0.8123		28594	25461	23824	39164	25537	27629	27985	24283	25065	26532		1242980	1305660	1182219	1535463	1454470	1506378	1253122	1447884	1388150	1759561	
0.4654	0.5036		32630	19692	25063	33369	33913	27535	23397	34699	34227	29044		1522789	1032779	1299026	1396684	1432592	1259441	1413474	1456228	1403548	1521700	
0.8293	0.5245		31254	39345	27875	27630	27651	25753	37085	36744	40106	25408		1279697	1471387	1343674	1188987	1228727	1228063	1426520	1470839	1575081	1049474	
0.2598	0.4297		28467	29763	18881	29497	30116	19448	31436	25262	21248	30186		1400219	1563473	1203039	1467160	1478050	1255909	1270215	1344030	1278198	1445537	
0.691	0.5947		34790	30610	25976	36464	32496	33080	41304	34556	28780	40126		1371167	1427126	1227027	1568363	1368437	1277237	1566311	1450506	1358084	1560924	
0.6102	0.4619		26261	23264	33655	25826	33672	33751	34363	34449	24428	32428		1191513	1291797	1604535	1455633	1545025	1374742	1418943	1706156	1413141	1636660	
0.957	0.085		31077	41216	32699	28448	22337	33664	22578	33446	23553	31008		1393258	1491736	1727258	1596395	1299088	1469315	1176084	1341761	1253591	1353782	
0.2014	0.6191		32041	18703	31415	20188	33690	31693	21642	26162	25063	19170		1433111	1064065	1316690	1153505	1470079	1382207	1298911	1315017	1412597	1133733	
0.9378	0.7821		42823	40788	47733	37745	47683	46088	41437	36335	36153	46655		1584439	1442026	1353144	1282810	1473801	1525181	1346948	1432961	1294708	1576619	
0.2265	0.5199		21527	19758	28509	25914	33418	24239	19036	18825	28745	28124		1207779	1098151	1255069	1287442	1466283	1479746	1367498	1223774	1519372	1308291	
0.7339	0.8169		44562	37806	35787	33400	33021	29078	37817	35207	31914	44235		1432994	1540496	1238503	1176776	1068338	1090872	1291627	1424775	1295355	1589216	
0.5256	0.8275		29292	32429	40428	34277	31517	28615	39396	30869	28403	25892		1300028	1358330	1378296	1401284	1391127	1233551	1485114	1358507	1186778	1378370	
0.4498	0.6993		28252	33799	32500	32002	38918	35004	26278	25557	36379	31028		1252765	1597020	1322118	1306489	1426893	1489726	1370628	1284079	1474317	1381778	
0.4917	0.0924		19610	21061	29406	21001	17288	19679	12677	19366	19474	18669		1291452	1406397	1577336	1301138	1200736	1300008	1032465	1268224	1272096	1310225	
0.1955	0.7018		23385	28845	25687	31802	26656	24075	38462	20096	19123	22111		1369838	1540990	1234669	1566036	1335565	1531299	1592576	984384	1123053	1261168	
0.4877	0.9166		33252	47781	39237	45047	27135	29678	41209	30429	27238	32405		1357811	1238574	1359308	1491301	1165520	1482451	1690008	1294580	1240285	1396928	
0.5331	0.548		38899	26181	21870	34282	24107	24966	26408	27244	24447	28455		1537027	1318109	1142776	1421684	1212322	1155937	1227866	1330902	1288692	1264370	
0.9594	0.6302		28273	45357	47242	46957	31930	29076	29262	47670	33385	38993		1216132	1395462	1183476	1168398	1193257	1093961	1097065	1309282	1379503	1556129	
0.1758	0.6925		28120	33527	31992	23706	21687	30846	22501	18507	21505	21685		1338087	1670674	1499599	1320125	1285042	1568774	1254886	1137870	1143831	1173097	
0.544	0.6719		33872	28609	29461	29476	37801	29154	36565	26762	28280	28532		1401648	1235608	1185260	1260601	1449931	1326315	1404016	1193859	1230723	1180328	
0.2909	0.3042		23259	30177	29098	29612	20410	19051	32456	35938	27401	19508		1393708	1378250	1736430	1744204	1359932	1297707	1528830	1751620	1533736	1315106	
0.4107	0.7664		35830	33709	26310	28237	24469	27570	23609	20726	42228	29782		1602603	1501221	1319057	1240415	1094574	1097684	985420	1137951	1263167	1251933	
0.9498	0.7974		40297	42151	38486	37798	36332	33599	36325	39750	38867	46477		1678359	1368660	1340184	1317339	1075679	1055574	1328574	1429797	1364522	1600231	
0.1436	0.8186		22913	25042	30847	24685	32677	24581	24830	34111	24536	24452		1232983	1209962	1417812	1399576	1623179	1370803	1302285	1433314	1267607	1154832	
0.7069	0.2389		21479	24525	22189	20943	32623	24459	23785	32379	22167	33334		1171088	1205385	1131237	1273692	1447898	1226114	1368664	1514078	1186431	1384337	
0.3016	0.9218		30854	25557	28348	29147	25415	36012	35251	34391	33541	27411		1323097	1206540	1247816	1321670	1414518	1491916	1640218	1653781	1311863	1453465	
0.3108	0.8926		28547	28684	44572	29048	25403	24776	22931	34780	23202	28410		1278403	1347927	1537070	1325230	1332348	1214416	1129493	1461842	1163900	1330853	
0.5141	0.5444		35694	23960	29959	36840	24511	36662	27326	29839	29502	26573		1573957	1237895	1392628	1330448	1498646	1210107	1295220	1462738	1468440	1390299	
0.0798	0.4238		29605	27208	19454	24665	19407	23801	23679	17696	19437	17006		1524400	1739201	1322766	1290853	1265203	1273229	1283688	1368053	1268583	1186141	
0.1581	0.4249		18429	26802	18154	24374	21967	17606	29705	26934	28713	17995		1261449	1342434	1166897	1428349	1320063	1199572	1658114	1638431	1453562	1153080	
0.2719	0.3982		17887	17600	17340	23657	21538	27225	20769	24536	27226	20054		1199613	1034398	1140124	1265862	1221449	1437819	1232494	1448766	1220044	1193697	
0.5777	0.677		30810	40330	27646	29950	29809	31256	31822	33060	25148	26828		1266197	1420401	1286358	1299823	1224491	1176172	1242011	1183253	1351864	1230935	
0.8066	0.5114		35444	34736	39975	42854	28495	25088	29498	29346	30225	38873		1521378	1472797	1604044	1459100	1325045	1117757	1683521	1241960	1250030	1511821	
0.1362	0.1375		15952	15409	18073	12703	16102	23136	22339	15780	16718	21851		1228184	1244834	1260993	1065959	1249887	1393447	1701989	1313295	1467062	1343082	
0.4806	0.0523		19890	18227	17710	26607	23982	22779	25950	27145	17340	24331		1339319	1277887	1279551	1365665	1623833	1428000	1436798	1449854	1251074	1468849	
0.2878	0.6576		23800	22066	31803	31608	26665	38574	26667	23550	28838	23155		1265600	1275170	1549680	1561335	1418771	1574017	1338445	1247299	1357899	1324513	
0.3402	0.5517		21993	21715	20683	30882	27477	19056	23298	21274	19312	21973		1195929	1220486	1221597	1493914	1229345	1163321	1538597	1382084	1221822	1222567	
0.7526	0.2683		33464	22372	22534	23455	25322	22626	23244	28755	21668	23890		1550927	1100590	1179046	1259811	1378938	1233951	1274186	1221545	1084151	1144645	
0.8557	0.9131		30419	39250	38527	38569	36264	33280	34274	41244	38509	36513		875825	1214291	1308836	1200984	1209847	1071736	1069143	1277951	1579274	1203401	
0.7681	0.3438		26792	33876	26554	26255	35754	24962	26297	23734	34672	35559		1525718	1518995	1263031	1183344	1612164	1134035	1461629	1217307	1589957	1302478	
0.526	0.3188		21198	21147	28040	32718	34226	24300	24449	21621	27733	23367		1290392	1167810	1304921	1692500	1341139	1213710	1416877	1210087	1356581	1158916	
0.2651	0.4383		25995	17371	24731	21735	33908	21806	21671	27049	27890	18348		1134356	1131273	1362646	1370720	1758613	1347866	1353187	1527473	1518254	1269688	
0.7294	0.2174		25259	33981	25375	26369	22566	25480	22712	35220	35474	33178		1441241	1455725	1396165	1232584	1348426	1419031	1149291	1695890	1615088	1296813	
0.9978	0.5356		32487	33433	30136	32406	53665	32832	31480	32380	29609	29244		1354518	1262566	1195405	1284137	1387987	1358564	1252176	1277416	1532277	1057750	
0.6642	0.4287		36406	28029	25337	25189	25400	35080	30319	29953	29707	36916		1448854	1332360	1291263	1362433	1243733	1271608	1283940	1303690	1345158	1627215	
0.5469	0.3495		22463	25561	26543	27453	20665	24769	36680	23859	36408	30219		1198496	1308354	1333968	1212367	1189985	1346281	1733978	1208996	1550899	1417582	
0.6712	0.9789		44580	41635	34561	44088	44054	44374	34415	34964	35481	35461		1423024	1483086	1209332	1604190	1257731	1618075	1243115	1052563	1213537	1257837	
0.9872	0.6989		47896	44767	38901	35737	33693	38473	38131	38853	42843	36945		1356765	1408056	1376178	1290416	1475870	1367978	1296331	1363974	1473750	1410054	
0.7526	0.2222		22216	31065	27146	20034	19941	29421	27560	33262	23999	25308		1320703	1538402	1365070	1296284	1126217	1345923	1410058	1435074	1376189	1442155	
0.6074	0.4921		27302	26076	25023	29218	23863	21111	33870	25918	30442	37524		1455951	1475139	1340362	1444744	1286495	1110101	1341223	1253662	1770723	1690313	
0.3121	0.6778		34722	21152	32458	22973	33086	28693	23237	34133	28968	28793		1498775	1067998	1472238	1260105	1695093	1359865	1429422	1488865	1451129	1418671	
0.9791	0.3417		39202	29526	29052	29561	33025	29898	28028	30985	30808	31064		1618517	1364024	1314757	1306394	1408541	1429587	1257246	1335642	1263659	1309594	
0.3155	0.2185		28879	16427	17588	26525	20198	18242	27134	28988	18875	19835		1411961	1632729	1389734	1570031	1242961	1144179	1532055	1579366	1226409	1354948	
0.6929	0.175		24003	26345	31466	24361	31497	24656	32580	28158	30069	24401		1198751	1368332	1523849	1344756	1514135	1519884	1346760	1199133	1259545	1287360	
0.1684	0.5427		19473	16504	14077	24100	29859	27130	20015	21688	19281	19187		1243983	947010	827009	1390862	1524947	1471870	1261966	1360996	1303276	1396992	
0.1941	0.3898		16794	25738	17535	22934	20935	18168	15110	16230	27057	19950		1144653	1385906	1315565	1244010	1290126	1334299	1005485	1015527	1569006	1317377	
0.588	0.834		37519	41784	41318	41641	42392	35343	34112	36026	31555	48316		1216957	1584294	1572819	1642555	1395731	1394256	1541145	1446983	1496163	1635103	
0.6029	0.7309		38270	29648	38195	34088	25407	33270	30228	30066	28125	28484		1421876	1379853	1449272	1335821	1138595	1367520	1227922	1360381	1223051	1090240	
0.2872	0.7861		32511	23209	25982	25730	33906	33817	33339	33170	28610	50274		1277097	1217287	1214091	1280397	1482534	1724171	1650724	1615520	1354354	1435263	
0.0774	0.1956		19649	14360	14513	15632	21925	25113	14582	15474	14889	22446		1509212	1193205	1219328	1439558	1478748	1316273	1315803	1358121	1301993	1425374	
0.6366	0.6747		27779	32132	29106	35088	40580	34355	27375	32028	31949	30112		1313360	1231615	1311407	1302430	1530765	1450385	1165351	1320057	1407373	1423916	
0.7054	0.4193		21805	32207	22858	22513	25322	45568	28500	37243	30135	24659		1050390	1334277	1077656	986413	1289520	1405449	1419139	1357426	1621165	1266492	
0.7732	0.8666		33881	39088	34703	52910	34819	38700	34054	40838	47531	41258		1473730	1431264	1526412	1615672	1290728	1333019	1307422	1478831	1482107	1443862	
0.9084	0.515		29691	29259	30179	38594	28737	25266	30649	29341	27958	28942		1260466	1184737	1218264	1477858	1144127	1183395	1232463	1253132	1193788	1159672	
0.9268	0.6577		33850	44570	45297	35238	39011	44482	38157	33386	32365	43119		1266756	1406511	1421587	1281087	1486940	1553694	1338335	1204554	1165362	1419332	
0.9327	0.0571		22657	25012	31759	30036	23234	23907	31814	22189	32173	32389		1510597	1324138	1517787	1380658	1444000	1261168	1453908	1317382	1582193	1332970	
0.3517	0.0583		24205	13212	20819	14694	17923	14223	18451	18290	24838	16183		1517865	1173803	1288771	1169794	1254031	1182977	1380900	1445965	1438094	1294945	
0.8263	0.1875		22964	31501	24655	38085	40670	25885	34530	25683	40541	31557		1153918	1234275	1425064	1336827	1647272	1296073	1581064	1414279	1250722	1322720	
0.735	0.6964		33043	27188	29783	28475	30770	33283	31109	32392	30790	30389		1297251	1063729	1096930	1162497	1077162	1268217	1280545	1287137	1337917	1134159	
0.3162	0.8132		25256	22146	28752	42021	30673	30011	36079	36090	31954	23944		1283179	1195658	1171647	1479153	1266314	1260015	1433202	1362614	1419716	1195961	
0.0503	0.5183		26312	18921	26185	15160	19165	24523	24605	19976	17474	16965		1603021	1350608	1425652	1368043	1326044	1443907	1627934	1441764	1328613	1477177	
0.2634	0.7493		20509	26091	27363	26303	34578	24388	35325	39260	25239	34206		1116995	1253710	1273824	1427417	1372183	1305188	1486475	1520739	1466193	1363026	
0.5285	0.5059		33326	32969	25330	23081	39521	24753	34852	24326	26242	35819		1418874	1588465	1440104	1319581	1314096	1336122	1653635	1269714	1431608	1464165	
0.4737	0.7249		42036	26557	27329	29416	35651	28801	32697	26713	27318	33410		1293959	1207970	1251601	1255689	1439655	1279944	1399200	1153228	1023816	1347509	
0.3433	0.5758		31414	31617	23419	19189	22036	23439	21789	24689	32467	21316		1382780	1601401	1241716	1130799	1261615	1249869	1223335	1241554	1324233	1195939	
0.254	0.5658		22281	19658	17415	19902	17974	20830	17807	20462	23457	30869		1168482	1096014	1043632	1097301	1051324	1238688	1037800	1168551	1123605	1436062	
0.2261	0.5594		25213	22918	23229	19822	30898	22657	25617	17168	25611	22761		1292545	1296402	1371104	1225210	1669371	1314065	1205358	1124560	1308091	1511470	
0.0616	0.2637		14642	24784	22745	21956	19553	24862	26961	19877	24314	25074		1180854	1552226	1558910	1193366	1307632	1300681	1407895	1246217	1433434	1468972	
0.6831	0.1741		26134	18104	25515	22120	22244	31363	19294	29719	31109	21400		1294606	976559	1230948	1270750	1170701	1351738	1229723	1509474	1668696	1348153	
0.9965	0.5309		32319	42677	32212	40759	31167	30885	39822	46687	34715	48460		1277856	1447153	1236690	1570295	1252646	1183259	1449098	1509858	1199074	1577488	
0.1748	0.1041		22713	23505	14342	17979	17231	15731	19940	20728	20436	25825		1309170	1203510	1019382	1263366	1236261	1192892	1455439	1258251	1425031	1541095	
0.9224	0.6868		34612	32938	46123	44855	33222	33711	34186	33936	40291	39112		1320487	1080981	1733236	1429931	1213035	1215851	1189076	1173744	1246974	1271595	
0.504	0.2141		21929	29503	32951	32789	31194	19792	17424	24794	19795	22687		1227368	1427685	1365170	1640580	1513456	1183704	1123561	1302452	1240451	1292293	
0.9113	0.3401		28632	37596	28699	25363	27886	23126	36485	24352	33880	28581		1277084	1501368	1256325	1150292	1274425	1342887	1609498	1240883	1205761	1137910	
0.6946	0.9403		36243	34518	46473	45542	39407	39782	36087	36727	45358	36285		1375072	1509867	1554950	1593338	1470981	1489640	1321485	1374628	1792460	1283521	
0.7115	0.3195		26080	23685	25164	32666	35372	23642	27929	33593	19948	31916		1183116	1246490	1252307	1360920	1273804	1199138	1343228	1548043	1144455	1505967	
0.9823	0.9938		39613	42992	39168	39216	60953	52821	43660	42262	39099	48659		1168819	1206873	1213630	1158840	1414513	1455684	1327327	1381259	1274637	1240249	
0.7748	0.3273		28137	27040	39120	23899	29275	23519	23963	34284	21354	35932		1330881	1542731	1396267	1118585	1308259	1134399	1212463	1288786	1296291	1332436	
0.6066	0.2688		21760	33229	21516	19114	23264	30744	32746	26453	27261	23103		1210349	1560738	1221464	1230728	1319115	1451516	1382167	1262321	1336396	1300653	
0.8417	0.0728		31434	25808	24109	30411	21414	30595	21128	21671	19905	25371		1327922	1345214	1443444	1460475	1190551	1419813	1332919	1228035	1061159	1367155	
0.945	0.436		40496	39151	38617	34986	40863	30202	40953	29691	31476	35841		1467988	1478810	1521983	1428906	1563373	1655566	1456383	1245150	1504519	1401974	
0.9849	0.7211		39134	36975	38514	34539	43638	33595	34089	36485	46531	31463		1272289	1366920	1209978	1120097	1171617	1156082	1028300	1222500	1303069	939259	
0.7189	0.7485		27682	42108	32533	42763	31892	37294	31576	39112	31459	42828		1200816	1510750	1354521	1382250	1340352	1298068	1175464	1452700	1459078	1575154	
0.2539	0.6022		31466	30829	24365	30534	21697	22093	21373	28108	30855	24997		1365210	1250883	1294435	1454952	1429546	1237658	1206078	1517105	1537745	1312813	
0.9768	0.751		45070	51954	31556	31751	31783	36872	42416	42477	45089	34794		1370675	1446677	981907	932202	941377	1189958	1273008	1108433	1467774	1177328	
0.0825	0.2499		15268	20063	17129	20473	17876	16910	23853	28121	25613	20298		1217696	1305670	1226249	1324656	1276215	1258360	1434119	1454817	1483467	1400132	
0.6584	0.6353		46235	38243	33095	38985	30285	25668	24612	44133	32760	37204		1259664	1479738	1359404	1371492	1285011	1070201	1027679	1542707	1166276	1482745	
0.2983	0.3779		24476	26121	26198	27697	30124	29243	27076	15432	22473	21570		1359175	1360527	1380952	1313898	1438496	1405512	1326602	988589	1274241	1324784	
0.2545	0.5496		20130	26026	19622	29298	30569	29374	24428	29243	19036	27991		1196783	1238704	1321091	1336869	1576085	1638686	1232484	1510093	1129088	1343010	
0.3718	0.7676		36625	36307	38033	28648	22112	28204	36917	25280	23325	22731		1373323	1447745	1552110	1352476	1052613	1283408	1555806	1238431	1044653	1183303	
0.7432	0.1268		27416	22888	17965	22485	25802	30907	20206	18145	17765	21613		1250333	1201055	1214123	1263858	1305623	1507957	1193503	1039202	1055272	1207799	
0.4133	0.9628		42158	33967	25338	33676	27967	30178	39459	30790	35302	37598		1757487	1481033	1111831	1401764	1244345	1286362	1629623	1342712	1415470	1620328	
0.0988	0.3254		25930	17758	17673	24714	24998	20306	16365	15473	21676	14274		1580878	1295465	1258404	1585556	1465889	1199730	1160964	1173555	1256716	1110852	
0.2419	0.7239		24808	22788	25680	21669	31951	25603	22428	33990	32823	36626		1153704	1282050	1318764	1205533	1360234	1227850	1195320	1452807	1560396	1512330	
0.4704	0.2862		19950	20248	23030	22745	32592	27163	34626	23467	19546	22112		1101889	1207209	1185709	1274228	1300533	1352439	1321888	1255627	1163271	1155125	
0.9482	0.75		40730	47415	46394	45979	35265	52184	59146	40285	37466	37335		1444351	1448041	1579283	1522140	1230229	1490905	1629449	1313637	1285922	1216380	
0.3342	0.471		18207	22542	27443	21264	23618	20760	30160	20932	19911	25914		1153811	1337660	1341219	1250001	1248913	1335210	1454708	1098084	1096431	1443280	
0.7087	0.0768		20389	31308	19064	19524	17462	20080	26148	30290	29201	29750		1338440	1601098	1063054	1136929	1218691	1243432	1506269	1375706	1600781	1456339	
0.2531	0.8502		27808	24800	23669	27232	32965	33400	42056	26906	35356	26724		1323258	1117280	1148324	1309011	1278328	1387478	1463042	1244832	1415844	1299408	
0.8628	0.3551		27536	37842	25797	35942	39530	35458	31891	28348	40323	25307		1240702	1551533	1138644	1286435	1486961	1424936	1325626	1232770	1194082	1174762	
0.8216	0.6142		37451	40630	32309	39812	39820	32522	41474	32192	31528	30514		1238457	1393960	1313974	1571538	1536697	1248253	1529913	1234591	1343266	1302348	
0.2099	0.1815		14638	17964	22975	25353	22408	21105	15807	23050	16236	13948		1183154	1298537	1276630	1407804	1303791	1255351	1334328	1248911	1121874	979737	
0.6194	0.6068		26721	32242	44114	26152	30892	26550	29403	38560	52077	33457		1219254	1415726	1495792	1182712	1206125	1071699	1256194	1509898	1398522	1192036	
0.0575	0.6604		23684	20889	23630	21584	20693	26721	15460	18773	19237	26998		1265017	1339431	1420239	1445265	1470665	1373869	1112021	1306738	1300417	1281719	
0.6975	0.3317		23439	33749	28528	23855	22967	25896	24409	27589	22268	34241		1458708	1443032	1294749	1130419	1214364	1273046	1216792	1192483	1140618	1459611	
0.8938	0.0948		26375	34590	20199	22782	24762	29493	34447	29242	25075	24276		1425795	1337601	1286168	1339254	1369854	1453064	1574114	1445332	1401557	1342198	
0.1356	0.498		26770	15652	17913	21859	28723	17496	26760	26820	20084	24873		1467431	1173324	1320980	1400829	1578011	1339711	1772844	1615154	1353399	1553101	
0.6959	0.3804		27318	34464	33790	26775	25047	27213	28586	32900	27775	37735		1287962	1455003	1516885	1638889	1383126	1404037	1451420	1423551	1352709	1399039	
0.1836	0.4928		25327	29985	20143	32069	24361	17944	25209	28161	28167	18644		1380758	1351482	1214801	1438599	1367228	1325394	1568904	1771078	1449371	1256351	
0.9867	0.6809		33543	36243	36319	46033	46777	36881	36137	34811	40025	35019		1158164	1285421	1316089	1557156	1431021	1592933	1320323	1475449	1542172	1183353	
0.5884	0.3878		24960	30227	25446	29185	25338	23367	32262	22855	32253	28483		1250039	1354088	1392229	1394409	1308282	1325653	1575688	1278433	1389247	1293678	
0.2895	0.9239		28299	28324	23825	25836	37926	23917	41205	37159	30409	36537		1334274	1345966	1227049	1292284	1447318	1419827	1567998	1594114	1394798	1531678	
0.5483	0.3412		24766	22032	27698	33846	35075	21614	27755	24815	31383	31814		1440961	1394565	1459883	1663251	1522707	1398627	1444865	1354886	1592151	1615787	
0.2639	0.8891		25189	31413	27603	25738	30505	25886	36760	22659	28148	28603		1185251	1291116	1270629	1223377	1402307	1279186	1387904	1140168	1334928	1299593	
0.5958	0.3098		32856	35626	33246	28013	19522	25743	22110	23696	21966	19354		1506284	1517132	1680344	1369438	1183206	1321041	1165305	1274030	1165304	1078309	
0.1176	0.5084		15064	17802	17088	18255	23554	24976	35214	20678	18040	15586		986275	1004708	1129856	1135729	1275126	1292980	1238407	1232684	1112200	1010727	
0.8047	0.5205		32849	30862	34106	39511	29917	29504	38026	32827	28717	30196		1352857	1326313	1448761	1604516	1315594	1240438	1522363	1349302	1205885	1274019	
0.4826	0.1956		16631	28608	29083	17763	17100	19327	21409	27798	28392	18879		1189980	1648295	1470297	1209291	1064132	1210807	1295384	1448383	1353711	1088952	
0.7882	0.2355		23085	33506	30071	34836	23566	20764	23342	29270	26336	23708		1199417	1337444	1211071	1657204	1257861	1094447	1299148	1411731	1246780	1283834	
0.1354	0.8408		32928	32000	31077	20871	24964	21433	20343	26924	22038	36044		1399747	1339330	1362777	1138831	1290861	1272756	1400541	1291956	1169425	1486770	
0.1676	0.7181		23364	33476	32164	29188	19206	32365	22351	24694	27476	23201		1367212	1170072	1347555	1394406	1177524	1710612	1300896	1245585	1224939	1366993	
0.9484	0.0722		20908	19832	19715	21966	33809	34332	32133	24520	20945	22962		992782	977189	1018696	999127	1411438	1371972	1731495	1370949	1136167	1185144	
0.0885	0.198		17546	13949	25848	15297	15371	17442	20627	16276	15905	16437		1292158	1267191	1558064	1286143	1202659	1271758	1243634	1280655	1420003	1388523	
0.7474	0.6062		28492	34259	39780	30088	28136	38229	28020	38924	26429	38168		1295706	1374728	1404041	1335928	1184949	1646079	1247281	1607298	1233757	1481440	
0.6889	0.1729		28608	28609	31773	33084	29846	21218	19421	18527	24872	25262		1453010	1428967	1487384	1581715	1614188	1187111	1071891	1221049	1437957	1402831	
0.1214	0.1285		15107	22417	28435	18422	14975	25263	16786	17997	21836	15993		1127163	1260330	1331694	1170188	1240509	1490793	1272732	1275907	1269390	1186428	
0.6167	0.3395		22198	25453	24474	23048	32024	31865	20716	23075	26690	24964		1226087	1252069	1248961	1163458	1418281	1524277	1114964	1232555	1425469	1275973	
0.857	0.5838		30360	30460	30739	31810	42652	42127	31286	42441	59641	37439		1151442	1206851	1188898	1210138	1337451	1380990	1272926	1506756	1485776	1613323	
0.8726	0.4963		31689	30744	30854	26172	28019	33766	35094	27539	27504	28323		1326783	1380722	1589892	1176406	1142221	1208695	1415203	1225712	1197154	1223200	
0.7391	0.9578		35318	37392	39547	41162	45862	35124	40920	43691	49472	32584		1214469	1335530	1424335	1301235	1522539	1343560	1521756	1420876	1664777	1267823	
0.8819	0.3074		25247	26672	25172	24230	31976	29570	25704	36249	35342	32191		1114731	1251048	1216312	1282328	1270609	1251192	1163440	1396135	1431522	1417645	
0.2256	0.5204		39057	22452	23151	24915	31347	31636	20167	19782	21894	34697		1481045	1304434	1410913	1307047	1526378	1283825	1516264	1266192	1331871	1373015	
0.1077	0.3006		15624	16165	18651	18938	24738	24931	23262	16563	26297	21420		1191934	1285512	1310429	1426929	1357134	1506524	1420143	1437762	1390039	1289538	
0.4358	0.3491		18195	18503	25043	27643	30158	24247	30423	25625	30472	22880		1036496	1022745	1266317	1502143	1590423	1467674	1398257	1329884	1575762	1162632	
0.2411	0.3558		16204	15897	16166	28447	21169	21213	15741	21153	24420	26193		1081395	1136947	1220092	1439131	1298186	1409164	1131930	1336482	1337469	1354352	
0.9716	0.8302		40318	40319	41755	46494	49105	36564	39843	45846	38959	42418		1248653	1340974	1363952	1488097	1440827	1271730	1503753	1499021	1365252	1353514	
0.2011	0.719		33080	24955	27397	33119	28058	25480	21697	30864	23072	24939		1437971	1390798	1304678	1633584	1516113	1317533	1345098	1445999	1329197	1502818	
0.158	0.4938		18083	18308	21783	18610	17450	25667	18800	23805	16294	21094		1137587	1204865	1293886	1212956	1067122	1141867	1107212	1446361	1202848	1209898	
0.9327	0.3201		44235	45365	38152	29419	30217	26281	28274	36481	26389	24340		1615190	1564938	1472249	1447637	1286311	1223372	1226794	1397830	1236585	1193628	
0.7682	0.5757		38697	26887	24918	29023	28914	29391	32902	29317	30707	28482		1298511	1091952	1099193	1262583	1274675	1330308	1413209	1183565	1230633	1349933	
0.9823	0.8118		32718	39431	45863	42668	41157	34558	56977	40779	39338	39952		1108145	1310155	1540776	1423569	1369739	1296887	1648795	1472966	1519641	1452020	
0.8909	0.2313		35755	24984	25052	34364	35980	33097	26198	35123	35378	30043		1511376	1231863	1204403	1377230	1431035	1388595	1383904	1573601	1227692	1383893	
0.5127	0.1772		31402	30863	28018	19444	22094	20147	31487	18027	25689	22754		1809676	1381601	1464455	1219947	1308159	1256664	1506484	1197539	1349633	1335408	
0.1623	0.9643		29974	33726	26225	29191	28284	23705	25737	20560	22011	27965		1236499	1513388	1206239	1309320	1321119	1241770	1266335	1154195	1175035	1211845	
0.8009	0.4193		29450	25964	28826	37379	28034	50558	36076	29702	27516	27485		1554331	1242160	1255520	1441583	1111500	1480216	1476328	1316843	1353627	1332986	
0.4181	0.5916		23406	32677	21652	26133	20755	32913	23940	26932	24571	21967		1210616	1154377	1120316	1487161	1285815	1348224	1293010	1248569	1328535	1221497	
0.0644	0.8421		20563	33072	22071	31639	22250	24715	32909	20945	20716	20888		1208310	1702754	1168520	1211569	1484494	1375897	1584112	1292244	1229591	1219533	
0.8132	0.6727		36857	41966	42226	30762	45135	34081	33926	38496	42458	32641		1521893	1651335	1551221	1265588	1659310	1244033	1345681	1443056	1632197	1199195	
0.9677	0.1863		23896	34083	34731	27672	28094	24378	39779	30777	27701	24676		1178855	1449567	1310838	1324654	1267938	1310128	1645799	1505440	1286995	1411417	
0.394	0.3479		22418	28422	28194	30170	27633	20999	20271	30023	32009	29708		1207706	1294056	1249437	1383191	1554396	1342903	1172419	1668115	1657344	1547817	
0.888	0.2547		30621	21866	34746	34581	29052	21070	31393	22914	29020	34718		1228862	1165661	1547323	1555599	1294106	1034252	1182508	992309	1393508	1471206	
0.5155	0.0729		26456	23423	22240	18349	29592	20002	27639	28411	19688	21292		1387504	1318279	1381127	1265887	1537821	1352418	1316083	1476368	1237023	1375206	
0.8881	0.7001		33240	30893	29974	31687	32349	34368	29073	29190	40576	38606		1294779	1008184	1063787	1068948	1172729	1246739	992407	990284	1300329	1283163	
0.8431	0.2129		25198	23852	23773	36671	29362	20525	26956	34856	26541	35479		1411087	1253102	1343512	1471090	1403017	1177848	1384998	1556374	1410669	1655649	
0.9282	0.2457		34768	23525	23944	26815	24430	34838	25339	24074	37198	36578		1540150	1225814	1201339	1484782	1309359	1568305	1413947	1271498	1470668	1614889	
0.7155	0.3183		35582	27832	26619	26511	24528	25355	35814	32670	28866	35364		1347704	1372960	1285384	1417246	1329063	1236049	1301725	1457635	1603625	1481740	
0.4812	0.3971		21371	20947	21537	19156	21145	31289	19702	26175	23390	19071		1200910	1071235	1179471	980485	1248900	1665729	1220745	1258177	1296789	1049618	
0.1449	0.1772		23341	26383	17624	14439	18352	28905	17457	31247	15820	19170		1396499	1450746	1441220	1211234	1543406	1639848	1449817	1778295	1272145	1186425	
0.9115	0.7143		34236	33694	35501	56926	39304	35664	47015	34585	46829	41613		1263897	1586758	1366151	1533128	1376861	1344055	1483537	1327520	1557825	1581252	
0.3683	0.6013		36892	25150	20465	25008	22620	24972	22054	23662	22700	38122		1188910	1183184	1066419	1038002	1095599	1097857	1112536	1083840	1288888	1330608	
0.3314	0.3304		17100	30241	17423	22375	29941	18780	24473	18865	22152	30421		1474796	1592547	1128479	1341303	1580181	1268462	1587414	1264409	1498749	1542277	
0.6219	0.9052		32395	31702	36080	29371	35538	34567	29021	43454	34901	37381		1192246	1351855	1106357	1029726	1330416	1102327	1035578	1645944	1260310	1378999	
0.7478	0.9132		34541	35741	35966	34570	36237	51162	41795	32084	51242	30928		1276194	1301474	1272236	1383484	1304108	1559696	1259805	1145553	1221343	1173185	
0.1369	0.4179		16886	21103	19644	27996	20146	30100	23603	17530	22546	18343		1184455	1336775	1318917	1461572	1392079	1699164	1343483	1282514	1383755	1428305	
0.9833	0.7073		47295	47629	34569	31440	38726	32213	30721	33744	45652	37926		1576952	1469072	1287771	1228531	1218063	1098351	1206018	1172755	1289662	1271749	
0.6991	0.1041		33375	30122	20352	29748	25119	20058	26086	30390	23512	32037		1484917	1528668	1254112	1371610	1322533	1088026	1159319	1383084	1639122	1650292	
0.9324	0.6382		49303	49657	43381	45291	52197	39814	33429	35892	42953	43717		1413997	1270563	1617623	1639479	1722235	1499525	1295358	1365991	1609347	1600311	
0.9494	0.9404		53977	43442	39736	41407	35866	39179	38739	44424	52933	52606		1553658	1337709	1259029	1378320	1296490	1336419	1252676	1273712	1534015	1727302	
0.9988	0.475		41571	26471	41738	41601	32461	30879	32201	36594	38498	36052		1424390	1419582	1570089	1646068	1356706	1342174	1472860	1327243	1343379	1417771	
0.3679	0.7357		31651	24201	34290	28492	39849	25529	23683	24827	28873	30713		1442538	1282765	1739997	1679691	1501773	1308772	1246974	1289112	1498294	1728112	
0.8267	0.6523		51769	33534	32231	31245	53843	33598	32826	40282	30798	33920		1255311	1247190	1273649	1154269	1458448	1393485	1252110	1390705	1375366	1324705	
0.5936	0.85		30354	43315	33442	42000	41697	33457	35770	30621	30454	44218		1207648	1554990	1411581	1536381	1361962	1392044	1450656	1194034	1238132	1418729	
0.8401	0.8614		31960	38000	38176	40475	35630	41208	36587	46163	46860	53516		1110891	1293524	1295365	1290461	1281482	1259626	1265794	1456046	1460760	1451853	
0.6738	0.3452		21689	22751	21149	20698	21173	24081	24208	20872	24299	35967		1188546	1099234	1047122	1012462	996061	1069975	1248379	1121407	1282955	1523782	
0.5567	0.1013		22456	18533	16975	20086	21584	30266	35438	30752	30534	18748		1425958	1123877	1103593	1472511	1327782	1507885	1507222	1502925	1399501	1488837	
0.4481	0.469		33788	27856	31352	31889	24290	25332	22691	22322	23270	19983		1688414	1380184	1703148	1644696	1309930	1316940	1298313	1167334	1283604	1474754	
0.3706	0.4303		33032	17411	21227	26418	29956	23182	22348	25388	20956	21184		1267682	1191583	1350090	1496326	1583198	1327818	1390807	1361247	1327053	1402279	
0.7211	0.4264		22347	38497	26967	25741	26067	34278	22724	26433	37155	37455		1038299	1196336	1164989	1169905	1167721	1309934	1028094	1248485	1762169	1415095	
0.684	0.1946		34848	21895	21468	31813	26485	23939	23960	24173	24928	27603		1381514	1141300	1162965	1455555	1342179	1367947	1242362	1245661	1229342	1320652	
0.9837	0.6541		41039	44842	40957	33235	42661	35850	48478	32579	36548	31134		1498716	1699748	1499666	1290978	1379234	1336990	1657374	1379647	1233121	1308150	
0.9271	0.6346		35025	32453	31969	35039	33170	35737	34223	44595	31490	35263		1147839	1121583	1144787	1282528	1155864	1279581	1159367	1642747	1188645	1317120	
0.1648	0.7152		21148	19063	32794	22812	23857	30534	22527	23437	21051	30980		1233440	1092422	1292426	1281484	1162593	1385511	1226722	1230907	1227939	1289481	
0.524	0.5489		22626	34640	23422	31291	23189	28722	22997	23101	26608	24472		1180561	1142443	1063052	1287417	1398468	1383746	1087775	1167706	1226203	1288786	
0.7125	0.7084		35039	34359	36022	48400	30714	41027	42845	40643	30327	30648		1522351	1442146	1637185	1707142	1569106	1664758	1597469	1686027	1601324	1466328	
0.7044	0.5661		26797	26674	29447	30086	37572	32147	42289	38617	37630	29841		1128978	1122126	1236937	1273702	1420053	1236821	1728197	1610058	1475339	1357415	
0.84	0.2093		29308	35414	23906	27949	32316	35301	26769	27520	26083	24849		1163100	1778511	1319661	1331851	1319353	1492941	1329598	1192165	1369713	1224748	
0.7081	0.2418		23658	28078	21988	24562	22628	32460	23732	19795	32031	32532		1309708	1447985	1217955	1301739	1211517	1474070	1231532	1434435	1545979	1477897	
0.3546	0.9371		33497	37409	38800	38916	27812	30599	34584	33444	25788	36973		1318889	1261481	1459446	1445820	1188153	1199333	1386219	1342039	1069136	1421911	
0.4724	0.8153		26328	37193	30991	39340	28503	30214	32119	28738	41386	38662		1196853	1437134	1347316	1614324	1172971	1086706	1301251	1242291	1354369	1385861	
0.1504	0.5637		23059	17084	21927	23154	19696	26945	25054	20950	24598	21190		1276978	1086658	1321150	1405461	1259300	1481599	1409848	1265653	1178942	1335052	
0.5812	0.9478		46107	43390	32427	32181	34254	30129	32800	45291	35558	43301		1425230	1544429	1349405	1228586	1276894	1199436	1327021	1594652	1274573	1629529	
0.4425	0.4546		25290	30029	23093	26253	24040	31332	21855	26232	23228	29956		1349837	1465020	1172081	1252203	1289467	1471348	1196744	1322763	1261197	1533733	
0.3061	0.1449		20077	18958	16402	25933	26627	28057	22077	14206	14857	22706		1429267	1311993	1242383	1551619	1372293	1314815	1313079	1071174	1139783	1490425	
0.2991	0.2644		19401	27328	21227	28230	18916	29261	20801	29187	20694	20945		1231741	1511336	1384489	1456207	1341954	1417953	1355488	1748701	1488170	1252442	
0.3841	0.4879		31285	23886	18754	31037	24839	32385	34699	20278	16735	18559		1332666	1431778	1134014	1369379	1323497	1496621	1560186	1148019	906135	1134006	
0.8955	0.0854		24082	19689	25094	28555	22246	29643	21817	24359	21672	21171		1300385	1292080	1347235	1532662	1072152	1348276	1246900	1278908	1111383	1291216	
0.344	0.9349		44439	37331	30538	26575	39073	27178	30365	30111	30137	25171		1362004	1316964	1111932	1203679	1404320	1385065	1340246	1336259	1210432	1192020	
0.461	0.9603		35491	32447	31809	48351	40520	40701	39847	35957	39293	56643		1355585	1358585	1225485	1184995	1439176	1458554	1436489	1425018	1641258	1501646	
0.8242	0.3345		31728	29391	35403	25507	25486	29199	24875	42918	28134	37798		1307152	1230971	1412929	1210199	1145113	1256193	1264210	1433166	1284799	1588865	
0.2241	0.3147		22852	20494	19597	26487	18691	16451	18108	25556	22478	23552		1786854	1438272	1380573	1770577	1165665	1153467	1172863	1349082	1511021	1221192	
0.1735	0.133		21530	18407	20839	17504	18668	31589	24377	18351	17513	15826		1243834	1263697	1306151	1348242	1489269	1488186	1240647	1400970	1371119	1378477	
0.9227	0.9091		41599	42727	34034	36910	40679	45370	45493	50198	50691	50041		1259649	1281813	1046385	1102522	1299781	1308589	1357234	1370000	1439070	1720326	
0.6733	0.1082		27949	23869	32469	18311	23337	20890	17965	19938	29032	25076		1503471	1447840	1501530	1091331	1337078	1287295	1144965	1242283	1471559	1470417	
0.6369	0.0934		16583	21893	20210	22879	22823	22827	22767	21108	20238	32381		1070707	1604724	1339341	1259379	1316490	1363265	1300553	1289734	1251252	1611334	
0.1761	0.2674		27520	17159	27461	25450	25952	17560	25105	25659	21460	22049		1680225	1315179	1404622	1446712	1382999	1272784	1563210	1370197	1291678	1242139	
0.1683	0.9215		21379	36721	23700	23281	23548	36515	25513	33274	24437	24356		1166771	1210799	1134355	1266452	1316456	1341683	1264577	1410334	1410562	1387639	
0.4295	0.5236		31229	33932	36098	25342	22487	27265	22577	22350	25608	28414		1421303	1454137	1352439	1220821	1434181	1321295	1140517	1387916	1468581	1359104	
0.8579	0.296		24682	36522	24525	26394	26066	27177	36577	34737	26926	39885		1360896	1334866	1210577	1157322	1295458	1231564	1498558	1348826	1460049	1384682	
0.4879	0.4699		24565	34739	30414	21227	24473	23322	25631	25401	22313	25428		1231814	1205692	1171517	1032842	1158432	1064839	1173683	1178202	1154693	1258469	
0.8057	0.4286		36456	36558	28700	26869	25781	36747	27645	23519	37388	38819		1415046	1390281	1215264	1231695	1340509	1613838	1541304	1217739	1414412	1653037	
0.9379	0.9947		46712	42970	43716	42998	39864	41311	36991	51909	46095	42259		1320753	1225091	1341000	1330075	1238018	1336492	1356138	1628717	1327165	1344316	
0.3107	0.8411		30762	30784	28327	36783	27814	36159	30719	36765	25081	36925		1452167	1443186	1256836	1551185	1580497	1524161	1479515	1243142	1272313	1580718	
0.2253	0.3038		23001	20145	19590	19348	25976	24013	21659	19727	24177	26849		1403304	1456973	1314145	1244481	1339053	1267110	1334672	1223746	1328198	1336634	
0.2285	0.9936		29331	25471	31475	31232	28788	22164	27123	31256	27714	25826		1276004	1183464	1222386	1384356	1296136	1093548	1330859	1407058	1387494	1270904	
0.31	0.6617		22873	26069	32409	22638	28505	39459	22897	21018	34367	25982		1219381	1279636	1338544	1256631	1411437	1551639	1182872	1098593	1451367	1307172	
0.3471	0.7517		28908	25918	30537	27155	30548	23809	25162	30920	21680	27506		1311408	1433227	1347389	1221463	1314762	1514875	1337726	1550141	1189896	1287564	
0.9718	0.6814		46281	39454	54410	47718	38525	46787	43799	38890	34096	36180		1589500	1553383	1772138	1575651	1332493	1379000	1333415	1363496	1223152	1327507	
0.0965	0.5948		18551	27627	24385	19702	19826	19979	22408	18300	24434	16634		1218200	1468486	1495696	1245626	1351817	1493304	1479271	1355642	1372761	1342725	
0.7417	0.2317		24921	28992	25570	35965	21870	24640	25289	23106	32909	32395		1411595	1489579	1387315	1204034	1329875	1324769	1258284	1134295	1641172	1619962	
0.1268	0.8449		27776	23713	32756	23924	24311	21296	22597	16429	37480	20193		1423029	1304102	1573108	1358921	1370728	1175484	1321962	1186439	1572994	1180675	
0.3894	0.4949		18450	28900	34558	32866	30725	30715	29819	31341	32881	37426		1205462	1405462	1446936	1529305	1552484	1630002	1577977	1388885	1520960	1544222	
0.3835	0.3891		25294	20772	31197	27627	31188	22810	20284	21760	22601	17768		1252782	1222962	1493149	1541792	1555305	1276966	1373776	1291955	1199719	1306371	
0.0983	0.3186		14572	16760	15417	23090	15856	18916	16287	15921	17577	18734		1175463	1140862	1067811	1366334	1325469	1339647	1155924	1463476	1283896	1363242	
0.5956	0.8342		35610	37331	32530	30593	32664	30832	31911	43667	31073	27610		1360999	1458694	1374353	1160969	1347509	1349707	1504689	1536205	1416079	1195448	
0.6937	0.5013		28453	25554	32927	35245	36465	25488	37047	37404	37887	32431		1125204	1142817	1533526	1612562	1429699	1158268	1411034	1621236	1395375	1305843	
0.0613	0.2436		14836	14668	13639	23094	16691	12132	15008	18182	18391	19295		1175155	1142890	1030959	1314682	1181797	1041817	1110779	1138313	1229853	1317397	
0.4813	0.9941		40083	28625	36255	40189	29833	32168	32586	35399	46229	28463		1600380	1158776	1363039	1382847	1126107	1260163	1315307	1454122	1667344	1182510	
0.4097	0.6105		26638	23761	20367	21497	39341	30329	23867	35556	33311	33160		1192764	1162985	1010848	1059179	1382728	1260821	1239831	1266531	1474173	1488575	
0.6647	0.1662		21566	28198	34059	33698	28984	24255	25925	20771	23727	33774		1149353	1375743	1532182	1389105	1300613	1249830	1207546	1323022	1451364	1286260	
0.0719	0.6399		24916	15969	34309	30196	24903	21430	19114	28759	18735	18954		1381673	1115472	1567294	1225727	1320979	1306737	1194137	1563765	1264770	1130790	
0.3909	0.2393		29582	27161	22879	23801	19093	16595	18576	21079	19858	22822		1433681	1357791	1592988	1514402	1339608	1350861	1164356	1259349	1311559	1319020	
0.651	0.4705		30254	27123	33617	25762	22963	33558	27689	25585	29377	33324		1230732	1180485	1356296	1123334	1034277	1467441	1305510	1297954	1290332	1505911	
0.6908	0.057		30939	21601	30934	26763	20039	29229	19384	31196	29153	29546		1455003	1177730	1372152	1257252	1178973	1438283	1213099	1398876	1369607	1598475	
0.195	0.4264		26920	25762	18670	18719	29764	28868	19088	16260	26534	26608		1295711	1481966	1480048	1261418	1186220	1632995	1295533	1136945	1502335	1334494	
0.6933	0.1379		18456	24814	31347	20791	20740	21296	21233	33325	20299	27190		1209526	1444058	1630899	1278283	1246750	1254252	1271902	1276425	1242445	1528259	
0.6277	0.502		37022	29054	34777	22164	29087	41106	34746	34280	26719	31847		1464846	1433259	1367567	1500599	1589752	1379147	1432628	1447700	1319169	1285481	
0.0795	0.0568		14646	25170	21344	13779	14933	18905	23411	24989	19912	13132		1283327	1400428	1535928	1237170	1242208	1370856	1529078	1510642	1253209	1050480	
0.6413	0.2582		33466	29775	29128	24672	24225	23946	31819	19048	19422	22444		1431096	1317714	1431616	1227576	1259563	1271016	1429650	1156567	1172659	1291139	
0.9358	0.8907		49837	38837	42238	45218	35303	48294	43202	38618	51020	37304		1546141	1152974	1436660	1392717	1227605	1468994	1313312	1420283	1398792	1336372	
0.7608	0.0851		23189	29010	29528	30095	22593	21026	30453	22374	20545	18237		1221046	1566033	1334465	1608435	1302130	1280222	1477649	1442505	1346439	1116150	
0.2335	0.3145		26935	17241	25695	20676	18007	22008	29968	20219	28739	27503		1508454	1286831	1491768	1370788	1266885	1376268	1596434	1423746	1457015	1536125	
0.5762	0.3839		29612	19856	37623	22306	24889	22602	23597	22076	29287	25277		1231317	1118335	1439287	1296310	1376991	1292288	1285964	1350269	1530945	1607300	
0.1087	0.629		18793	29763	18756	18756	18436	20863	16582	22007	19781	23624		1483728	1485668	1178140	1279937	1238458	1282419	1118348	1287905	1320576	1329099	
0.3546	0.372		30582	22931	32236	26135	23758	20034	19914	17694	20237	23302		1329447	1577351	1403576	1059852	1324175	1165229	1227796	1079785	1277958	1483291	
0.5437	0.8907		28986	47513	32776	30987	32929	41678	27587	27339	27457	32951		1038567	1614025	1198442	1233951	1405811	1374314	1161463	1061644	1069479	1224296	
0.4057	0.3061		20097	23529	30846	19869	28888	30760	29338	22611	30649	28438		1337170	1157219	1450815	1334396	1372866	1495211	1501900	1228958	1499660	1347318	
0.6276	0.1268		23410	23023	32252	17214	18366	17722	27418	20978	30924	21558		1364690	1311938	1508711	1113243	1058973	1213766	1320032	1242832	1600413	1186822	
0.8851	0.5784		34762	41957	33098	32861	36187	38533	32193	40258	40432	33196		1558836	1718063	1348630	1280718	1294776	1444480	1366242	1442359	1690564	1353676	
0.1708	0.4843		18933	21418	21488	29609	22092	18559	29286	16358	13315	23800		1263952	1294264	1303790	1746087	1374582	1252327	1411792	1191842	1134208	1430311	
0.2911	0.498		17989	22842	30986	21934	19241	30310	19006	20228	21350	29887		1178338	1319298	1432348	1430733	1206887	1398964	1028308	1252622	1471672	1563052	
0.6649	0.822		31798	42722	42371	37596	37819	43490	36515	42250	30014	31344		1209021	1288131	1409405	1394011	1512574	1445404	1314215	1402997	1106858	1352621	
0.3409	0.775		28169	39535	36559	26015	29143	29899	35287	30531	19569	24203		1222967	1551112	1670642	1204318	1194792	1293737	1327627	1223822	1038144	1135462	
0.1873	0.2897		20327	20086	28283	22578	11982	27819	20064	15232	20041	20460		1315477	1304863	1696487	1391052	851545	1511925	1326664	1065664	1246384	1354829	
0.8616	0.6041		28674	27849	29441	31372	40845	29893	32199	32301	30833	32615		1170625	1011744	1227059	1290875	1461861	1270128	1288137	1431932	1346455	1215030	
0.857	0.0827		24119	21735	21992	33908	27599	19480	21717	25109	25046	22277		1310767	1200669	1213274	1548960	1542969	1141346	1241832	1324692	1307882	1261919	
0.6905	0.0781		22086	22947	26925	25084	21375	23696	25071	20627	31059	22725		1333193	1327623	1421005	1342625	1255274	1182931	1364215	1314858	1448158	1307639	
0.9638	0.6593		31257	35802	43963	33915	36223	43200	30296	34449	35850	34079		1108780	1329265	1356093	1352315	1313126	1203400	1178112	1240676	1234930	1283514	
0.7142	0.4143		30320	26305	30696	35328	33148	34883	27894	24364	26897	30683		1299355	1270565	1341626	1496734	1299741	1516433	1298851	1244214	1247201	1358174	
0.808	0.7144		37232	34424	41449	31824	36372	32775	31828	43944	34494	36936		1275754	1158261	1450398	1334415	1240838	1390334	1359796	1638615	1416409	1387152	
0.3464	0.8196		28151	26288	27595	25478	27220	36652	27201	28164	28565	34302		1310326	1422809	1301696	1210672	1298228	1519931	1199015	1333334	1339759	1503526	
0.577	0.3009		24797	25433	27115	31406	35172	31764	21572	23143	24416	33259		1301566	1228924	1427574	1429277	1513540	1670067	1209159	1173486	1273326	1675486	
0.0902	0.4149		20049	17888	16961	25213	16897	23659	18189	16272	18902	25899		1297493	1150499	1240916	1377450	1336802	1486478	1245232	1228785	1280540	1404397	
0.9973	0.8368		39774	36342	36728	33639	42804	50160	47018	47785	37141	41970		1196946	1081841	1169765	1180244	1230482	1213716	1146499	1087644	1028248	1216710	
0.6712	0.6676		42358	34345	27157	45680	31839	43544	30137	27964	26587	29263		1344392	1250764	1207888	1503525	1246911	1497294	1200893	1311393	1157169	1205547	
0.4412	0.5847		20739	28307	33209	36940	23364	23981	24642	31146	27771	34244		1196003	1284506	1586040	1511558	1247556	1265724	1291965	1411796	1415638	1624943	
0.8124	0.9705		48704	42487	64424	34590	36091	39314	37352	48333	34518	39174		1465537	1386658	1178321	989945	1099813	1306299	1209909	1419124	1164607	1188123	
0.0911	0.2768		20616	25845	21120	13894	15260	15717	13673	17125	15495	21062		1366124	1472718	1338123	1175136	1400236	1125222	1020796	1303672	1174136	1476180	
0.8999	0.4454		40188	32848	24596	29808	34495	29346	29774	32032	27989	29217		1533275	1357125	969365	1136382	1329170	1360309	1368654	1334975	1399467	1384652	
0.9005	0.459		35260	47177	40862	36794	31322	28001	29612	30181	25252	28242		1519106	1394067	1419877	1406567	1378987	1396145	1326477	1207396	1182432	1153762	
0.7341	0.6803		27590	35079	38606	36591	42439	37502	33815	32919	33100	30435		1175172	1145667	1241974	1626855	1459235	1706640	1485590	1561884	1392892	1086849	
0.2991	0.5702		34308	32725	20052	31040	29658	23796	22599	24962	26840	32355		1505023	1679502	1255379	1440536	1337621	1177222	1186001	1369183	1437075	1546682	
0.8532	0.8726		35267	38033	35508	45916	37782	39836	35463	59634	37425	45835		1225434	1346369	1277651	1480365	1241741	1286204	1213615	1426605	1406975	1639800	
0.661	0.9252		46617	45536	35184	45440	31039	31670	34847	41415	31008	47242		1578114	1680059	1271584	1555994	1048822	1076510	1270586	1573293	1052698	1282197	
0.1396	0.1716		16418	14046	17294	24291	24215	16602	24980	17606	17243	22707		1202195	1098645	1132434	1579734	1550235	1232030	1435586	1247381	1291892	1449513	
0.2376	0.9073		24309	36165	24351	33418	34158	29545	34959	34381	26154	28850		1196454	1310281	1142143	1320306	1523883	1328686	1439823	1514086	1431936	1226800	
0.9875	0.7936		39386	44165	37707	47763	48140	33910	36751	36866	48062	40338		1352008	1433365	1374647	1624159	1532806	1253734	1358186	1283786	1518657	1205162	
0.357	0.8838		34071	43310	36208	23484	29510	29390	29582	39628	28088	26845		1360600	1707618	1599169	1209002	1318305	1327879	1214932	1435629	1221090	1300333	
0.6613	0.0765		19748	21327	17838	30270	19842	30277	28667	21519	19032	22352		1252383	1328928	1146707	1623989	1175016	1611111	1443885	1239844	1289714	1269442	
0.5991	0.8685		38361	35523	39833	42296	44810	31397	31622	31634	36109	33359		1487393	1254175	1222061	1394482	1465241	1231761	1065521	1206791	1293572	1131367	
0.4832	0.5945		36410	22576	35843	29449	26119	33825	24778	41351	33926	35471		1666314	1206492	1496606	1354162	1305306	1529168	1536113	1591336	1481515	1750885	
0.7524	0.9214		35504	43633	34036	65736	51151	34116	42028	44459	42465	34489		1204845	1265299	1187056	1513619	1372385	1216577	1261924	1435199	1505884	1216401	
0.1825	0.2772		16773	16799	21480	18663	15039	21585	23221	20413	15696	23613		1322849	1231473	1600078	1153333	1129633	1126940	1170710	1315200	1154683	1291859	
0.6869	0.6634		27787	41624	29001	30167	29843	34113	45581	31482	30770	39380		1170189	1536260	1109690	1208729	1235482	1378038	1548434	1246528	1366509	1403810	
0.2589	0.9771		29038	31414	24426	23382	26070	31320	25173	26041	35814	37452		1269385	1390262	1369539	1062925	1233333	1280230	1245495	1201959	1337897	1402505	
0.3128	0.2585		29347	21760	29363	22248	17647	20574	18683	19108	20022	27347		1435979	1334538	1432932	1283058	1241496	1337809	1132586	1367823	1331975	1367361	
0.6288	0.2533		31121	24573	18021	20435	23973	21831	24985	24710	20856	30960		1659291	1249626	1206673	1167219	1302049	1241666	1272996	1350198	1273234	1349110	
0.7412	0.1333		23817	20011	33045	18541	26856	19956	32154	30914	25588	20225		1312138	1069383	1340296	1271079	1466843	1120006	1581299	1489253	1382380	1308436	
0.3073	0.5202		21379	20230	20798	18098	30495	17880	23630	29346	25745	31460		1552249	1178245	1191558	1045793	1510863	1162386	1439027	1292384	1554297	1434402	
0.7819	0.4821		27065	40991	26920	29816	29370	28288	30113	38993	26463	24001		1224051	1547484	1215735	1327670	1063492	1304443	1613579	1204055	1149408	1065321	
0.5558	0.6885		26477	30067	26952	24802	30563	43496	38482	28308	32951	29007		1081530	1328024	1383966	1187769	1372891	1273711	1652222	1353616	1535819	1245995	
0.7998	0.7026		32787	29315	46691	32211	31752	29063	34252	41545	39246	52682		1330491	1161077	1312033	1247935	1258677	1029602	1575812	1489224	1387437	1526291	
0.6696	0.3858		38456	30160	29492	23950	23575	30779	27008	25042	24619	29663		1335785	1147937	1113568	1254133	1282050	1122073	1292916	1351476	1147435	1363610	
0.9711	0.8283		41153	41309	48342	36180	33906	37430	37464	35944	37588	37456		1334524	1143069	1157678	1306896	1057604	1209608	1143843	1171161	1126315	1109405	
0.3408	0.5266		23547	27049	32233	32443	29855	24746	24157	24301	32018	23500		1496178	1390903	1784204	1599405	1563310	1480001	1447765	1350588	1381886	1431736	
0.3309	0.9137		34226	31910	28309	36223	27313	36629	36429	32907	25911	28568		1354826	1215930	1221000	1521489	1195010	1392117	1450102	1392249	1209324	1363774	
0.6654	0.6855		31090	31161	28988	31252	28481	37832	28888	29342	29769	33183		1200018	1579667	1310505	1327183	1199597	1306420	1214594	1157995	1241622	1380450	
0.7278	0.8761		32772	38503	35310	44899	36127	37046	34483	32188	44785	34812		1245467	1352511	1283985	1529472	1202729	1272128	1268523	1325668	1694773	1423124	
0.518	0.1966		20841	20878	27394	18874	17193	22232	25120	22967	22241	21148		1286835	1232570	1340056	1141980	1055796	1245815	1208864	1253771	1319433	1358342	
0.7872	0.4313		29286	29080	28292	23472	24605	29040	43025	29622	30720	29744		1329456	1211350	1110224	1065207	1135567	1377030	1452125	1469006	1291571	1285602	
0.079	0.2648		13238	10493	14250	25542	25767	22839	14104	13917	30928	20871		1064778	798678	1042136	1457652	1281408	1193509	1136818	1290280	1434444	1374723	
0.3013	0.2563		20493	21755	17877	22509	27185	21849	18167	17616	27537	17764		1283983	1232865	1290276	1429321	1274872	1203707	1187181	1229413	1667962	1120384	
0.7469	0.6003		30614	26602	25404	39971	29739	27683	28461	33638	47203	31872		1243176	1118174	1117953	1458104	1209112	1262876	1302364	1375394	1422094	1237553	
0.406	0.3919		26763	24662	23482	20217	21563	26202	23830	20253	22448	22231		1224756	1303215	1263303	1137229	1252499	1400683	1175788	1050626	1180009	1374154	
0.2124	0.6613		24978	23388	23951	31926	29597	26928	21826	21408	23919	35006		1334041	1334225	1443160	1333018	1451286	1337098	1135835	1096071	1307715	1460569	
0.2288	0.4558		29615	20000	19537	29127	20859	21086	27837	16829	19801	18550		1658025	1208301	1153273	1446911	1219277	1419491	1269041	1104101	1403851	1198798	
0.2999	0.375		19065	23407	18028	21631	25825	24510	18813	25874	21179	33987		1272763	1283239	1123716	1151689	1352477	1490409	1227285	1336992	1259317	1543200	
0.2645	0.7988		23606	26847	29565	24005	28318	33070	33200	33260	24719	24768		1229162	1357334	1384288	1341454	1413719	1488199	1440675	1610906	1380175	1395227	
0.3597	0.3151		18965	19594	27874	24994	29359	29949	31083	17133	20076	22308		1320327	1326651	1186171	1672844	1654618	1821741	1655523	1136265	1304260	1352169	
0.744	0.6897		31225	26879	31479	31792	31981	38142	40664	45379	29305	31326		1437349	1180965	1262898	1390312	1318825	1457128	1556737	1541368	1311830	1319448	
0.7143	0.3543		23871	35720	40290	35702	35929	21001	24342	40190	23437	34867		1399479	1655648	1349644	1549465	1575688	1221292	1213752	1301896	1253899	1372271	
0.9327	0.1142		26724	20135	36788	24999	25654	33531	20949	21923	20719	36708		1080958	1067052	1288638	1171815	1326422	1253686	1169951	1053044	1220749	1346256	
0.7861	0.9539		50698	50899	44103	40351	44876	38789	51531	36105	37624	32343		1849981	1587008	1535058	1472532	1498784	1235435	1660346	1539343	1325895	1103127	
0.5145	0.6742		52375	26340	41232	32252	26514	30175	24512	34896	38071	23996		1446752	1190958	1426085	1403480	1209382	1242362	1285019	1557845	1510269	1061176	
0.2902	0.5386		20096	20247	17779	31341	18781	26045	20847	18432	26743	25442		1045005	1266289	1107325	1258152	1323444	1278461	1199815	1206970	1396329	1412428	
0.5745	0.3187		33335	22523	37455	30609	26643	33192	28364	24146	24445	38224		1478633	1297428	1481937	1455792	1568853	1592638	1295754	1247926	1385114	1849741	
0.383	0.0773		20067	26689	32562	16806	19407	23417	16629	18576	27136	14783		1398222	1581651	1414853	1241699	1568546	1301175	1123290	1138002	1503489	1204653	
0.6654	0.6523		31444	32453	31506	31547	30014	40196	26337	23105	33162	32001		1241974	1223995	1261715	1281797	1378464	1602900	1167047	1098755	1477636	1287160	
0.131	0.7602		32122	28291	32403	27125	20920	25702	26424	25237	23469	18540		1527018	1293582	1476965	1425222	1329781	1421796	1484085	1600882	1486779	1227564	
0.2598	0.126		24396	20079	26948	26583	17496	16481	26801	16272	18545	23336		1593098	1361882	1469984	1499552	1294633	1374373	1498058	1475650	1426962	1235165	
0.8982	0.3844		29694	38601	24440	28499	32556	36985	33133	37030	34858	35756		1297594	1260822	1278486	1315091	1400723	1559552	1637691	1597871	1358802	1420438	
0.0647	0.8893		18871	23132	27363	29592	25352	30310	20352	32696	22906	22828		1145583	1247352	1439525	1639447	1504337	1511131	1370075	1361740	1358749	1347145	
0.9217	0.3684		29642	28619	37747	37239	23516	29114	26267	26904	26458	31566		1182743	1298053	1633991	1608538	1202523	1480925	1225864	1213838	1152619	1223890	
0.3953	0.4526		30565	30915	35614	24494	22023	20779	24023	18601	20800	18746		1281433	1574883	1671735	1343122	1389234	1257533	1341545	1200603	1100437	1053857	
0.3881	0.0839		18680	18788	17149	28995	22645	26571	15147	25855	16758	16744		1296291	1230923	1253296	1601856	1469995	1463271	1371392	1417511	1175876	1178871	
0.6213	0.7233		27749	37105	28469	32295	31995	32018	32083	25724	29302	40987		1046758	1451778	1160921	1225149	1236342	1270432	1319173	1196070	1351892	1606051	
0.6959	0.9861		36872	51773	39717	38245	33410	33357	30625	34579	42260	40432		1229446	1498300	1541736	1437371	1526191	1281798	1315358	1397412	1477509	1598182	
0.1877	0.9032		29580	22405	24876	21577	21673	22890	35515	24792	24279	26727		1242935	1033000	1266257	1037045	1282040	1176618	1376243	1248286	1107213	1191569	
0.9346	0.6814		46323	37107	31022	31399	33635	34292	34585	47572	46598	42354		1125159	1327785	1144705	1037222	1174715	1218769	1272013	1361500	1380260	1262436	
0.6255	0.2923		19802	28166	22409	27120	38111	27534	21141	34936	31715	26118		1258029	1328562	1263182	1407901	1621049	1329967	1058837	1472913	1500571	1358029	
0.6489	0.4361		38999	24756	24865	22315	29386	36796	28016	27800	41600	25729		1461606	1205228	1167829	1148719	1307467	1626424	1366166	1466873	1419923	1473439	
0.4271	0.5801		21223	35039	20488	30794	26311	30556	30750	35765	23611	23500		1130528	1355472	1148331	1264886	1325776	1337714	1415157	1739287	1216615	1225239	
0.3556	0.5284		20407	24758	21367	30595	25997	26624	23296	26306	25483	21597		1029574	1282626	1286763	1612528	1157174	1372654	1316140	1396483	1266908	1237946	
0.0844	0.7116		20043	23307	20553	20788	22094	19200	30614	20627	19843	20487		1205382	1297400	1214096	1291016	1180527	1146313	1389192	1282760	1301555	1352505	
0.7862	0.1536		28839	23406	28234	30222	25370	25717	19300	28070	24599	36946		1369830	1337511	1391066	1479141	1245443	1135916	1103563	1304197	1417305	1455524	
0.1567	0.98		23971	20209	24631	34094	24086	25184	27447	31505	23917	22597		1301680	1084168	1307743	1436467	1329525	1286050	1368350	1507156	1264047	1291657	
0.4428	0.2658		21557	19203	21834	30572	28966	20080	19291	25491	18050	21889		1199372	1224597	1276464	1419133	1508274	1313916	1158019	1334801	1100373	1199773	
0.9837	0.0915		35608	25508	28726	34898	24761	34851	34668	34718	32946	45785		1491571	1430130	1402234	1510820	1373422	1537686	1599742	1544756	1593755	1505648	
