20	21	
0.6322	0.3898		24667	26512	43609	23653	43954	41270	30013	33307	27322	33920		1177353	1489559	1267012	1442488	1942051	1679686	1501786	1856773	1457238	1425379	
0.3884	0.2803		18700	40521	22223	31482	30758	19435	28283	17950	22806	31176		1523650	1761591	1921163	2109518	1653137	1360194	1511975	1088679	1338128	1527442	
0.1104	0.1974		15929	15351	14824	17050	13745	27935	26134	16122	13622	20626		1310168	1278292	1263475	1075197	1060037	1843390	1591905	1261141	1047925	1310140	
0.4769	0.5734		38816	22358	27693	32630	40059	26945	28837	25172	27151	33481		1596145	1204868	1338400	1373239	1969608	1360998	1353959	1543277	1454844	1616988	
0.952	0.7339		35316	47126	46595	41349	35773	47220	56258	34768	42997	46985		1243161	1479583	1602402	1407914	1236985	1670711	1653894	1212919	1508089	1694909	
0.6553	0.8459		29531	29170	35949	36949	39602	32654	31364	34179	44120	47155		1062408	1049808	1364446	1360146	1480231	1262888	1244655	1309656	1562093	1528587	
0.1992	0.8616		37326	37588	24920	33344	23560	33752	24331	29662	29211	31467		1608229	1511790	1185925	1373479	1176087	1415764	1254025	1395085	1274904	1532960	
0.9165	0.4391		33637	41337	31834	30125	42016	33124	40585	39303	29041	28697		1253326	1353466	1351232	1337194	1594129	1387675	1798852	1675672	1256236	1275361	
0.4506	0.7708		31714	32942	37300	34702	28575	31559	32086	32569	27444	27638		1288947	1357046	1487700	1377862	1258502	1249290	1299902	1392368	1250476	1467093	
0.131	0.1524		23771	16426	16250	20088	18626	24235	16381	14455	15306	20198		1413332	1237351	1184874	1359880	1254685	1564785	1236729	1107489	1222351	1320495	
0.9333	0.7541		32658	41843	36652	41817	37203	38142	31149	46605	38632	39058		1143438	1311835	1443174	1281778	1298048	1299185	1438778	1606183	1376403	1375859	
0.7378	0.9978		32521	36427	36213	41983	34824	38233	34347	38992	47589	37437		1082991	1435150	1276768	1279376	1309609	1305337	1186832	1327508	1515203	1355051	
0.6461	0.1256		30613	26248	31331	39718	31591	18535	22401	20489	18208	23787		1498572	1478554	1417593	1546965	1375206	1029879	1141408	1375411	1171426	1374105	
0.816	0.4145		40716	31763	23976	25786	26475	29673	23816	27149	26754	42653		1498480	1357743	1290692	1403369	1253590	1260583	1151872	1351245	1523390	1494991	
0.5932	0.1767		22648	23984	21450	20567	25309	21154	19534	22209	31886	32161		1282990	1316255	1211973	1225086	1397098	1354222	1268918	1389663	1569813	1588218	
0.6667	0.31		23984	24155	21488	24115	24549	23434	26553	27210	34981	25826		1283427	1252610	1053371	1206907	1364829	1281099	1315175	1327967	1585171	1361618	
0.1685	0.7996		25468	33816	34763	23471	34509	29637	22720	19680	22804	22182		1468768	1526070	1648014	1338010	1410422	1445345	1150260	1198182	1305604	1526850	
0.3667	0.8571		34775	26963	29404	28522	33982	27093	28726	30586	26336	28094		1144294	1232792	1157409	1170813	1184797	1350111	1197548	1207055	1052461	1272262	
0.5033	0.4563		24245	35692	25136	23117	34747	21038	21116	20346	21511	22341		1335480	1215557	1320100	1404478	1403900	1185302	1134072	1032562	1090637	1016745	
0.9317	0.0659		22479	24389	37482	21331	26333	23838	31814	21584	31749	24033		1343681	1283250	1390907	1209348	1331610	1335074	1542963	1293417	1737198	1266918	
0.5271	0.7189		25767	45400	30508	27805	28605	30316	30864	24960	36472	28703		1119155	1340164	1426025	1248207	1167340	1119862	1282695	1150003	1370814	1153805	
0.6695	0.8694		38605	36323	43871	48791	44624	34499	46036	38341	33403	45124		1300962	1174582	1306207	1329319	1519282	1248813	1595166	1275262	1212918	1682892	
0.4884	0.1349		21351	16051	30400	31521	27166	31834	23427	23439	21069	28466		1283891	1095281	1368938	1386379	1279255	1575898	1402152	1206532	1344085	1471497	
0.6805	0.3519		35346	30328	35376	35820	24196	30074	23541	22987	21416	29846		1549014	1487250	1558352	1509984	1305041	1331397	1288551	1322500	1166253	1454352	
0.6295	0.1556		20922	30299	22586	21187	25248	26525	24004	21494	30543	19697		1358426	1601527	1455866	1196750	1489321	1317248	1291293	1167139	1281013	1261608	
0.7251	0.2709		20700	34365	23626	21687	26358	34271	28986	20434	25783	22352		1153814	1630466	1248213	1188610	1331203	1609553	1422640	1213469	1334534	1561542	
0.2219	0.6589		29376	27402	23543	23302	26870	21207	19412	19501	25890	33164		1204116	1372837	1341668	1319289	1347341	1182749	1014056	1164147	1339714	1458768	
0.1942	0.8262		23979	20706	22539	33467	24712	23935	27982	25662	34806	33173		1247734	1045212	1138124	1634462	1300258	1188767	1183023	1357574	1685203	1582322	
0.474	0.2788		22129	20493	20321	21115	18555	29753	32006	20007	20305	18335		1223040	1381571	1395093	1497756	1229356	1681374	1660922	1348110	1282641	1207373	
0.4312	0.6387		37019	35770	27369	30360	22995	22827	31978	31400	29752	25015		1390544	1474518	1333061	1278139	1092947	1088485	1368764	1201157	1363108	1330343	
0.294	0.226		20612	16394	19534	15519	20530	17620	18093	18293	20409	17883		1274467	1113288	1474928	1172152	1248092	1147474	1204123	1299002	1364461	1190704	
0.6365	0.3496		25553	25195	23459	23750	23965	28883	25814	38035	20756	23153		1196798	1192183	1214793	1239636	1198204	1382116	1231169	1629270	1144261	1278850	
0.8673	0.7109		31915	41566	48028	45003	29943	43330	46494	40694	34502	36267		1157841	1343521	1601635	1061411	1112394	1681338	1556602	1309851	1346620	1292432	
0.6836	0.6497		28871	31033	43421	39264	38878	31459	29793	31761	28842	30641		1349498	1333908	1630174	1662914	1451150	1359277	1407891	1452283	1294442	1249633	
0.6844	0.6146		30417	32514	31088	39574	39832	40034	46392	34239	29262	35954		1400869	1261791	1348987	1514387	1568410	1492430	1299634	1431657	1437878	1545967	
0.7879	0.4641		37242	25420	38183	32235	27421	37868	29350	34193	26723	26212		1521687	1344943	1701558	1554743	1400234	1651068	1459493	1282766	1291166	1278921	
0.8994	0.8335		36058	41054	50634	40446	36303	33828	40498	34335	48191	50108		1124768	1355838	1504167	1278024	1307664	1205947	1330317	1159569	1542908	1366433	
0.8039	0.8402		47061	33351	36886	37656	38409	34164	44582	45875	33742	36915		1447874	1145940	1281432	1358305	1255356	1242150	1514381	1297404	1152944	1254029	
0.7625	0.8555		34329	36189	36907	33125	33589	42408	45416	50287	32380	31757		1226582	1365723	1291609	1278748	1352383	1467056	1693995	1821321	1588994	1230534	
0.508	0.1765		25548	17295	23923	28895	20493	21837	22162	24348	29085	18851		1393912	1044485	1589804	1492739	1229814	1204049	1333675	1531160	1393682	1200400	
0.1882	0.8442		37394	27676	40587	21879	27483	36508	22404	34812	27786	24882		1482395	1481159	1312601	1397046	1426495	1564680	1314419	1416905	1315103	1336744	
0.4449	0.7787		38633	27001	36271	31121	27038	36172	26398	36679	28651	39697		1427242	1173940	1499062	1479469	1120171	1221181	1303474	1409797	1301991	1137106	
0.8746	0.1371		23928	34722	28842	27876	23335	25001	23947	25775	35460	28614		1099476	1642263	1448235	1246813	1275546	1263277	1374738	1190225	1403346	1366329	
0.2353	0.8813		22769	24300	29676	28718	30347	19315	41314	27144	35839	27479		1220252	1326209	1205401	1288083	1297479	1287542	1545330	1311467	1699649	1248524	
0.9202	0.9594		49154	48937	38607	41793	52630	39484	60175	41213	42626	44524		1832172	1529886	1342438	1418568	1666012	1385619	1700188	1466538	1424214	1239635	
0.5436	0.082		30544	21281	18894	23811	24420	29925	17105	16692	19559	16787		1439399	1115425	1091492	1525418	1410447	1582480	957567	1065182	1316225	1059433	
0.3359	0.8698		37185	31597	37901	41518	36810	36968	36909	28601	36273	43120		1429406	1499140	1731712	1422077	1444754	1501656	1426098	1444138	1431225	1511490	
0.2924	0.3074		21275	26698	19204	21588	16312	32542	29920	19827	18903	23311		1304671	1403149	1196419	1253036	1308740	1683995	1530829	1389316	1443922	1356999	
0.0585	0.8762		20361	29324	29308	25599	27390	29216	27697	25322	29781	37784		1258972	1518887	1490114	1274642	1270973	1244856	1536943	1147749	1386500	1651235	
0.2566	0.2943		19205	17783	21526	26621	21825	26594	27450	17760	20281	22489		1295178	1168836	1532646	1404545	1367737	1411110	1629024	1317442	1238618	1285810	
0.384	0.2679		36037	30195	21495	30733	29941	21892	18812	16935	29796	23983		1427322	1481557	1380054	1754075	1620963	1375482	1078337	1076915	1522884	1481407	
0.8629	0.669		47216	42519	42633	42475	32868	33711	31776	28855	32360	40164		1657318	1573796	1542035	1404281	1159737	1067000	1203345	1084943	1352824	1486319	
0.1596	0.9648		29240	21720	31300	23930	21743	34579	29016	25743	23514	31465		1296514	1300061	1290330	1139853	1113119	1395117	1370658	1170199	1186335	1278267	
0.5167	0.8748		32718	31925	37697	35630	29533	40318	35374	27375	30478	34313		1271231	1179668	1319987	1267162	1238778	1335824	1306074	1134392	1302951	1181508	
0.5209	0.8174		29006	31606	30004	39338	42570	29386	31804	36135	40287	28539		1302156	1317244	1456176	1395016	1576133	1114431	1261653	1282164	1413736	1153568	
0.2545	0.5973		22943	22800	30341	20503	30885	23797	22847	19295	21073	24091		1319718	1280501	1624006	1259945	1487933	1219238	1250293	1102058	1175806	1290602	
0.9393	0.7644		38975	49215	32620	37505	36032	39210	41675	56703	37259	39213		1309145	1457823	1321966	1515789	1314147	1431414	1357108	1686707	1308373	1341752	
0.4576	0.4201		19565	28998	21458	21918	31344	26233	31535	31390	31239	21656		1171021	1339845	1154266	1175416	1495681	1365138	1514065	1542588	1427767	1176618	
0.5334	0.9342		34058	38927	30001	31503	33813	31953	39030	32264	37677	43250		1351656	1291979	1143614	1193578	1313037	1362717	1334885	1376201	1383551	1548398	
0.8014	0.6209		33166	30949	42153	33232	30109	28390	30858	43051	43786	40861		1512446	1304307	1653750	1338305	1205087	1244098	1359735	1511175	1259864	1441653	
0.2659	0.8967		30892	25110	22656	25863	26256	28054	22725	25066	25671	22894		1342372	1154514	1210934	1332681	1279296	1353930	1052573	1171004	1163363	1068575	
0.2632	0.3425		18716	19608	28515	17851	19481	31121	18533	20699	20336	18500		1319778	1260393	1467509	1158086	1105245	1347307	1186627	1156842	1209084	1104147	
0.8214	0.3449		35328	34983	36142	19438	30999	27070	30826	36479	26201	24661		1477216	1418195	1148203	1222476	1381768	1197944	1517159	1469415	1404633	1261727	
0.9806	0.3701		25094	31083	41832	39688	28145	39530	37948	32571	43570	28064		1155411	1363042	1525159	1472815	1255407	1655179	1522512	1271131	1489660	1447910	
0.6488	0.9501		36677	37066	31120	32794	46533	46126	34167	30826	30680	46618		1333358	1398269	1159923	1209824	1384357	1611977	1387220	1156334	1243086	1568743	
0.6318	0.4657		55362	39220	25083	29858	34493	23460	18333	25379	25013	26140		1084356	1240394	1244059	1341001	1315194	1005923	1041903	1353344	1385049	1198116	
0.7737	0.5979		42823	27257	33078	38240	31981	29916	32695	41457	65876	39350		1402303	1076152	1283552	1493727	1386367	1376311	1376628	1421530	1812620	1584815	
0.7028	0.0923		31816	30477	26907	21023	32097	32024	21553	24138	32550	27317		1502955	1304247	1318869	1357720	1537374	1491923	1306962	1273299	1478353	1322061	
0.4017	0.5297		31619	26508	19869	25691	23105	21872	31088	22502	22589	23942		1529731	1410521	1228276	1301773	1281567	1267072	1344294	1243199	1082476	1401199	
0.8142	0.2982		36607	36214	36435	36702	25059	22686	21701	24466	24350	37924		1545854	1493968	1654578	1700937	1145856	1282058	1187762	1381913	1245430	1498367	
0.8844	0.6367		44376	34045	37650	43336	41510	46276	31616	33344	36037	43515		1697626	1287814	1429453	1582609	1330016	1637463	1266372	1135450	1310783	1605809	
0.695	0.6504		51284	31150	28474	39514	41075	35886	31421	31004	43999	39669		1493272	1276523	1081414	1222434	1636854	1430709	1339784	1287968	1593164	1364782	
0.9689	0.2431		26317	32407	22910	42405	37478	34639	33377	22480	21818	37725		1253712	1255506	1222524	1652117	1736603	1732599	1545728	1077561	1228476	1558085	
0.8073	0.3392		27943	25064	27616	30667	38623	30630	24896	30533	26575	25010		1107676	1307565	1410919	1322599	1659612	1415445	1281262	1310892	1201683	1066155	
0.1971	0.1275		20273	16377	17209	16360	22111	21769	16667	18567	16701	16758		1281167	1231471	1121933	997906	1226097	1302312	1255233	1256787	1169921	1227533	
0.4629	0.0665		21302	17593	23057	18962	27914	17774	17258	16990	17108	22141		1217205	1173808	1354493	1248618	1364704	1339830	1296685	1232181	1186379	1271134	
0.9449	0.5488		29500	29704	40860	29301	29942	30423	33776	30486	35710	27841		1177439	1149956	1144352	1264089	1202265	1217681	1467293	1265526	1303930	1127114	
0.119	0.999		27979	23145	32035	33971	33911	35394	33765	31733	22699	32133		1322391	1131366	1483229	1594936	1407371	1486977	1531352	1607961	1334333	1666754	
0.1109	0.9224		27476	27435	25019	32627	22189	22962	19793	33161	24915	19650		1428338	1242055	1201886	1678825	1271807	1168557	1164396	1549671	1242574	1189247	
0.7851	0.3596		23608	22342	29977	24407	26292	28168	36524	35379	23127	27945		1124656	1075135	1243688	1388518	1100504	1289004	1601546	1594135	1063156	1264308	
0.2186	0.9602		25056	29927	22351	35607	26243	25349	37330	24219	25333	25975		1111568	1412105	1403350	1624241	1290265	1348211	1215631	1127702	1300822	1226294	
0.1431	0.287		14012	22061	25737	17314	17882	23082	26100	18399	20661	18003		1144577	1309174	1458280	1294475	1174016	1292609	1633650	1308128	1320876	1212130	
0.4	0.9732		40382	38261	29246	36519	34887	37490	30767	28541	29450	29226		1491525	1563848	1254042	1433944	1433997	1559155	1368524	1158464	1098018	1255345	
0.9795	0.2293		30947	28208	37579	38559	31112	28556	36790	22796	26538	22915		1587862	1378952	1547663	1347259	1288147	1294533	1545688	1056879	1393650	1237905	
0.6159	0.3123		33456	33526	31875	24829	22756	31471	30446	35750	34803	23121		1779974	1581527	1663802	1295151	1198281	1449044	1504272	1726122	1495674	1153862	
0.6957	0.342		26080	24945	21606	23856	28682	26471	23169	22604	23096	28231		1198755	1333671	1180162	1364493	1273972	1208809	1174178	1108357	1287725	1434441	
0.2648	0.7183		24578	22132	31927	23460	23069	24547	23811	31872	23038	32377		1141179	1171007	1477694	1059855	1283439	1178033	1215726	1375561	1221341	1398885	
0.073	0.8561		20997	29362	27210	20562	20238	26943	28054	18113	18374	23584		1143371	1533848	1317107	1288066	1212764	1488379	1442416	1041083	1134042	1395164	
0.4644	0.4927		25964	21313	23834	25949	33691	25263	26633	30319	34836	32673		1257965	1140107	1533268	1294083	1633557	1428094	1489454	1425927	1654743	1675989	
0.1467	0.9481		22568	25749	25569	25466	25181	21191	26075	22955	29264	23477		1284824	1171475	1243928	1397800	1289803	1168972	1488161	1302246	1379983	1320684	
0.269	0.4217		22508	24811	21888	22090	32784	24091	19198	19324	27384	27684		1511649	1583319	1292581	1379788	1673297	1401379	1350571	1272149	1405989	1535763	
0.8572	0.1738		42942	23368	23549	20929	26559	23677	26357	26220	22784	34869		1344197	1217098	1329191	1089199	1443341	1260625	1388185	1237024	1349516	1534291	
0.685	0.4993		34277	35330	37678	26206	37761	32737	37383	25716	23598	32148		1425501	1516972	1698304	1307659	1550804	1409940	1503781	1226631	1066336	1386257	
0.197	0.7712		30637	25927	24814	22219	23641	31049	28277	29643	31552	22540		1486418	1327084	1280613	1166020	1201337	1508394	1233023	1306137	1685357	1235755	
0.2164	0.1875		26830	16800	17356	19097	19339	13242	21210	29427	18361	13640		1653869	1404840	1191531	1238904	1246951	1057743	1373715	1343820	1252572	1142135	
0.142	0.5721		26634	19214	19599	17951	16457	28639	22941	16066	27657	18945		1185016	1142749	1215928	1118511	1143816	1389353	1248555	1205620	1399374	1197054	
0.6825	0.7584		39976	31429	42756	30715	30030	40982	31015	32645	38644	32983		1376197	1253707	1370102	1096911	1196165	1474650	1141676	1360183	1300539	1292304	
0.2479	0.7339		21304	24286	21170	24794	27010	28186	31785	24849	22945	32078		1308512	1382724	1124235	1234967	1374696	1335793	1463894	1296487	1259020	1253280	
0.9228	0.8261		33395	56732	36716	46670	42449	47251	46256	46443	36653	46943		1191647	1429871	1267520	1388102	1326786	1469004	1255670	1297828	1271999	1378069	
0.9167	0.2784		39431	30458	37252	36884	26302	24875	28205	27499	31428	29439		1393419	1500928	1564748	1811141	1327250	1240575	1341373	1371628	1545854	1786749	
0.6694	0.6292		24789	27687	40086	38007	34101	39869	32262	26789	25199	41091		1094961	1184223	1348811	1414698	1415365	1284104	1346573	1032840	1278416	1507664	
0.5775	0.4278		34282	26153	20308	20370	29967	40962	26622	25267	25493	33207		1528303	1343642	1053553	1061075	1440959	1509112	1579849	1318233	1288099	1576791	
0.5932	0.5132		35521	27730	22682	21864	27395	27118	24694	27350	29949	28557		1735545	1372454	1133190	1012885	1286232	1364887	1198162	1125002	1333201	1369604	
0.1351	0.3851		24514	18782	18055	27133	21950	25605	15546	24560	25531	14552		1456698	1289396	1194521	1480486	1725527	1545109	1186202	1070158	1403251	1222139	
0.6044	0.865		34033	30105	40047	44045	30685	42741	31699	42275	42456	46728		1271545	1110234	1512733	1310324	1356880	1591728	1517572	1579379	1623002	1264563	
0.3968	0.6402		38326	24292	25428	33802	37183	23277	29092	37015	30461	29657		1456018	1362249	1308095	1586013	1351492	1348042	1447454	1617749	1413947	1446277	
0.9897	0.9489		45480	57831	53153	51715	45522	47829	51587	38478	41852	50388		1354174	1564969	1503793	1744815	1547706	1392034	1360079	1204596	1300800	1406149	
0.4347	0.8001		27486	38491	39587	32658	27494	28066	30823	38637	36030	30129		1289821	1651314	1466545	1404895	1341190	1358768	1360626	1577747	1562098	1440988	
0.2334	0.8202		23447	37222	26933	22513	36314	29662	21215	29459	35338	34719		1213104	1114731	1289434	1150790	1416637	1325366	1249526	1443879	1465202	1486000	
0.5821	0.6564		31586	28161	37304	29668	43450	31622	30529	27602	27874	28897		1316150	1276565	1537837	1308776	1579083	1457300	1297616	1335330	1328779	1436101	
0.4318	0.6386		26767	26695	36954	22417	26888	24254	34373	34451	27926	34925		1263505	1383853	1222319	1156569	1254401	1288123	1418389	1290706	1342483	1219958	
0.1951	0.7439		31634	21095	24772	25836	34774	24860	22646	37102	29475	25846		1547334	1290790	1290750	1452861	1557486	1354978	1299669	1465109	1398123	1607761	
0.0513	0.4568		17987	21183	18045	26020	19963	18484	18731	20745	18130	17073		1351122	1409920	1254945	1564367	1302020	1228560	1165303	1455131	1241155	1147526	
0.9225	0.1193		30676	33337	33022	26805	34527	24496	33030	29259	25372	25421		1466232	1372364	1385208	1298887	1764570	1337985	1246918	1202644	1364272	1412414	
0.4684	0.486		24065	21077	26102	20604	26834	26320	26608	32594	25598	31126		1232281	1136090	1202731	1138400	1322597	1361035	1220078	1407585	1565186	1227289	
0.7665	0.5736		25358	24619	33778	32522	31142	35133	32173	28862	30417	31245		1278778	1089170	1327937	1253747	1250738	1397733	1294526	1164980	1220719	1307665	
0.4015	0.9204		24680	27668	28479	24147	31309	39351	29433	25577	30749	40890		1334282	1328317	1286052	1125948	1498394	1721923	1378576	1280406	1336155	1586428	
0.6771	0.9751		35875	43670	40113	34353	46496	38945	34653	35536	47128	35726		1230996	1282662	1349310	1221420	1500915	1343517	1305558	1361142	1455888	1301002	
0.1672	0.2349		19212	19729	18990	24840	25146	16354	12899	16280	24004	28703		1346232	1364863	1396016	1697466	1501295	1288137	1043237	1186923	1447975	1699344	
0.1446	0.2401		26129	16314	16015	21267	26704	21285	13691	14401	10999	16801		1675331	1488507	1220420	1296450	1532625	1402848	1081565	1085186	1038146	1263680	
0.8948	0.9638		48682	38482	48043	34327	47798	53000	46124	36451	38528	37962		1362994	1574698	1498788	1138512	1471053	1563861	1728408	1419490	1304598	1267530	
0.9113	0.5161		31094	40286	39235	29032	26612	29148	31546	40718	28863	36311		1401988	1517265	1455488	1254480	983844	1355656	1197518	1394774	1282851	1281782	
0.9437	0.1848		44695	34316	30916	25169	36555	31444	25724	24400	23834	24166		1633713	1407888	1351775	1269498	1450264	1282508	1241392	1186534	1185841	1309112	
0.6386	0.4704		24297	24507	21914	25589	25492	25540	36253	23068	24534	37349		1057209	1109235	1101543	1186411	1232589	1348184	1613663	1225233	1259512	1373949	
0.6416	0.2107		29541	23957	24405	23726	21366	33322	28736	26032	29932	20422		1490486	1287641	1331746	1220836	1196552	1595507	1497310	1403539	1629679	1443824	
0.9478	0.5448		32879	30157	27686	33707	44014	43119	42561	41686	29085	42801		1273204	1385864	1036555	1396850	1586499	1576354	1667661	1517875	1238125	1621061	
0.8623	0.6035		42347	36268	38472	36312	36686	35935	42008	42772	33234	43958		1680172	1388738	1366992	1406563	1417322	1441462	1510034	1377661	1329527	1334462	
0.4336	0.8282		30352	27191	29959	28794	28408	28287	30974	29330	32349	42659		1345975	1264007	1381200	1430747	1329854	1240386	1362199	1322489	1284196	1184471	
0.1937	0.9615		22170	30537	28178	27620	27836	35597	28229	26836	26416	35654		1073880	1325559	1438233	1335243	1283038	1544615	1231143	1239417	1338686	1470351	
0.4319	0.3935		33976	21456	23886	32190	30655	32564	32642	18472	29285	30654		1374331	1324262	1434909	1781236	1430682	1754025	1596256	1129707	1436938	1693222	
0.835	0.1626		25135	35552	22745	25976	34756	24015	25722	23765	23136	25880		1504010	1749988	1374095	1482930	1615132	1383090	1481917	1404343	1348891	1412844	
0.8844	0.5022		30537	35296	35620	31938	38287	42249	33340	27935	30482	43743		1323224	1387586	1515432	1362501	1279939	1140135	1359166	1095879	1251439	1223987	
0.3139	0.601		19403	22366	26545	22533	26787	23391	32679	24360	21759	26638		1038548	1499039	1453299	1165451	1331824	1436137	1386024	1257115	1259654	1362307	
0.6196	0.1063		21517	21356	31581	19307	16511	21308	21542	29277	30805	20936		1255252	1137492	1514422	1181530	963948	1174996	1299234	1289601	1539345	1203890	
0.9505	0.7202		44997	42733	31801	43460	34043	51419	33875	39708	34127	40282		1571989	1417019	1248993	1321558	1153332	1362293	1146510	1125929	1273064	1342589	
0.4326	0.7521		26632	28285	38517	36115	26677	25734	24085	26917	26313	28572		1260241	1363219	1657865	1467419	1344456	1180045	1073806	1192227	1085993	1329694	
0.8687	0.8033		43312	34051	39296	39255	34298	34278	43796	36033	33349	43037		1486189	1221929	1302351	1323646	1215007	1217087	1226204	1122671	1154123	1291470	
0.5696	0.8089		30426	36255	29640	38946	28736	31729	46245	44540	28717	32863		1342378	1216996	1246556	1343256	1147752	1259883	1212409	1230021	1025248	1282792	
0.6266	0.5866		33348	26040	26922	26513	27329	29806	23234	26592	38106	29487		1212079	1020732	1261088	1236547	1265496	1270238	981852	1268564	1487683	1286959	
0.9144	0.397		26942	29589	30320	40417	25711	27614	34539	26796	28184	30187		1361910	1329076	1298291	1436666	1468991	1261715	1334465	1242877	1284696	1324473	
0.432	0.6782		34557	34842	34683	34485	28816	27678	29890	29190	34182	36532		1516235	1650197	1555639	1541724	1282725	1301265	1407569	1272253	1440464	1520625	
0.8081	0.5371		38108	27953	40522	38851	38519	30704	27637	28234	30136	39399		1451064	1190697	1389339	1384054	1310654	1250695	1293285	1323829	1257160	1562118	
0.3614	0.63		31533	24235	27581	39142	23347	26541	20495	40879	23703	38904		1323485	1202946	1458416	1523948	1383467	1338785	1078497	1728129	1310434	1286401	
0.8457	0.1606		23545	35686	26133	22751	22055	22475	32687	29357	22725	25334		1171286	1276670	1204489	1275337	1082429	1232163	1364639	1316233	1022548	1333993	
0.4365	0.1276		17280	18138	28857	15896	17788	21738	23673	18878	28861	18433		1460838	1101366	1386601	1132510	1287180	1361703	1363678	1342776	1669799	1279703	
0.4032	0.6326		21169	24048	27732	35112	28035	35392	33235	33720	33546	20796		1019173	1220724	1237301	1516348	1289578	1441132	1635429	1703496	1195514	1078729	
0.7158	0.2839		21817	34815	22783	20533	23382	23099	23109	25889	31441	29469		1183926	1757413	1321541	1017019	1293050	1243890	1371738	1538700	1277270	1310863	
0.2991	0.2985		19364	17160	21760	17623	20030	18220	18071	26954	19555	24524		1244402	1325168	1263105	1397592	1282108	1297236	1271794	1619777	1330767	1494785	
0.7625	0.3407		23353	21099	26312	26223	28554	25907	31444	34832	24172	26253		1178879	1020514	1208656	1200767	1268804	1206034	1337682	1318935	1181997	1243896	
0.2104	0.9179		28685	23924	28550	31488	34053	27223	25902	38923	26043	31310		1456185	1283518	1386276	1443969	1453141	1353064	1530662	1541063	1451379	1445476	
0.1286	0.172		15287	19456	17042	15577	24146	15157	14187	27769	24773	18569		1220034	1465564	1322167	1282567	1465957	1293639	1296768	1508185	1430306	1185109	
0.6764	0.7157		36691	41443	29178	41324	41635	42856	42289	36459	41778	29533		1326923	1486844	1144841	1510147	1503906	1496387	1554435	1370090	1703453	1201190	
0.4199	0.7264		33829	40155	25663	31271	24236	25655	25085	22482	25074	41024		1313042	1706340	1420025	1276583	1221937	1311849	1332111	1195329	1245483	1577029	
0.7262	0.3445		28565	32046	29953	33831	23701	26215	27022	23825	23694	25158		1242980	1305660	1182219	1535463	1454470	1506378	1253122	1447884	1388150	1759561	
0.2024	0.5828		28850	18238	22897	28635	29782	23099	21206	33136	32821	29511		1522789	1032779	1299026	1396684	1432592	1259441	1413474	1456228	1403548	1521700	
0.4158	0.5697		24455	32431	22896	22359	22371	19701	31108	31326	34003	20837		1279697	1471387	1343674	1188987	1228727	1228063	1426520	1470839	1575081	1049474	
0.1194	0.7222		32353	30659	20304	30810	31024	20107	30774	27860	22351	30719		1400219	1563473	1203039	1467160	1478050	1255909	1270215	1344030	1278198	1445537	
0.1428	0.9492		25023	25546	21424	25314	34952	26465	35025	26027	24941	34532		1371167	1427126	1227027	1568363	1368437	1277237	1566311	1450506	1358084	1560924	
0.6262	0.3997		25424	23015	33271	25020	33216	32867	33521	34329	24409	31710		1191513	1291797	1604535	1455633	1545025	1374742	1418943	1706156	1413141	1636660	
0.9307	0.2216		29372	35047	36829	34430	25053	35078	24584	34501	24640	31843		1393258	1491736	1727258	1596395	1299088	1469315	1176084	1341761	1253591	1353782	
0.9956	0.7874		48475	35560	45684	36848	51760	48868	36629	39685	37895	34804		1433111	1064065	1316690	1153505	1470079	1382207	1298911	1315017	1412597	1133733	
0.5524	0.6703		32613	33025	38556	28944	37901	36782	28243	29167	28025	37430		1584439	1442026	1353144	1282810	1473801	1525181	1346948	1432961	1294708	1576619	
0.7822	0.8133		34482	32508	45444	37875	45799	43321	33191	35346	43812	41057		1207779	1098151	1255069	1287442	1466283	1479746	1367498	1223774	1519372	1308291	
0.8864	0.9156		50295	48256	41034	37424	36575	33924	47284	40007	38400	48322		1432994	1540496	1238503	1176776	1068338	1090872	1291627	1424775	1295355	1589216	
0.8873	0.1054		25105	24827	33816	27381	21869	22046	47847	24403	21995	19815		1300028	1358330	1378296	1401284	1391127	1233551	1485114	1358507	1186778	1378370	
0.5795	0.3584		26694	30683	23787	28007	30359	31421	23912	22663	28461	24797		1252765	1597020	1322118	1306489	1426893	1489726	1370628	1284079	1474317	1381778	
0.9117	0.7197		38009	36272	45599	35630	32731	34863	26553	36603	32803	32320		1291452	1406397	1577336	1301138	1200736	1300008	1032465	1268224	1272096	1310225	
0.9891	0.3742		29343	36348	28969	38222	34452	30203	40398	23952	25274	26852		1369838	1540990	1234669	1566036	1335565	1531299	1592576	984384	1123053	1261168	
0.8782	0.2726		27853	37547	26915	36545	22764	24609	36808	26916	22581	27314		1357811	1238574	1359308	1491301	1165520	1482451	1690008	1294580	1240285	1396928	
0.4173	0.7223		38966	27363	22327	36149	25462	25060	27740	27185	40381	29828		1537027	1318109	1142776	1421684	1212322	1155937	1227866	1330902	1288692	1264370	
0.4596	0.7592		23184	37846	41460	26843	26461	23375	23715	28491	26232	31714		1216132	1395462	1183476	1168398	1193257	1093961	1097065	1309282	1379503	1556129	
0.7112	0.143		27903	31418	24096	24647	21916	30954	20623	18027	20650	21472		1338087	1670674	1499599	1320125	1285042	1568774	1254886	1137870	1143831	1173097	
0.2676	0.2463		22837	18698	19177	21160	26385	19600	25998	16697	18862	18060		1401648	1235608	1185260	1260601	1449931	1326315	1404016	1193859	1230723	1180328	
0.937	0.2804		32704	39180	35837	38198	29254	27998	37931	38680	44687	26561		1393708	1378250	1736430	1744204	1359932	1297707	1528830	1751620	1533736	1315106	
0.563	0.2373		31197	28672	21516	21996	19127	23573	19127	15310	38341	23554		1602603	1501221	1319057	1240415	1094574	1097684	985420	1137951	1263167	1251933	
0.4168	0.4851		34062	25558	24161	24671	22091	19721	22789	22895	25375	31862		1678359	1368660	1340184	1317339	1075679	1055574	1328574	1429797	1364522	1600231	
0.6871	0.6244		28879	29374	37426	44632	39991	31010	32416	35489	31468	41352		1232983	1209962	1417812	1399576	1623179	1370803	1302285	1433314	1267607	1154832	
0.2277	0.5343		18926	21643	19638	19264	28723	21918	28258	28733	19415	32716		1171088	1205385	1131237	1273692	1447898	1226114	1368664	1514078	1186431	1384337	
0.6749	0.3327		29315	22804	25685	23110	23683	35776	33617	33949	30176	24765		1323097	1206540	1247816	1321670	1414518	1491916	1640218	1653781	1311863	1453465	
0.2501	0.653		24769	24751	38379	25327	23337	20796	20218	27747	19435	25570		1278403	1347927	1537070	1325230	1332348	1214416	1129493	1461842	1163900	1330853	
0.4495	0.8069		39167	27164	32652	29897	42520	30036	42444	33058	33338	30279		1573957	1237895	1392628	1330448	1498646	1210107	1295220	1462738	1468440	1390299	
0.9125	0.8181		47332	49732	38514	46675	38082	47648	41617	37805	34842	39773		1524400	1739201	1322766	1290853	1265203	1273229	1283688	1368053	1268583	1186141	
0.0517	0.1745		14746	21445	19067	20020	18401	14077	22410	22373	22213	14652		1261449	1342434	1166897	1428349	1320063	1199572	1658114	1638431	1453562	1153080	
0.1799	0.4088		16262	16189	16094	24966	20617	28880	20159	23597	19594	19258		1199613	1034398	1140124	1265862	1221449	1437819	1232494	1448766	1220044	1193697	
0.4903	0.8566		31523	40786	30947	29998	30900	31087	30844	34812	28301	27925		1266197	1420401	1286358	1299823	1224491	1176172	1242011	1183253	1351864	1230935	
0.8595	0.9985		38870	43013	50560	48242	37373	34331	49345	39179	36659	48104		1521378	1472797	1604044	1459100	1325045	1117757	1683521	1241960	1250030	1511821	
0.8344	0.4817		27316	27868	32386	24482	29886	36457	46395	27419	29687	31985		1228184	1244834	1260993	1065959	1249887	1393447	1701989	1313295	1467062	1343082	
0.4004	0.4765		23852	22222	33082	31216	28374	27590	29561	30809	20792	28461		1339319	1277887	1279551	1365665	1623833	1428000	1436798	1449854	1251074	1468849	
0.4662	0.1443		20552	17356	28044	27777	23427	28278	21587	19087	25194	15171		1265600	1275170	1549680	1561335	1418771	1574017	1338445	1247299	1357899	1324513	
0.8199	0.5284		28361	28387	24069	37965	33457	24270	32962	27888	24934	31448		1195929	1220486	1221597	1493914	1229345	1163321	1538597	1382084	1221822	1222567	
0.5908	0.9034		41094	30182	30140	30603	31040	33690	31949	37430	29547	30466		1550927	1100590	1179046	1259811	1378938	1233951	1274186	1221545	1084151	1144645	
0.6191	0.115		14630	22325	23612	22211	19505	17506	17057	21977	21146	20315		875825	1214291	1308836	1200984	1209847	1071736	1069143	1277951	1579274	1203401	
0.4267	0.5999		38954	37722	25397	23244	34339	23660	25617	23404	33652	23856		1525718	1518995	1263031	1183344	1612164	1134035	1461629	1217307	1589957	1302478	
0.9723	0.0734		23513	22582	22042	33818	33875	34018	25375	25303	29720	23924		1290392	1167810	1304921	1692500	1341139	1213710	1416877	1210087	1356581	1158916	
0.5002	0.3083		28020	18637	26214	29796	35557	24462	23560	29347	29379	20269		1134356	1131273	1362646	1370720	1758613	1347866	1353187	1527473	1518254	1269688	
0.6057	0.6845		31062	31178	31040	33444	28744	31668	27291	42251	39776	38990		1441241	1455725	1396165	1232584	1348426	1419031	1149291	1695890	1615088	1296813	
0.7882	0.748		33458	33256	31901	33870	31544	33660	31915	30833	30507	27987		1354518	1262566	1195405	1284137	1387987	1358564	1252176	1277416	1532277	1057750	
0.7415	0.9839		46637	35442	35675	35830	37079	45057	46053	40050	40517	46058		1448854	1332360	1291263	1362433	1243733	1271608	1283940	1303690	1345158	1627215	
0.6427	0.4961		24511	27844	29850	29052	23830	27401	40153	26796	39692	32845		1198496	1308354	1333968	1212367	1189985	1346281	1733978	1208996	1550899	1417582	
0.2977	0.5222		31521	28264	20880	30159	27930	29623	20349	20068	22639	22494		1423024	1483086	1209332	1604190	1257731	1618075	1243115	1052563	1213537	1257837	
0.3918	0.435		30725	30442	26491	23185	33904	26119	22991	25788	27539	23057		1356765	1408056	1376178	1290416	1475870	1367978	1296331	1363974	1473750	1410054	
0.5692	0.9939		37073	50527	37729	29925	30260	38451	35310	38288	32071	35251		1320703	1538402	1365070	1296284	1126217	1345923	1410058	1435074	1376189	1442155	
0.7749	0.9878		46053	35148	42889	41493	35818	34083	45482	35267	55259	49853		1455951	1475139	1340362	1444744	1286495	1110101	1341223	1253662	1770723	1690313	
0.6894	0.9089		43440	32836	44141	33116	44060	33912	33380	33362	39207	40672		1498775	1067998	1472238	1260105	1695093	1359865	1429422	1488865	1451129	1418671	
0.9349	0.4766		41864	29944	33527	31640	35318	32366	29717	32892	32640	32224		1618517	1364024	1314757	1306394	1408541	1429587	1257246	1335642	1263659	1309594	
0.0753	0.1394		24035	12967	13914	21868	16805	15903	18793	24303	14478	16233		1411961	1632729	1389734	1570031	1242961	1144179	1532055	1579366	1226409	1354948	
0.2172	0.7998		25138	34538	32459	25461	32509	34171	28014	25460	28740	25080		1198751	1368332	1523849	1344756	1514135	1519884	1346760	1199133	1259545	1287360	
0.93	0.669		33317	29124	27513	39897	45753	48376	33859	37562	34466	34283		1243983	947010	827009	1390862	1524947	1471870	1261966	1360996	1303276	1396992	
0.9452	0.9587		35893	46729	38617	42095	41362	39062	35301	34938	49591	41467		1144653	1385906	1315565	1244010	1290126	1334299	1005485	1015527	1569006	1317377	
0.8255	0.7605		37681	52738	45665	44915	46851	38875	46627	38501	33483	50758		1216957	1584294	1572819	1642555	1395731	1394256	1541145	1446983	1496163	1635103	
0.3925	0.0995		26781	19212	27196	19832	15218	21886	19236	24636	17273	18142		1421876	1379853	1449272	1335821	1138595	1367520	1227922	1360381	1223051	1090240	
0.2834	0.2522		22234	16473	19463	19355	26477	28157	26480	27370	21680	30958		1277097	1217287	1214091	1280397	1482534	1724171	1650724	1615520	1354354	1435263	
0.5865	0.9903		36818	31188	32383	32753	40479	39722	31278	31712	32648	41929		1509212	1193205	1219328	1439558	1478748	1316273	1315803	1358121	1301993	1425374	
0.6298	0.3135		21554	22098	22898	30503	34146	28708	20541	25269	26062	24054		1313360	1231615	1311407	1302430	1530765	1450385	1165351	1320057	1407373	1423916	
0.4411	0.3291		17202	24150	17532	17457	21349	28899	22792	31846	34460	20349		1050390	1334277	1077656	986413	1289520	1405449	1419139	1357426	1621165	1266492	
0.6439	0.8924		42994	36286	35249	50135	33246	32774	32320	37861	43782	37195		1473730	1431264	1526412	1615672	1290728	1333019	1307422	1478831	1482107	1443862	
0.7896	0.711		32432	32864	30740	41491	30995	28302	34388	31024	30984	30436		1260466	1184737	1218264	1477858	1144127	1183395	1232463	1253132	1193788	1159672	
0.9617	0.2315		25145	36823	46195	24921	30816	36699	30618	25481	31785	33769		1266756	1406511	1421587	1281087	1486940	1553694	1338335	1204554	1165362	1419332	
0.3186	0.246		18563	21237	26827	22529	22564	20410	27166	18990	26893	21947		1510597	1324138	1517787	1380658	1444000	1261168	1453908	1317382	1582193	1332970	
0.9014	0.6767		32299	29404	36865	31858	32690	31552	35102	34813	36840	35914		1517865	1173803	1288771	1169794	1254031	1182977	1380900	1445965	1438094	1294945	
0.4679	0.7676		24036	34041	30517	26019	48302	28495	35299	27030	35959	33637		1153918	1234275	1425064	1336827	1647272	1296073	1581064	1414279	1250722	1322720	
0.486	0.7602		29372	26247	27882	24675	24263	29751	28065	39989	27542	26882		1297251	1063729	1096930	1162497	1077162	1268217	1280545	1287137	1337917	1134159	
0.8157	0.4429		27181	24697	28971	43152	27122	29435	38785	38558	33825	25581		1283179	1195658	1171647	1479153	1266314	1260015	1433202	1362614	1419716	1195961	
0.4616	0.3791		29721	23665	33287	18652	23879	30196	29985	25403	21243	23911		1603021	1350608	1425652	1368043	1326044	1443907	1627934	1441764	1328613	1477177	
0.1657	0.6122		18542	21768	23972	31411	30594	22559	30960	36101	24988	30753		1116995	1253710	1273824	1427417	1372183	1305188	1486475	1520739	1466193	1363026	
0.9492	0.1627		34006	33912	25889	24037	37242	25924	36084	25375	33070	38336		1418874	1588465	1440104	1319581	1314096	1336122	1653635	1269714	1431608	1464165	
0.5418	0.908		32647	31103	31911	38528	39096	31378	36549	31937	31424	38542		1293959	1207970	1251601	1255689	1439655	1279944	1399200	1153228	1023816	1347509	
0.4078	0.9484		37768	39554	28731	25254	28725	28350	29108	30223	41932	28497		1382780	1601401	1241716	1130799	1261615	1249869	1223335	1241554	1324233	1195939	
0.9916	0.8282		38948	35948	33043	35896	34404	38382	34084	35232	40300	46774		1168482	1096014	1043632	1097301	1051324	1238688	1037800	1168551	1123605	1436062	
0.4345	0.6595		30311	28145	28407	22955	36330	27310	30369	22097	26266	28396		1292545	1296402	1371104	1225210	1669371	1314065	1205358	1124560	1308091	1511470	
0.2808	0.5457		20589	31231	29560	31292	28281	30157	31105	23269	31187	31275		1180854	1552226	1558910	1193366	1307632	1300681	1407895	1246217	1433434	1468972	
0.8943	0.2824		29060	22112	32352	32932	25229	37899	22366	41343	34926	24369		1294606	976559	1230948	1270750	1170701	1351738	1229723	1509474	1668696	1348153	
0.0787	0.8242		22398	30576	20764	30097	20320	20435	24853	30998	19933	29668		1277856	1447153	1236690	1570295	1252646	1183259	1449098	1509858	1199074	1577488	
0.7024	0.6043		34116	30701	25026	30400	26256	27140	30852	32663	40033	43162		1309170	1203510	1019382	1263366	1236261	1192892	1455439	1258251	1425031	1541095	
0.7121	0.4682		25637	26439	37495	31577	26872	26670	25383	25028	37926	28184		1320487	1080981	1733236	1429931	1213035	1215851	1189076	1173744	1246974	1271595	
0.4729	0.2854		21815	31329	24640	30855	31100	20030	17404	23016	20378	23707		1227368	1427685	1365170	1640580	1513456	1183704	1123561	1302452	1240451	1292293	
0.2975	0.1967		20100	27815	19210	16672	19639	17444	26549	16951	23536	16251		1277084	1501368	1256325	1150292	1274425	1342887	1609498	1240883	1205761	1137910	
0.9115	0.6686		36568	35548	44662	45267	38266	38463	34689	35745	45376	35504		1375072	1509867	1554950	1593338	1470981	1489640	1321485	1374628	1792460	1283521	
0.4032	0.8263		32945	26600	29479	31289	36274	26993	33311	38970	24631	35485		1183116	1246490	1252307	1360920	1273804	1199138	1343228	1548043	1144455	1505967	
0.6794	0.25		22870	22599	25536	22139	29212	33170	24785	29895	21760	22297		1168819	1206873	1213630	1158840	1414513	1455684	1327327	1381259	1274637	1240249	
0.4375	0.5137		24049	24443	36966	21534	27551	19490	22162	31931	22148	31922		1330881	1542731	1396267	1118585	1308259	1134399	1212463	1288786	1296291	1332436	
0.4694	0.9181		30084	41609	30163	28368	31674	38310	41689	38545	35337	30685		1210349	1560738	1221464	1230728	1319115	1451516	1382167	1262321	1336396	1300653	
0.4394	0.8791		31412	36060	43639	36659	27640	38008	29334	28936	26821	31609		1327922	1345214	1443444	1460475	1190551	1419813	1332919	1228035	1061159	1367155	
0.1797	0.7711		34969	31440	31073	27595	33006	33203	33450	24276	24923	27844		1467988	1478810	1521983	1428906	1563373	1655566	1456383	1245150	1504519	1401974	
0.2758	0.374		22654	20012	20509	17742	18375	20305	17574	20259	27924	15535		1272289	1366920	1209978	1120097	1171617	1156082	1028300	1222500	1303069	939259	
0.9943	0.1031		20879	34835	24128	35208	23683	23023	24073	28703	23626	35460		1200816	1510750	1354521	1382250	1340352	1298068	1175464	1452700	1459078	1575154	
0.3197	0.9005		37343	31162	32042	35422	39662	28167	27316	40635	35581	31595		1365210	1250883	1294435	1454952	1429546	1237658	1206078	1517105	1537745	1312813	
0.3088	0.6484		32096	37292	19283	20564	19619	24296	29335	24453	31996	23427		1370675	1446677	981907	932202	941377	1189958	1273008	1108433	1467774	1177328	
0.3571	0.8427		26472	29709	30982	31861	29760	29641	35804	44984	37089	33502		1217696	1305670	1226249	1324656	1276215	1258360	1434119	1454817	1483467	1400132	
0.7318	0.7239		32762	41199	38326	42347	32904	27099	27466	49313	29462	39354		1259664	1479738	1359404	1371492	1285011	1070201	1027679	1542707	1166276	1482745	
0.5137	0.2068		24722	21326	21859	33130	31113	28692	28662	16133	23493	22947		1359175	1360527	1380952	1313898	1438496	1405512	1326602	988589	1274241	1324784	
0.36	0.8418		26978	25432	26493	37872	36321	35848	30545	36465	25543	33818		1196783	1238704	1321091	1336869	1576085	1638686	1232484	1510093	1129088	1343010	
0.5469	0.5091		39808	35164	35093	26700	23284	28191	35385	23580	24542	26885		1373323	1447745	1552110	1352476	1052613	1283408	1555806	1238431	1044653	1183303	
0.1909	0.3499		22198	20588	16605	19607	28117	27023	17516	15036	15464	17579		1250333	1201055	1214123	1263858	1305623	1507957	1193503	1039202	1055272	1207799	
0.2116	0.1064		28274	20916	13431	21115	15391	18687	26137	18377	16534	20693		1757487	1481033	1111831	1401764	1244345	1286362	1629623	1342712	1415470	1620328	
0.8871	0.6541		44172	33923	34293	42175	42873	37416	32708	30387	35946	31906		1580878	1295465	1258404	1585556	1465889	1199730	1160964	1173555	1256716	1110852	
0.2521	0.1798		18942	17568	19176	16882	24059	25557	17487	27294	27079	22064		1153704	1282050	1318764	1205533	1360234	1227850	1195320	1452807	1560396	1512330	
0.7558	0.1508		21310	21902	25051	24120	34183	27420	27492	26789	20955	23598		1101889	1207209	1185709	1274228	1300533	1352439	1321888	1255627	1163271	1155125	
0.1356	0.202		21075	25692	25696	25844	15745	24527	31447	21529	17594	18235		1444351	1448041	1579283	1522140	1230229	1490905	1629449	1313637	1285922	1216380	
0.9416	0.8141		33669	38962	44365	38461	40070	36977	49111	39115	36331	50620		1153811	1337660	1341219	1250001	1248913	1335210	1454708	1098084	1096431	1443280	
0.7766	0.9468		36968	47295	33647	35046	31855	34744	40157	42742	45254	43278		1338440	1601098	1063054	1136929	1218691	1243432	1506269	1375706	1600781	1456339	
0.6758	0.0752		22158	19883	19159	22310	28290	30678	35151	25162	30959	29067		1323258	1117280	1148324	1309011	1278328	1387478	1463042	1244832	1415844	1299408	
0.4227	0.7551		27158	38108	26131	35612	39403	36496	28941	29056	36908	26014		1240702	1551533	1138644	1286435	1486961	1424936	1325626	1232770	1194082	1174762	
0.1452	0.7012		25714	29220	22048	29315	29485	21181	29300	21225	29819	20885		1238457	1393960	1313974	1571538	1536697	1248253	1529913	1234591	1343266	1302348	
0.2441	0.3193		18691	19773	24754	26518	26796	19751	15142	27082	17865	16078		1183154	1298537	1276630	1407804	1303791	1255351	1334328	1248911	1121874	979737	
0.1961	0.251		17418	22821	32349	16370	16702	17364	19811	27487	23403	17366		1219254	1415726	1495792	1182712	1206125	1071699	1256194	1509898	1398522	1192036	
0.253	0.7717		31063	26297	28705	35767	27099	34577	21332	23653	24773	30316		1265017	1339431	1420239	1445265	1470665	1373869	1112021	1306738	1300417	1281719	
0.311	0.5839		21673	30902	25884	21479	21109	31226	30201	23752	19502	32649		1458708	1443032	1294749	1130419	1214364	1273046	1216792	1192483	1140618	1459611	
0.2894	0.8016		27121	27670	22515	24855	26687	36696	35765	31679	26999	26915		1425795	1337601	1286168	1339254	1369854	1453064	1574114	1445332	1401557	1342198	
0.6293	0.3618		34648	21130	22460	28357	33175	22395	33882	32917	27428	30363		1467431	1173324	1320980	1400829	1578011	1339711	1772844	1615154	1353399	1553101	
0.7441	0.6172		30515	39421	37044	32580	27218	32190	32015	37500	37313	36766		1287962	1455003	1516885	1638889	1383126	1404037	1451420	1423551	1352709	1399039	
0.859	0.361		32812	38584	26653	38919	31576	28617	33956	35976	37316	25152		1380758	1351482	1214801	1438599	1367228	1325394	1568904	1771078	1449371	1256351	
0.7331	0.6198		26708	30129	31203	39808	37157	31127	31457	27980	31214	28003		1158164	1285421	1316089	1557156	1431021	1592933	1320323	1475449	1542172	1183353	
0.7528	0.408		28444	33637	28369	31816	30841	25752	34897	25525	35307	25706		1250039	1354088	1392229	1394409	1308282	1325653	1575688	1278433	1389247	1293678	
0.7411	0.2941		25876	26929	21132	23952	36044	37935	39496	35786	27629	42694		1334274	1345966	1227049	1292284	1447318	1419827	1567998	1594114	1394798	1531678	
0.7893	0.9428		38684	35623	42198	54706	47460	32997	37793	38068	48022	46980		1440961	1394565	1459883	1663251	1522707	1398627	1444865	1354886	1592151	1615787	
0.1897	0.5965		20466	20297	32369	20717	25668	18272	35187	18691	23069	23523		1185251	1291116	1270629	1223377	1402307	1279186	1387904	1140168	1334928	1299593	
0.07	0.854		27906	30572	31012	25585	18756	23486	21342	22175	19849	17866		1506284	1517132	1680344	1369438	1183206	1321041	1165305	1274030	1165304	1078309	
0.1348	0.583		17019	18778	20094	27441	24113	20509	20961	21883	19047	17619		986275	1004708	1129856	1135729	1275126	1292980	1238407	1232684	1112200	1010727	
0.6155	0.0606		24351	21193	21294	29123	21236	19412	26225	22694	18133	20712		1352857	1326313	1448761	1604516	1315594	1240438	1522363	1349302	1205885	1274019	
0.4916	0.4687		20158	33780	32265	20363	20733	22798	26477	28889	30018	22230		1189980	1648295	1470297	1209291	1064132	1210807	1295384	1448383	1353711	1088952	
0.4676	0.3016		20745	26415	26132	32070	20746	19694	21052	30561	27379	20943		1199417	1337444	1211071	1657204	1257861	1094447	1299148	1411731	1246780	1283834	
0.5032	0.393		33044	25475	32269	21077	23765	22750	22523	26183	23286	31075		1399747	1339330	1362777	1138831	1290861	1272756	1400541	1291956	1169425	1486770	
0.3892	0.7294		26886	30989	36100	42927	23252	36866	26838	27842	33139	27831		1367212	1170072	1347555	1394406	1177524	1710612	1300896	1245585	1224939	1366993	
0.5402	0.656		25027	25422	25170	27243	38858	39351	36731	29488	26786	26237		992782	977189	1018696	999127	1411438	1371972	1731495	1370949	1136167	1185144	
0.7693	0.9518		38443	32127	46527	34969	35203	37884	41269	35883	48687	36076		1292158	1267191	1558064	1286143	1202659	1271758	1243634	1280655	1420003	1388523	
0.9311	0.5181		27785	46096	31981	30889	29378	45466	29569	41503	27045	40143		1295706	1374728	1404041	1335928	1184949	1646079	1247281	1607298	1233757	1481440	
0.4265	0.9833		35971	36153	38559	38211	37880	28167	26109	26325	32432	32492		1453010	1428967	1487384	1581715	1614188	1187111	1071891	1221049	1437957	1402831	
0.4008	0.2319		18730	29130	22352	30204	19724	29706	19736	20812	32565	24795		1127163	1260330	1331694	1170188	1240509	1490793	1272732	1275907	1269390	1186428	
0.4879	0.5286		22719	24790	26471	23624	33297	33100	21509	24532	27056	25121		1226087	1252069	1248961	1163458	1418281	1524277	1114964	1232555	1425469	1275973	
0.3945	0.4733		22204	21495	21634	23456	33013	32820	21990	33235	37195	28552		1151442	1206851	1188898	1210138	1337451	1380990	1272926	1506756	1485776	1613323	
0.1597	0.5227		21724	21578	22000	16928	18186	23362	22994	18199	18525	18385		1326783	1380722	1589892	1176406	1142221	1208695	1415203	1225712	1197154	1223200	
0.3448	0.9372		31866	30673	32736	33146	36945	28998	33765	36413	39107	28216		1214469	1335530	1424335	1301235	1522539	1343560	1521756	1420876	1664777	1267823	
0.9166	0.9212		38855	53120	37424	34801	44823	40972	34988	45281	45270	43818		1114731	1251048	1216312	1282328	1270609	1251192	1163440	1396135	1431522	1417645	
0.1032	0.6407		27217	22031	22547	28244	30605	28531	19673	19432	19862	28351		1481045	1304434	1410913	1307047	1526378	1283825	1516264	1266192	1331871	1373015	
0.4511	0.6425		24085	24635	31748	27429	28984	34771	34511	24837	36647	30522		1191934	1285512	1310429	1426929	1357134	1506524	1420143	1437762	1390039	1289538	
0.3284	0.2238		16271	15770	20419	23202	27449	20263	27096	22396	28885	23791		1036496	1022745	1266317	1502143	1590423	1467674	1398257	1329884	1575762	1162632	
0.8434	0.5421		26091	25916	26146	46254	32286	34665	27979	32226	35056	34485		1081395	1136947	1220092	1439131	1298186	1409164	1131930	1336482	1337469	1354352	
0.3544	0.4896		18436	24221	24338	30888	30305	20577	21228	28535	22379	25468		1248653	1340974	1363952	1488097	1440827	1271730	1503753	1499021	1365252	1353514	
0.446	0.178		30123	22037	22822	29947	29877	21920	18518	24386	19820	21569		1437971	1390798	1304678	1633584	1516113	1317533	1345098	1445999	1329197	1502818	
0.7532	0.235		22880	22254	22115	22375	21681	23894	23026	23911	23154	25230		1137587	1204865	1293886	1212956	1067122	1141867	1107212	1446361	1202848	1209898	
0.1235	0.9636		30428	38752	33483	24765	26511	24553	25186	30456	23523	20002		1615190	1564938	1472249	1447637	1286311	1223372	1226794	1397830	1236585	1193628	
0.4474	0.4189		25806	20639	18793	21485	23488	23342	27327	21873	25469	21232		1298511	1091952	1099193	1262583	1274675	1330308	1413209	1183565	1230633	1349933	
0.5446	0.393		17212	24761	31419	27130	24822	19910	34920	25891	23078	25494		1108145	1310155	1540776	1423569	1369739	1296887	1648795	1472966	1519641	1452020	
0.3121	0.4921		28272	20542	21464	29773	28929	29125	22419	30050	22766	26624		1511376	1231863	1204403	1377230	1431035	1388595	1383904	1573601	1227692	1383893	
0.3021	0.5646		32755	30287	31501	20326	23079	23432	32328	19084	27943	24709		1809676	1381601	1464455	1219947	1308159	1256664	1506484	1197539	1349633	1335408	
0.9127	0.6773		37821	41233	34871	36231	40243	32342	35015	30034	32755	33756		1236499	1513388	1206239	1309320	1321119	1241770	1266335	1154195	1175035	1211845	
0.1125	0.9726		25721	22031	32684	31659	24008	39000	30615	25702	29657	24517		1554331	1242160	1255520	1441583	1111500	1480216	1476328	1316843	1353627	1332986	
0.1282	0.4196		18191	22790	15894	20719	15779	26330	18632	20830	19829	15437		1210616	1154377	1120316	1487161	1285815	1348224	1293010	1248569	1328535	1221497	
0.1428	0.73		22481	29889	20656	25100	23121	24849	33798	21219	20890	23877		1208310	1702754	1168520	1211569	1484494	1375897	1584112	1292244	1229591	1219533	
0.6577	0.6323		42595	38095	37928	27276	38061	27926	29863	29895	38897	24874		1521893	1651335	1551221	1265588	1659310	1244033	1345681	1443056	1632197	1199195	
0.9902	0.7763		36235	49352	38479	38248	38047	35094	47811	42011	39499	36834		1178855	1449567	1310838	1324654	1267938	1310128	1645799	1505440	1286995	1411417	
0.4756	0.2654		21615	27220	28430	30775	27569	20831	20789	29701	29974	30387		1207706	1294056	1249437	1383191	1554396	1342903	1172419	1668115	1657344	1547817	
0.3825	0.2941		24696	17102	29162	28330	19263	16416	25280	16802	23240	29250		1228862	1165661	1547323	1555599	1294106	1034252	1182508	992309	1393508	1471206	
0.5112	0.525		32338	26776	26559	23628	35493	27311	45063	35333	24323	25396		1387504	1318279	1381127	1265887	1537821	1352418	1316083	1476368	1237023	1375206	
0.5319	0.9091		31742	28783	27760	30331	29395	32108	28246	27671	38002	36196		1294779	1008184	1063787	1068948	1172729	1246739	992407	990284	1300329	1283163	
0.743	0.828		36665	32601	33724	42591	40627	32489	34864	42739	34402	45379		1411087	1253102	1343512	1471090	1403017	1177848	1384998	1556374	1410669	1655649	
0.9372	0.3729		37422	34579	26699	29803	27645	37609	27625	28136	42521	39288		1540150	1225814	1201339	1484782	1309359	1568305	1413947	1271498	1470668	1614889	
0.2304	0.4652		27795	22438	21788	21573	20123	21031	27528	27696	27946	31845		1347704	1372960	1285384	1417246	1329063	1236049	1301725	1457635	1603625	1481740	
0.8444	0.188		24938	23122	23767	20282	29403	33532	20714	25878	26045	20184		1200910	1071235	1179471	980485	1248900	1665729	1220745	1258177	1296789	1049618	
0.1019	0.4418		25201	28069	24376	14833	21789	31246	19404	34112	17623	19861		1396499	1450746	1441220	1211234	1543406	1639848	1449817	1778295	1272145	1186425	
0.3781	0.8995		30396	27473	28291	44422	33483	30171	38441	29787	38733	29699		1263897	1586758	1366151	1533128	1376861	1344055	1483537	1327520	1557825	1581252	
0.8728	0.1607		34675	25267	20234	22846	22494	22496	24324	25907	22802	34995		1188910	1183184	1066419	1038002	1095599	1097857	1112536	1083840	1288888	1330608	
0.4799	0.7429		24545	39142	24025	26712	38256	26706	44541	24801	30104	38719		1474796	1592547	1128479	1341303	1580181	1268462	1587414	1264409	1498749	1542277	
0.3441	0.6443		24750	24084	25847	19606	36384	23941	21257	34620	24481	34309		1192246	1351855	1106357	1029726	1330416	1102327	1035578	1645944	1260310	1378999	
0.9127	0.7887		35730	36932	35374	36990	33852	47707	39001	32695	42321	32092		1276194	1301474	1272236	1383484	1304108	1559696	1259805	1145553	1221343	1173185	
0.8225	0.1298		21787	26784	24962	33695	25499	34001	25107	22446	29177	24053		1184455	1336775	1318917	1461572	1392079	1699164	1343483	1282514	1383755	1428305	
0.1618	0.8349		33400	35599	23888	20172	25125	21294	20085	23957	32502	24709		1576952	1469072	1287771	1228531	1218063	1098351	1206018	1172755	1289662	1271749	
0.8416	0.3754		39813	44176	26934	34278	32040	25494	25797	30578	29566	38181		1484917	1528668	1254112	1371610	1322533	1088026	1159319	1383084	1639122	1650292	
0.2902	0.6566		37011	26385	31668	33188	33511	27455	22921	25120	32591	30645		1413997	1270563	1617623	1639479	1722235	1499525	1295358	1365991	1609347	1600311	
0.3209	0.4993		30189	24932	20645	22159	17786	19924	23022	28119	34263	31947		1553658	1337709	1259029	1378320	1296490	1336419	1252676	1273712	1534015	1727302	
0.2253	0.2809		28408	16479	28115	28507	19992	20139	20258	22854	25779	24597		1424390	1419582	1570089	1646068	1356706	1342174	1472860	1327243	1343379	1417771	
0.3488	0.9881		34697	27624	37914	30856	37078	26941	27655	27856	30924	33493		1442538	1282765	1739997	1679691	1501773	1308772	1246974	1289112	1498294	1728112	
0.3142	0.482		28529	23594	22111	20435	31407	24693	20674	23444	20547	23392		1255311	1247190	1273649	1154269	1458448	1393485	1252110	1390705	1375366	1324705	
0.7317	0.1021		21570	32228	23721	32072	32792	21512	27155	20356	20601	32225		1207648	1554990	1411581	1536381	1361962	1392044	1450656	1194034	1238132	1418729	
0.1155	0.9721		20472	25549	22467	26977	22042	25267	25239	31616	33007	34655		1110891	1293524	1295365	1290461	1281482	1259626	1265794	1456046	1460760	1451853	
0.4849	0.868		26426	28224	26692	26703	26152	29612	29512	26376	28093	40461		1188546	1099234	1047122	1012462	996061	1069975	1248379	1121407	1282955	1523782	
0.969	0.2471		26791	25001	22668	32378	29157	36555	37089	39037	45722	25009		1425958	1123877	1103593	1472511	1327782	1507885	1507222	1502925	1399501	1488837	
0.2711	0.8907		37432	37374	30991	35038	27608	28366	25127	25198	27331	23072		1688414	1380184	1703148	1644696	1309930	1316940	1298313	1167334	1283604	1474754	
0.1294	0.2016		18553	13465	16623	20639	24261	17637	15952	19878	17128	15959		1267682	1191583	1350090	1496326	1583198	1327818	1390807	1361247	1327053	1402279	
0.8331	0.3078		21988	26702	25243	25377	26687	30885	21968	26147	38284	38507		1038299	1196336	1164989	1169905	1167721	1309934	1028094	1248485	1762169	1415095	
0.3135	0.3624		30241	19490	19505	28473	21747	22150	20075	20317	20208	21765		1381514	1141300	1162965	1455555	1342179	1367947	1242362	1245661	1229342	1320652	
0.6147	0.7022		32847	37049	35506	28801	35876	30741	38748	27897	41709	26137		1498716	1699748	1499666	1290978	1379234	1336990	1657374	1379647	1233121	1308150	
0.0619	0.2207		21432	15361	14533	16762	14691	17500	16224	24384	14713	19922		1147839	1121583	1144787	1282528	1155864	1279581	1159367	1642747	1188645	1317120	
0.1464	0.1459		18833	13849	20687	17216	14979	24887	16143	17488	15017	18997		1233440	1092422	1292426	1281484	1162593	1385511	1226722	1230907	1227939	1289481	
0.9624	0.8111		33996	40939	35036	45134	39005	51765	52852	34518	40778	37685		1180561	1142443	1063052	1287417	1398468	1383746	1087775	1167706	1226203	1288786	
0.5081	0.6948		31653	28623	32534	40547	27569	36449	36694	36673	27161	28274		1522351	1442146	1637185	1707142	1569106	1664758	1597469	1686027	1601324	1466328	
0.2597	0.6659		22081	21310	22245	22288	31481	26821	38707	32979	32037	24377		1128978	1122126	1236937	1273702	1420053	1236821	1728197	1610058	1475339	1357415	
0.1393	0.451		22085	28331	18097	17216	25463	27009	20230	25278	19167	20371		1163100	1778511	1319661	1331851	1319353	1492941	1329598	1192165	1369713	1224748	
0.8918	0.8119		44247	46368	36679	37584	37223	46010	37273	32820	46541	45792		1309708	1447985	1217955	1301739	1211517	1474070	1231532	1434435	1545979	1477897	
0.6352	0.3587		29302	23392	32074	35408	24349	27237	30017	28770	20581	31802		1318889	1261481	1459446	1445820	1188153	1199333	1386219	1342039	1069136	1421911	
0.2152	0.7941		22304	32620	37675	34545	24464	26105	28267	23927	34346	34419		1196853	1437134	1347316	1614324	1172971	1086706	1301251	1242291	1354369	1385861	
0.8828	0.7995		38170	31215	46640	37153	34447	43313	39074	36585	39451	38120		1276978	1086658	1321150	1405461	1259300	1481599	1409848	1265653	1178942	1335052	
0.5969	0.2608		32998	32463	23271	21964	24311	21791	22183	32643	24724	32678		1425230	1544429	1349405	1228586	1276894	1199436	1327021	1594652	1274573	1629529	
0.7136	0.3036		26345	35431	23969	23122	26564	31558	24151	29807	35059	31720		1349837	1465020	1172081	1252203	1289467	1471348	1196744	1322763	1261197	1533733	
0.5685	0.9457		34251	33159	50321	38017	39704	34406	35286	29151	31368	37793		1429267	1311993	1242383	1551619	1372293	1314815	1313079	1071174	1139783	1490425	
0.2825	0.1369		19951	25703	18302	20245	17530	28148	20733	27319	19398	18196		1231741	1511336	1384489	1456207	1341954	1417953	1355488	1748701	1488170	1252442	
0.581	0.9393		41414	43254	28512	43022	34957	42905	44469	32583	25530	27890		1332666	1431778	1134014	1369379	1323497	1496621	1560186	1148019	906135	1134006	
0.3082	0.2734		18021	15491	18696	23102	17880	31975	18245	20848	15709	15729		1300385	1292080	1347235	1532662	1072152	1348276	1246900	1278908	1111383	1291216	
0.3626	0.6027		27632	32376	21948	22149	34020	22485	25178	25332	25252	20926		1362004	1316964	1111932	1203679	1404320	1385065	1340246	1336259	1210432	1192020	
0.1238	0.6103		23789	20944	21686	34631	27926	29686	28965	24734	30624	27780		1355585	1358585	1225485	1184995	1439176	1458554	1436489	1425018	1641258	1501646	
0.9139	0.4183		34485	36490	36870	27438	28640	32446	28682	40474	30695	41695		1307152	1230971	1412929	1210199	1145113	1256193	1264210	1433166	1284799	1588865	
0.5858	0.652		44020	30796	29585	38561	26391	25512	27022	36725	42093	33309		1786854	1438272	1380573	1770577	1165665	1153467	1172863	1349082	1511021	1221192	
0.1309	0.7185		29887	23659	26034	27901	29657	32978	26099	23508	21384	20943		1243834	1263697	1306151	1348242	1489269	1488186	1240647	1400970	1371119	1378477	
0.3339	0.7479		26891	26945	21568	24551	26542	28714	30317	31549	39059	35705		1259649	1281813	1046385	1102522	1299781	1308589	1357234	1370000	1439070	1720326	
0.8966	0.2184		32510	26739	36852	21597	28244	24634	21445	23893	33257	28864		1503471	1447840	1501530	1091331	1337078	1287295	1144965	1242283	1471559	1470417	
0.0578	0.6777		16872	28309	19006	21898	21130	21472	26266	19997	19284	25167		1070707	1604724	1339341	1259379	1316490	1363265	1300553	1289734	1251252	1611334	
0.5157	0.5163		33744	34098	35281	29163	41415	22023	40654	33388	33795	26201		1680225	1315179	1404622	1446712	1382999	1272784	1563210	1370197	1291678	1242139	
0.0917	0.6745		17393	20807	19304	21226	19484	27604	30236	27179	20494	19577		1166771	1210799	1134355	1266452	1316456	1341683	1264577	1410334	1410562	1387639	
0.0621	0.5463		24587	27391	28287	19445	16895	20927	16406	16591	19547	23676		1421303	1454137	1352439	1220821	1434181	1321295	1140517	1387916	1468581	1359104	
0.9902	0.092		22535	33113	22123	23256	23011	23566	32793	33486	36605	31145		1360896	1334866	1210577	1157322	1295458	1231564	1498558	1348826	1460049	1384682	
0.1224	0.6283		26026	27889	26413	17737	21110	20052	21399	19697	19745	22149		1231814	1205692	1171517	1032842	1158432	1064839	1173683	1178202	1154693	1258469	
0.9828	0.1303		32252	32755	26489	22929	24555	34127	24305	21894	35930	31933		1415046	1390281	1215264	1231695	1340509	1613838	1541304	1217739	1414412	1653037	
0.3566	0.4546		26642	23750	24795	25468	21254	21785	19334	33925	26324	21845		1320753	1225091	1341000	1330075	1238018	1336492	1356138	1628717	1327165	1344316	
0.3207	0.2337		23719	25778	22887	28655	21268	27088	24092	20656	17843	28900		1452167	1443186	1256836	1551185	1580497	1524161	1479515	1243142	1272313	1580718	
0.1295	0.1567		21373	23636	16856	17078	23366	19699	19260	17215	21802	24368		1403304	1456973	1314145	1244481	1339053	1267110	1334672	1223746	1328198	1336634	
0.6169	0.2462		25716	20588	22658	24160	24028	18852	21615	24241	24168	20980		1276004	1183464	1222386	1384356	1296136	1093548	1330859	1407058	1387494	1270904	
0.1316	0.5189		19796	20828	26649	25580	23843	34880	18391	16221	28837	21488		1219381	1279636	1338544	1256631	1411437	1551639	1182872	1098593	1451367	1307172	
0.1643	0.8989		31596	24017	29586	25759	27688	21896	23453	27859	20873	36246		1311408	1433227	1347389	1221463	1314762	1514875	1337726	1550141	1189896	1287564	
0.319	0.1787		28389	21260	29688	28111	20899	28384	19147	20020	17019	19762		1589500	1553383	1772138	1575651	1332493	1379000	1333415	1363496	1223152	1327507	
0.6421	0.8333		31738	43664	36861	29179	32303	33223	39447	31476	34001	29238		1218200	1468486	1495696	1245626	1351817	1493304	1479271	1355642	1372761	1342725	
0.9419	0.8484		59840	46193	41408	44706	50043	39726	39637	38350	48904	46437		1411595	1489579	1387315	1204034	1329875	1324769	1258284	1134295	1641172	1619962	
0.5679	0.3023		36405	24900	32909	27582	24123	20005	22064	16596	32716	19426		1423029	1304102	1573108	1358921	1370728	1175484	1321962	1186439	1572994	1180675	
0.0689	0.6885		17518	20123	28686	29293	27688	27508	29240	31381	29001	28667		1205462	1405462	1446936	1529305	1552484	1630002	1577977	1388885	1520960	1544222	
0.0768	0.9895		26277	21346	31949	33322	31591	23805	21391	21483	21793	22204		1252782	1222962	1493149	1541792	1555305	1276966	1373776	1291955	1199719	1306371	
0.1835	0.9068		21755	24045	24009	40332	23463	25684	25776	24555	26604	26969		1175463	1140862	1067811	1366334	1325469	1339647	1155924	1463476	1283896	1363242	
0.8236	0.9831		42900	43526	36679	36189	38761	37219	38166	49781	50018	38299		1360999	1458694	1374353	1160969	1347509	1349707	1504689	1536205	1416079	1195448	
0.0777	0.442		16058	16043	21779	25993	17888	17562	28592	26435	24519	22027		1125204	1142817	1533526	1612562	1429699	1158268	1411034	1621236	1395375	1305843	
0.7566	0.9501		34462	34634	32407	42674	33766	30809	34571	49843	42030	39912		1175155	1142890	1030959	1314682	1181797	1041817	1110779	1138313	1229853	1317397	
0.3896	0.8002		35971	24022	30303	35758	25813	27364	29296	30926	37436	24638		1600380	1158776	1363039	1382847	1126107	1260163	1315307	1454122	1667344	1182510	
0.2773	0.621		24778	21048	19180	20935	34272	25516	22065	30851	30881	31142		1192764	1162985	1010848	1059179	1382728	1260821	1239831	1266531	1474173	1488575	
0.3973	0.9798		29599	35508	37873	37813	30971	33593	27645	27974	30275	33047		1149353	1375743	1532182	1389105	1300613	1249830	1207546	1323022	1451364	1286260	
0.7967	0.6911		39228	28421	43444	49317	34475	51057	34299	42996	31473	32897		1381673	1115472	1567294	1225727	1320979	1306737	1194137	1563765	1264770	1130790	
0.9851	0.3341		38637	35897	29038	32336	27316	43430	27234	28687	27146	31860		1433681	1357791	1592988	1514402	1339608	1350861	1164356	1259349	1311559	1319020	
0.0835	0.2354		18685	16137	24852	15633	12998	22744	18456	16443	13376	23594		1230732	1180485	1356296	1123334	1034277	1467441	1305510	1297954	1290332	1505911	
0.9098	0.9331		49363	38597	49960	45355	37033	48390	38066	56330	48788	49025		1455003	1177730	1372152	1257252	1178973	1438283	1213099	1398876	1369607	1598475	
0.6058	0.9142		33900	38082	32299	32999	41411	43282	32300	28991	40527	47445		1295711	1481966	1480048	1261418	1186220	1632995	1295533	1136945	1502335	1334494	
0.7694	0.3172		21339	27377	35617	23939	24061	23790	24776	25006	23755	36893		1209526	1444058	1630899	1278283	1246750	1254252	1271902	1276425	1242445	1528259	
0.4569	0.4345		29082	26570	31438	19385	26206	31618	31313	31135	24188	24012		1464846	1433259	1367567	1500599	1589752	1379147	1432628	1447700	1319169	1285481	
0.7896	0.084		21431	29975	39285	19339	25611	29002	32332	34758	32620	20304		1283327	1400428	1535928	1237170	1242208	1370856	1529078	1510642	1253209	1050480	
0.3222	0.2982		29859	20796	25934	21380	18788	20563	28206	16241	16120	19178		1431096	1317714	1431616	1227576	1259563	1271016	1429650	1156567	1172659	1291139	
0.4467	0.9516		40260	29849	30343	38166	26770	38880	34728	29639	34154	29562		1546141	1152974	1436660	1392717	1227605	1468994	1313312	1420283	1398792	1336372	
0.3722	0.3356		19988	26419	24901	28859	21508	22189	28302	21405	19800	17557		1221046	1566033	1334465	1608435	1302130	1280222	1477649	1442505	1346439	1116150	
0.2423	0.4533		27643	18856	26136	21811	20749	28503	31394	21421	29522	25028		1508454	1286831	1491768	1370788	1266885	1376268	1596434	1423746	1457015	1536125	
0.1414	0.8183		19000	18486	29037	22040	24660	22033	22521	25467	37731	26072		1231317	1118335	1439287	1296310	1376991	1292288	1285964	1350269	1530945	1607300	
0.807	0.9851		34185	40168	35624	36222	35790	37736	33981	40020	38187	40673		1483728	1485668	1178140	1279937	1238458	1282419	1118348	1287905	1320576	1329099	
0.9353	0.7642		50035	39927	45039	36767	38453	34603	37146	32135	34679	52965		1329447	1577351	1403576	1059852	1324175	1165229	1227796	1079785	1277958	1483291	
0.6026	0.5739		23706	38407	28898	25786	29187	37160	22959	22930	23071	33821		1038567	1614025	1198442	1233951	1405811	1374314	1161463	1061644	1069479	1224296	
0.7105	0.2681		30928	27639	33262	22295	31807	34148	31816	35440	34826	31529		1337170	1157219	1450815	1334396	1372866	1495211	1501900	1228958	1499660	1347318	
0.1755	0.3804		20542	20121	35424	15100	15859	14798	22890	17708	28238	18844		1364690	1311938	1508711	1113243	1058973	1213766	1320032	1242832	1600413	1186822	
0.4657	0.5868		33534	37077	27165	27523	25831	31995	26940	34173	33895	35700		1558836	1718063	1348630	1280718	1294776	1444480	1366242	1442359	1690564	1353676	
0.8037	0.1432		22148	25339	26068	34669	24859	21943	37841	20077	16197	27827		1263952	1294264	1303790	1746087	1374582	1252327	1411792	1191842	1134208	1430311	
0.8165	0.6191		27242	35957	42256	31267	28768	48129	26836	31252	42898	41765		1178338	1319298	1432348	1430733	1206887	1398964	1028308	1252622	1471672	1563052	
0.7253	0.4134		24875	34943	36484	30646	40186	36889	28853	34342	23416	24931		1209021	1288131	1409405	1394011	1512574	1445404	1314215	1402997	1106858	1352621	
0.8665	0.561		32495	41150	42759	30143	34111	35113	39717	31207	24436	27970		1222967	1551112	1670642	1204318	1194792	1293737	1327627	1223822	1038144	1135462	
0.2079	0.5689		23444	22276	31071	25415	14298	30782	27527	17551	23546	23741		1315477	1304863	1696487	1391052	851545	1511925	1326664	1065664	1246384	1354829	
0.7642	0.8277		31056	29865	32702	52410	43330	34258	36626	35632	34142	32485		1170625	1011744	1227059	1290875	1461861	1270128	1288137	1431932	1346455	1215030	
0.0925	0.1445		14146	14820	14587	25465	19973	12715	14844	17793	17712	15654		1310767	1200669	1213274	1548960	1542969	1141346	1241832	1324692	1307882	1261919	
0.3117	0.9693		29688	31226	32815	33331	26900	30119	32280	27000	38002	30763		1333193	1327623	1421005	1342625	1255274	1182931	1364215	1314858	1448158	1307639	
0.7655	0.3268		21594	26298	34535	25310	27052	27238	31928	24313	25963	24731		1108780	1329265	1356093	1352315	1313126	1203400	1178112	1240676	1234930	1283514	
0.1563	0.1636		19881	17928	20290	24359	20296	24431	17137	15427	16166	23236		1299355	1270565	1341626	1496734	1299741	1516433	1298851	1244214	1247201	1358174	
0.9173	0.6684		37491	32307	42257	40544	35694	34607	32152	45246	36323	33752		1275754	1158261	1450398	1334415	1240838	1390334	1359796	1638615	1416409	1387152	
0.449	0.7129		28539	25334	27402	25712	25788	35374	27169	28791	28152	34458		1310326	1422809	1301696	1210672	1298228	1519931	1199015	1333334	1339759	1503526	
0.7237	0.4239		28706	28888	31609	34990	37330	34698	25060	25895	28228	37402		1301566	1228924	1427574	1429277	1513540	1670067	1209159	1173486	1273326	1675486	
0.1139	0.1955		18178	15941	16449	23977	15946	20542	16113	14064	17569	24152		1297493	1150499	1240916	1377450	1336802	1486478	1245232	1228785	1280540	1404397	
0.1762	0.9874		26965	23627	23861	21203	29918	27964	22282	24180	22340	27438		1196946	1081841	1169765	1180244	1230482	1213716	1146499	1087644	1028248	1216710	
0.3416	0.7401		33951	25521	21902	40472	27072	35522	24412	24737	22129	24834		1344392	1250764	1207888	1503525	1246911	1497294	1200893	1311393	1157169	1205547	
0.5715	0.4132		21416	34280	33575	32919	23113	27919	23420	37278	28553	32928		1196003	1284506	1586040	1511558	1247556	1265724	1291965	1411796	1415638	1624943	
0.1747	0.9941		35502	30755	43868	22469	24229	27829	26687	37432	21745	29536		1465537	1386658	1178321	989945	1099813	1306299	1209909	1419124	1164607	1188123	
0.6748	0.6778		38583	41717	32632	30575	29240	29572	27446	30502	29224	36416		1366124	1472718	1338123	1175136	1400236	1125222	1020796	1303672	1174136	1476180	
0.5434	0.5079		35431	23903	20790	24957	27593	27336	26904	24825	24886	24293		1533275	1357125	969365	1136382	1329170	1360309	1368654	1334975	1399467	1384652	
0.9906	0.1957		30649	37761	37632	28116	26549	33356	25363	25502	22914	24450		1519106	1394067	1419877	1406567	1378987	1396145	1326477	1207396	1182432	1153762	
0.2573	0.8493		21921	33492	31340	31297	33786	30090	25924	27689	27280	24667		1175172	1145667	1241974	1626855	1459235	1706640	1485590	1561884	1392892	1086849	
0.7784	0.3224		37085	36216	24261	32990	27671	26715	39058	25009	30697	37320		1505023	1679502	1255379	1440536	1337621	1177222	1186001	1369183	1437075	1546682	
0.3924	0.6511		24667	26916	23846	33754	27133	23533	24398	41011	26952	33784		1225434	1346369	1277651	1480365	1241741	1286204	1213615	1426605	1406975	1639800	
0.0784	0.6632		30177	29765	29314	29778	17283	18532	19257	24664	17168	19975		1578114	1680059	1271584	1555994	1048822	1076510	1270586	1573293	1052698	1282197	
0.8493	0.832		33596	31795	40539	46288	45831	37694	45890	36906	37058	44760		1202195	1098645	1132434	1579734	1550235	1232030	1435586	1247381	1291892	1449513	
0.0759	0.3024		14736	24229	15407	22636	23519	19216	23353	23043	23380	18760		1196454	1310281	1142143	1320306	1523883	1328686	1439823	1514086	1431936	1226800	
0.0804	0.5937		21051	23137	18777	30152	28462	17195	18546	18238	29196	22337		1352008	1433365	1374647	1624159	1532806	1253734	1358186	1283786	1518657	1205162	
0.2074	0.1903		19756	24787	25210	14262	19364	19190	17506	27124	21594	17961		1360600	1707618	1599169	1209002	1318305	1327879	1214932	1435629	1221090	1300333	
0.3965	0.0734		24046	17683	14721	28983	17549	27249	25885	18672	16417	17625		1252383	1328928	1146707	1623989	1175016	1611111	1443885	1239844	1289714	1269442	
0.8879	0.5079		37864	30603	33506	40334	41453	29110	27971	29545	32544	31327		1487393	1254175	1222061	1394482	1465241	1231761	1065521	1206791	1293572	1131367	
0.3661	0.5019		32682	21867	32529	21560	22666	30176	21711	30478	30287	31460		1666314	1206492	1496606	1354162	1305306	1529168	1536113	1591336	1481515	1750885	
0.9124	0.3495		27457	39693	27705	37530	41533	26700	32207	36671	30897	25570		1204845	1265299	1187056	1513619	1372385	1216577	1261924	1435199	1505884	1216401	
0.9831	0.6528		33089	33783	45434	38863	30073	35209	37221	37367	31273	35972		1322849	1231473	1600078	1153333	1129633	1126940	1170710	1315200	1154683	1291859	
0.2559	0.8218		25003	35075	27320	24087	24923	28203	33340	26171	25519	33142		1170189	1536260	1109690	1208729	1235482	1378038	1548434	1246528	1366509	1403810	
0.525	0.2114		23962	28097	19448	18540	20805	25642	20217	21149	27408	31182		1269385	1390262	1369539	1062925	1233333	1280230	1245495	1201959	1337897	1402505	
0.4943	0.7732		39113	32933	38523	31550	26628	33807	31407	28046	29069	37998		1435979	1334538	1432932	1283058	1241496	1337809	1132586	1367823	1331975	1367361	
0.279	0.5085		30677	23552	19714	19569	22870	19515	22514	25550	19717	23794		1659291	1249626	1206673	1167219	1302049	1241666	1272996	1350198	1273234	1349110	
0.5919	0.612		28584	23740	44683	26833	32183	45595	36028	35750	30689	26317		1312138	1069383	1340296	1271079	1466843	1120006	1581299	1489253	1382380	1308436	
0.8371	0.5558		34301	29686	28771	26370	39778	26135	32789	38450	37747	39237		1552249	1178245	1191558	1045793	1510863	1162386	1439027	1292384	1554297	1434402	
0.1291	0.3169		16835	27304	16233	20212	17710	16440	19420	23081	16029	13952		1224051	1547484	1215735	1327670	1063492	1304443	1613579	1204055	1149408	1065321	
0.2961	0.1072		16146	19150	16856	15369	19773	17143	27009	16352	21611	17196		1081530	1328024	1383966	1187769	1372891	1273711	1652222	1353616	1535819	1245995	
0.5179	0.3359		21823	19487	31057	26835	21707	19276	26890	30713	29650	34352		1330491	1161077	1312033	1247935	1258677	1029602	1575812	1489224	1387437	1526291	
0.3415	0.4166		35652	27299	21835	20876	20408	18078	23429	28138	21528	26281		1335785	1147937	1113568	1254133	1282050	1122073	1292916	1351476	1147435	1363610	
0.5724	0.3054		24395	21712	22367	21363	30524	22412	32784	22540	21679	21928		1334524	1143069	1157678	1306896	1057604	1209608	1143843	1171161	1126315	1109405	
0.4572	0.6816		27742	31023	36706	37004	41955	38752	38485	30474	37666	26219		1496178	1390903	1784204	1599405	1563310	1480001	1447765	1350588	1381886	1431736	
0.1247	0.5333		26225	23335	19161	27006	17623	27008	26808	24856	21339	19185		1354826	1215930	1221000	1521489	1195010	1392117	1450102	1392249	1209324	1363774	
0.7102	0.1778		23615	30630	23247	23732	21363	29904	28071	21137	21769	25044		1200018	1579667	1310505	1327183	1199597	1306420	1214594	1157995	1241622	1380450	
0.346	0.3215		16846	24902	31236	30262	22211	27039	19201	18816	30244	22242		1245467	1352511	1283985	1529472	1202729	1272128	1268523	1325668	1694773	1423124	
0.5256	0.7972		27281	29517	36327	27726	25921	31172	34013	31402	30792	28956		1286835	1232570	1340056	1141980	1055796	1245815	1208864	1253771	1319433	1358342	
0.6807	0.3363		26361	26016	24434	21390	21230	26687	32868	25924	23241	26644		1329456	1211350	1110224	1065207	1135567	1377030	1452125	1469006	1291571	1285602	
0.6429	0.1549		17700	15070	20237	32057	30611	27911	20035	22134	36602	26699		1064778	798678	1042136	1457652	1281408	1193509	1136818	1290280	1434444	1374723	
0.7473	0.4448		28288	34267	25559	29425	38781	38464	26904	25261	36454	25307		1283983	1232865	1290276	1429321	1274872	1203707	1187181	1229413	1667962	1120384	
0.433	0.2882		22379	16798	19164	31727	20581	25101	20469	25752	25359	25140		1243176	1118174	1117953	1458104	1209112	1262876	1302364	1375394	1422094	1237553	
0.3452	0.4455		28385	23114	25073	20700	21600	26523	22933	20285	24600	22323		1224756	1303215	1263303	1137229	1252499	1400683	1175788	1050626	1180009	1374154	
0.0511	0.213		22538	15514	20621	16931	22953	19046	14979	14263	14861	24060		1334041	1334225	1443160	1333018	1451286	1337098	1135835	1096071	1307715	1460569	
0.2323	0.8798		34566	24315	24988	33576	24500	25836	31162	22543	23727	24653		1658025	1208301	1153273	1446911	1219277	1419491	1269041	1104101	1403851	1198798	
0.6916	0.7185		30196	39225	29331	34616	48627	53223	29932	37648	32387	47733		1272763	1283239	1123716	1151689	1352477	1490409	1227285	1336992	1259317	1543200	
0.7024	0.7879		31760	37468	37385	31671	36686	42034	42262	41476	31442	31634		1229162	1357334	1384288	1341454	1413719	1488199	1440675	1610906	1380175	1395227	
0.462	0.9004		42373	28975	44035	34073	45202	40287	40158	25864	41035	36834		1320327	1326651	1186171	1672844	1654618	1821741	1655523	1136265	1304260	1352169	
0.4816	0.5728		25442	21331	23035	25806	26450	30997	33654	39934	23162	22872		1437349	1180965	1262898	1390312	1318825	1457128	1556737	1541368	1311830	1319448	
0.2572	0.5386		20078	30701	25876	31074	32712	18781	21942	25098	19634	25965		1399479	1655648	1349644	1549465	1575688	1221292	1213752	1301896	1253899	1372271	
0.967	0.8339		40307	34510	42861	36314	37286	38634	33826	35395	34684	45217		1080958	1067052	1288638	1171815	1326422	1253686	1169951	1053044	1220749	1346256	
0.5193	0.553		40311	38793	32076	29437	32653	26516	39028	25387	30382	21639		1849981	1587008	1535058	1472532	1498784	1235435	1660346	1539343	1325895	1103127	
0.0832	0.2801		15251	17347	26404	25473	15658	17972	14691	23664	25747	13427		1446752	1190958	1426085	1403480	1209382	1242362	1285019	1557845	1510269	1061176	
0.6172	0.5448		25684	25480	22234	26443	24315	45792	25469	22350	28690	27306		1045005	1266289	1107325	1258152	1323444	1278461	1199815	1206970	1396329	1412428	
0.8226	0.6485		42498	30291	39334	40140	36985	43963	32254	31695	35010	48606		1478633	1297428	1481937	1455792	1568853	1592638	1295754	1247926	1385114	1849741	
0.7316	0.3178		26591	33805	30633	23410	26541	28769	25290	31535	35327	21052		1398222	1581651	1414853	1241699	1568546	1301175	1123290	1138002	1503489	1204653	
0.9206	0.2887		28311	27551	28625	30341	28220	37687	30401	22257	28608	28295		1241974	1223995	1261715	1281797	1378464	1602900	1167047	1098755	1477636	1287160	
0.3148	0.8746		36796	37912	36508	31880	23118	31618	31052	26967	28438	22950		1527018	1293582	1476965	1425222	1329781	1421796	1484085	1600882	1486779	1227564	
0.7275	0.0708		28510	22605	30537	38547	19316	20004	31731	20555	23051	30005		1593098	1361882	1469984	1499552	1294633	1374373	1498058	1475650	1426962	1235165	
0.5981	0.9633		34839	51720	30623	44390	38803	42766	32381	43164	40172	40719		1297594	1260822	1278486	1315091	1400723	1559552	1637691	1597871	1358802	1420438	
0.2907	0.2684		15520	19644	27681	26817	22417	26884	17626	26663	26209	19739		1145583	1247352	1439525	1639447	1504337	1511131	1370075	1361740	1358749	1347145	
0.272	0.5558		25402	22510	29873	29744	26743	22394	19071	20245	19237	24812		1182743	1298053	1633991	1608538	1202523	1480925	1225864	1213838	1152619	1223890	
0.7039	0.1587		32150	31149	30730	20838	20927	21237	24298	20629	20923	18600		1281433	1574883	1671735	1343122	1389234	1257533	1341545	1200603	1100437	1053857	
0.8108	0.2539		24398	21798	23320	34995	31536	34073	22026	35124	22928	22635		1296291	1230923	1253296	1601856	1469995	1463271	1371392	1417511	1175876	1178871	
0.0678	0.6332		16069	43018	19085	20874	20625	20388	20197	16385	25567	28239		1046758	1451778	1160921	1225149	1236342	1270432	1319173	1196070	1351892	1606051	
0.8224	0.8888		38028	37571	41090	40961	34955	34506	32533	35572	47021	40851		1229446	1498300	1541736	1437371	1526191	1281798	1315358	1397412	1477509	1598182	
0.6743	0.1971		27215	19232	22506	19050	21775	20875	31806	22841	21881	23467		1242935	1033000	1266257	1037045	1282040	1176618	1376243	1248286	1107213	1191569	
0.8616	0.3843		30029	29292	23035	23660	25689	26041	26750	38032	37730	41971		1125159	1327785	1144705	1037222	1174715	1218769	1272013	1361500	1380260	1262436	
0.7439	0.8696		33702	39005	47907	37629	43428	37747	30745	39109	43790	39937		1258029	1328562	1263182	1407901	1621049	1329967	1058837	1472913	1500571	1358029	
0.3352	0.7583		26220	24228	25181	23978	35860	34318	28034	28449	42694	40906		1461606	1205228	1167829	1148719	1307467	1626424	1366166	1466873	1419923	1473439	
0.4454	0.5374		21401	34548	20360	25985	25946	31790	25810	35785	22829	22885		1130528	1355472	1148331	1264886	1325776	1337714	1415157	1739287	1216615	1225239	
0.5312	0.8929		28269	33722	30803	39700	42993	34487	31958	35861	35136	29978		1029574	1282626	1286763	1612528	1157174	1372654	1316140	1396483	1266908	1237946	
0.1635	0.2749		16276	19635	16790	17963	16901	16294	26854	18718	17452	17030		1205382	1297400	1214096	1291016	1180527	1146313	1389192	1282760	1301555	1352505	
0.4637	0.198		24632	22377	27029	26848	21033	22034	16789	24839	21823	30598		1369830	1337511	1391066	1479141	1245443	1135916	1103563	1304197	1417305	1455524	
0.7079	0.588		27822	23784	26083	36489	27672	28725	31231	46720	27985	24230		1301680	1084168	1307743	1436467	1329525	1286050	1368350	1507156	1264047	1291657	
0.4427	0.5231		24623	23941	25332	35440	32287	23531	21685	28279	20738	24035		1199372	1224597	1276464	1419133	1508274	1313916	1158019	1334801	1100373	1199773	
0.1357	0.4727		28195	26511	23046	28197	19813	27828	28411	27984	26770	27836		1491571	1430130	1402234	1510820	1373422	1537686	1599742	1544756	1593755	1505648	
