28	29	
0.3174	0.3329		18551	15368	16586	16454	24570	27509	23838	24314	21652	18524		1177353	1489559	1267012	1442488	1942051	1679686	1501786	1856773	1457238	1425379	
0.9597	0.5721		32533	41795	66750	62588	42509	34938	57661	29282	33805	51111		1523650	1761591	1921163	2109518	1653137	1360194	1511975	1088679	1338128	1527442	
0.8635	0.112		19681	19929	19972	20745	17863	36234	29585	20883	22334	22718		1310168	1278292	1263475	1075197	1060037	1843390	1591905	1261141	1047925	1310140	
0.982	0.9414		43943	39426	42129	40697	137553	41578	41208	39327	47605	50032		1596145	1204868	1338400	1373239	1969608	1360998	1353959	1543277	1454844	1616988	
0.6522	0.5913		28864	39215	34338	31817	29058	42917	36785	27022	32317	36781		1243161	1479583	1602402	1407914	1236985	1670711	1653894	1212919	1508089	1694909	
0.9196	0.3208		22756	24016	27854	29147	42187	26920	27129	25475	36957	35565		1062408	1049808	1364446	1360146	1480231	1262888	1244655	1309656	1562093	1528587	
0.6088	0.6891		36527	37700	30386	32952	28013	35432	34015	30970	30675	35151		1608229	1511790	1185925	1373479	1176087	1415764	1254025	1395085	1274904	1532960	
0.2684	0.185		16274	23969	17079	15682	23430	17113	23844	23135	14735	17003		1253326	1353466	1351232	1337194	1594129	1387675	1798852	1675672	1256236	1275361	
0.2221	0.2113		17959	18465	21711	20041	17014	22140	16302	17295	16273	16800		1288947	1357046	1487700	1377862	1258502	1249290	1299902	1392368	1250476	1467093	
0.9118	0.835		45037	38624	36128	44221	36514	45262	39946	36611	33900	40235		1413332	1237351	1184874	1359880	1254685	1564785	1236729	1107489	1222351	1320495	
0.5984	0.355		18645	27813	21454	20290	22171	21844	25517	23086	23963	32799		1143438	1311835	1443174	1281778	1298048	1299185	1438778	1606183	1376403	1375859	
0.9153	0.2941		19767	25788	25462	31773	24992	25086	25221	27282	34821	32889		1082991	1435150	1276768	1279376	1309609	1305337	1186832	1327508	1515203	1355051	
0.7505	0.5988		28168	38326	36508	44330	31166	26071	28015	29834	26027	32036		1498572	1478554	1417593	1546965	1375206	1029879	1141408	1375411	1171426	1374105	
0.3367	0.4549		27688	21054	29500	23955	18715	18801	16301	18936	27619	22768		1498480	1357743	1290692	1403369	1253590	1260583	1151872	1351245	1523390	1494991	
0.2988	0.0829		14234	15850	15054	13982	16167	14651	12694	16107	22279	22080		1282990	1316255	1211973	1225086	1397098	1354222	1268918	1389663	1569813	1588218	
0.6794	0.6583		31137	29131	31209	29977	30929	28793	28780	31087	43950	29904		1283427	1252610	1053371	1206907	1364829	1281099	1315175	1327967	1585171	1361618	
0.3285	0.7378		30761	31528	33069	24980	28140	33489	21440	23090	22363	32779		1468768	1526070	1648014	1338010	1410422	1445345	1150260	1198182	1305604	1526850	
0.0991	0.5966		16866	15801	17347	17081	20353	16563	22057	16167	16161	24286		1144294	1232792	1157409	1170813	1184797	1350111	1197548	1207055	1052461	1272262	
0.543	0.9434		30558	32078	30982	31249	37109	27783	28780	28494	29689	27731		1335480	1215557	1320100	1404478	1403900	1185302	1134072	1032562	1090637	1016745	
0.7152	0.224		29844	22309	33979	20690	24933	24223	32653	20937	29030	22727		1343681	1283250	1390907	1209348	1331610	1335074	1542963	1293417	1737198	1266918	
0.5651	0.1101		15698	25102	25810	16735	16518	16518	19094	18318	26137	21033		1119155	1340164	1426025	1248207	1167340	1119862	1282695	1150003	1370814	1153805	
0.7995	0.3121		28203	27493	29914	22314	33743	24653	34872	25801	24349	33404		1300962	1174582	1306207	1329319	1519282	1248813	1595166	1275262	1212918	1682892	
0.3567	0.2084		16502	14203	28585	26786	21316	25857	19368	17476	16411	23401		1283891	1095281	1368938	1386379	1279255	1575898	1402152	1206532	1344085	1471497	
0.5645	0.4734		35921	27637	32377	39555	22633	28436	22446	22212	20871	27276		1549014	1487250	1558352	1509984	1305041	1331397	1288551	1322500	1166253	1454352	
0.8987	0.3936		38559	35041	28832	26218	29445	29425	27159	26629	28229	25659		1358426	1601527	1455866	1196750	1489321	1317248	1291293	1167139	1281013	1261608	
0.9779	0.9704		44965	59168	39457	43928	44878	52923	46108	38821	40770	41968		1153814	1630466	1248213	1188610	1331203	1609553	1422640	1213469	1334534	1561542	
0.866	0.8307		32648	40580	38035	38158	35980	34716	34329	31434	39294	43328		1204116	1372837	1341668	1319289	1347341	1182749	1014056	1164147	1339714	1458768	
0.2221	0.8779		23196	18480	19951	28773	22797	21925	25756	21683	30866	26848		1247734	1045212	1138124	1634462	1300258	1188767	1183023	1357574	1685203	1582322	
0.5108	0.363		22534	27992	20375	25102	22036	27960	28142	19958	23391	20149		1223040	1381571	1395093	1497756	1229356	1681374	1660922	1348110	1282641	1207373	
0.175	0.7212		24216	25798	19999	18248	16703	16152	22839	18603	22836	19509		1390544	1474518	1333061	1278139	1092947	1088485	1368764	1201157	1363108	1330343	
0.7067	0.4448		24955	23059	32255	23937	27283	26522	25039	26995	28386	24712		1274467	1113288	1474928	1172152	1248092	1147474	1204123	1299002	1364461	1190704	
0.0766	0.4488		15263	23730	15196	14688	14060	17287	15684	25644	11512	13982		1196798	1192183	1214793	1239636	1198204	1382116	1231169	1629270	1144261	1278850	
0.7772	0.8769		39276	33625	44466	32999	33700	43401	43218	35273	34384	36793		1157841	1343521	1601635	1061411	1112394	1681338	1556602	1309851	1346620	1292432	
0.8125	0.7569		31120	39665	40387	41121	41172	32994	34395	34001	32367	32855		1349498	1333908	1630174	1662914	1451150	1359277	1407891	1452283	1294442	1249633	
0.6337	0.1174		19635	18262	19048	25994	24905	25213	17969	18663	20042	25711		1400869	1261791	1348987	1514387	1568410	1492430	1299634	1431657	1437878	1545967	
0.4084	0.6305		23040	22204	30542	31916	31188	28614	30624	22159	22432	22531		1521687	1344943	1701558	1554743	1400234	1651068	1459493	1282766	1291166	1278921	
0.8612	0.662		32044	43729	43623	33415	33332	31293	36408	32283	43039	34273		1124768	1355838	1504167	1278024	1307664	1205947	1330317	1159569	1542908	1366433	
0.248	0.6666		29103	19070	22359	29628	21010	31988	27609	20067	19558	21919		1447874	1145940	1281432	1358305	1255356	1242150	1514381	1297404	1152944	1254029	
0.3965	0.3719		18666	21011	21922	16853	18892	26726	28244	29842	27817	16219		1226582	1365723	1291609	1278748	1352383	1467056	1693995	1821321	1588994	1230534	
0.9965	0.1738		28184	24225	31723	31143	25097	28698	24850	26871	23247	21912		1393912	1044485	1589804	1492739	1229814	1204049	1333675	1531160	1393682	1200400	
0.7218	0.7328		31791	33787	33477	30183	33217	42508	28942	31353	41297	30381		1482395	1481159	1312601	1397046	1426495	1564680	1314419	1416905	1315103	1336744	
0.0639	0.5296		17191	12629	21119	15834	14254	24195	14215	21453	16278	16200		1427242	1173940	1499062	1479469	1120171	1221181	1303474	1409797	1301991	1137106	
0.0794	0.735		14608	24360	20095	15987	22771	14627	17256	17700	25269	21678		1099476	1642263	1448235	1246813	1275546	1263277	1374738	1190225	1403346	1366329	
0.1643	0.4072		16107	17523	16750	15281	16789	14317	21380	18140	24329	17845		1220252	1326209	1205401	1288083	1297479	1287542	1545330	1311467	1699649	1248524	
0.2875	0.7627		32279	29145	22583	23650	31334	29302	30596	23756	25272	21661		1832172	1529886	1342438	1418568	1666012	1385619	1700188	1466538	1424214	1239635	
0.1374	0.1562		15622	15174	12314	20465	14401	20367	10345	11242	16666	11325		1439399	1115425	1091492	1525418	1410447	1582480	957567	1065182	1316225	1059433	
0.7578	0.8686		43826	54171	42686	42691	41260	42211	41513	35979	34350	41604		1429406	1499140	1731712	1422077	1444754	1501656	1426098	1444138	1431225	1511490	
0.7353	0.4781		29061	33283	27779	28201	37114	39251	35286	35531	46098	29762		1304671	1403149	1196419	1253036	1308740	1683995	1530829	1389316	1443922	1356999	
0.1595	0.7285		18104	25682	25635	23689	17912	23271	25561	20730	23993	30779		1258972	1518887	1490114	1274642	1270973	1244856	1536943	1147749	1386500	1651235	
0.7965	0.9808		38060	35765	44323	39594	48192	44642	45307	36115	36587	42656		1295178	1168836	1532646	1404545	1367737	1411110	1629024	1317442	1238618	1285810	
0.8195	0.1902		25635	33332	22536	31489	31422	24158	21131	20622	31425	26362		1427322	1481557	1380054	1754075	1620963	1375482	1078337	1076915	1522884	1481407	
0.7501	0.8013		47354	39907	38413	33815	37916	31905	31976	29574	32034	40546		1657318	1573796	1542035	1404281	1159737	1067000	1203345	1084943	1352824	1486319	
0.1668	0.5293		24929	25578	18979	17276	15019	26623	21146	16849	17700	22312		1296514	1300061	1290330	1139853	1113119	1395117	1370658	1170199	1186335	1278267	
0.6528	0.3582		24092	19735	28349	23474	22647	26192	24341	20688	22802	29739		1271231	1179668	1319987	1267162	1238778	1335824	1306074	1134392	1302951	1181508	
0.7567	0.7108		46147	34415	43936	47592	39146	31725	31004	30617	40049	30433		1302156	1317244	1456176	1395016	1576133	1114431	1261653	1282164	1413736	1153568	
0.7027	0.988		36390	34933	42507	34242	44210	33725	35094	32541	33430	32805		1319718	1280501	1624006	1259945	1487933	1219238	1250293	1102058	1175806	1290602	
0.5819	0.8359		30518	46729	26659	37905	30112	31126	31050	39064	35445	29466		1309145	1457823	1321966	1515789	1314147	1431414	1357108	1686707	1308373	1341752	
0.8556	0.2026		22829	28148	21831	22998	30180	26073	30866	30701	36273	26260		1171021	1339845	1154266	1175416	1495681	1365138	1514065	1542588	1427767	1176618	
0.4593	0.9471		27382	31397	28818	27404	29956	28111	29703	28114	27573	36736		1351656	1291979	1143614	1193578	1313037	1362717	1334885	1376201	1383551	1548398	
0.8288	0.3233		25598	25265	34272	26772	24840	22703	30242	32068	23710	30207		1512446	1304307	1653750	1338305	1205087	1244098	1359735	1511175	1259864	1441653	
0.1292	0.463		17009	16021	16788	15313	19643	23036	12902	16662	14220	13514		1342372	1154514	1210934	1332681	1279296	1353930	1052573	1171004	1163363	1068575	
0.1716	0.7965		18986	20820	27582	19005	18595	18547	19049	26845	20428	17329		1319778	1260393	1467509	1158086	1105245	1347307	1186627	1156842	1209084	1104147	
0.4863	0.548		30742	30266	28184	30799	26973	23493	31421	31735	23132	20854		1477216	1418195	1148203	1222476	1381768	1197944	1517159	1469415	1404633	1261727	
0.8554	0.4627		24830	35434	37126	44562	34468	36845	35789	27341	35315	40638		1155411	1363042	1525159	1472815	1255407	1655179	1522512	1271131	1489660	1447910	
0.7118	0.7522		34116	32950	27950	29816	32168	40720	30560	28505	29171	41653		1333358	1398269	1159923	1209824	1384357	1611977	1387220	1156334	1243086	1568743	
0.2274	0.8571		20492	24190	22601	24528	28282	19573	15789	27766	24779	24431		1084356	1240394	1244059	1341001	1315194	1005923	1041903	1353344	1385049	1198116	
0.7072	0.0672		24546	16976	20826	26915	21848	18018	18271	19121	28373	25254		1402303	1076152	1283552	1493727	1386367	1376311	1376628	1421530	1812620	1584815	
0.0985	0.7634		24934	19151	18526	17779	24189	25010	17101	18419	25184	16930		1502955	1304247	1318869	1357720	1537374	1491923	1306962	1273299	1478353	1322061	
0.977	0.8		45193	38413	37475	40086	37101	37593	54346	38185	34763	47070		1529731	1410521	1228276	1301773	1281567	1267072	1344294	1243199	1082476	1401199	
0.9891	0.782		46069	47237	46699	45735	35036	44122	35568	35622	35516	46322		1545854	1493968	1654578	1700937	1145856	1282058	1187762	1381913	1245430	1498367	
0.1551	0.3035		22473	15249	22080	22331	18050	22724	13998	16248	15245	22242		1697626	1287814	1429453	1582609	1330016	1637463	1266372	1135450	1310783	1605809	
0.5774	0.5893		33191	28243	22133	33171	32921	34048	27592	27179	33947	33512		1493272	1276523	1081414	1222434	1636854	1430709	1339784	1287968	1593164	1364782	
0.3014	0.5843		20091	25900	19050	33840	29859	27068	24559	16800	18201	34926		1253712	1255506	1222524	1652117	1736603	1732599	1545728	1077561	1228476	1558085	
0.6634	0.4664		24203	31178	34310	25639	34234	30911	23812	26995	32924	21505		1107676	1307565	1410919	1322599	1659612	1415445	1281262	1310892	1201683	1066155	
0.2194	0.1137		15354	13597	13239	11430	13459	17509	15235	15461	13350	13376		1281167	1231471	1121933	997906	1226097	1302312	1255233	1256787	1169921	1227533	
0.7151	0.8287		32612	31377	35759	38220	40658	39469	30597	32684	31014	35221		1217205	1173808	1354493	1248618	1364704	1339830	1296685	1232181	1186379	1271134	
0.2779	0.4025		14919	16012	15439	16029	17099	15657	18358	16945	18882	14819		1177439	1149956	1144352	1264089	1202265	1217681	1467293	1265526	1303930	1127114	
0.1668	0.12		16470	12094	20989	21321	13879	18797	20707	19200	14411	19243		1322391	1131366	1483229	1594936	1407371	1486977	1531352	1607961	1334333	1666754	
0.2661	0.2967		21227	16059	16575	25046	16415	18654	14686	24997	18430	13717		1428338	1242055	1201886	1678825	1271807	1168557	1164396	1549671	1242574	1189247	
0.4541	0.3051		20733	16584	18789	35468	19461	19887	25971	25858	16076	19743		1124656	1075135	1243688	1388518	1100504	1289004	1601546	1594135	1063156	1264308	
0.902	0.6253		30331	36934	32326	41575	33887	33228	31354	31580	33106	32683		1111568	1412105	1403350	1624241	1290265	1348211	1215631	1127702	1300822	1226294	
0.6259	0.7845		27338	29213	39891	26412	27386	34109	36248	38298	28697	30311		1144577	1309174	1458280	1294475	1174016	1292609	1633650	1308128	1320876	1212130	
0.7735	0.6548		38045	37963	42751	37348	30179	40224	32029	30656	27834	31313		1491525	1563848	1254042	1433944	1433997	1559155	1368524	1158464	1098018	1255345	
0.0738	0.1681		14152	13600	17783	17771	12318	14234	19867	10484	14634	9458		1587862	1378952	1547663	1347259	1288147	1294533	1545688	1056879	1393650	1237905	
0.8247	0.687		42549	40285	41406	34085	36568	45255	41332	44138	46482	31307		1779974	1581527	1663802	1295151	1198281	1449044	1504272	1726122	1495674	1153862	
0.8018	0.2119		22943	20979	22863	30916	23056	26381	21473	20329	20934	25094		1198755	1333671	1180162	1364493	1273972	1208809	1174178	1108357	1287725	1434441	
0.8937	0.4061		28674	30628	34744	27428	33865	28527	36519	41126	26754	34675		1141179	1171007	1477694	1059855	1283439	1178033	1215726	1375561	1221341	1398885	
0.6079	0.071		17270	23913	19405	25926	16465	21837	17491	15848	16592	19450		1143371	1533848	1317107	1288066	1212764	1488379	1442416	1041083	1134042	1395164	
0.7239	0.7923		32667	31477	40259	33293	41348	31554	32533	36155	42802	38323		1257965	1140107	1533268	1294083	1633557	1428094	1489454	1425927	1654743	1675989	
0.1289	0.3555		15242	19492	16228	20000	20081	12164	22143	13943	16180	16246		1284824	1171475	1243928	1397800	1289803	1168972	1488161	1302246	1379983	1320684	
0.809	0.5152		28084	30366	34055	28769	36907	28411	34023	33883	35787	42264		1511649	1583319	1292581	1379788	1673297	1401379	1350571	1272149	1405989	1535763	
0.6192	0.9556		34405	32344	43306	28447	35807	31581	34231	34818	31205	37810		1344197	1217098	1329191	1089199	1443341	1260625	1388185	1237024	1349516	1534291	
0.7399	0.9438		34415	39559	49376	35451	43948	45078	45087	34055	39041	37431		1425501	1516972	1698304	1307659	1550804	1409940	1503781	1226631	1066336	1386257	
0.9404	0.3209		32037	24419	22894	25634	26475	37736	25563	26217	36337	32093		1486418	1327084	1280613	1166020	1201337	1508394	1233023	1306137	1685357	1235755	
0.1441	0.57		24502	25896	16841	20313	18626	13831	20720	23267	17632	14932		1653869	1404840	1191531	1238904	1246951	1057743	1373715	1343820	1252572	1142135	
0.5804	0.0852		16263	17387	18977	16025	14568	24185	18691	20169	23829	26008		1185016	1142749	1215928	1118511	1143816	1389353	1248555	1205620	1399374	1197054	
0.5011	0.0922		21266	17117	23202	15357	17067	22878	15490	17626	16523	20686		1376197	1253707	1370102	1096911	1196165	1474650	1141676	1360183	1300539	1292304	
0.6785	0.3174		21823	25241	21069	24890	24129	22437	29721	23814	22237	24223		1308512	1382724	1124235	1234967	1374696	1335793	1463894	1296487	1259020	1253280	
0.3592	0.189		14080	25190	16723	18466	24712	25902	19406	19246	24677	23091		1191647	1429871	1267520	1388102	1326786	1469004	1255670	1297828	1271999	1378069	
0.7461	0.8952		41798	37453	42718	42774	37246	34816	35206	35837	37927	42877		1393419	1500928	1564748	1811141	1327250	1240575	1341373	1371628	1545854	1786749	
0.4781	0.1209		14399	16339	18750	22736	20046	19572	18911	14293	18334	24654		1094961	1184223	1348811	1414698	1415365	1284104	1346573	1032840	1278416	1507664	
0.264	0.2184		23879	17197	12647	12919	19387	23666	21293	13135	15189	22015		1528303	1343642	1053553	1061075	1440959	1509112	1579849	1318233	1288099	1576791	
0.2026	0.0954		20964	14838	12501	11008	13770	14675	10973	14944	15988	14658		1735545	1372454	1133190	1012885	1286232	1364887	1198162	1125002	1333201	1369604	
0.2362	0.1853		21286	14560	15849	21911	23033	23116	17527	13876	14657	13786		1456698	1289396	1194521	1480486	1725527	1545109	1186202	1070158	1403251	1222139	
0.3702	0.7928		25056	21183	31732	24032	26527	32198	23750	32250	32793	25174		1271545	1110234	1512733	1310324	1356880	1591728	1517572	1579379	1623002	1264563	
0.0883	0.4075		17818	14055	13582	20325	14445	13899	17837	22072	16504	14562		1456018	1362249	1308095	1586013	1351492	1348042	1447454	1617749	1413947	1446277	
0.1974	0.504		21442	25567	25731	24154	20031	16835	18941	19761	20280	24817		1354174	1564969	1503793	1744815	1547706	1392034	1360079	1204596	1300800	1406149	
0.6163	0.1834		22535	29926	27949	21244	18822	20803	19109	32528	26052	21695		1289821	1651314	1466545	1404895	1341190	1358768	1360626	1577747	1562098	1440988	
0.2001	0.911		21621	22336	23033	19055	25706	21490	20543	25193	29532	31166		1213104	1114731	1289434	1150790	1416637	1325366	1249526	1443879	1465202	1486000	
0.9456	0.4922		30830	28880	36898	32764	42148	29434	30297	35274	29446	36933		1316150	1276565	1537837	1308776	1579083	1457300	1297616	1335330	1328779	1436101	
0.2778	0.8985		26744	23833	23988	23237	22107	22778	31560	25286	24672	22587		1263505	1383853	1222319	1156569	1254401	1288123	1418389	1290706	1342483	1219958	
0.5735	0.8535		36060	27093	35847	28079	37877	30958	29518	37567	30001	35183		1547334	1290790	1290750	1452861	1557486	1354978	1299669	1465109	1398123	1607761	
0.6777	0.4775		34233	29303	26785	34075	27004	27162	24852	34793	25988	23283		1351122	1409920	1254945	1564367	1302020	1228560	1165303	1455131	1241155	1147526	
0.7482	0.2262		26547	23563	21680	23978	29049	22374	20609	21217	22943	28363		1466232	1372364	1385208	1298887	1764570	1337985	1246918	1202644	1364272	1412414	
0.4669	0.7523		25568	25114	25808	26137	26686	28107	26851	33069	39449	24872		1232281	1136090	1202731	1138400	1322597	1361035	1220078	1407585	1565186	1227289	
0.0812	0.1114		25621	9557	12189	16409	12764	11533	12934	12728	12738	11677		1278778	1089170	1327937	1253747	1250738	1397733	1294526	1164980	1220719	1307665	
0.8766	0.8823		37399	34918	38737	32832	48097	45106	38936	42402	37947	44931		1334282	1328317	1286052	1125948	1498394	1721923	1378576	1280406	1336155	1586428	
0.14	0.857		20491	22399	23389	20795	25341	21512	18167	19415	19232	27760		1230996	1282662	1349310	1221420	1500915	1343517	1305558	1361142	1455888	1301002	
0.9397	0.8053		35890	38780	45553	50798	44149	35658	33529	37263	36901	54369		1346232	1364863	1396016	1697466	1501295	1288137	1043237	1186923	1447975	1699344	
0.465	0.5911		30633	25927	23385	25708	32653	28489	20767	21407	20764	22481		1675331	1488507	1220420	1296450	1532625	1402848	1081565	1085186	1038146	1263680	
0.8026	0.7703		32172	36882	39873	31196	39872	39912	54439	34199	31192	31367		1362994	1574698	1498788	1138512	1471053	1563861	1728408	1419490	1304598	1267530	
0.6047	0.505		25549	32477	23324	23260	20796	41071	24159	24787	23601	36914		1401988	1517265	1455488	1254480	983844	1355656	1197518	1394774	1282851	1281782	
0.3211	0.4309		31836	27541	28877	18105	27056	20285	22449	18099	17497	17274		1633713	1407888	1351775	1269498	1450264	1282508	1241392	1186534	1185841	1309112	
0.125	0.7674		15166	17201	15287	16719	18147	17110	25399	17685	20760	22593		1057209	1109235	1101543	1186411	1232589	1348184	1613663	1225233	1259512	1373949	
0.9093	0.5474		31150	32042	40277	30477	27634	40346	35912	31803	69563	30792		1490486	1287641	1331746	1220836	1196552	1595507	1497310	1403539	1629679	1443824	
0.901	0.4974		30371	27708	26628	42267	36200	38185	37930	31005	27663	46813		1273204	1385864	1036555	1396850	1586499	1576354	1667661	1517875	1238125	1621061	
0.5296	0.9612		39101	30619	43468	35898	45418	31722	37995	33579	30402	30528		1680172	1388738	1366992	1406563	1417322	1441462	1510034	1377661	1329527	1334462	
0.983	0.5974		34462	31729	32574	37626	32496	31954	36826	34908	34858	31528		1345975	1264007	1381200	1430747	1329854	1240386	1362199	1322489	1284196	1184471	
0.0665	0.4491		11812	19799	20834	15968	15360	22235	14131	14127	23969	21807		1073880	1325559	1438233	1335243	1283038	1544615	1231143	1239417	1338686	1470351	
0.9933	0.1841		30724	23572	34952	33025	31354	41477	35598	20625	25106	32258		1374331	1324262	1434909	1781236	1430682	1754025	1596256	1129707	1436938	1693222	
0.8922	0.4499		30126	37374	30233	30107	37056	28554	29722	32275	27994	29695		1504010	1749988	1374095	1482930	1615132	1383090	1481917	1404343	1348891	1412844	
0.9592	0.7173		35733	35545	43871	35764	45984	36482	37920	31577	36015	39941		1323224	1387586	1515432	1362501	1279939	1140135	1359166	1095879	1251439	1223987	
0.7368	0.8219		43892	32684	39120	31205	32551	35129	33481	33092	31653	37100		1038548	1499039	1453299	1165451	1331824	1436137	1386024	1257115	1259654	1362307	
0.5571	0.3678		22092	26090	28622	20574	17979	26990	22441	26679	28268	22972		1255252	1137492	1514422	1181530	963948	1174996	1299234	1289601	1539345	1203890	
0.4164	0.054		22869	18880	16079	20669	14528	16648	13031	12734	15086	19554		1571989	1417019	1248993	1321558	1153332	1362293	1146510	1125929	1273064	1342589	
0.911	0.313		26216	28330	35286	33745	32860	25417	22843	25735	24706	29456		1260241	1363219	1657865	1467419	1344456	1180045	1073806	1192227	1085993	1329694	
0.4239	0.5079		28688	20757	21109	24723	21780	20791	27569	21308	23577	27349		1486189	1221929	1302351	1323646	1215007	1217087	1226204	1122671	1154123	1291470	
0.8112	0.3032		23642	24816	23317	31482	23118	29108	24834	23281	22879	27050		1342378	1216996	1246556	1343256	1147752	1259883	1212409	1230021	1025248	1282792	
0.6872	0.3517		25304	22155	23113	23323	23946	23917	20349	23270	31877	25546		1212079	1020732	1261088	1236547	1265496	1270238	981852	1268564	1487683	1286959	
0.8213	0.85		33585	33572	39409	43874	32575	34205	38258	33242	34293	44808		1361910	1329076	1298291	1436666	1468991	1261715	1334465	1242877	1284696	1324473	
0.1043	0.7427		25226	26688	24802	23378	16384	17605	19673	19324	27353	23402		1516235	1650197	1555639	1541724	1282725	1301265	1407569	1272253	1440464	1520625	
0.536	0.1567		24375	17099	24163	24668	18207	17835	17025	16611	19122	26546		1451064	1190697	1389339	1384054	1310654	1250695	1293285	1323829	1257160	1562118	
0.1671	0.7277		22916	18563	19147	29495	16527	20463	18494	27926	18365	20072		1323485	1202946	1458416	1523948	1383467	1338785	1078497	1728129	1310434	1286401	
0.1828	0.4614		16266	22415	15623	19480	15597	17572	23297	20322	15925	21806		1171286	1276670	1204489	1275337	1082429	1232163	1364639	1316233	1022548	1333993	
0.0984	0.6672		18586	15820	25048	14891	17453	19073	21001	17718	25008	17460		1460838	1101366	1386601	1132510	1287180	1361703	1363678	1342776	1669799	1279703	
0.5957	0.4055		20494	26529	21101	31615	26082	25023	30347	30461	22014	19807		1019173	1220724	1237301	1516348	1289578	1441132	1635429	1703496	1195514	1078729	
0.22	0.1135		11506	21358	13497	10994	14197	14827	13941	20052	13419	12293		1183926	1757413	1321541	1017019	1293050	1243890	1371738	1538700	1277270	1310863	
0.5942	0.465		22427	22986	27109	23062	25057	24980	23504	30553	24132	28341		1244402	1325168	1263105	1397592	1282108	1297236	1271794	1619777	1330767	1494785	
0.1088	0.4736		14299	13879	16131	15793	17839	15509	21762	21641	15758	15620		1178879	1020514	1208656	1200767	1268804	1206034	1337682	1318935	1181997	1243896	
0.3796	0.3144		23026	16913	27020	23573	25059	19911	24786	17968	21804	22919		1456185	1283518	1386276	1443969	1453141	1353064	1530662	1541063	1451379	1445476	
0.5765	0.2598		18882	23575	20876	23354	25897	19829	20403	27241	27937	19292		1220034	1465564	1322167	1282567	1465957	1293639	1296768	1508185	1430306	1185109	
0.6879	0.1976		25904	29549	19783	29715	29777	30506	29443	24492	29626	19557		1326923	1486844	1144841	1510147	1503906	1496387	1554435	1370090	1703453	1201190	
0.6964	0.3913		21784	35929	22819	23263	20295	23377	22643	21701	22814	35804		1313042	1706340	1420025	1276583	1221937	1311849	1332111	1195329	1245483	1577029	
0.3626	0.889		24025	29351	23815	31647	40186	26266	24220	26633	25098	34331		1242980	1305660	1182219	1535463	1454470	1506378	1253122	1447884	1388150	1759561	
0.2587	0.6752		27557	19887	18172	27550	23073	22279	29322	29419	29376	29526		1522789	1032779	1299026	1396684	1432592	1259441	1413474	1456228	1403548	1521700	
0.3945	0.7907		28947	33136	23050	23038	22655	22046	30212	30293	33467	23130		1279697	1471387	1343674	1188987	1228727	1228063	1426520	1470839	1575081	1049474	
0.9385	0.8839		38963	46567	40372	46417	48701	36684	45031	42005	37337	37503		1400219	1563473	1203039	1467160	1478050	1255909	1270215	1344030	1278198	1445537	
0.6148	0.8017		30446	33435	27996	45301	29238	32628	37593	31418	28472	37552		1371167	1427126	1227027	1568363	1368437	1277237	1566311	1450506	1358084	1560924	
0.1549	0.3367		15786	22686	21476	15773	21119	24532	20839	21388	14347	19594		1191513	1291797	1604535	1455633	1545025	1374742	1418943	1706156	1413141	1636660	
0.9623	0.9527		37371	46767	48101	43133	39701	38611	38239	40969	38304	41026		1393258	1491736	1727258	1596395	1299088	1469315	1176084	1341761	1253591	1353782	
0.8333	0.8481		36447	33064	34220	34346	44460	44699	35772	41845	40652	32677		1433111	1064065	1316690	1153505	1470079	1382207	1298911	1315017	1412597	1133733	
0.4264	0.384		24066	29806	27941	20548	26466	26956	19217	27193	20556	26466		1584439	1442026	1353144	1282810	1473801	1525181	1346948	1432961	1294708	1576619	
0.2963	0.974		22874	25302	27666	29166	34416	32757	28412	23161	32634	31270		1207779	1098151	1255069	1287442	1466283	1479746	1367498	1223774	1519372	1308291	
0.7276	0.8816		36817	41733	32458	32421	31837	36698	41735	36438	32559	41471		1432994	1540496	1238503	1176776	1068338	1090872	1291627	1424775	1295355	1589216	
0.5147	0.1947		18537	19363	20810	21445	18500	18052	32170	19296	18186	15421		1300028	1358330	1378296	1401284	1391127	1233551	1485114	1358507	1186778	1378370	
0.2701	0.6206		20252	29104	20944	24600	27887	22875	32133	20183	23993	21879		1252765	1597020	1322118	1306489	1426893	1489726	1370628	1284079	1474317	1381778	
0.5213	0.1223		16822	16239	26476	18565	16059	18270	11822	18361	16171	16455		1291452	1406397	1577336	1301138	1200736	1300008	1032465	1268224	1272096	1310225	
0.3893	0.7738		30591	28926	23868	32129	27185	32165	33137	21998	21128	22270		1369838	1540990	1234669	1566036	1335565	1531299	1592576	984384	1123053	1261168	
0.9215	0.3278		28239	25747	28659	36037	23992	25735	35373	25948	23197	27737		1357811	1238574	1359308	1491301	1165520	1482451	1690008	1294580	1240285	1396928	
0.7299	0.9203		45382	32961	32360	42263	32293	37032	32023	36271	35975	37404		1537027	1318109	1142776	1421684	1212322	1155937	1227866	1330902	1288692	1264370	
0.6032	0.6811		25121	40655	33184	27391	28608	31605	25583	28966	26661	40770		1216132	1395462	1183476	1168398	1193257	1093961	1097065	1309282	1379503	1556129	
0.3578	0.6934		27399	30014	23000	21510	26258	30531	35011	19180	21515	21518		1338087	1670674	1499599	1320125	1285042	1568774	1254886	1137870	1143831	1173097	
0.0655	0.8964		21222	18937	20056	18260	18067	19087	23693	18313	23179	17411		1401648	1235608	1185260	1260601	1449931	1326315	1404016	1193859	1230723	1180328	
0.5339	0.2606		22034	19954	28414	28897	21167	21237	28804	28549	28231	20658		1393708	1378250	1736430	1744204	1359932	1297707	1528830	1751620	1533736	1315106	
0.8325	0.6723		39172	39054	37330	33886	30582	30218	30390	43918	41997	39421		1602603	1501221	1319057	1240415	1094574	1097684	985420	1137951	1263167	1251933	
0.327	0.2933		25477	18803	19263	19124	14456	20781	21575	16488	19382	23853		1678359	1368660	1340184	1317339	1075679	1055574	1328574	1429797	1364522	1600231	
0.1065	0.7501		18551	17053	20161	25484	25332	26371	18600	26918	16876	16640		1232983	1209962	1417812	1399576	1623179	1370803	1302285	1433314	1267607	1154832	
0.8291	0.5868		29120	31529	29163	30054	38481	30143	37913	39567	29829	42258		1171088	1205385	1131237	1273692	1447898	1226114	1368664	1514078	1186431	1384337	
0.5011	0.4801		21405	21172	23154	20935	32034	29161	29601	30418	23983	29112		1323097	1206540	1247816	1321670	1414518	1491916	1640218	1653781	1311863	1453465	
0.7847	0.9701		38740	37861	39390	52505	35507	37775	32938	45382	37163	37975		1278403	1347927	1537070	1325230	1332348	1214416	1129493	1461842	1163900	1330853	
0.0953	0.0778		19147	15030	13047	11138	16942	11035	11615	14715	16831	16530		1573957	1237895	1392628	1330448	1498646	1210107	1295220	1462738	1468440	1390299	
0.0866	0.4861		24377	22951	17513	20827	14315	14504	21386	15180	22557	14543		1524400	1739201	1322766	1290853	1265203	1273229	1283688	1368053	1268583	1186141	
0.36	0.7495		31090	32670	21891	28551	29855	21778	30012	30241	36173	22687		1261449	1342434	1166897	1428349	1320063	1199572	1658114	1638431	1453562	1153080	
0.3506	0.3781		18302	16047	19929	24838	26255	24370	19435	22834	18464	18571		1199613	1034398	1140124	1265862	1221449	1437819	1232494	1448766	1220044	1193697	
0.0847	0.4452		14854	18113	15946	13725	15075	14330	18254	14045	20856	14025		1266197	1420401	1286358	1299823	1224491	1176172	1242011	1183253	1351864	1230935	
0.4817	0.1206		23210	22317	20611	23081	13960	13572	22957	19884	17562	26110		1521378	1472797	1604044	1459100	1325045	1117757	1683521	1241960	1250030	1511821	
0.7202	0.5928		27812	28164	27390	32282	28643	34811	37349	30367	31420	30675		1228184	1244834	1260993	1065959	1249887	1393447	1701989	1313295	1467062	1343082	
0.5435	0.6109		25227	25347	25020	29989	30126	25026	24491	30653	23916	30225		1339319	1277887	1279551	1365665	1623833	1428000	1436798	1449854	1251074	1468849	
0.3677	0.2749		18067	18704	24427	17964	21191	26853	18907	16800	24127	24387		1265600	1275170	1549680	1561335	1418771	1574017	1338445	1247299	1357899	1324513	
0.3275	0.8806		22742	28327	21587	34864	24228	22944	31279	22689	21146	25278		1195929	1220486	1221597	1493914	1229345	1163321	1538597	1382084	1221822	1222567	
0.8244	0.6954		39669	30321	31241	37996	31397	37061	32934	33667	30794	30041		1550927	1100590	1179046	1259811	1378938	1233951	1274186	1221545	1084151	1144645	
0.3121	0.914		19258	24946	30267	27676	24328	21533	23103	27642	32610	25150		875825	1214291	1308836	1200984	1209847	1071736	1069143	1277951	1579274	1203401	
0.2923	0.4689		27265	25162	19332	17861	36580	18004	27662	23727	25333	18012		1525718	1518995	1263031	1183344	1612164	1134035	1461629	1217307	1589957	1302478	
0.6322	0.5114		24733	23865	25228	33736	31939	25626	27002	24574	27636	33232		1290392	1167810	1304921	1692500	1341139	1213710	1416877	1210087	1356581	1158916	
0.4299	0.562		23245	19865	29234	24779	34967	24248	28853	24374	34317	39196		1134356	1131273	1362646	1370720	1758613	1347866	1353187	1527473	1518254	1269688	
0.1258	0.1096		11193	13489	13378	11263	11761	13604	9812	22317	21213	11288		1441241	1455725	1396165	1232584	1348426	1419031	1149291	1695890	1615088	1296813	
0.9678	0.2564		26460	25788	24849	27005	25350	26142	25106	24765	23965	28026		1354518	1262566	1195405	1284137	1387987	1358564	1252176	1277416	1532277	1057750	
0.5235	0.8593		29883	28237	28425	29906	27444	27399	26965	27105	29163	35248		1448854	1332360	1291263	1362433	1243733	1271608	1283940	1303690	1345158	1627215	
0.3344	0.5085		19351	19837	24470	21611	18227	22262	31898	20847	31840	26343		1198496	1308354	1333968	1212367	1189985	1346281	1733978	1208996	1550899	1417582	
0.556	0.0518		22473	27458	15768	25367	15770	23264	17399	15823	19449	17403		1423024	1483086	1209332	1604190	1257731	1618075	1243115	1052563	1213537	1257837	
0.8873	0.7084		30341	34411	35845	36757	45237	33967	36044	35127	40845	34328		1356765	1408056	1376178	1290416	1475870	1367978	1296331	1363974	1473750	1410054	
0.3038	0.9328		23206	38364	23272	23420	21496	26650	32692	23904	24044	27348		1320703	1538402	1365070	1296284	1126217	1345923	1410058	1435074	1376189	1442155	
0.9741	0.3393		28786	27401	26846	29650	26487	25069	25527	26553	40192	36404		1455951	1475139	1340362	1444744	1286495	1110101	1341223	1253662	1770723	1690313	
0.6921	0.0673		25201	15549	25111	22012	25092	19327	17013	16926	22781	19880		1498775	1067998	1472238	1260105	1695093	1359865	1429422	1488865	1451129	1418671	
0.5668	0.6456		35300	25979	27270	27506	31153	30250	27116	44014	28865	29342		1618517	1364024	1314757	1306394	1408541	1429587	1257246	1335642	1263659	1309594	
0.3293	0.2701		25601	25759	26411	25380	18905	16899	18945	26699	18063	15820		1411961	1632729	1389734	1570031	1242961	1144179	1532055	1579366	1226409	1354948	
0.9894	0.4866		31261	35757	37746	30892	41731	43852	30944	30017	29321	31624		1198751	1368332	1523849	1344756	1514135	1519884	1346760	1199133	1259545	1287360	
0.092	0.2938		14784	8620	9108	19452	21029	21217	13834	15198	13130	12853		1243983	947010	827009	1390862	1524947	1471870	1261966	1360996	1303276	1396992	
0.8131	0.6994		29516	33391	31575	39506	33467	36971	30027	29432	42439	31931		1144653	1385906	1315565	1244010	1290126	1334299	1005485	1015527	1569006	1317377	
0.6089	0.1583		20641	28100	28910	29259	25238	23910	27935	18358	19205	27844		1216957	1584294	1572819	1642555	1395731	1394256	1541145	1446983	1496163	1635103	
0.9548	0.1219		28789	25011	29045	23313	18627	35422	20979	28874	21339	18968		1421876	1379853	1449272	1335821	1138595	1367520	1227922	1360381	1223051	1090240	
0.8578	0.2429		22604	21968	23234	24708	30925	30722	31361	31788	26935	27045		1277097	1217287	1214091	1280397	1482534	1724171	1650724	1615520	1354354	1435263	
0.4913	0.8933		36292	27383	30012	28716	44497	28016	33272	27400	27200	30019		1509212	1193205	1219328	1439558	1478748	1316273	1315803	1358121	1301993	1425374	
0.4938	0.4117		22557	19777	21373	25308	29936	23042	20654	24996	23453	21419		1313360	1231615	1311407	1302430	1530765	1450385	1165351	1320057	1407373	1423916	
0.8066	0.7771		30496	34742	32221	30585	32569	42140	34691	34408	41980	32214		1050390	1334277	1077656	986413	1289520	1405449	1419139	1357426	1621165	1266492	
0.8412	0.2884		25009	26088	29134	43780	23858	24728	21151	43436	28493	24024		1473730	1431264	1526412	1615672	1290728	1333019	1307422	1478831	1482107	1443862	
0.501	0.2453		18656	19676	16999	25738	17651	15914	19822	16180	17673	17471		1260466	1184737	1218264	1477858	1144127	1183395	1232463	1253132	1193788	1159672	
0.1015	0.9607		19173	29542	27000	19177	30583	26523	22410	18369	17051	24461		1266756	1406511	1421587	1281087	1486940	1553694	1338335	1204554	1165362	1419332	
0.3209	0.5061		28683	21348	26021	22510	26331	20529	26915	19206	26515	24608		1510597	1324138	1517787	1380658	1444000	1261168	1453908	1317382	1582193	1332970	
0.7422	0.6652		30290	27151	32829	29930	29827	27335	32445	50695	43625	42625		1517865	1173803	1288771	1169794	1254031	1182977	1380900	1445965	1438094	1294945	
0.7751	0.2237		22089	22596	31150	18712	36049	22739	31491	36650	22616	23684		1153918	1234275	1425064	1336827	1647272	1296073	1581064	1414279	1250722	1322720	
0.6053	0.0896		16815	14970	17347	16146	15425	30980	18365	19365	17172	21147		1297251	1063729	1096930	1162497	1077162	1268217	1280545	1287137	1337917	1134159	
0.9689	0.9929		41206	43290	50387	50356	43443	42317	50034	47940	48485	38305		1283179	1195658	1171647	1479153	1266314	1260015	1433202	1362614	1419716	1195961	
0.965	0.7026		46970	36674	43422	32469	36300	41999	42712	37381	33951	53347		1603021	1350608	1425652	1368043	1326044	1443907	1627934	1441764	1328613	1477177	
0.6198	0.6894		27664	36890	30339	42842	44595	29127	36281	52572	36351	28568		1116995	1253710	1273824	1427417	1372183	1305188	1486475	1520739	1466193	1363026	
0.8195	0.1138		27020	27596	27673	18769	22901	29009	28784	20481	28762	20794		1418874	1588465	1440104	1319581	1314096	1336122	1653635	1269714	1431608	1464165	
0.2522	0.6184		21423	19919	20254	28405	26405	21374	22220	20430	18084	24725		1293959	1207970	1251601	1255689	1439655	1279944	1399200	1153228	1023816	1347509	
0.5263	0.0577		23036	22654	14632	15541	19068	15959	15392	17061	17604	15744		1382780	1601401	1241716	1130799	1261615	1249869	1223335	1241554	1324233	1195939	
0.4031	0.36		19513	17899	16047	18289	16321	19327	16612	16915	16716	26500		1168482	1096014	1043632	1097301	1051324	1238688	1037800	1168551	1123605	1436062	
0.9534	0.7065		38484	35865	38316	33971	43663	33892	38677	32617	33403	51847		1292545	1296402	1371104	1225210	1669371	1314065	1205358	1124560	1308091	1511470	
0.7335	0.3661		23698	32889	24271	23307	28404	24209	33144	25226	35069	32638		1180854	1552226	1558910	1193366	1307632	1300681	1407895	1246217	1433434	1468972	
0.5595	0.9505		34285	28844	29793	32242	29799	37928	38494	42221	37612	29138		1294606	976559	1230948	1270750	1170701	1351738	1229723	1509474	1668696	1348153	
0.0569	0.1689		12997	18245	11391	18060	11326	11337	15267	18145	11417	17559		1277856	1447153	1236690	1570295	1252646	1183259	1449098	1509858	1199074	1577488	
0.9785	0.9764		41424	41101	36860	42184	42380	37491	50532	48314	45910	51869		1309170	1203510	1019382	1263366	1236261	1192892	1455439	1258251	1425031	1541095	
0.0555	0.9809		27292	18290	28456	21661	17741	16856	17530	21437	16757	18781		1320487	1080981	1733236	1429931	1213035	1215851	1189076	1173744	1246974	1271595	
0.461	0.0531		15191	15489	19247	25113	23363	14584	13280	17289	15268	16235		1227368	1427685	1365170	1640580	1513456	1183704	1123561	1302452	1240451	1292293	
0.8617	0.5083		30879	37662	30180	27870	30661	26518	44765	28220	36718	26354		1277084	1501368	1256325	1150292	1274425	1342887	1609498	1240883	1205761	1137910	
0.9444	0.1495		37289	31124	23848	29868	26167	25783	23834	22126	31202	23789		1375072	1509867	1554950	1593338	1470981	1489640	1321485	1374628	1792460	1283521	
0.3085	0.1206		14137	13904	15222	17188	17608	13942	13471	21032	12230	22388		1183116	1246490	1252307	1360920	1273804	1199138	1343228	1548043	1144455	1505967	
0.4024	0.4078		20462	23260	20321	19933	24690	28164	21364	21504	17996	21266		1168819	1206873	1213630	1158840	1414513	1455684	1327327	1381259	1274637	1240249	
0.2238	0.9277		22861	29102	25897	20726	25862	21451	21388	28774	28754	21280		1330881	1542731	1396267	1118585	1308259	1134399	1212463	1288786	1296291	1332436	
0.0586	0.354		12780	20847	15231	13126	19263	21328	20702	13101	17302	13616		1210349	1560738	1221464	1230728	1319115	1451516	1382167	1262321	1336396	1300653	
0.9263	0.9824		46443	49280	53072	47993	38642	47385	45188	38967	37374	42608		1327922	1345214	1443444	1460475	1190551	1419813	1332919	1228035	1061159	1367155	
0.4084	0.9738		36685	38509	35020	30347	35387	35680	35923	25390	28621	32822		1467988	1478810	1521983	1428906	1563373	1655566	1456383	1245150	1504519	1401974	
0.8492	0.1451		22118	28124	23053	23627	21006	32836	18491	21823	28201	19165		1272289	1366920	1209978	1120097	1171617	1156082	1028300	1222500	1303069	939259	
0.9653	0.1481		25008	37745	22235	31290	23573	20044	22227	23153	22718	31852		1200816	1510750	1354521	1382250	1340352	1298068	1175464	1452700	1459078	1575154	
0.6356	0.9375		47100	38394	36378	38933	39991	32475	42719	39130	38824	31302		1365210	1250883	1294435	1454952	1429546	1237658	1206078	1517105	1537745	1312813	
0.1862	0.5466		28888	22137	14687	14135	14423	16584	20436	14837	24486	17413		1370675	1446677	981907	932202	941377	1189958	1273008	1108433	1467774	1177328	
0.1946	0.6505		18902	23792	21461	22799	20202	21617	26476	24247	27601	23655		1217696	1305670	1226249	1324656	1276215	1258360	1434119	1454817	1483467	1400132	
0.6538	0.6159		27744	34928	34719	34553	26512	24550	28293	37232	31654	29997		1259664	1479738	1359404	1371492	1285011	1070201	1027679	1542707	1166276	1482745	
0.2642	0.9889		22684	24000	33000	23676	32117	22309	29600	20707	23155	24379		1359175	1360527	1380952	1313898	1438496	1405512	1326602	988589	1274241	1324784	
0.5205	0.4577		21071	21120	21060	24409	29588	29213	19837	30110	21414	25487		1196783	1238704	1321091	1336869	1576085	1638686	1232484	1510093	1129088	1343010	
0.414	0.3121		27084	26759	27236	19979	18051	17287	26715	20180	16551	16548		1373323	1447745	1552110	1352476	1052613	1283408	1555806	1238431	1044653	1183303	
0.651	0.6807		31563	29252	29786	31859	29782	36275	27526	25724	30518	28254		1250333	1201055	1214123	1263858	1305623	1507957	1193503	1039202	1055272	1207799	
0.5661	0.8864		37681	33314	27878	33091	28350	39491	37995	34635	28885	38094		1757487	1481033	1111831	1401764	1244345	1286362	1629623	1342712	1415470	1620328	
0.3281	0.3979		27149	19171	18758	25209	23204	19387	18134	18228	21201	15622		1580878	1295465	1258404	1585556	1465889	1199730	1160964	1173555	1256716	1110852	
0.6972	0.148		21233	23911	21398	18175	23441	19486	18646	29794	33895	27921		1153704	1282050	1318764	1205533	1360234	1227850	1195320	1452807	1560396	1512330	
0.4148	0.5915		22126	23747	21625	24982	26423	24734	29920	22031	29367	23675		1101889	1207209	1185709	1274228	1300533	1352439	1321888	1255627	1163271	1155125	
0.5596	0.0947		20943	20130	22773	25429	18516	23677	25352	17018	19571	18487		1444351	1448041	1579283	1522140	1230229	1490905	1629449	1313637	1285922	1216380	
0.1128	0.6166		15441	17741	15857	16036	18846	22520	20714	15972	17008	24627		1153811	1337660	1341219	1250001	1248913	1335210	1454708	1098084	1096431	1443280	
0.1373	0.2688		13946	21383	11490	12921	11801	12461	26256	14742	20033	13126		1338440	1601098	1063054	1136929	1218691	1243432	1506269	1375706	1600781	1456339	
0.6714	0.6954		30137	27538	27782	30365	30605	35893	33170	43177	38785	31898		1323258	1117280	1148324	1309011	1278328	1387478	1463042	1244832	1415844	1299408	
0.9908	0.1014		21367	32788	22109	30313	28767	28904	43179	22148	21015	20683		1240702	1551533	1138644	1286435	1486961	1424936	1325626	1232770	1194082	1174762	
0.5766	0.4186		19496	25341	24803	37934	30229	23379	29960	21975	27298	23041		1238457	1393960	1313974	1571538	1536697	1248253	1529913	1234591	1343266	1302348	
0.9123	0.8055		40570	40823	38932	43918	40999	36555	34388	35218	34608	31858		1183154	1298537	1276630	1407804	1303791	1255351	1334328	1248911	1121874	979737	
0.2037	0.8985		34984	29900	24390	20030	20652	20378	20905	29936	24985	21643		1219254	1415726	1495792	1182712	1206125	1071699	1256194	1509898	1398522	1192036	
0.4562	0.9752		27948	28462	33269	27702	31460	27967	25494	28477	29087	33386		1265017	1339431	1420239	1445265	1470665	1373869	1112021	1306738	1300417	1281719	
0.3968	0.8999		26346	32308	28003	24565	25513	27109	38111	26270	23910	33935		1458708	1443032	1294749	1130419	1214364	1273046	1216792	1192483	1140618	1459611	
0.9131	0.7559		40009	42912	31984	34264	33806	34660	45204	39014	34937	43744		1425795	1337601	1286168	1339254	1369854	1453064	1574114	1445332	1401557	1342198	
0.6752	0.9702		38810	29702	31950	33757	42759	33765	40647	40784	32731	38994		1467431	1173324	1320980	1400829	1578011	1339711	1772844	1615154	1353399	1553101	
0.144	0.2462		14392	20047	18833	24657	17751	15189	13418	19230	14833	18432		1287962	1455003	1516885	1638889	1383126	1404037	1451420	1423551	1352709	1399039	
0.4602	0.6401		36272	35510	26049	32785	27608	28253	24291	31123	31373	30077		1380758	1351482	1214801	1438599	1367228	1325394	1568904	1771078	1449371	1256351	
0.1981	0.8714		19273	21268	18529	30283	20913	30522	21233	35068	20493	20069		1158164	1285421	1316089	1557156	1431021	1592933	1320323	1475449	1542172	1183353	
0.9437	0.5209		31975	32302	32868	30350	32777	29852	37970	30207	37975	33786		1250039	1354088	1392229	1394409	1308282	1325653	1575688	1278433	1389247	1293678	
0.9921	0.307		30459	35131	26121	27191	29088	25352	42513	36585	28865	27414		1334274	1345966	1227049	1292284	1447318	1419827	1567998	1594114	1394798	1531678	
0.9514	0.6101		35178	32000	42423	42205	44355	30645	35068	31982	40632	41840		1440961	1394565	1459883	1663251	1522707	1398627	1444865	1354886	1592151	1615787	
0.2421	0.9385		21808	20931	24590	21781	23833	19851	30757	21697	30711	22614		1185251	1291116	1270629	1223377	1402307	1279186	1387904	1140168	1334928	1299593	
0.2217	0.4023		25071	27014	25806	21230	16570	17182	14753	17728	16349	14268		1506284	1517132	1680344	1369438	1183206	1321041	1165305	1274030	1165304	1078309	
0.9528	0.4153		24888	27308	26421	28364	32848	30731	28327	30973	35985	25715		986275	1004708	1129856	1135729	1275126	1292980	1238407	1232684	1112200	1010727	
0.6296	0.3686		29022	31999	31733	31670	24077	22422	29329	32412	21467	19363		1352857	1326313	1448761	1604516	1315594	1240438	1522363	1349302	1205885	1274019	
0.6988	0.7734		37979	42200	35943	33372	26987	30530	40235	36603	29366	27147		1189980	1648295	1470297	1209291	1064132	1210807	1295384	1448383	1353711	1088952	
0.1922	0.1973		14426	18406	22583	22995	13920	15227	18248	22659	21576	14884		1199417	1337444	1211071	1657204	1257861	1094447	1299148	1411731	1246780	1283834	
0.6208	0.9753		41249	32277	36141	30669	32486	30984	38920	32612	30797	39736		1399747	1339330	1362777	1138831	1290861	1272756	1400541	1291956	1169425	1486770	
0.0888	0.2797		14278	15070	17572	15152	13252	21213	15660	16665	13888	20596		1367212	1170072	1347555	1394406	1177524	1710612	1300896	1245585	1224939	1366993	
0.2495	0.8749		19921	18558	19181	18731	29407	30121	49703	20985	20334	20436		992782	977189	1018696	999127	1411438	1371972	1731495	1370949	1136167	1185144	
0.742	0.0505		17973	21703	26689	18409	19759	18587	23872	18532	18374	19999		1292158	1267191	1558064	1286143	1202659	1271758	1243634	1280655	1420003	1388523	
0.9392	0.645		31130	35941	32333	32693	32816	41724	34164	41140	32655	41132		1295706	1374728	1404041	1335928	1184949	1646079	1247281	1607298	1233757	1481440	
0.3926	0.9711		31707	32478	33439	34450	31940	25525	24028	23732	28409	28290		1453010	1428967	1487384	1581715	1614188	1187111	1071891	1221049	1437957	1402831	
0.802	0.4297		26093	26044	28703	28923	37323	35142	28718	25426	28491	35427		1127163	1260330	1331694	1170188	1240509	1490793	1272732	1275907	1269390	1186428	
0.9102	0.1494		21710	22963	24337	20955	32114	29648	23914	20937	27174	21276		1226087	1252069	1248961	1163458	1418281	1524277	1114964	1232555	1425469	1275973	
0.5448	0.4473		21151	22845	23251	27526	31104	31279	22559	31149	30273	23041		1151442	1206851	1188898	1210138	1337451	1380990	1272926	1506756	1485776	1613323	
0.7591	0.2332		22621	23911	24220	20139	26062	21305	25270	21174	21127	20211		1326783	1380722	1589892	1176406	1142221	1208695	1415203	1225712	1197154	1223200	
0.3344	0.6275		21087	23564	23844	21999	29658	21653	26326	28256	31259	22821		1214469	1335530	1424335	1301235	1522539	1343560	1521756	1420876	1664777	1267823	
0.1487	0.2158		11444	17638	12629	11185	16891	12621	12210	14066	15231	19425		1114731	1251048	1216312	1282328	1270609	1251192	1163440	1396135	1431522	1417645	
0.5949	0.9346		42040	33097	32620	35824	40516	32312	39131	33181	31855	45850		1481045	1304434	1410913	1307047	1526378	1283825	1516264	1266192	1331871	1373015	
0.2925	0.5272		18064	19412	21400	28083	24278	25961	26203	21897	20453	21182		1191934	1285512	1310429	1426929	1357134	1506524	1420143	1437762	1390039	1289538	
0.4353	0.058		17096	12874	15703	19051	22000	21373	18540	17967	21728	18296		1036496	1022745	1266317	1502143	1590423	1467674	1398257	1329884	1575762	1162632	
0.6101	0.9019		29043	28009	29574	39806	29944	38595	35065	31856	38561	36823		1081395	1136947	1220092	1439131	1298186	1409164	1131930	1336482	1337469	1354352	
0.7952	0.9809		37239	38183	38540	50618	36585	35090	44100	42230	36342	36181		1248653	1340974	1363952	1488097	1440827	1271730	1503753	1499021	1365252	1353514	
0.8987	0.5508		40770	32692	38061	40700	33872	32344	28218	34998	33140	32630		1437971	1390798	1304678	1633584	1516113	1317533	1345098	1445999	1329197	1502818	
0.2357	0.8692		20881	21314	20785	21050	20349	22387	18832	30290	22871	24287		1137587	1204865	1293886	1212956	1067122	1141867	1107212	1446361	1202848	1209898	
0.4342	0.658		42641	32649	33600	32877	26067	23860	25225	38358	24222	26938		1615190	1564938	1472249	1447637	1286311	1223372	1226794	1397830	1236585	1193628	
0.5239	0.606		27027	24914	21967	26155	25239	26335	30185	24038	26080	24503		1298511	1091952	1099193	1262583	1274675	1330308	1413209	1183565	1230633	1349933	
0.1455	0.9914		19051	21170	23099	23084	23849	18221	28493	28264	28549	22679		1108145	1310155	1540776	1423569	1369739	1296887	1648795	1472966	1519641	1452020	
0.1457	0.1861		20919	13425	13827	13996	19392	18572	13449	20112	13557	17163		1511376	1231863	1204403	1377230	1431035	1388595	1383904	1573601	1227692	1383893	
0.9767	0.2952		35750	28204	27558	26053	26779	26405	35863	23613	30714	30782		1809676	1381601	1464455	1219947	1308159	1256664	1506484	1197539	1349633	1335408	
0.4499	1.0		27460	37699	28387	28581	31581	27780	29378	25707	27827	28143		1236499	1513388	1206239	1309320	1321119	1241770	1266335	1154195	1175035	1211845	
0.3865	0.2188		24007	15806	17492	23659	14207	30817	23913	19216	26597	17631		1554331	1242160	1255520	1441583	1111500	1480216	1476328	1316843	1353627	1332986	
0.2542	0.7928		18190	30702	19483	25515	20495	30884	22487	21472	20539	18459		1210616	1154377	1120316	1487161	1285815	1348224	1293010	1248569	1328535	1221497	
0.406	0.1297		23211	22499	14408	16789	22666	17125	22048	15021	21643	16034		1208310	1702754	1168520	1211569	1484494	1375897	1584112	1292244	1229591	1219533	
0.6241	0.9305		37089	38280	40016	30578	38492	30790	32608	39690	49472	29210		1521893	1651335	1551221	1265588	1659310	1244033	1345681	1443056	1632197	1199195	
0.5542	0.957		27908	30636	31862	38005	31691	30005	41155	38938	30156	36440		1178855	1449567	1310838	1324654	1267938	1310128	1645799	1505440	1286995	1411417	
0.3376	0.954		26404	26959	31627	31794	34291	26995	39941	31969	33970	32355		1207706	1294056	1249437	1383191	1554396	1342903	1172419	1668115	1657344	1547817	
0.1597	0.8028		18627	16448	25739	27786	18235	16779	18998	20217	37806	26013		1228862	1165661	1547323	1555599	1294106	1034252	1182508	992309	1393508	1471206	
0.4856	0.1689		26503	19350	19691	17461	26325	18957	17585	24116	18314	27950		1387504	1318279	1381127	1265887	1537821	1352418	1316083	1476368	1237023	1375206	
0.2503	0.8667		21930	20070	19726	20561	20552	22393	19436	18697	26728	25190		1294779	1008184	1063787	1068948	1172729	1246739	992407	990284	1300329	1283163	
0.39	0.8175		32842	24232	32749	34512	28790	27160	30562	32417	26584	34125		1411087	1253102	1343512	1471090	1403017	1177848	1384998	1556374	1410669	1655649	
0.3638	0.392		25525	16136	18250	19884	18531	25591	18513	19115	27914	27652		1540150	1225814	1201339	1484782	1309359	1568305	1413947	1271498	1470668	1614889	
0.9365	0.473		30185	31490	30161	38490	33409	28850	35895	37034	38437	38672		1347704	1372960	1285384	1417246	1329063	1236049	1301725	1457635	1603625	1481740	
0.8921	0.5991		31512	30306	39200	28661	33228	44895	28606	30846	33529	30238		1200910	1071235	1179471	980485	1248900	1665729	1220745	1258177	1296789	1049618	
0.1937	0.8214		26326	30000	29049	19468	31675	28539	18907	33271	20032	21681		1396499	1450746	1441220	1211234	1543406	1639848	1449817	1778295	1272145	1186425	
0.9714	0.5635		33249	34432	31866	41326	35852	33214	42557	34390	42202	42039		1263897	1586758	1366151	1533128	1376861	1344055	1483537	1327520	1557825	1581252	
0.9467	0.4368		38748	29088	25915	25320	29679	27727	27218	24830	29586	38614		1188910	1183184	1066419	1038002	1095599	1097857	1112536	1083840	1288888	1330608	
0.0921	0.9216		16201	26938	18875	17950	26060	17702	26022	17049	21101	26401		1474796	1592547	1128479	1341303	1580181	1268462	1587414	1264409	1498749	1542277	
0.4868	0.3849		21640	23602	18489	17473	26898	19269	18182	29397	20230	19956		1192246	1351855	1106357	1029726	1330416	1102327	1035578	1645944	1260310	1378999	
0.7362	0.0751		18987	23041	18560	20439	19960	27714	30330	15611	19467	19793		1276194	1301474	1272236	1383484	1304108	1559696	1259805	1145553	1221343	1173185	
0.2882	0.2652		15433	19681	20843	22163	18076	25578	18929	16020	17840	24519		1184455	1336775	1318917	1461572	1392079	1699164	1343483	1282514	1383755	1428305	
0.6677	0.9971		43623	42671	35604	38194	50450	37095	32782	33545	33946	34816		1576952	1469072	1287771	1228531	1218063	1098351	1206018	1172755	1289662	1271749	
0.4794	0.6015		23556	31815	23209	29208	28794	23295	20984	26583	34949	33414		1484917	1528668	1254112	1371610	1322533	1088026	1159319	1383084	1639122	1650292	
0.8926	0.2268		32586	25792	37175	32615	32659	38680	25575	25525	31343	34984		1413997	1270563	1617623	1639479	1722235	1499525	1295358	1365991	1609347	1600311	
0.4988	0.9594		36084	31753	27806	52218	29298	28913	27769	29900	35569	37944		1553658	1337709	1259029	1378320	1296490	1336419	1252676	1273712	1534015	1727302	
0.2177	0.0861		21177	21281	21107	21029	15384	13910	15049	13525	13723	13758		1424390	1419582	1570089	1646068	1356706	1342174	1472860	1327243	1343379	1417771	
0.8562	0.9253		42121	35606	45153	54371	44605	35715	35217	35332	47576	38462		1442538	1282765	1739997	1679691	1501773	1308772	1246974	1289112	1498294	1728112	
0.106	0.1767		18648	14366	14709	12039	20445	16312	12504	22883	12528	16670		1255311	1247190	1273649	1154269	1458448	1393485	1252110	1390705	1375366	1324705	
0.6668	0.6381		28177	37383	30379	37242	29028	28520	34855	27086	33019	30753		1207648	1554990	1411581	1536381	1361962	1392044	1450656	1194034	1238132	1418729	
0.0711	0.1985		10120	12336	12639	15453	12446	11551	13524	18860	18867	18521		1110891	1293524	1295365	1290461	1281482	1259626	1265794	1456046	1460760	1451853	
0.9648	0.2044		22138	23024	21427	21478	24283	23601	24631	21833	22469	39085		1188546	1099234	1047122	1012462	996061	1069975	1248379	1121407	1282955	1523782	
0.5161	0.804		30444	24850	24606	33059	28804	42151	37184	35807	32124	34633		1425958	1123877	1103593	1472511	1327782	1507885	1507222	1502925	1399501	1488837	
0.5359	0.725		35909	34596	35575	34119	28757	28901	28441	25153	28891	31754		1688414	1380184	1703148	1644696	1309930	1316940	1298313	1167334	1283604	1474754	
0.719	0.7651		35150	29474	32497	35582	37792	29736	30029	31445	30139	30229		1267682	1191583	1350090	1496326	1583198	1327818	1390807	1361247	1327053	1402279	
0.3227	0.8254		20184	22398	22773	22538	23213	25503	20095	23793	31602	27367		1038299	1196336	1164989	1169905	1167721	1309934	1028094	1248485	1762169	1415095	
0.3943	0.68		33037	25336	25468	31610	30476	24841	23717	23757	24685	31236		1381514	1141300	1162965	1455555	1342179	1367947	1242362	1245661	1229342	1320652	
0.823	0.1002		27714	27425	25515	25165	25301	19989	27121	19322	19466	21483		1498716	1699748	1499666	1290978	1379234	1336990	1657374	1379647	1233121	1308150	
0.0972	0.0887		13363	11129	11662	12312	9883	14050	13207	19160	11649	13050		1147839	1121583	1144787	1282528	1155864	1279581	1159367	1642747	1188645	1317120	
0.8357	0.2448		24544	20085	26690	29399	24672	30755	22626	24888	35646	27000		1233440	1092422	1292426	1281484	1162593	1385511	1226722	1230907	1227939	1289481	
0.0533	0.222		10846	11437	10242	16812	18676	18791	11389	9897	13228	13496		1180561	1142443	1063052	1287417	1398468	1383746	1087775	1167706	1226203	1288786	
0.7016	0.9438		36937	34948	39700	41519	46418	46153	41153	41024	45286	33393		1522351	1442146	1637185	1707142	1569106	1664758	1597469	1686027	1601324	1466328	
0.1536	0.7877		17618	20737	17695	27331	25138	18040	34993	25257	25160	19538		1128978	1122126	1236937	1273702	1420053	1236821	1728197	1610058	1475339	1357415	
0.5522	0.6405		36081	35802	28306	35612	26233	35352	34841	24440	27352	27127		1163100	1778511	1319661	1331851	1319353	1492941	1329598	1192165	1369713	1224748	
0.5092	0.422		20708	30952	31284	28664	20754	28685	22488	28576	28481	26965		1309708	1447985	1217955	1301739	1211517	1474070	1231532	1434435	1545979	1477897	
0.9554	0.8784		41300	36967	46869	47067	37716	39578	50556	38643	34847	45097		1318889	1261481	1459446	1445820	1188153	1199333	1386219	1342039	1069136	1421911	
0.8724	0.8896		33710	56269	41216	43468	38622	36204	38028	35516	46088	46150		1196853	1437134	1347316	1614324	1172971	1086706	1301251	1242291	1354369	1385861	
0.6034	0.0548		18883	14879	24237	18944	19773	23059	16910	17968	20991	18392		1276978	1086658	1321150	1405461	1259300	1481599	1409848	1265653	1178942	1335052	
0.501	0.1231		23287	24783	16826	16344	14625	14229	16975	24900	24132	30461		1425230	1544429	1349405	1228586	1276894	1199436	1327021	1594652	1274573	1629529	
0.1254	0.5898		18117	23449	15131	16087	17161	21525	16066	22583	16257	25761		1349837	1465020	1172081	1252203	1289467	1471348	1196744	1322763	1261197	1533733	
0.5402	0.596		24059	26025	26136	25695	25318	26934	27079	22166	23217	27272		1429267	1311993	1242383	1551619	1372293	1314815	1313079	1071174	1139783	1490425	
0.7266	0.431		25831	32758	26522	34185	27006	27957	26850	34422	34348	26091		1231741	1511336	1384489	1456207	1341954	1417953	1355488	1748701	1488170	1252442	
0.7436	0.8943		38594	40663	31504	34350	35001	42135	48433	32191	28250	31417		1332666	1431778	1134014	1369379	1323497	1496621	1560186	1148019	906135	1134006	
0.9075	0.2848		26386	37824	24436	34730	23037	29577	26156	26668	23856	22839		1300385	1292080	1347235	1532662	1072152	1348276	1246900	1278908	1111383	1291216	
0.6533	0.2953		27160	31620	26775	25002	31971	31946	25909	23495	29994	28095		1362004	1316964	1111932	1203679	1404320	1385065	1340246	1336259	1210432	1192020	
0.0613	0.1622		17294	12166	14108	11657	18441	13706	18279	13896	21745	18143		1355585	1358585	1225485	1184995	1439176	1458554	1436489	1425018	1641258	1501646	
0.0889	0.4368		16134	17323	20398	14132	16680	14733	15145	20310	15781	22167		1307152	1230971	1412929	1210199	1145113	1256193	1264210	1433166	1284799	1588865	
0.8993	0.0994		34073	29713	21947	27927	18957	20117	20240	21014	29892	29350		1786854	1438272	1380573	1770577	1165665	1153467	1172863	1349082	1511021	1221192	
0.1666	0.6603		19999	21897	23334	18208	20136	29744	20228	28484	21509	18937		1243834	1263697	1306151	1348242	1489269	1488186	1240647	1400970	1371119	1378477	
0.0737	0.553		15266	14818	12556	15393	16509	16212	17408	19830	17614	26334		1259649	1281813	1046385	1102522	1299781	1308589	1357234	1370000	1439070	1720326	
0.5699	0.857		28717	37999	37761	26177	30939	29907	28001	27913	37831	31738		1503471	1447840	1501530	1091331	1337078	1287295	1144965	1242283	1471559	1470417	
0.3252	0.9088		25221	30948	22763	24675	23831	30440	24507	26595	29307	33142		1070707	1604724	1339341	1259379	1316490	1363265	1300553	1289734	1251252	1611334	
0.1486	0.4343		23451	16128	23811	21204	17274	13066	21928	22090	20963	16175		1680225	1315179	1404622	1446712	1382999	1272784	1563210	1370197	1291678	1242139	
0.3446	0.5046		19870	20510	19321	25224	28430	26500	23743	28822	20427	23386		1166771	1210799	1134355	1266452	1316456	1341683	1264577	1410334	1410562	1387639	
0.6287	0.8595		30165	46059	30257	31851	33972	33543	29068	29360	32237	34326		1421303	1454137	1352439	1220821	1434181	1321295	1140517	1387916	1468581	1359104	
0.7248	0.4172		40426	24799	24055	23486	24639	24807	31936	24073	32733	24138		1360896	1334866	1210577	1157322	1295458	1231564	1498558	1348826	1460049	1384682	
0.4489	0.4381		24407	27734	25717	18921	22312	21437	22228	20990	20267	22638		1231814	1205692	1171517	1032842	1158432	1064839	1173683	1178202	1154693	1258469	
0.7452	0.7238		38784	31267	28631	30497	29397	38397	37854	27520	39635	34038		1415046	1390281	1215264	1231695	1340509	1613838	1541304	1217739	1414412	1653037	
0.3658	0.8466		28613	26377	28986	27568	24117	25145	21784	34943	28855	23940		1320753	1225091	1341000	1330075	1238018	1336492	1356138	1628717	1327165	1344316	
0.7029	0.163		26795	25058	21782	29311	27352	27827	25637	22976	19230	30330		1452167	1443186	1256836	1551185	1580497	1524161	1479515	1243142	1272313	1580718	
0.8828	0.2666		28682	31787	25249	24773	23793	24592	28096	25015	28177	31966		1403304	1456973	1314145	1244481	1339053	1267110	1334672	1223746	1328198	1336634	
0.5625	0.4712		25326	21037	24927	24753	25092	20265	25172	24559	31033	24578		1276004	1183464	1222386	1384356	1296136	1093548	1330859	1407058	1387494	1270904	
0.909	0.6846		42097	36460	41169	36753	43696	34306	33418	31563	45147	37345		1219381	1279636	1338544	1256631	1411437	1551639	1182872	1098593	1451367	1307172	
0.8431	0.2114		32445	22629	27349	24749	25092	31825	28214	23171	22449	22178		1311408	1433227	1347389	1221463	1314762	1514875	1337726	1550141	1189896	1287564	
0.8425	0.6591		47597	44138	42516	41375	34186	41290	33910	34402	32386	33684		1589500	1553383	1772138	1575651	1332493	1379000	1333415	1363496	1223152	1327507	
0.2597	0.8744		21928	31280	26531	21873	22028	22464	23516	25389	21728	20928		1218200	1468486	1495696	1245626	1351817	1493304	1479271	1355642	1372761	1342725	
0.4957	0.1753		26905	21986	22796	17314	15121	22917	18869	15380	25035	23831		1411595	1489579	1387315	1204034	1329875	1324769	1258284	1134295	1641172	1619962	
0.6092	0.4065		25945	22140	32525	25245	25516	20828	27320	17890	33654	20876		1423029	1304102	1573108	1358921	1370728	1175484	1321962	1186439	1572994	1180675	
0.2585	0.5812		18968	19998	27054	26642	27055	26239	28097	23738	28425	27772		1205462	1405462	1446936	1529305	1552484	1630002	1577977	1388885	1520960	1544222	
0.1454	0.4072		20630	17275	22387	27637	22890	15542	15744	14785	14580	14956		1252782	1222962	1493149	1541792	1555305	1276966	1373776	1291955	1199719	1306371	
0.2056	0.1752		25997	13202	13167	17993	14044	13570	16545	15657	14341	22926		1175463	1140862	1067811	1366334	1325469	1339647	1155924	1463476	1283896	1363242	
0.1297	0.8324		17463	27110	26315	16453	24251	18238	26341	30628	21792	15895		1360999	1458694	1374353	1160969	1347509	1349707	1504689	1536205	1416079	1195448	
0.0699	0.4206		13462	13424	20316	20176	18322	13836	21714	21652	12031	15676		1125204	1142817	1533526	1612562	1429699	1158268	1411034	1621236	1395375	1305843	
0.7777	0.6278		29732	28011	29016	35169	29167	29139	29141	41560	30539	32911		1175155	1142890	1030959	1314682	1181797	1041817	1110779	1138313	1229853	1317397	
0.477	0.0829		22708	18260	18708	20489	13992	15558	18072	22002	24553	16041		1600380	1158776	1363039	1382847	1126107	1260163	1315307	1454122	1667344	1182510	
0.1662	0.7008		20356	15428	15810	17402	25433	17808	25492	18171	25139	30594		1192764	1162985	1010848	1059179	1382728	1260821	1239831	1266531	1474173	1488575	
0.6356	0.9629		31365	36433	39210	39571	33672	45209	33923	36953	32812	34287		1149353	1375743	1532182	1389105	1300613	1249830	1207546	1323022	1451364	1286260	
0.3461	0.4494		22443	16367	29430	18831	26926	20929	19036	28073	19151	18787		1381673	1115472	1567294	1225727	1320979	1306737	1194137	1563765	1264770	1130790	
0.6619	0.8782		37995	34044	32656	33197	30312	39440	30807	31118	30307	31010		1433681	1357791	1592988	1514402	1339608	1350861	1164356	1259349	1311559	1319020	
0.5192	0.8639		28947	28288	29442	26328	25214	34560	27862	27717	26245	36602		1230732	1180485	1356296	1123334	1034277	1467441	1305510	1297954	1290332	1505911	
0.7885	0.9771		44880	32821	50396	41406	35709	43388	35101	52624	43357	49527		1455003	1177730	1372152	1257252	1178973	1438283	1213099	1398876	1369607	1598475	
0.5191	0.2947		25263	24450	27214	19905	19823	30209	19756	17119	26537	19396		1295711	1481966	1480048	1261418	1186220	1632995	1295533	1136945	1502335	1334494	
0.3049	0.4485		17963	22130	28694	17840	17920	20545	18203	17582	15354	21576		1209526	1444058	1630899	1278283	1246750	1254252	1271902	1276425	1242445	1528259	
0.7071	0.8114		38226	34580	32034	51774	31581	39126	40033	39976	31853	32841		1464846	1433259	1367567	1500599	1589752	1379147	1432628	1447700	1319169	1285481	
0.938	0.3256		28764	28496	35909	23552	28210	25833	35428	35646	32615	29578		1283327	1400428	1535928	1237170	1242208	1370856	1529078	1510642	1253209	1050480	
0.1614	0.4791		18672	16489	21214	18045	15965	17557	25157	15479	17667	23520		1431096	1317714	1431616	1227576	1259563	1271016	1429650	1156567	1172659	1291139	
0.4272	0.9259		34464	26657	35578	31691	24482	33122	30259	35556	26454	26380		1546141	1152974	1436660	1392717	1227605	1468994	1313312	1420283	1398792	1336372	
0.2629	0.2983		14098	24459	16266	24490	17203	17255	15929	16803	15954	14098		1221046	1566033	1334465	1608435	1302130	1280222	1477649	1442505	1346439	1116150	
0.3595	0.4928		26787	29077	20052	21809	19358	19118	30738	21804	28811	22293		1508454	1286831	1491768	1370788	1266885	1376268	1596434	1423746	1457015	1536125	
0.5478	0.9903		36328	26961	32559	30106	29943	30455	29860	30290	39129	39071		1231317	1118335	1439287	1296310	1376991	1292288	1285964	1350269	1530945	1607300	
0.5008	0.0799		13911	18265	15347	17060	14979	16779	13975	17964	16299	18422		1483728	1485668	1178140	1279937	1238458	1282419	1118348	1287905	1320576	1329099	
0.5085	0.7171		26665	34685	25576	25956	27209	24772	30878	24087	26698	34649		1329447	1577351	1403576	1059852	1324175	1165229	1227796	1079785	1277958	1483291	
0.9264	0.7102		31642	44159	33260	35192	36079	33434	39082	31832	31830	43410		1038567	1614025	1198442	1233951	1405811	1374314	1161463	1061644	1069479	1224296	
0.5731	0.3681		24006	21426	31162	21309	26014	31487	25944	23643	33946	27634		1337170	1157219	1450815	1334396	1372866	1495211	1501900	1228958	1499660	1347318	
0.5852	0.5684		26891	26980	32158	22731	22369	24699	29667	24728	41799	24057		1364690	1311938	1508711	1113243	1058973	1213766	1320032	1242832	1600413	1186822	
0.5704	0.9763		37959	39427	32831	30503	32873	36423	32484	30522	38261	30649		1558836	1718063	1348630	1280718	1294776	1444480	1366242	1442359	1690564	1353676	
0.6384	0.8841		29653	32832	33393	41202	33256	30341	32879	29800	27497	38719		1263952	1294264	1303790	1746087	1374582	1252327	1411792	1191842	1134208	1430311	
0.6884	0.6578		27072	31231	38195	29526	31164	30162	29834	30378	36450	37000		1178338	1319298	1432348	1430733	1206887	1398964	1028308	1252622	1471672	1563052	
0.8438	0.1093		25013	21111	27435	29491	26986	30773	22651	27041	17800	26600		1209021	1288131	1409405	1394011	1512574	1445404	1314215	1402997	1106858	1352621	
0.3868	0.5177		21199	29643	29332	21217	23911	27419	27578	20183	15794	22374		1222967	1551112	1670642	1204318	1194792	1293737	1327627	1223822	1038144	1135462	
0.7104	0.6543		34363	32214	39422	33706	24401	39816	29350	27120	31804	30531		1315477	1304863	1696487	1391052	851545	1511925	1326664	1065664	1246384	1354829	
0.7172	0.5359		24414	24173	27146	25756	26286	26249	28361	25679	27858	24224		1170625	1011744	1227059	1290875	1461861	1270128	1288137	1431932	1346455	1215030	
0.6833	0.8504		30623	31325	30723	30823	36162	29056	31199	33070	33230	31537		1310767	1200669	1213274	1548960	1542969	1141346	1241832	1324692	1307882	1261919	
0.394	0.3776		20498	20568	29501	23096	25165	20275	21002	21312	28157	24591		1333193	1327623	1421005	1342625	1255274	1182931	1364215	1314858	1448158	1307639	
0.2969	0.8438		20396	30736	30577	23443	25014	22553	22717	23984	22678	27924		1108780	1329265	1356093	1352315	1313126	1203400	1178112	1240676	1234930	1283514	
0.7854	0.7675		35193	33229	36096	39272	35085	39687	33300	31131	31736	50940		1299355	1270565	1341626	1496734	1299741	1516433	1298851	1244214	1247201	1358174	
0.7001	0.5695		27686	26881	35817	28806	29961	28111	29606	36291	30319	33414		1275754	1158261	1450398	1334415	1240838	1390334	1359796	1638615	1416409	1387152	
0.6884	0.6241		39751	29107	33284	27824	35542	35392	27405	27709	30187	35424		1310326	1422809	1301696	1210672	1298228	1519931	1199015	1333334	1339759	1503526	
0.8764	0.5755		32891	33332	39940	39016	38144	37862	30155	30992	32319	45704		1301566	1228924	1427574	1429277	1513540	1670067	1209159	1173486	1273326	1675486	
0.8138	0.235		25273	22998	26417	27440	22652	27158	22394	23361	24157	31082		1297493	1150499	1240916	1377450	1336802	1486478	1245232	1228785	1280540	1404397	
0.3151	0.3478		18257	17408	16648	16161	19272	17972	16218	17013	15600	17747		1196946	1081841	1169765	1180244	1230482	1213716	1146499	1087644	1028248	1216710	
0.5527	0.4999		27321	28440	20800	29703	24959	32061	22996	22287	20450	22853		1344392	1250764	1207888	1503525	1246911	1497294	1200893	1311393	1157169	1205547	
0.0581	0.6166		14918	15863	22852	22331	13368	15746	15556	18546	18776	22038		1196003	1284506	1586040	1511558	1247556	1265724	1291965	1411796	1415638	1624943	
0.9606	0.755		55101	40537	32182	32492	42915	37710	40056	44863	39990	39527		1465537	1386658	1178321	989945	1099813	1306299	1209909	1419124	1164607	1188123	
0.0976	0.821		19748	25722	17380	15565	18477	17461	16048	17575	19666	21528		1366124	1472718	1338123	1175136	1400236	1125222	1020796	1303672	1174136	1476180	
0.2948	0.2353		24497	15929	13271	13362	17193	24894	16686	17698	15850	16415		1533275	1357125	969365	1136382	1329170	1360309	1368654	1334975	1399467	1384652	
0.9349	0.1926		37573	33188	32946	25428	22417	29866	22998	24419	28725	22389		1519106	1394067	1419877	1406567	1378987	1396145	1326477	1207396	1182432	1153762	
0.0637	0.5362		12913	14058	19363	23107	21691	23113	22869	21979	23144	13114		1175172	1145667	1241974	1626855	1459235	1706640	1485590	1561884	1392892	1086849	
0.1032	0.4722		22753	22845	13194	18611	20305	16434	14888	17058	21093	23354		1505023	1679502	1255379	1440536	1337621	1177222	1186001	1369183	1437075	1546682	
0.7836	0.4908		26661	27491	25980	35319	27668	26075	28561	34537	29440	34383		1225434	1346369	1277651	1480365	1241741	1286204	1213615	1426605	1406975	1639800	
0.5379	0.9583		39210	38859	37398	38943	27269	28353	30234	33788	26987	35461		1578114	1680059	1271584	1555994	1048822	1076510	1270586	1573293	1052698	1282197	
0.7246	0.4411		24005	29998	22104	32992	32512	24877	30563	26918	31663	30738		1202195	1098645	1132434	1579734	1550235	1232030	1435586	1247381	1291892	1449513	
0.4044	0.8077		23850	31997	23963	25206	31442	29652	35189	33461	31716	25047		1196454	1310281	1142143	1320306	1523883	1328686	1439823	1514086	1431936	1226800	
0.2441	0.4355		19965	22014	19301	23317	24427	14700	17529	14988	19655	15765		1352008	1433365	1374647	1624159	1532806	1253734	1358186	1283786	1518657	1205162	
0.6093	0.2262		21301	29409	26966	19778	21628	21848	25670	29584	19613	20562		1360600	1707618	1599169	1209002	1318305	1327879	1214932	1435629	1221090	1300333	
0.3627	0.7617		23235	24882	22921	31604	22992	31565	30563	25017	22911	22520		1252383	1328928	1146707	1623989	1175016	1611111	1443885	1239844	1289714	1269442	
0.2789	0.9867		36782	25286	23826	30524	32350	25047	30620	23820	29366	21569		1487393	1254175	1222061	1394482	1465241	1231761	1065521	1206791	1293572	1131367	
0.7552	0.4381		35471	22533	25855	25694	27057	33545	33326	37947	33586	33542		1666314	1206492	1496606	1354162	1305306	1529168	1536113	1591336	1481515	1750885	
0.6993	0.4051		28452	31621	24024	31518	31630	29862	24903	32477	31891	24410		1204845	1265299	1187056	1513619	1372385	1216577	1261924	1435199	1505884	1216401	
0.687	0.4365		33782	23833	33450	22940	22365	23395	26384	25674	22640	27054		1322849	1231473	1600078	1153333	1129633	1126940	1170710	1315200	1154683	1291859	
0.5503	0.6382		23748	36347	29993	27449	26269	29053	33381	26266	26489	33675		1170189	1536260	1109690	1208729	1235482	1378038	1548434	1246528	1366509	1403810	
0.2053	0.5358		19489	26341	22419	17698	20330	20378	17640	18708	22363	26454		1269385	1390262	1369539	1062925	1233333	1280230	1245495	1201959	1337897	1402505	
0.7216	0.5292		29177	29153	34949	30664	26012	29952	26701	26579	24064	34835		1435979	1334538	1432932	1283058	1241496	1337809	1132586	1367823	1331975	1367361	
0.7073	0.1244		31019	16236	17789	17808	20707	18311	20698	20665	18463	18873		1659291	1249626	1206673	1167219	1302049	1241666	1272996	1350198	1273234	1349110	
0.9032	0.6056		34024	28580	47278	31660	37430	28976	42585	39925	34885	30830		1312138	1069383	1340296	1271079	1466843	1120006	1581299	1489253	1382380	1308436	
0.9259	0.5288		37965	30232	31114	34398	38127	30803	33284	30604	47015	38423		1552249	1178245	1191558	1045793	1510863	1162386	1439027	1292384	1554297	1434402	
0.1606	0.5574		16772	25704	15249	19280	15359	20396	26418	20671	16674	14773		1224051	1547484	1215735	1327670	1063492	1304443	1613579	1204055	1149408	1065321	
0.7308	0.9714		34675	36681	36195	37242	36849	34108	43421	36654	39720	34790		1081530	1328024	1383966	1187769	1372891	1273711	1652222	1353616	1535819	1245995	
0.8227	0.6268		43336	28128	31760	30965	29734	29908	38915	44295	35343	42957		1330491	1161077	1312033	1247935	1258677	1029602	1575812	1489224	1387437	1526291	
0.3516	0.1042		16903	14796	12550	14418	14833	12357	16809	20905	17616	18844		1335785	1147937	1113568	1254133	1282050	1122073	1292916	1351476	1147435	1363610	
0.665	0.9753		38171	37225	35621	45430	31658	34308	29476	32480	32755	32348		1334524	1143069	1157678	1306896	1057604	1209608	1143843	1171161	1126315	1109405	
0.9086	0.4028		36529	31681	36981	36666	37487	38248	40622	27391	31939	28289		1496178	1390903	1784204	1599405	1563310	1480001	1447765	1350588	1381886	1431736	
0.2222	0.2504		17086	16050	16116	22043	14817	21857	21991	20343	16338	20418		1354826	1215930	1221000	1521489	1195010	1392117	1450102	1392249	1209324	1363774	
0.6675	0.9942		36370	43356	37028	36121	32425	38868	35115	32243	32417	34825		1200018	1579667	1310505	1327183	1199597	1306420	1214594	1157995	1241622	1380450	
0.1269	0.1963		11169	14257	14773	20366	12267	14919	12814	12014	18879	14840		1245467	1352511	1283985	1529472	1202729	1272128	1268523	1325668	1694773	1423124	
0.8121	0.9235		33755	34354	36122	33906	33020	37892	43006	38087	33738	36086		1286835	1232570	1340056	1141980	1055796	1245815	1208864	1253771	1319433	1358342	
0.2854	0.6301		22316	22521	20908	18455	19346	23382	29378	22875	20892	20004		1329456	1211350	1110224	1065207	1135567	1377030	1452125	1469006	1291571	1285602	
0.8522	0.8072		33848	28914	34190	45136	39910	34797	33228	35678	44064	39515		1064778	798678	1042136	1457652	1281408	1193509	1136818	1290280	1434444	1374723	
0.1773	0.4134		15933	16355	24410	17425	16738	15304	16546	13179	24082	15178		1283983	1232865	1290276	1429321	1274872	1203707	1187181	1229413	1667962	1120384	
0.6619	0.1199		19378	19038	16070	27273	15871	18486	25907	22810	21038	20156		1243176	1118174	1117953	1458104	1209112	1262876	1302364	1375394	1422094	1237553	
0.2901	0.2518		19780	16176	18096	16413	16490	20666	20462	13728	17473	17561		1224756	1303215	1263303	1137229	1252499	1400683	1175788	1050626	1180009	1374154	
0.5255	0.088		19017	18079	18974	16356	24169	20619	16400	16432	17350	30124		1334041	1334225	1443160	1333018	1451286	1337098	1135835	1096071	1307715	1460569	
0.7536	0.4757		35940	24768	25575	33731	25873	33612	26564	24209	34518	23325		1658025	1208301	1153273	1446911	1219277	1419491	1269041	1104101	1403851	1198798	
0.4967	0.4252		20572	23417	20276	22193	21141	30026	21573	25416	25206	31977		1272763	1283239	1123716	1151689	1352477	1490409	1227285	1336992	1259317	1543200	
0.9803	0.8846		38022	51629	43943	37999	42348	47439	47197	47629	47918	38861		1229162	1357334	1384288	1341454	1413719	1488199	1440675	1610906	1380175	1395227	
0.7968	0.2694		23365	23503	22570	32114	32119	31881	32736	20707	22574	27875		1320327	1326651	1186171	1672844	1654618	1821741	1655523	1136265	1304260	1352169	
0.9522	0.2081		36695	21085	24671	24916	24929	23988	32105	26235	22757	22645		1437349	1180965	1262898	1390312	1318825	1457128	1556737	1541368	1311830	1319448	
0.5339	0.3813		30241	30363	21126	29978	30432	21426	22671	21209	20654	25248		1399479	1655648	1349644	1549465	1575688	1221292	1213752	1301896	1253899	1372271	
0.315	0.1371		14170	12462	14813	14564	21744	15143	13658	14210	14215	19380		1080958	1067052	1288638	1171815	1326422	1253686	1169951	1053044	1220749	1346256	
0.1137	0.9837		29856	30667	24935	22471	22206	22796	22379	20272	18326	16146		1849981	1587008	1535058	1472532	1498784	1235435	1660346	1539343	1325895	1103127	
0.6897	0.7103		35815	26807	38490	34185	29419	38112	27145	35576	38270	26991		1446752	1190958	1426085	1403480	1209382	1242362	1285019	1557845	1510269	1061176	
0.7456	0.7745		29139	30979	30576	32469	30681	43030	31516	32093	35132	31922		1045005	1266289	1107325	1258152	1323444	1278461	1199815	1206970	1396329	1412428	
0.1693	0.7019		26739	19001	24940	24755	29338	26847	26363	16907	26984	31884		1478633	1297428	1481937	1455792	1568853	1592638	1295754	1247926	1385114	1849741	
0.9417	0.6538		38282	43700	33239	50759	43106	45250	33059	36098	43357	31652		1398222	1581651	1414853	1241699	1568546	1301175	1123290	1138002	1503489	1204653	
0.9045	0.0865		20756	18482	23581	23066	30025	29870	20730	16238	29458	20691		1241974	1223995	1261715	1281797	1378464	1602900	1167047	1098755	1477636	1287160	
0.5842	0.7207		36155	27154	43566	29488	25183	29809	31660	37151	26671	26371		1527018	1293582	1476965	1425222	1329781	1421796	1484085	1600882	1486779	1227564	
0.3641	0.579		27835	34908	29840	29928	20876	21344	33347	30471	22862	23598		1593098	1361882	1469984	1499552	1294633	1374373	1498058	1475650	1426962	1235165	
0.8005	0.6798		36392	40738	35808	40282	39778	38937	40064	39906	49349	35196		1297594	1260822	1278486	1315091	1400723	1559552	1637691	1597871	1358802	1420438	
0.3125	0.5961		17368	21484	27553	27844	23865	27677	20263	21136	21031	21893		1145583	1247352	1439525	1639447	1504337	1511131	1370075	1361740	1358749	1347145	
0.7479	0.1777		17722	24949	28636	28978	22367	28206	19236	19972	19962	23213		1182743	1298053	1633991	1608538	1202523	1480925	1225864	1213838	1152619	1223890	
0.8983	0.8897		38337	45215	44300	37772	52469	35771	45089	36875	33710	33799		1281433	1574883	1671735	1343122	1389234	1257533	1341545	1200603	1100437	1053857	
0.6632	0.8835		31869	29237	33561	40334	34695	39229	34622	40732	30434	29748		1296291	1230923	1253296	1601856	1469995	1463271	1371392	1417511	1175876	1178871	
0.2971	0.8758		25508	29357	22900	24166	24932	25112	25300	20465	23503	31970		1046758	1451778	1160921	1225149	1236342	1270432	1319173	1196070	1351892	1606051	
0.6897	0.5348		25645	28602	37567	29200	26728	24954	23815	26058	33294	38027		1229446	1498300	1541736	1437371	1526191	1281798	1315358	1397412	1477509	1598182	
0.5874	0.2633		25913	18112	35451	17556	19989	19210	20317	21282	19853	21506		1242935	1033000	1266257	1037045	1282040	1176618	1376243	1248286	1107213	1191569	
0.8109	0.1712		21158	23412	21717	19502	20963	21077	22162	22061	21158	23438		1125159	1327785	1144705	1037222	1174715	1218769	1272013	1361500	1380260	1262436	
0.6321	0.9167		30797	35597	32667	35646	40779	34251	28806	30933	38593	32779		1258029	1328562	1263182	1407901	1621049	1329967	1058837	1472913	1500571	1358029	
0.4137	0.4669		28187	20595	20597	26292	23824	29759	23567	28204	29647	25258		1461606	1205228	1167829	1148719	1307467	1626424	1366166	1466873	1419923	1473439	
0.3318	0.3431		15012	17892	15133	19473	19624	18036	19734	26270	17704	19053		1130528	1355472	1148331	1264886	1325776	1337714	1415157	1739287	1216615	1225239	
0.267	0.1359		11836	16673	13791	20807	14252	17004	14999	19668	15437	13308		1029574	1282626	1286763	1612528	1157174	1372654	1316140	1396483	1266908	1237946	
0.1141	0.2915		13363	13999	11428	13011	13650	11382	13749	14504	13741	13468		1205382	1297400	1214096	1291016	1180527	1146313	1389192	1282760	1301555	1352505	
0.9678	0.4467		34126	32813	29182	40058	30523	31090	27398	33485	31639	39750		1369830	1337511	1391066	1479141	1245443	1135916	1103563	1304197	1417305	1455524	
0.2965	0.4681		18166	16725	17867	23044	18704	18613	21095	27213	24752	18903		1301680	1084168	1307743	1436467	1329525	1286050	1368350	1507156	1264047	1291657	
0.3565	0.832		24938	22694	24769	31151	32359	23798	22354	28890	20962	24261		1199372	1224597	1276464	1419133	1508274	1313916	1158019	1334801	1100373	1199773	
0.3445	0.3657		28140	18250	23039	26835	20391	30434	26710	26949	25087	24847		1491571	1430130	1402234	1510820	1373422	1537686	1599742	1544756	1593755	1505648	
