8	9	
0.5989	0.6114		30126	44628	35731	48518	58509	127156	51972	56498	47758	47391		1177353	1489559	1267012	1442488	1942051	1679686	1501786	1856773	1457238	1425379	
0.3521	0.498		45341	34170	31071	45321	32933	27889	39652	24586	30294	29675		1523650	1761591	1921163	2109518	1653137	1360194	1511975	1088679	1338128	1527442	
0.4436	0.5873		30241	46839	28282	32481	26294	57835	46362	37273	31657	45777		1310168	1278292	1263475	1075197	1060037	1843390	1591905	1261141	1047925	1310140	
0.8067	0.4173		35927	34443	43379	64986	41941	38453	43603	38529	43257	56847		1596145	1204868	1338400	1373239	1969608	1360998	1353959	1543277	1454844	1616988	
0.5833	0.7233		33757	42538	49626	41408	31163	48866	50943	39649	45585	41318		1243161	1479583	1602402	1407914	1236985	1670711	1653894	1212919	1508089	1694909	
0.6477	0.2286		27289	25364	32092	31750	42262	32878	29777	30285	36270	31930		1062408	1049808	1364446	1360146	1480231	1262888	1244655	1309656	1562093	1528587	
0.1723	0.6002		34037	36894	27124	37935	27609	30095	25388	31444	29010	27411		1608229	1511790	1185925	1373479	1176087	1415764	1254025	1395085	1274904	1532960	
0.6705	0.0608		29199	26565	37715	37548	30309	36737	42770	40933	33062	28557		1253326	1353466	1351232	1337194	1594129	1387675	1798852	1675672	1256236	1275361	
0.939	0.3607		46998	44120	33295	41174	38280	42855	45275	52911	50773	40510		1288947	1357046	1487700	1377862	1258502	1249290	1299902	1392368	1250476	1467093	
0.0876	0.7021		36915	27548	25825	26863	30420	36785	23909	26573	25197	37727		1413332	1237351	1184874	1359880	1254685	1564785	1236729	1107489	1222351	1320495	
0.5467	0.7074		30543	31723	28246	40683	32707	49960	41389	48505	53167	32597		1143438	1311835	1443174	1281778	1298048	1299185	1438778	1606183	1376403	1375859	
0.6003	0.6782		29497	30308	34165	30892	34310	37325	37920	38944	50854	41509		1082991	1435150	1276768	1279376	1309609	1305337	1186832	1327508	1515203	1355051	
0.7077	0.3178		42731	43298	48458	52543	34139	27232	28171	34843	29298	34775		1498572	1478554	1417593	1546965	1375206	1029879	1141408	1375411	1171426	1374105	
0.909	0.0749		41430	37984	41589	34461	37089	38216	33137	39119	49559	55320		1498480	1357743	1290692	1403369	1253590	1260583	1151872	1351245	1523390	1494991	
0.7724	0.6776		38271	36619	37420	35912	38411	45887	36255	42050	39974	65254		1282990	1316255	1211973	1225086	1397098	1354222	1268918	1389663	1569813	1588218	
0.1833	0.384		20681	30379	19273	25068	29973	23571	27211	27316	34602	34712		1283427	1252610	1053371	1206907	1364829	1281099	1315175	1327967	1585171	1361618	
0.7275	0.1958		29146	36735	44985	31242	37478	28434	24438	28586	37428	28828		1468768	1526070	1648014	1338010	1410422	1445345	1150260	1198182	1305604	1526850	
0.0746	0.8842		25117	26294	29445	41509	22304	37430	28259	30047	21268	26242		1144294	1232792	1157409	1170813	1184797	1350111	1197548	1207055	1052461	1272262	
0.8068	0.355		47406	29250	36397	35081	48572	36638	30015	29145	33179	29507		1335480	1215557	1320100	1404478	1403900	1185302	1134072	1032562	1090637	1016745	
0.2475	0.2187		27078	25474	20349	23206	30830	28584	31014	29272	39408	19508		1343681	1283250	1390907	1209348	1331610	1335074	1542963	1293417	1737198	1266918	
0.7363	0.084		25617	43159	33729	38579	24600	27190	31438	28164	43795	29784		1119155	1340164	1426025	1248207	1167340	1119862	1282695	1150003	1370814	1153805	
0.1576	0.9265		36110	25532	31968	36135	35951	33531	43283	31943	28877	44826		1300962	1174582	1306207	1329319	1519282	1248813	1595166	1275262	1212918	1682892	
0.1854	0.656		35703	22317	25132	32241	25336	25529	29914	26348	28769	29510		1283891	1095281	1368938	1386379	1279255	1575898	1402152	1206532	1344085	1471497	
0.4778	0.8429		37642	41538	58081	48135	42601	37943	34322	36778	32101	41416		1549014	1487250	1558352	1509984	1305041	1331397	1288551	1322500	1166253	1454352	
0.428	0.4639		28416	41565	28170	34307	35410	35867	27986	27071	27998	43320		1358426	1601527	1455866	1196750	1489321	1317248	1291293	1167139	1281013	1261608	
0.9936	0.3918		32030	35729	54565	41621	50339	66642	48997	36491	51603	42109		1153814	1630466	1248213	1188610	1331203	1609553	1422640	1213469	1334534	1561542	
0.6331	0.4406		30572	44461	32660	32493	38434	32230	28177	29760	38210	48567		1204116	1372837	1341668	1319289	1347341	1182749	1014056	1164147	1339714	1458768	
0.4025	0.566		33357	25775	39802	32657	49619	29984	26015	39371	45157	41942		1247734	1045212	1138124	1634462	1300258	1188767	1183023	1357574	1685203	1582322	
0.6594	0.2813		32601	36125	44321	43168	25196	43253	43487	29661	30741	30112		1223040	1381571	1395093	1497756	1229356	1681374	1660922	1348110	1282641	1207373	
0.3779	0.7397		49331	46588	33231	30600	30502	27405	34389	30614	38681	31422		1390544	1474518	1333061	1278139	1092947	1088485	1368764	1201157	1363108	1330343	
0.4383	0.2471		29870	23058	32712	22605	34291	26215	25375	26275	29781	27592		1274467	1113288	1474928	1172152	1248092	1147474	1204123	1299002	1364461	1190704	
0.436	0.9245		39237	36374	33827	34987	38772	44955	38960	53384	33625	45091		1196798	1192183	1214793	1239636	1198204	1382116	1231169	1629270	1144261	1278850	
0.7803	0.1145		27628	30100	40481	25129	26936	33408	32081	38872	28641	34354		1157841	1343521	1601635	1061411	1112394	1681338	1556602	1309851	1346620	1292432	
0.6665	0.9058		40263	43307	54132	54589	54156	38287	43315	49895	43354	42054		1349498	1333908	1630174	1662914	1451150	1359277	1407891	1452283	1294442	1249633	
0.1228	0.1037		32613	24730	23194	32709	32819	31944	23668	32460	20562	32980		1400869	1261791	1348987	1514387	1568410	1492430	1299634	1431657	1437878	1545967	
0.1383	0.1552		33049	18051	28269	27590	27059	33669	18245	23849	26520	27012		1521687	1344943	1701558	1554743	1400234	1651068	1459493	1282766	1291166	1278921	
0.7363	0.8841		41377	51298	49788	45931	49624	39053	42889	40802	50081	41286		1124768	1355838	1504167	1278024	1307664	1205947	1330317	1159569	1542908	1366433	
0.528	0.6146		40258	30419	32424	34868	35577	29847	45227	32282	30388	36713		1447874	1145940	1281432	1358305	1255356	1242150	1514381	1297404	1152944	1254029	
0.4801	0.4633		29130	45541	28226	34249	29453	36248	43142	35063	41993	24054		1226582	1365723	1291609	1278748	1352383	1467056	1693995	1821321	1588994	1230534	
0.1453	0.8154		33482	26653	33242	23468	27627	24479	29820	29567	40268	26239		1393912	1044485	1589804	1492739	1229814	1204049	1333675	1531160	1393682	1200400	
0.6581	0.4251		37700	40008	35596	47821	49223	48154	30984	47982	31020	43143		1482395	1481159	1312601	1397046	1426495	1564680	1314419	1416905	1315103	1336744	
0.6392	0.7666		52668	33323	36232	43653	58677	34581	39254	44414	46452	33903		1427242	1173940	1499062	1479469	1120171	1221181	1303474	1409797	1301991	1137106	
0.2286	0.7836		24675	35218	34872	27962	29885	29781	42492	28139	35151	40903		1099476	1642263	1448235	1246813	1275546	1263277	1374738	1190225	1403346	1366329	
0.9808	0.2493		29902	37858	30698	39417	38303	29308	33382	33854	50212	29422		1220252	1326209	1205401	1288083	1297479	1287542	1545330	1311467	1699649	1248524	
0.8135	0.8247		42758	52915	57178	48893	48623	44393	58398	45968	52534	43875		1832172	1529886	1342438	1418568	1666012	1385619	1700188	1466538	1424214	1239635	
0.7479	0.4244		39415	28473	32559	36569	42250	48554	28309	29776	36527	28159		1439399	1115425	1091492	1525418	1410447	1582480	957567	1065182	1316225	1059433	
0.3437	0.2974		44429	28959	40913	26480	41721	40694	38426	31220	38813	38383		1429406	1499140	1731712	1422077	1444754	1501656	1426098	1444138	1431225	1511490	
0.7399	0.9446		48899	40775	40948	45829	37775	54996	46400	45545	42683	45594		1304671	1403149	1196419	1253036	1308740	1683995	1530829	1389316	1443922	1356999	
0.1253	0.4136		25160	43448	36130	29340	26026	25459	33128	23971	30728	40461		1258972	1518887	1490114	1274642	1270973	1244856	1536943	1147749	1386500	1651235	
0.1638	0.6612		42596	25888	33985	38425	31678	26836	30021	33389	27105	32107		1295178	1168836	1532646	1404545	1367737	1411110	1629024	1317442	1238618	1285810	
0.9014	0.9825		66847	62831	49682	66557	61769	54206	47871	44760	65314	74378		1427322	1481557	1380054	1754075	1620963	1375482	1078337	1076915	1522884	1481407	
0.7514	0.6257		46136	35674	50631	51282	51582	31746	36963	31389	40146	48894		1657318	1573796	1542035	1404281	1159737	1067000	1203345	1084943	1352824	1486319	
0.2743	0.115		20443	20108	30580	22729	22993	26112	30106	20652	22249	29500		1296514	1300061	1290330	1139853	1113119	1395117	1370658	1170199	1186335	1278267	
0.4339	0.4434		30852	28687	35448	27765	39818	36967	40361	31370	31096	35226		1271231	1179668	1319987	1267162	1238778	1335824	1306074	1134392	1302951	1181508	
0.2256	0.9504		27841	40992	27775	31800	43963	29687	29819	34548	34526	32585		1302156	1317244	1456176	1395016	1576133	1114431	1261653	1282164	1413736	1153568	
0.8455	0.81		43344	39031	55292	42342	48426	44581	47130	58853	35964	46673		1319718	1280501	1624006	1259945	1487933	1219238	1250293	1102058	1175806	1290602	
0.8248	0.1164		32348	37472	37487	33626	34342	34097	30987	37832	33527	37809		1309145	1457823	1321966	1515789	1314147	1431414	1357108	1686707	1308373	1341752	
0.2666	0.612		25662	29726	27957	42282	32978	36264	35908	41348	39683	27033		1171021	1339845	1154266	1175416	1495681	1365138	1514065	1542588	1427767	1176618	
0.5036	0.553		32335	41274	28264	29585	42964	32589	34877	28944	33254	36398		1351656	1291979	1143614	1193578	1313037	1362717	1334885	1376201	1383551	1548398	
0.8833	0.6944		44905	42761	46808	42875	39553	50958	45064	59600	47113	56084		1512446	1304307	1653750	1338305	1205087	1244098	1359735	1511175	1259864	1441653	
0.9256	0.6548		47302	51913	35130	56848	48687	49573	35915	44466	39905	44884		1342372	1154514	1210934	1332681	1279296	1353930	1052573	1171004	1163363	1068575	
0.4528	0.0926		28555	24487	27400	27195	24085	37847	26370	27676	24214	41462		1319778	1260393	1467509	1158086	1105245	1347307	1186627	1156842	1209084	1104147	
0.6421	0.1703		44566	42009	33854	22957	35367	30573	45716	33667	43523	27855		1477216	1418195	1148203	1222476	1381768	1197944	1517159	1469415	1404633	1261727	
0.9229	0.4345		32923	47431	58033	47427	38362	44695	45722	34972	46213	39520		1155411	1363042	1525159	1472815	1255407	1655179	1522512	1271131	1489660	1447910	
0.6966	0.0948		30904	35413	43970	23568	36175	43628	31174	29759	22972	45240		1333358	1398269	1159923	1209824	1384357	1611977	1387220	1156334	1243086	1568743	
0.5778	0.7913		32187	29637	38332	37767	37607	32160	30866	39394	37715	34688		1084356	1240394	1244059	1341001	1315194	1005923	1041903	1353344	1385049	1198116	
0.7135	0.2773		41514	28801	35190	41704	32142	46673	37469	38800	37314	43859		1402303	1076152	1283552	1493727	1386367	1376311	1376628	1421530	1812620	1584815	
0.5566	0.1434		48250	41114	27776	29858	42285	41127	30117	38957	41872	33807		1502955	1304247	1318869	1357720	1537374	1491923	1306962	1273299	1478353	1322061	
0.5001	0.8574		34372	53751	34117	38145	37535	31736	33838	34366	33820	39491		1529731	1410521	1228276	1301773	1281567	1267072	1344294	1243199	1082476	1401199	
0.1985	0.5255		38963	26045	39020	38624	25199	23658	21088	23946	27314	30105		1545854	1493968	1654578	1700937	1145856	1282058	1187762	1381913	1245430	1498367	
0.3782	0.3509		51614	41944	30212	42261	30940	39822	30932	29152	46806	43474		1697626	1287814	1429453	1582609	1330016	1637463	1266372	1135450	1310783	1605809	
0.651	0.4988		41932	37334	43336	49830	49681	45558	35437	40276	44727	30895		1493272	1276523	1081414	1222434	1636854	1430709	1339784	1287968	1593164	1364782	
0.2176	0.3769		23951	34174	32220	45403	38699	36670	33133	20391	20740	27123		1253712	1255506	1222524	1652117	1736603	1732599	1545728	1077561	1228476	1558085	
0.4522	0.5762		26093	30493	32737	37575	34188	30996	47694	31088	29428	31538		1107676	1307565	1410919	1322599	1659612	1415445	1281262	1310892	1201683	1066155	
0.0871	0.6886		27661	27225	24311	20394	24509	24841	27058	27104	28243	28645		1281167	1231471	1121933	997906	1226097	1302312	1255233	1256787	1169921	1227533	
0.6194	0.4706		30814	30248	31958	31681	44950	34652	37408	31146	30816	38460		1217205	1173808	1354493	1248618	1364704	1339830	1296685	1232181	1186379	1271134	
0.249	0.846		30122	29029	30103	31019	24811	33004	43036	27895	32029	25464		1177439	1149956	1144352	1264089	1202265	1217681	1467293	1265526	1303930	1127114	
0.6727	0.6559		40464	35871	51645	39642	45632	37613	41739	49153	34585	37240		1322391	1131366	1483229	1594936	1407371	1486977	1531352	1607961	1334333	1666754	
0.2021	0.6756		32938	43439	30159	32959	26422	35042	22458	40535	31151	27254		1428338	1242055	1201886	1678825	1271807	1168557	1164396	1549671	1242574	1189247	
0.5721	0.9519		36457	33598	44043	42359	33346	41441	35946	38985	32041	41579		1124656	1075135	1243688	1388518	1100504	1289004	1601546	1594135	1063156	1264308	
0.3747	0.6791		30395	45598	31370	44359	38171	39699	25996	28026	34841	34271		1111568	1412105	1403350	1624241	1290265	1348211	1215631	1127702	1300822	1226294	
0.9532	0.0709		29208	37163	42630	48345	31945	45215	49024	31431	42866	43357		1144577	1309174	1458280	1294475	1174016	1292609	1633650	1308128	1320876	1212130	
0.0915	0.8749		40426	33106	28956	26469	25285	39844	36293	26626	23067	31934		1491525	1563848	1254042	1433944	1433997	1559155	1368524	1158464	1098018	1255345	
0.8193	0.0516		37199	34356	44164	37532	32530	30352	37551	25723	36090	24861		1587862	1378952	1547663	1347259	1288147	1294533	1545688	1056879	1393650	1237905	
0.3234	0.7209		46630	44617	44186	50032	48057	29734	39024	33929	50612	28759		1779974	1581527	1663802	1295151	1198281	1449044	1504272	1726122	1495674	1153862	
0.2706	0.804		31994	46458	24485	29515	30199	29430	29816	27806	30917	32550		1198755	1333671	1180162	1364493	1273972	1208809	1174178	1108357	1287725	1434441	
0.6274	0.4551		41447	31462	44234	30418	41486	30842	32200	42675	35797	45346		1141179	1171007	1477694	1059855	1283439	1178033	1215726	1375561	1221341	1398885	
0.899	0.5723		35667	50207	55387	38224	39801	42399	58153	37374	36217	46235		1143371	1533848	1317107	1288066	1212764	1488379	1442416	1041083	1134042	1395164	
0.4707	0.7668		35669	34344	40737	35109	50684	36567	42168	36755	33124	47636		1257965	1140107	1533268	1294083	1633557	1428094	1489454	1425927	1654743	1675989	
0.9476	0.1278		32349	37850	37259	38588	32297	52375	35541	36910	37458	36450		1284824	1171475	1243928	1397800	1289803	1168972	1488161	1302246	1379983	1320684	
0.6578	0.4632		48473	51909	36245	33415	43999	38899	35402	31592	34184	47313		1511649	1583319	1292581	1379788	1673297	1401379	1350571	1272149	1405989	1535763	
0.3143	0.8925		35809	32136	32893	33903	32449	31986	41609	31852	30717	46591		1344197	1217098	1329191	1089199	1443341	1260625	1388185	1237024	1349516	1534291	
0.753	0.5112		45560	53207	47024	41636	48194	36470	51076	33268	29165	38073		1425501	1516972	1698304	1307659	1550804	1409940	1503781	1226631	1066336	1386257	
0.9242	0.2519		48464	34845	48066	33636	34150	36808	36302	38136	45371	33694		1486418	1327084	1280613	1166020	1201337	1508394	1233023	1306137	1685357	1235755	
0.7283	0.3889		47645	33416	28695	31612	35909	32557	43230	36211	36171	46175		1653869	1404840	1191531	1238904	1246951	1057743	1373715	1343820	1252572	1142135	
0.9974	0.6833		41689	39243	49970	44656	43590	47604	52438	45904	54593	45813		1185016	1142749	1215928	1118511	1143816	1389353	1248555	1205620	1399374	1197054	
0.4405	0.0628		33454	28580	24337	23721	23334	32198	24974	25260	33889	36471		1376197	1253707	1370102	1096911	1196165	1474650	1141676	1360183	1300539	1292304	
0.4064	0.5979		42419	32235	29592	28729	32620	43256	43186	31125	35178	30223		1308512	1382724	1124235	1234967	1374696	1335793	1463894	1296487	1259020	1253280	
0.2108	0.4156		21501	24036	26307	27460	31404	38737	26382	36398	26147	37625		1191647	1429871	1267520	1388102	1326786	1469004	1255670	1297828	1271999	1378069	
0.3447	0.4061		26218	27273	41347	37872	29746	26248	26659	26964	33763	41460		1393419	1500928	1564748	1811141	1327250	1240575	1341373	1371628	1545854	1786749	
0.9718	0.7929		38648	44834	44660	55155	53576	46079	48780	38164	46094	44370		1094961	1184223	1348811	1414698	1415365	1284104	1346573	1032840	1278416	1507664	
0.6863	0.4121		46587	46765	27423	27652	39432	34474	35009	46778	57464	43353		1528303	1343642	1053553	1061075	1440959	1509112	1579849	1318233	1288099	1576791	
0.732	0.6111		39929	40995	32298	30695	44793	55903	38393	38845	44384	57644		1735545	1372454	1133190	1012885	1286232	1364887	1198162	1125002	1333201	1369604	
0.669	0.6776		43902	38464	47068	51822	55316	40357	31260	30934	38467	30502		1456698	1289396	1194521	1480486	1725527	1545109	1186202	1070158	1403251	1222139	
0.3395	0.3525		26811	27492	40599	32513	29986	29158	40904	39170	40856	37354		1271545	1110234	1512733	1310324	1356880	1591728	1517572	1579379	1623002	1264563	
0.9371	0.421		45460	50921	41033	50430	37358	42860	43667	54007	43309	52798		1456018	1362249	1308095	1586013	1351492	1348042	1447454	1617749	1413947	1446277	
0.2737	0.9405		33592	34597	44395	46004	43863	38635	37817	30499	30838	43685		1354174	1564969	1503793	1744815	1547706	1392034	1360079	1204596	1300800	1406149	
0.0592	0.8436		27448	28978	28940	28330	35171	28754	29439	38333	35837	28362		1289821	1651314	1466545	1404895	1341190	1358768	1360626	1577747	1562098	1440988	
0.1878	0.2156		20106	20107	23165	22706	27429	29869	19928	27219	28490	23870		1213104	1114731	1289434	1150790	1416637	1325366	1249526	1443879	1465202	1486000	
0.5538	0.2789		33203	30573	39549	27980	48774	36364	30907	28456	31331	30233		1316150	1276565	1537837	1308776	1579083	1457300	1297616	1335330	1328779	1436101	
0.7153	0.5775		41176	45803	34412	54090	42253	42807	38306	41289	40314	34740		1263505	1383853	1222319	1156569	1254401	1288123	1418389	1290706	1342483	1219958	
0.9739	0.8157		58419	39013	43661	54502	52426	51509	48417	53370	60021	52830		1547334	1290790	1290750	1452861	1557486	1354978	1299669	1465109	1398123	1607761	
0.329	0.6097		31629	36743	28825	43607	31457	28512	24693	36917	49248	28395		1351122	1409920	1254945	1564367	1302020	1228560	1165303	1455131	1241155	1147526	
0.5971	0.379		35620	45778	43488	35857	45212	38102	33346	30326	33276	29919		1466232	1372364	1385208	1298887	1764570	1337985	1246918	1202644	1364272	1412414	
0.6612	0.7901		38802	37812	36400	31652	54152	50295	32036	42205	46100	52776		1232281	1136090	1202731	1138400	1322597	1361035	1220078	1407585	1565186	1227289	
0.892	0.7635		48118	41029	58449	39546	43248	54751	42533	48537	53052	68235		1278778	1089170	1327937	1253747	1250738	1397733	1294526	1164980	1220719	1307665	
0.5458	0.3516		24086	36627	25355	24028	32261	50761	35841	25331	32632	44114		1334282	1328317	1286052	1125948	1498394	1721923	1378576	1280406	1336155	1586428	
0.8672	0.5274		38549	37992	43727	34488	68753	42608	36023	52798	52195	37890		1230996	1282662	1349310	1221420	1500915	1343517	1305558	1361142	1455888	1301002	
0.0921	0.9789		28536	32305	29603	41433	39787	28929	22829	24412	38175	37070		1346232	1364863	1396016	1697466	1501295	1288137	1043237	1186923	1447975	1699344	
0.2914	0.9477		46346	34601	41862	31668	45998	35971	27081	35767	23781	33075		1675331	1488507	1220420	1296450	1532625	1402848	1081565	1085186	1038146	1263680	
0.8088	0.4708		36132	40295	49283	33965	41948	40652	52763	32182	34557	36923		1362994	1574698	1498788	1138512	1471053	1563861	1728408	1419490	1304598	1267530	
0.5217	0.8871		42335	49461	45266	41126	29419	35495	30017	52270	34317	34788		1401988	1517265	1455488	1254480	983844	1355656	1197518	1394774	1282851	1281782	
0.3739	0.476		29785	31179	26625	25606	30507	31831	27554	26691	26589	27772		1633713	1407888	1351775	1269498	1450264	1282508	1241392	1186534	1185841	1309112	
0.0878	0.5881		24175	22660	19757	26986	35390	26268	41574	23168	20873	29443		1057209	1109235	1101543	1186411	1232589	1348184	1613663	1225233	1259512	1373949	
0.07	0.1263		31573	20071	19503	19498	19839	33204	24750	24102	30469	28986		1490486	1287641	1331746	1220836	1196552	1595507	1497310	1403539	1629679	1443824	
0.7368	0.675		40471	35642	33514	67774	51385	53491	51753	51906	38473	39207		1273204	1385864	1036555	1396850	1586499	1576354	1667661	1517875	1238125	1621061	
0.7556	0.5199		35874	36150	31604	41898	41051	36637	45113	42392	38030	38992		1680172	1388738	1366992	1406563	1417322	1441462	1510034	1377661	1329527	1334462	
0.7187	0.939		47627	49356	44863	45604	39752	41274	45403	39066	46549	34684		1345975	1264007	1381200	1430747	1329854	1240386	1362199	1322489	1284196	1184471	
0.6071	0.2166		22882	31577	30960	31454	34675	28966	39731	40025	43828	35407		1073880	1325559	1438233	1335243	1283038	1544615	1231143	1239417	1338686	1470351	
0.8321	0.4382		33969	36919	36090	50461	42902	49899	42940	36960	48371	39424		1374331	1324262	1434909	1781236	1430682	1754025	1596256	1129707	1436938	1693222	
0.965	0.7155		51379	63003	57935	52629	40156	43753	64138	53566	39207	54318		1504010	1749988	1374095	1482930	1615132	1383090	1481917	1404343	1348891	1412844	
0.1748	0.5084		27279	43541	31675	38560	26570	20898	26959	26610	26645	26519		1323224	1387586	1515432	1362501	1279939	1140135	1359166	1095879	1251439	1223987	
0.1112	0.5949		21260	28271	29754	24297	40038	25457	37504	25907	29465	28760		1038548	1499039	1453299	1165451	1331824	1436137	1386024	1257115	1259654	1362307	
0.9912	0.2198		35757	27705	41189	42311	29160	28997	44927	45738	51111	35905		1255252	1137492	1514422	1181530	963948	1174996	1299234	1289601	1539345	1203890	
0.0554	0.2115		39604	30063	26542	16960	19917	26264	20002	17362	20776	27134		1571989	1417019	1248993	1321558	1153332	1362293	1146510	1125929	1273064	1342589	
0.7674	0.5749		30635	48147	50704	49277	37991	31430	35759	42196	33305	39402		1260241	1363219	1657865	1467419	1344456	1180045	1073806	1192227	1085993	1329694	
0.6252	0.7696		55750	43556	40766	44309	34989	42524	33344	33785	35693	47390		1486189	1221929	1302351	1323646	1215007	1217087	1226204	1122671	1154123	1291470	
0.6892	0.631		50581	41898	41193	41284	45683	34297	38022	38521	33762	42758		1342378	1216996	1246556	1343256	1147752	1259883	1212409	1230021	1025248	1282792	
0.4567	0.6517		36628	30745	39738	40098	33316	28622	26180	33153	37342	27561		1212079	1020732	1261088	1236547	1265496	1270238	981852	1268564	1487683	1286959	
0.971	0.2158		36473	28701	34914	33092	42460	34788	33312	35177	31652	32555		1361910	1329076	1298291	1436666	1468991	1261715	1334465	1242877	1284696	1324473	
0.6706	0.1409		40276	40197	40432	40551	34339	40484	38246	45908	32538	49981		1516235	1650197	1555639	1541724	1282725	1301265	1407569	1272253	1440464	1520625	
0.6727	0.4456		44725	31145	41825	31663	59270	31011	38082	31729	33163	45937		1451064	1190697	1389339	1384054	1310654	1250695	1293285	1323829	1257160	1562118	
0.7287	0.2947		44653	35103	41778	31217	39851	37777	26336	39317	34469	32360		1323485	1202946	1458416	1523948	1383467	1338785	1078497	1728129	1310434	1286401	
0.3472	0.6252		30749	40729	40910	50292	28388	30167	47326	34603	29579	35735		1171286	1276670	1204489	1275337	1082429	1232163	1364639	1316233	1022548	1333993	
0.8386	0.5654		37715	34103	59849	36320	32836	40584	35730	39149	52932	37429		1460838	1101366	1386601	1132510	1287180	1361703	1363678	1342776	1669799	1279703	
0.4474	0.281		29276	25453	32128	33001	34271	25101	39044	28814	22312	22417		1019173	1220724	1237301	1516348	1289578	1441132	1635429	1703496	1195514	1078729	
0.8961	0.2076		27824	46622	41864	27841	27226	38153	37975	46278	41639	48286		1183926	1757413	1321541	1017019	1293050	1243890	1371738	1538700	1277270	1310863	
0.1497	0.736		41027	36760	29079	30738	27147	39027	41271	39945	31375	36412		1244402	1325168	1263105	1397592	1282108	1297236	1271794	1619777	1330767	1494785	
0.1446	0.6263		24111	26079	23593	26199	26073	27152	25734	24819	27490	27217		1178879	1020514	1208656	1200767	1268804	1206034	1337682	1318935	1181997	1243896	
0.963	0.1107		39290	44247	45750	40837	58016	43930	46152	32147	59399	36827		1456185	1283518	1386276	1443969	1453141	1353064	1530662	1541063	1451379	1445476	
0.4446	0.1739		34746	34282	35808	21234	39072	24354	26036	30474	37619	21205		1220034	1465564	1322167	1282567	1465957	1293639	1296768	1508185	1430306	1185109	
0.4173	0.3153		24428	29926	26273	41018	25809	31988	42206	33141	41586	25413		1326923	1486844	1144841	1510147	1503906	1496387	1554435	1370090	1703453	1201190	
0.2519	0.9987		37176	47713	44095	29116	32752	45616	34167	31797	46647	27411		1313042	1706340	1420025	1276583	1221937	1311849	1332111	1195329	1245483	1577029	
0.6496	0.9289		41595	39412	42561	58841	52342	51953	56161	41339	42142	56220		1242980	1305660	1182219	1535463	1454470	1506378	1253122	1447884	1388150	1759561	
0.5096	0.2073		36894	21193	43571	26026	32783	30750	41452	42604	29562	35091		1522789	1032779	1299026	1396684	1432592	1259441	1413474	1456228	1403548	1521700	
0.7769	0.2464		28873	31745	31581	29674	31385	26507	34519	41197	32379	26292		1279697	1471387	1343674	1188987	1228727	1228063	1426520	1470839	1575081	1049474	
0.7965	0.1943		33732	33222	28769	43422	45961	29547	29955	36002	36621	45556		1400219	1563473	1203039	1467160	1478050	1255909	1270215	1344030	1278198	1445537	
0.4034	0.5391		31690	32074	35149	34541	31533	29938	41527	41383	29100	36453		1371167	1427126	1227027	1568363	1368437	1277237	1566311	1450506	1358084	1560924	
0.8271	0.5317		33540	34168	50284	40072	48377	32276	49448	44318	45083	49646		1191513	1291797	1604535	1455633	1545025	1374742	1418943	1706156	1413141	1636660	
0.3126	0.0656		29976	33761	35655	27862	28380	28418	20927	34874	24084	31798		1393258	1491736	1727258	1596395	1299088	1469315	1176084	1341761	1253591	1353782	
0.2129	0.4487		38983	21042	48560	24554	24543	25711	28001	34091	36405	21886		1433111	1064065	1316690	1153505	1470079	1382207	1298911	1315017	1412597	1133733	
0.6306	0.9198		44473	44892	39089	44417	45721	53487	45529	44941	38451	57517		1584439	1442026	1353144	1282810	1473801	1525181	1346948	1432961	1294708	1576619	
0.1108	0.5411		31118	22957	26801	32937	33115	26503	28393	22659	35453	26494		1207779	1098151	1255069	1287442	1466283	1479746	1367498	1223774	1519372	1308291	
0.2967	0.0675		36196	28490	26225	29525	18630	19256	23446	29260	22378	25818		1432994	1540496	1238503	1176776	1068338	1090872	1291627	1424775	1295355	1589216	
0.6342	0.5729		46269	52676	50629	35430	48203	32117	38579	35519	32362	28914		1300028	1358330	1378296	1401284	1391127	1233551	1485114	1358507	1186778	1378370	
0.7572	0.1031		26415	32567	31853	32994	28286	41575	29269	29851	36036	31992		1252765	1597020	1322118	1306489	1426893	1489726	1370628	1284079	1474317	1381778	
0.5788	0.8406		32763	38881	55290	40824	35348	39080	31620	35503	45900	42114		1291452	1406397	1577336	1301138	1200736	1300008	1032465	1268224	1272096	1310225	
0.0663	0.148		21390	29414	18141	20206	24883	20861	32485	16232	16879	18889		1369838	1540990	1234669	1566036	1335565	1531299	1592576	984384	1123053	1261168	
0.2039	0.7977		34442	29962	38585	44272	24611	27705	43386	31267	24467	30974		1357811	1238574	1359308	1491301	1165520	1482451	1690008	1294580	1240285	1396928	
0.2793	0.6563		45152	32948	25042	37437	30369	26570	29591	29734	28358	24210		1537027	1318109	1142776	1421684	1212322	1155937	1227866	1330902	1288692	1264370	
0.3089	0.7934		29112	51202	31310	29045	29695	27077	26760	34311	31634	36352		1216132	1395462	1183476	1168398	1193257	1093961	1097065	1309282	1379503	1556129	
0.7266	0.3942		40190	44754	44530	39386	34411	39493	32374	27724	32391	31637		1338087	1670674	1499599	1320125	1285042	1568774	1254886	1137870	1143831	1173097	
0.9668	0.9636		53453	50602	52587	49018	73438	60934	61914	50940	59301	52035		1401648	1235608	1185260	1260601	1449931	1326315	1404016	1193859	1230723	1180328	
0.1734	0.0684		27204	27267	34654	22994	21327	18491	24186	31063	34333	23210		1393708	1378250	1736430	1744204	1359932	1297707	1528830	1751620	1533736	1315106	
0.8881	0.1914		38383	54393	41096	36294	28301	28843	28655	24310	28172	35526		1602603	1501221	1319057	1240415	1094574	1097684	985420	1137951	1263167	1251933	
0.1003	0.6525		35516	35454	28160	26797	24210	20928	29834	27866	24276	27947		1678359	1368660	1340184	1317339	1075679	1055574	1328574	1429797	1364522	1600231	
0.9667	0.6048		47768	40060	60108	43174	59550	47471	39275	61165	56196	50987		1232983	1209962	1417812	1399576	1623179	1370803	1302285	1433314	1267607	1154832	
0.8221	0.3316		31692	35084	32389	32948	43552	36561	36796	47053	37299	36329		1171088	1205385	1131237	1273692	1447898	1226114	1368664	1514078	1186431	1384337	
0.8387	0.6512		36581	41972	41704	44452	50848	56205	65627	50653	40553	46702		1323097	1206540	1247816	1321670	1414518	1491916	1640218	1653781	1311863	1453465	
0.7134	0.4808		33780	34302	51467	35342	38504	28971	30441	46553	33399	35882		1278403	1347927	1537070	1325230	1332348	1214416	1129493	1461842	1163900	1330853	
0.6397	0.2802		44134	28741	30756	44548	32564	25936	33948	44332	36792	32579		1573957	1237895	1392628	1330448	1498646	1210107	1295220	1462738	1468440	1390299	
0.6773	0.3283		38240	45316	33944	37186	35086	26755	44758	38572	31038	29112		1524400	1739201	1322766	1290853	1265203	1273229	1283688	1368053	1268583	1186141	
0.2224	0.4476		20886	28384	23767	33582	28690	24501	37168	42536	36902	24027		1261449	1342434	1166897	1428349	1320063	1199572	1658114	1638431	1453562	1153080	
0.9231	0.8474		43588	42976	47208	48074	50850	62062	53733	48015	54774	48358		1199613	1034398	1140124	1265862	1221449	1437819	1232494	1448766	1220044	1193697	
0.4547	0.1374		28486	32741	25504	27909	30836	23942	27980	30467	28079	23929		1266197	1420401	1286358	1299823	1224491	1176172	1242011	1183253	1351864	1230935	
0.2519	0.0629		24642	32176	34020	23932	24632	19410	33777	21361	30767	29314		1521378	1472797	1604044	1459100	1325045	1117757	1683521	1241960	1250030	1511821	
0.1404	0.218		26922	26351	25154	21147	18696	28937	35079	24546	21294	23681		1228184	1244834	1260993	1065959	1249887	1393447	1701989	1313295	1467062	1343082	
0.8629	0.4141		36568	37735	30859	41796	41470	50554	49549	50002	37301	34424		1339319	1277887	1279551	1365665	1623833	1428000	1436798	1449854	1251074	1468849	
0.8699	0.3658		53345	36053	40583	42972	50919	49599	47127	44255	39897	36850		1265600	1275170	1549680	1561335	1418771	1574017	1338445	1247299	1357899	1324513	
0.181	0.2777		25335	34494	18633	34683	35718	18739	24597	37335	18540	20138		1195929	1220486	1221597	1493914	1229345	1163321	1538597	1382084	1221822	1222567	
0.1307	0.3575		35547	21608	22096	27747	38730	23975	22008	30227	22028	28475		1550927	1100590	1179046	1259811	1378938	1233951	1274186	1221545	1084151	1144645	
0.4833	0.7446		24501	30840	39460	31511	31527	28901	28305	39610	32894	35209		875825	1214291	1308836	1200984	1209847	1071736	1069143	1277951	1579274	1203401	
0.7893	0.6771		55215	49959	39023	42739	52794	35865	42904	41243	51805	52120		1525718	1518995	1263031	1183344	1612164	1134035	1461629	1217307	1589957	1302478	
0.9985	0.6536		59893	35521	43956	57883	53256	36753	52292	56388	41434	45380		1290392	1167810	1304921	1692500	1341139	1213710	1416877	1210087	1356581	1158916	
0.546	0.4662		25748	27155	42204	49198	48687	32170	31765	43502	42911	26775		1134356	1131273	1362646	1370720	1758613	1347866	1353187	1527473	1518254	1269688	
0.7936	0.3384		49237	41050	39486	32201	33217	36138	30671	49000	39787	43502		1441241	1455725	1396165	1232584	1348426	1419031	1149291	1695890	1615088	1296813	
0.7403	0.4899		38168	32763	31476	36291	46688	32556	32713	35479	36238	32329		1354518	1262566	1195405	1284137	1387987	1358564	1252176	1277416	1532277	1057750	
0.0568	0.4745		33367	25347	22436	26419	25399	31264	21475	27136	28039	34315		1448854	1332360	1291263	1362433	1243733	1271608	1283940	1303690	1345158	1627215	
0.1308	0.5872		25036	30090	34709	30336	22844	30309	44654	33280	35127	26401		1198496	1308354	1333968	1212367	1189985	1346281	1733978	1208996	1550899	1417582	
0.5993	0.61		36118	35586	34615	33086	45997	46216	31730	31161	34416	33242		1423024	1483086	1209332	1604190	1257731	1618075	1243115	1052563	1213537	1257837	
0.8212	0.7371		56826	53283	45569	44949	35352	44219	43436	40291	47268	45180		1356765	1408056	1376178	1290416	1475870	1367978	1296331	1363974	1473750	1410054	
0.2654	0.5348		23919	33477	23601	25562	24272	32659	34498	28830	29495	29097		1320703	1538402	1365070	1296284	1126217	1345923	1410058	1435074	1376189	1442155	
0.2183	0.5673		32085	40954	26643	32474	28215	23446	27126	27049	33391	36144		1455951	1475139	1340362	1444744	1286495	1110101	1341223	1253662	1770723	1690313	
0.3657	0.5909		41792	27454	42372	31454	41967	29057	42159	32733	36318	36154		1498775	1067998	1472238	1260105	1695093	1359865	1429422	1488865	1451129	1418671	
0.7969	0.4262		48211	41252	33798	37285	41255	38321	35261	37890	34339	32889		1618517	1364024	1314757	1306394	1408541	1429587	1257246	1335642	1263659	1309594	
0.3446	0.9596		43650	45200	33299	46132	37184	33899	35350	41385	33046	51167		1411961	1632729	1389734	1570031	1242961	1144179	1532055	1579366	1226409	1354948	
0.1064	0.8782		27202	29787	39581	36454	36226	33949	29099	26995	27826	28932		1198751	1368332	1523849	1344756	1514135	1519884	1346760	1199133	1259545	1287360	
0.2704	0.9724		30231	27182	22268	37879	38520	38398	33739	34862	34674	38289		1243983	947010	827009	1390862	1524947	1471870	1261966	1360996	1303276	1396992	
0.4561	0.1856		21347	29628	30236	25804	28775	27949	21361	21204	25926	30956		1144653	1385906	1315565	1244010	1290126	1334299	1005485	1015527	1569006	1317377	
0.5801	0.4152		33687	33350	44192	35198	35200	32491	34328	45309	35459	36408		1216957	1584294	1572819	1642555	1395731	1394256	1541145	1446983	1496163	1635103	
0.1769	0.7498		33406	32483	28830	33031	22858	29224	29449	27290	28977	24337		1421876	1379853	1449272	1335821	1138595	1367520	1227922	1360381	1223051	1090240	
0.6207	0.2913		33678	24518	26657	35017	43306	41412	38444	42972	35956	40759		1277097	1217287	1214091	1280397	1482534	1724171	1650724	1615520	1354354	1435263	
0.8329	0.3274		44576	32176	34753	46605	46821	50594	37051	47737	38250	45422		1509212	1193205	1219328	1439558	1478748	1316273	1315803	1358121	1301993	1425374	
0.5033	0.2673		24965	25533	38061	23612	43043	33740	23844	30665	29856	30144		1313360	1231615	1311407	1302430	1530765	1450385	1165351	1320057	1407373	1423916	
0.3199	0.5297		23535	26482	25676	23104	25783	26812	31003	39039	28604	30516		1050390	1334277	1077656	986413	1289520	1405449	1419139	1357426	1621165	1266492	
0.5192	0.4645		41614	36873	27894	26741	29899	37089	28895	40617	34711	31711		1473730	1431264	1526412	1615672	1290728	1333019	1307422	1478831	1482107	1443862	
0.2091	0.52		26118	25263	25412	27761	27725	23501	28148	24658	23851	24155		1260466	1184737	1218264	1477858	1144127	1183395	1232463	1253132	1193788	1159672	
0.6891	0.2337		32463	36131	36743	42752	32807	45811	37517	28674	25296	36362		1266756	1406511	1421587	1281087	1486940	1553694	1338335	1204554	1165362	1419332	
0.867	0.3606		42463	37887	50984	46243	39713	33153	38020	42668	36923	32366		1510597	1324138	1517787	1380658	1444000	1261168	1453908	1317382	1582193	1332970	
0.4653	0.9648		37803	41707	35464	32270	35480	30572	37239	40055	43798	37957		1517865	1173803	1288771	1169794	1254031	1182977	1380900	1445965	1438094	1294945	
0.1037	0.7821		26698	35524	37805	36484	40380	35822	39482	41401	25883	29900		1153918	1234275	1425064	1336827	1647272	1296073	1581064	1414279	1250722	1322720	
0.7184	0.4171		44321	32158	32125	29022	30623	37760	42433	34183	37013	34785		1297251	1063729	1096930	1162497	1077162	1268217	1280545	1287137	1337917	1134159	
0.8633	0.6037		37205	37830	39996	39912	45270	43002	47849	54760	59943	35108		1283179	1195658	1171647	1479153	1266314	1260015	1433202	1362614	1419716	1195961	
0.0922	0.5917		33804	23801	29908	26632	38634	35428	35111	30363	30233	30046		1603021	1350608	1425652	1368043	1326044	1443907	1627934	1441764	1328613	1477177	
0.9842	0.2601		28096	41862	47693	36470	32809	33902	34152	46559	35489	45892		1116995	1253710	1273824	1427417	1372183	1305188	1486475	1520739	1466193	1363026	
0.2863	0.5907		29823	39095	32567	25297	34550	30694	39595	35223	29860	43636		1418874	1588465	1440104	1319581	1314096	1336122	1653635	1269714	1431608	1464165	
0.0985	0.9076		33269	29519	46654	29435	41274	41501	34406	26520	26202	40396		1293959	1207970	1251601	1255689	1439655	1279944	1399200	1153228	1023816	1347509	
0.2588	0.3705		37252	34642	26542	20553	26737	31966	37243	29927	37196	25299		1382780	1601401	1241716	1130799	1261615	1249869	1223335	1241554	1324233	1195939	
0.2556	0.8934		27873	28624	26269	24679	28538	32897	27474	31381	33685	40519		1168482	1096014	1043632	1097301	1051324	1238688	1037800	1168551	1123605	1436062	
0.5467	0.2044		33326	34180	31118	37285	33041	34070	29627	21343	30740	28855		1292545	1296402	1371104	1225210	1669371	1314065	1205358	1124560	1308091	1511470	
0.5946	0.2909		29505	36015	41829	28938	36606	32163	34080	32019	47524	31896		1180854	1552226	1558910	1193366	1307632	1300681	1407895	1246217	1433434	1468972	
0.6479	0.2028		31636	23218	41332	34683	30847	31232	24624	31847	40661	35212		1294606	976559	1230948	1270750	1170701	1351738	1229723	1509474	1668696	1348153	
0.7723	0.7411		39886	52214	45002	51479	40548	38879	46880	44232	37768	37829		1277856	1447153	1236690	1570295	1252646	1183259	1449098	1509858	1199074	1577488	
0.0919	0.3626		29734	24767	18474	21720	23417	21777	24944	26788	26620	31729		1309170	1203510	1019382	1263366	1236261	1192892	1455439	1258251	1425031	1541095	
0.3312	0.7981		32256	29700	45393	40932	36088	29762	36015	29562	34119	31958		1320487	1080981	1733236	1429931	1213035	1215851	1189076	1173744	1246974	1271595	
0.5114	0.7515		41061	48475	32187	36080	36711	31811	30734	41086	31650	35019		1227368	1427685	1365170	1640580	1513456	1183704	1123561	1302452	1240451	1292293	
0.1856	0.8896		31770	31235	33624	27928	31149	38972	34775	26581	30276	27062		1277084	1501368	1256325	1150292	1274425	1342887	1609498	1240883	1205761	1137910	
0.6383	0.1168		25361	41571	52491	44594	34052	30079	29866	31020	44199	31180		1375072	1509867	1554950	1593338	1470981	1489640	1321485	1374628	1792460	1283521	
0.3152	0.9216		42782	33682	39752	38615	34725	42376	45515	53055	26995	43629		1183116	1246490	1252307	1360920	1273804	1199138	1343228	1548043	1144455	1505967	
0.8433	0.6223		38608	43570	38088	37082	38026	42242	40941	40982	40519	32665		1168819	1206873	1213630	1158840	1414513	1455684	1327327	1381259	1274637	1240249	
0.0608	0.7108		30269	28284	24306	24184	27380	25402	22315	27319	25998	36471		1330881	1542731	1396267	1118585	1308259	1134399	1212463	1288786	1296291	1332436	
0.3838	0.1841		29172	39485	27888	25361	23886	30917	30914	32430	32266	26798		1210349	1560738	1221464	1230728	1319115	1451516	1382167	1262321	1336396	1300653	
0.7932	0.6472		40584	47014	35229	37011	40462	37117	38494	39289	32018	47124		1327922	1345214	1443444	1460475	1190551	1419813	1332919	1228035	1061159	1367155	
0.5787	0.4716		37726	43576	55498	38201	45712	45065	33109	31614	33609	40227		1467988	1478810	1521983	1428906	1563373	1655566	1456383	1245150	1504519	1401974	
0.1607	0.6694		32561	27661	27873	23692	26930	26921	28213	29714	35682	21383		1272289	1366920	1209978	1120097	1171617	1156082	1028300	1222500	1303069	939259	
0.3985	0.781		31659	38177	48847	41263	38570	32826	32418	34426	47021	51930		1200816	1510750	1354521	1382250	1340352	1298068	1175464	1452700	1459078	1575154	
0.1642	0.7613		41009	40073	28754	44731	35494	28752	28916	39094	44044	30012		1365210	1250883	1294435	1454952	1429546	1237658	1206078	1517105	1537745	1312813	
0.4329	0.4013		28616	32795	27433	23655	25182	26630	36759	23731	35017	30074		1370675	1446677	981907	932202	941377	1189958	1273008	1108433	1467774	1177328	
0.2599	0.3767		28189	26686	24850	31749	24146	25640	27289	30189	40460	31423		1217696	1305670	1226249	1324656	1276215	1258360	1434119	1454817	1483467	1400132	
0.8641	0.4536		37351	51288	35904	47672	41060	29733	34170	43839	36265	49147		1259664	1479738	1359404	1371492	1285011	1070201	1027679	1542707	1166276	1482745	
0.7611	0.2038		30485	31956	42203	38518	44887	44125	31317	29677	35216	34559		1359175	1360527	1380952	1313898	1438496	1405512	1326602	988589	1274241	1324784	
0.8399	0.3695		34564	33806	46318	37310	53199	47982	40965	50665	29979	33967		1196783	1238704	1321091	1336869	1576085	1638686	1232484	1510093	1129088	1343010	
0.5134	0.6956		35379	37021	46999	38332	27350	44739	46884	32849	31395	28914		1373323	1447745	1552110	1352476	1052613	1283408	1555806	1238431	1044653	1183303	
0.5411	0.2738		26312	31479	27222	29559	32175	43802	27839	23790	24435	26316		1250333	1201055	1214123	1263858	1305623	1507957	1193503	1039202	1055272	1207799	
0.2861	0.9401		41209	39283	27654	38056	30762	31694	44723	34447	34530	36822		1757487	1481033	1111831	1401764	1244345	1286362	1629623	1342712	1415470	1620328	
0.5253	0.7362		41996	35905	34674	45542	48403	31415	33985	33288	38182	29806		1580878	1295465	1258404	1585556	1465889	1199730	1160964	1173555	1256716	1110852	
0.498	0.8102		33512	44062	39800	31947	40242	33484	35181	37374	48228	36095		1153704	1282050	1318764	1205533	1360234	1227850	1195320	1452807	1560396	1512330	
0.5126	0.3998		27473	24433	33781	31779	39331	35883	31399	31563	28357	30053		1101889	1207209	1185709	1274228	1300533	1352439	1321888	1255627	1163271	1155125	
0.1388	0.0529		26578	26957	33279	32984	26239	32834	38141	27095	19827	19943		1444351	1448041	1579283	1522140	1230229	1490905	1629449	1313637	1285922	1216380	
0.1923	0.2556		19184	31370	26982	22190	20937	21982	30007	22925	18930	31461		1153811	1337660	1341219	1250001	1248913	1335210	1454708	1098084	1096431	1443280	
0.8883	0.993		46971	67511	40307	42830	39816	67940	56487	64590	74489	67252		1338440	1601098	1063054	1136929	1218691	1243432	1506269	1375706	1600781	1456339	
0.3776	0.6989		38210	30199	30945	31053	36984	30487	44522	34562	46749	34328		1323258	1117280	1148324	1309011	1278328	1387478	1463042	1244832	1415844	1299408	
0.2015	0.6097		27350	39588	26229	26932	27112	28467	36303	25858	26293	24821		1240702	1551533	1138644	1286435	1486961	1424936	1325626	1232770	1194082	1174762	
0.7753	0.956		50848	56930	43806	52460	47967	38785	47369	43455	40804	49682		1238457	1393960	1313974	1571538	1536697	1248253	1529913	1234591	1343266	1302348	
0.7648	0.0768		27315	31264	28250	35144	26913	30939	27384	42463	31231	24522		1183154	1298537	1276630	1407804	1303791	1255351	1334328	1248911	1121874	979737	
0.9586	0.3649		38462	56212	59098	43319	43868	39581	56494	46923	45253	39265		1219254	1415726	1495792	1182712	1206125	1071699	1256194	1509898	1398522	1192036	
0.71	0.7026		38242	34765	37230	39795	42878	46231	35166	48465	38880	48782		1265017	1339431	1420239	1445265	1470665	1373869	1112021	1306738	1300417	1281719	
0.6195	0.4513		29607	33400	46693	30616	30436	35844	35359	30556	38228	34315		1458708	1443032	1294749	1130419	1214364	1273046	1216792	1192483	1140618	1459611	
0.8272	0.9295		45726	41718	45160	41476	50802	57158	61186	54318	50192	47239		1425795	1337601	1286168	1339254	1369854	1453064	1574114	1445332	1401557	1342198	
0.7797	0.214		38156	25499	35612	45060	44016	29168	52056	43694	40028	41718		1467431	1173324	1320980	1400829	1578011	1339711	1772844	1615154	1353399	1553101	
0.5632	0.224		29789	34727	40781	41548	31995	30841	30567	30670	30909	36196		1287962	1455003	1516885	1638889	1383126	1404037	1451420	1423551	1352709	1399039	
0.285	0.6829		35015	26950	28708	31263	35267	28197	26541	42112	37465	39049		1380758	1351482	1214801	1438599	1367228	1325394	1568904	1771078	1449371	1256351	
0.7591	0.8046		36237	51213	40914	54820	42651	41612	42161	36907	49058	38849		1158164	1285421	1316089	1557156	1431021	1592933	1320323	1475449	1542172	1183353	
0.2115	0.4335		39271	20400	28881	34960	30278	36905	29559	35797	25002	29524		1250039	1354088	1392229	1394409	1308282	1325653	1575688	1278433	1389247	1293678	
0.9647	0.3907		39698	43561	42370	47813	65815	33829	40897	51337	44779	57917		1334274	1345966	1227049	1292284	1447318	1419827	1567998	1594114	1394798	1531678	
0.1606	0.0886		27042	28488	24242	30483	32275	31150	34181	24963	35167	24328		1440961	1394565	1459883	1663251	1522707	1398627	1444865	1354886	1592151	1615787	
0.2134	0.9284		34763	30538	35640	29875	43184	26070	29342	26930	29459	29270		1185251	1291116	1270629	1223377	1402307	1279186	1387904	1140168	1334928	1299593	
0.7948	0.4018		44490	38890	61054	36658	33219	35601	33533	38863	32536	29732		1506284	1517132	1680344	1369438	1183206	1321041	1165305	1274030	1165304	1078309	
0.3969	0.2116		21359	21133	28467	29501	32532	26127	28245	26750	24915	23273		986275	1004708	1129856	1135729	1275126	1292980	1238407	1232684	1112200	1010727	
0.1295	0.9637		33584	32281	35590	42514	31209	32277	30315	35313	28808	40550		1352857	1326313	1448761	1604516	1315594	1240438	1522363	1349302	1205885	1274019	
0.8993	0.7035		34122	60166	74915	46629	39776	51263	46512	46813	59412	39372		1189980	1648295	1470297	1209291	1064132	1210807	1295384	1448383	1353711	1088952	
0.7757	0.7785		56177	45931	45463	58078	43613	36569	51917	41499	46190	38517		1199417	1337444	1211071	1657204	1257861	1094447	1299148	1411731	1246780	1283834	
0.1378	0.247		25907	28725	30810	21098	29532	21070	24059	24159	22472	30148		1399747	1339330	1362777	1138831	1290861	1272756	1400541	1291956	1169425	1486770	
0.2605	0.6708		29682	25737	33755	34571	27610	41611	30187	27669	29383	36812		1367212	1170072	1347555	1394406	1177524	1710612	1300896	1245585	1224939	1366993	
0.8392	0.1604		27739	26563	27861	26361	45134	41622	45217	40180	30398	30731		992782	977189	1018696	999127	1411438	1371972	1731495	1370949	1136167	1185144	
0.1451	0.2433		27129	21741	23731	28696	20977	25313	27706	33968	21925	25963		1292158	1267191	1558064	1286143	1202659	1271758	1243634	1280655	1420003	1388523	
0.6021	0.427		35550	38495	32544	54960	26811	44099	29413	45553	31521	58340		1295706	1374728	1404041	1335928	1184949	1646079	1247281	1607298	1233757	1481440	
0.5238	0.5841		33064	41803	50996	36110	43873	33249	26977	26541	40399	45646		1453010	1428967	1487384	1581715	1614188	1187111	1071891	1221049	1437957	1402831	
0.493	0.1861		26173	33689	33658	26771	25972	31549	29279	28546	43996	30743		1127163	1260330	1331694	1170188	1240509	1490793	1272732	1275907	1269390	1186428	
0.5508	0.78		38140	39197	33562	29116	37667	47796	30250	37287	41022	37677		1226087	1252069	1248961	1163458	1418281	1524277	1114964	1232555	1425469	1275973	
0.4926	0.2299		26642	25704	26260	27517	27931	40491	29529	31434	39534	35965		1151442	1206851	1188898	1210138	1337451	1380990	1272926	1506756	1485776	1613323	
0.8678	0.3836		41257	43845	54152	32145	31317	31476	43285	35205	35904	35471		1326783	1380722	1589892	1176406	1142221	1208695	1415203	1225712	1197154	1223200	
0.5185	0.5286		31216	33529	34771	32871	47318	32263	40447	39663	46729	28752		1214469	1335530	1424335	1301235	1522539	1343560	1521756	1420876	1664777	1267823	
0.8635	0.4108		38821	37725	50892	51804	43783	40684	36578	39516	43184	38902		1114731	1251048	1216312	1282328	1270609	1251192	1163440	1396135	1431522	1417645	
0.9828	0.828		50245	49245	53252	51628	56133	61544	49697	50728	54339	62084		1481045	1304434	1410913	1307047	1526378	1283825	1516264	1266192	1331871	1373015	
0.8359	0.6282		37313	39005	43179	43298	50081	40988	49760	37755	54563	50863		1191934	1285512	1310429	1426929	1357134	1506524	1420143	1437762	1390039	1289538	
0.1574	0.7836		22887	22988	30311	30415	39973	44782	40494	34512	41992	23068		1036496	1022745	1266317	1502143	1590423	1467674	1398257	1329884	1575762	1162632	
0.0677	0.435		21585	20532	25741	25840	24872	32280	18074	27122	21500	23065		1081395	1136947	1220092	1439131	1298186	1409164	1131930	1336482	1337469	1354352	
0.9137	0.9937		38751	47820	52016	59959	62899	42268	55875	60050	46668	58235		1248653	1340974	1363952	1488097	1440827	1271730	1503753	1499021	1365252	1353514	
0.1268	0.7012		25643	30449	27622	39814	32957	33222	41664	36280	22197	31942		1437971	1390798	1304678	1633584	1516113	1317533	1345098	1445999	1329197	1502818	
0.7011	0.2587		34354	29490	43009	48542	44221	43341	31413	27846	30131	30422		1137587	1204865	1293886	1212956	1067122	1141867	1107212	1446361	1202848	1209898	
0.6744	0.7951		49090	59436	54989	38886	42017	37399	49277	47310	38143	37430		1615190	1564938	1472249	1447637	1286311	1223372	1226794	1397830	1236585	1193628	
0.7255	0.5406		36222	33461	31301	31980	36437	37668	43294	33594	45764	40353		1298511	1091952	1099193	1262583	1274675	1330308	1413209	1183565	1230633	1349933	
0.7745	0.5113		34157	31258	45973	41898	43144	33850	51821	38509	51765	39655		1108145	1310155	1540776	1423569	1369739	1296887	1648795	1472966	1519641	1452020	
0.3707	0.5767		41471	29439	29995	44523	48090	36694	30286	43230	25594	38877		1511376	1231863	1204403	1377230	1431035	1388595	1383904	1573601	1227692	1383893	
0.7809	0.5032		52945	39033	51507	38432	38177	29667	36798	37358	49240	33638		1809676	1381601	1464455	1219947	1308159	1256664	1506484	1197539	1349633	1335408	
0.0935	0.7706		31454	35410	27319	37905	27116	28967	33968	23596	22333	25773		1236499	1513388	1206239	1309320	1321119	1241770	1266335	1154195	1175035	1211845	
0.2193	0.0707		30071	24022	26783	33358	20380	24813	29084	25218	23176	24187		1554331	1242160	1255520	1441583	1111500	1480216	1476328	1316843	1353627	1332986	
0.9353	0.2341		33755	24191	30779	41616	36440	38560	44721	38127	40836	29565		1210616	1154377	1120316	1487161	1285815	1348224	1293010	1248569	1328535	1221497	
0.5274	0.3894		32422	42404	31930	31337	29399	32893	41499	43282	34380	29008		1208310	1702754	1168520	1211569	1484494	1375897	1584112	1292244	1229591	1219533	
0.8356	0.7833		52643	57408	56860	35829	56771	42272	44022	43895	56122	38757		1521893	1651335	1551221	1265588	1659310	1244033	1345681	1443056	1632197	1199195	
0.3432	0.1897		28712	35712	25057	27050	24432	27668	39935	30809	25552	27156		1178855	1449567	1310838	1324654	1267938	1310128	1645799	1505440	1286995	1411417	
0.5979	0.454		30684	41889	30160	43312	43380	36236	31492	38276	33113	43946		1207706	1294056	1249437	1383191	1554396	1342903	1172419	1668115	1657344	1547817	
0.6164	0.3909		41223	37569	41832	46038	36124	26802	36989	27078	36148	44558		1228862	1165661	1547323	1555599	1294106	1034252	1182508	992309	1393508	1471206	
0.7011	0.4114		52728	32970	44767	36951	46941	37146	33102	47580	34498	36973		1387504	1318279	1381127	1265887	1537821	1352418	1316083	1476368	1237023	1375206	
0.1744	0.332		39825	21134	19853	21903	31849	25150	19314	19389	22077	25698		1294779	1008184	1063787	1068948	1172729	1246739	992407	990284	1300329	1283163	
0.3852	0.1848		30217	25075	25060	39072	32175	21020	27814	42206	41058	39210		1411087	1253102	1343512	1471090	1403017	1177848	1384998	1556374	1410669	1655649	
0.2007	0.0814		30693	17108	20368	31096	22246	30998	33897	27008	21674	35809		1540150	1225814	1201339	1484782	1309359	1568305	1413947	1271498	1470668	1614889	
0.3841	0.1583		43420	35351	43079	25686	42954	26363	22418	36778	31926	28601		1347704	1372960	1285384	1417246	1329063	1236049	1301725	1457635	1603625	1481740	
0.8778	0.4144		35024	34390	35638	31550	42199	44242	50559	42355	37022	32729		1200910	1071235	1179471	980485	1248900	1665729	1220745	1258177	1296789	1049618	
0.6316	0.8926		53880	53827	41480	39374	47933	49843	48091	47696	39337	38880		1396499	1450746	1441220	1211234	1543406	1639848	1449817	1778295	1272145	1186425	
0.9646	0.6375		40205	41122	68932	55651	41276	55438	43191	43484	60397	62773		1263897	1586758	1366151	1533128	1376861	1344055	1483537	1327520	1557825	1581252	
0.2102	0.4234		23045	25583	20692	24542	24370	23310	24479	22930	26109	23609		1188910	1183184	1066419	1038002	1095599	1097857	1112536	1083840	1288888	1330608	
0.1346	0.4607		20949	39179	20445	30946	37939	21413	34742	39001	27630	27461		1474796	1592547	1128479	1341303	1580181	1268462	1587414	1264409	1498749	1542277	
0.5187	0.1732		32911	38374	26686	21912	22204	26213	25185	42684	27153	30294		1192246	1351855	1106357	1029726	1330416	1102327	1035578	1645944	1260310	1378999	
0.2165	0.6428		27694	39092	38073	43213	33283	31959	23688	30389	26856	26696		1276194	1301474	1272236	1383484	1304108	1559696	1259805	1145553	1221343	1173185	
0.9138	0.6804		39766	42672	47301	59025	49309	61713	48803	44347	54191	39795		1184455	1336775	1318917	1461572	1392079	1699164	1343483	1282514	1383755	1428305	
0.1617	0.6018		33758	32265	34517	22341	38835	22563	25048	27591	37878	30194		1576952	1469072	1287771	1228531	1218063	1098351	1206018	1172755	1289662	1271749	
0.5783	0.918		50896	41267	62227	46892	43700	36603	43299	36462	41312	40871		1484917	1528668	1254112	1371610	1322533	1088026	1159319	1383084	1639122	1650292	
0.5844	0.1924		41630	34396	35570	41905	41918	33229	28684	35797	45603	34244		1413997	1270563	1617623	1639479	1722235	1499525	1295358	1365991	1609347	1600311	
0.9552	0.6828		56056	46793	53789	55839	38969	48639	52254	45489	94652	58870		1553658	1337709	1259029	1378320	1296490	1336419	1252676	1273712	1534015	1727302	
0.3886	0.325		29841	22713	28089	42400	43705	42019	30649	27396	30882	36560		1424390	1419582	1570089	1646068	1356706	1342174	1472860	1327243	1343379	1417771	
0.2404	0.1508		31768	21346	28702	29731	28474	22844	20868	34509	27395	30137		1442538	1282765	1739997	1679691	1501773	1308772	1246974	1289112	1498294	1728112	
0.5893	0.988		40389	41435	38960	37333	40960	40557	41103	37933	42572	42379		1255311	1247190	1273649	1154269	1458448	1393485	1252110	1390705	1375366	1324705	
0.639	0.8758		41547	55223	43783	44963	60733	51438	41971	41760	34441	61418		1207648	1554990	1411581	1536381	1361962	1392044	1450656	1194034	1238132	1418729	
0.7559	0.3411		27650	36383	32609	28689	32813	31662	36417	32382	40121	35454		1110891	1293524	1295365	1290461	1281482	1259626	1265794	1456046	1460760	1451853	
0.3405	0.9186		34487	34373	28545	30310	31129	28407	32269	30214	37841	48655		1188546	1099234	1047122	1012462	996061	1069975	1248379	1121407	1282955	1523782	
0.7426	0.2802		44870	30774	27445	39074	42624	42951	40535	48757	35026	38830		1425958	1123877	1103593	1472511	1327782	1507885	1507222	1502925	1399501	1488837	
0.664	0.1766		33810	37844	34568	42116	28330	33378	28315	30931	30611	47362		1688414	1380184	1703148	1644696	1309930	1316940	1298313	1167334	1283604	1474754	
0.9538	0.9434		44414	46367	59989	49912	66677	58321	69083	61018	72025	64241		1267682	1191583	1350090	1496326	1583198	1327818	1390807	1361247	1327053	1402279	
0.5127	0.5787		27634	31909	33957	32959	34537	32473	26773	31250	47572	38343		1038299	1196336	1164989	1169905	1167721	1309934	1028094	1248485	1762169	1415095	
0.7794	0.5552		45058	35613	34007	53698	44296	40450	43717	42677	36212	31056		1381514	1141300	1162965	1455555	1342179	1367947	1242362	1245661	1229342	1320652	
0.3548	0.6603		29412	34558	40268	31010	36272	29026	43446	30001	32812	30085		1498716	1699748	1499666	1290978	1379234	1336990	1657374	1379647	1233121	1308150	
0.7218	0.459		33945	33967	35479	36967	33917	37319	34689	52133	49979	29977		1147839	1121583	1144787	1282528	1155864	1279581	1159367	1642747	1188645	1317120	
0.5964	0.4868		47512	33555	27345	30512	25540	45433	33166	41468	29245	39758		1233440	1092422	1292426	1281484	1162593	1385511	1226722	1230907	1227939	1289481	
0.1958	0.8317		27491	27150	28648	38247	30664	30518	25425	27253	31247	34982		1180561	1142443	1063052	1287417	1398468	1383746	1087775	1167706	1226203	1288786	
0.9685	0.9514		52628	52116	55856	67307	54144	71910	66543	70050	63231	62797		1522351	1442146	1637185	1707142	1569106	1664758	1597469	1686027	1601324	1466328	
0.0621	0.7273		22801	22206	27013	27591	30126	29279	32857	35780	28601	29601		1128978	1122126	1236937	1273702	1420053	1236821	1728197	1610058	1475339	1357415	
0.1474	0.3751		20447	36532	30602	24776	31852	40272	33283	30955	31443	33725		1163100	1778511	1319661	1331851	1319353	1492941	1329598	1192165	1369713	1224748	
0.6147	0.5885		29294	41817	35566	39214	35390	41108	40504	28235	43810	48235		1309708	1447985	1217955	1301739	1211517	1474070	1231532	1434435	1545979	1477897	
0.3552	0.2566		37296	30202	39702	31206	25648	24832	33814	32916	21538	32394		1318889	1261481	1459446	1445820	1188153	1199333	1386219	1342039	1069136	1421911	
0.4627	0.9035		35888	41371	38480	54311	34795	30911	43821	35939	47847	42905		1196853	1437134	1347316	1614324	1172971	1086706	1301251	1242291	1354369	1385861	
0.8186	0.2257		29514	28167	33118	33619	34312	44431	34870	35404	51775	42099		1276978	1086658	1321150	1405461	1259300	1481599	1409848	1265653	1178942	1335052	
0.7317	0.4711		41727	44517	38397	47534	34755	30394	35003	47693	36599	49693		1425230	1544429	1349405	1228586	1276894	1199436	1327021	1594652	1274573	1629529	
0.4618	0.9408		38431	49614	43154	36766	37845	48200	36861	48106	42466	48664		1349837	1465020	1172081	1252203	1289467	1471348	1196744	1322763	1261197	1533733	
0.806	0.8279		52087	37662	39399	39213	49501	58030	42065	36007	40035	49359		1429267	1311993	1242383	1551619	1372293	1314815	1313079	1071174	1139783	1490425	
0.3016	0.4315		29112	36678	41248	41416	33088	41673	33345	39040	37503	32395		1231741	1511336	1384489	1456207	1341954	1417953	1355488	1748701	1488170	1252442	
0.7652	0.5054		36887	41325	30620	47569	41323	50536	50495	31869	24949	33656		1332666	1431778	1134014	1369379	1323497	1496621	1560186	1148019	906135	1134006	
0.4467	0.4121		33845	32031	31269	35999	27858	35579	32767	31254	27991	28195		1300385	1292080	1347235	1532662	1072152	1348276	1246900	1278908	1111383	1291216	
0.8392	0.4786		50629	41661	32951	34529	72916	31081	44205	37830	37478	41308		1362004	1316964	1111932	1203679	1404320	1385065	1340246	1336259	1210432	1192020	
0.713	0.29		37203	38848	30722	28433	45410	36037	45174	39273	36980	32302		1355585	1358585	1225485	1184995	1439176	1458554	1436489	1425018	1641258	1501646	
0.3974	0.4196		34726	26065	39065	27363	35082	28945	28798	39837	31353	35963		1307152	1230971	1412929	1210199	1145113	1256193	1264210	1433166	1284799	1588865	
0.0942	0.7675		31282	29226	28203	38286	25180	22745	21307	35820	39242	29524		1786854	1438272	1380573	1770577	1165665	1153467	1172863	1349082	1511021	1221192	
0.8659	0.7258		40181	39607	39842	44377	44151	53938	41676	45961	59157	44256		1243834	1263697	1306151	1348242	1489269	1488186	1240647	1400970	1371119	1378477	
0.989	0.615		39721	49399	41463	39055	54910	58787	51831	40226	53642	62717		1259649	1281813	1046385	1102522	1299781	1308589	1357234	1370000	1439070	1720326	
0.4199	0.8334		48558	39259	47500	28868	49667	33243	28761	33175	44780	48218		1503471	1447840	1501530	1091331	1337078	1287295	1144965	1242283	1471559	1470417	
0.8573	0.185		28999	43163	33239	47253	43121	36594	31964	34034	39913	56051		1070707	1604724	1339341	1259379	1316490	1363265	1300553	1289734	1251252	1611334	
0.2341	0.8557		44311	31187	31220	34551	40457	28489	32873	33599	33562	29698		1680225	1315179	1404622	1446712	1382999	1272784	1563210	1370197	1291678	1242139	
0.8251	0.6781		33775	39060	37687	34804	37823	38548	35636	34954	50601	44521		1166771	1210799	1134355	1266452	1316456	1341683	1264577	1410334	1410562	1387639	
0.6466	0.7547		49379	52624	44750	39471	36489	43011	37618	43471	39691	44574		1421303	1454137	1352439	1220821	1434181	1321295	1140517	1387916	1468581	1359104	
0.6282	0.2217		31180	37822	28369	29864	46372	35813	40674	45835	44389	44581		1360896	1334866	1210577	1157322	1295458	1231564	1498558	1348826	1460049	1384682	
0.1459	0.4325		29957	24132	26723	22065	30275	19006	31311	27075	21813	29997		1231814	1205692	1171517	1032842	1158432	1064839	1173683	1178202	1154693	1258469	
0.6166	0.9403		51174	55391	38990	35971	54992	55799	47229	35504	56515	51118		1415046	1390281	1215264	1231695	1340509	1613838	1541304	1217739	1414412	1653037	
0.6134	0.5636		41525	37395	36743	38873	33957	42993	40056	48490	33750	35345		1320753	1225091	1341000	1330075	1238018	1336492	1356138	1628717	1327165	1344316	
0.1396	0.461		34713	30851	27272	37610	25755	22933	39596	22569	25449	38435		1452167	1443186	1256836	1551185	1580497	1524161	1479515	1243142	1272313	1580718	
0.46	0.1057		34478	36987	34840	26790	36821	38792	30667	27822	28577	29033		1403304	1456973	1314145	1244481	1339053	1267110	1334672	1223746	1328198	1336634	
0.3518	0.8936		40974	35220	35354	32610	39685	28808	47491	36786	47670	32590		1276004	1183464	1222386	1384356	1296136	1093548	1330859	1407058	1387494	1270904	
0.3292	0.1521		23449	21924	36492	23495	23633	36584	26030	23671	24597	27814		1219381	1279636	1338544	1256631	1411437	1551639	1182872	1098593	1451367	1307172	
0.9135	0.3834		46086	41111	62028	42037	42459	55751	43621	62550	45480	44777		1311408	1433227	1347389	1221463	1314762	1514875	1337726	1550141	1189896	1287564	
0.0686	0.3827		41300	29421	35299	35205	25676	20973	22719	27637	22164	22115		1589500	1553383	1772138	1575651	1332493	1379000	1333415	1363496	1223152	1327507	
0.8082	0.9085		41325	54158	52826	47848	59989	46476	56605	47834	46821	61941		1218200	1468486	1495696	1245626	1351817	1493304	1479271	1355642	1372761	1342725	
0.8483	0.2281		32073	39816	35212	38279	32479	34593	32178	42070	45201	45726		1411595	1489579	1387315	1204034	1329875	1324769	1258284	1134295	1641172	1619962	
0.9527	0.5474		45065	44023	51406	38343	43401	34469	42755	32597	48615	35186		1423029	1304102	1573108	1358921	1370728	1175484	1321962	1186439	1572994	1180675	
0.9434	0.7082		36364	53297	45144	46738	51019	46803	45808	70597	61956	54787		1205462	1405462	1446936	1529305	1552484	1630002	1577977	1388885	1520960	1544222	
0.9405	0.7957		45948	45391	68504	61753	71242	48392	43101	47224	49395	51832		1252782	1222962	1493149	1541792	1555305	1276966	1373776	1291955	1199719	1306371	
0.5213	0.0983		24236	25252	24923	24275	28483	32660	25483	25399	33400	29217		1175463	1140862	1067811	1366334	1325469	1339647	1155924	1463476	1283896	1363242	
0.9797	0.4434		52355	51261	37943	43539	35495	55882	46953	50972	59511	45944		1360999	1458694	1374353	1160969	1347509	1349707	1504689	1536205	1416079	1195448	
0.4923	0.4054		28405	26938	30890	46831	28015	37840	32683	43047	45313	32440		1125204	1142817	1533526	1612562	1429699	1158268	1411034	1621236	1395375	1305843	
0.7683	0.5765		36481	35917	32306	40898	37387	31407	37459	31372	50462	42741		1175155	1142890	1030959	1314682	1181797	1041817	1110779	1138313	1229853	1317397	
0.237	0.9693		45270	28328	34643	37292	29895	32053	29945	36902	37280	36424		1600380	1158776	1363039	1382847	1126107	1260163	1315307	1454122	1667344	1182510	
0.6971	0.8883		45697	42803	35992	36238	54913	45761	39157	43449	63242	56807		1192764	1162985	1010848	1059179	1382728	1260821	1239831	1266531	1474173	1488575	
0.7505	0.1596		30414	38985	44314	37203	38433	34426	30314	29383	43498	31053		1149353	1375743	1532182	1389105	1300613	1249830	1207546	1323022	1451364	1286260	
0.5853	0.4262		40862	25428	49389	33218	52650	39271	32723	46458	30886	30604		1381673	1115472	1567294	1225727	1320979	1306737	1194137	1563765	1264770	1130790	
0.6819	0.5476		35317	40187	39364	53696	37219	34221	34717	36240	34748	40877		1433681	1357791	1592988	1514402	1339608	1350861	1164356	1259349	1311559	1319020	
0.161	0.3968		20148	23694	33976	22712	20276	33574	26746	28560	36967	37911		1230732	1180485	1356296	1123334	1034277	1467441	1305510	1297954	1290332	1505911	
0.2573	0.3791		38991	28442	41643	32632	27218	28376	23957	24983	29766	31257		1455003	1177730	1372152	1257252	1178973	1438283	1213099	1398876	1369607	1598475	
0.504	0.9536		45277	41090	38442	51846	31888	50688	36098	31739	43952	31369		1295711	1481966	1480048	1261418	1186220	1632995	1295533	1136945	1502335	1334494	
0.1158	0.3185		21218	28377	25662	21223	21804	22378	21338	25198	21859	34449		1209526	1444058	1630899	1278283	1246750	1254252	1271902	1276425	1242445	1528259	
0.9557	0.1349		33036	44670	50494	35805	41633	41336	51025	50568	33983	36141		1464846	1433259	1367567	1500599	1589752	1379147	1432628	1447700	1319169	1285481	
0.4665	0.1478		25224	31025	39574	25791	33956	36074	29333	39840	28141	21771		1283327	1400428	1535928	1237170	1242208	1370856	1529078	1510642	1253209	1050480	
0.9021	0.8021		48633	58753	47606	36617	42706	49260	56100	41805	38586	40956		1431096	1317714	1431616	1227576	1259563	1271016	1429650	1156567	1172659	1291139	
0.3046	0.4903		27543	21953	26483	30467	27847	29993	30144	26568	30743	26624		1546141	1152974	1436660	1392717	1227605	1468994	1313312	1420283	1398792	1336372	
0.5151	0.7011		33479	43394	39675	46421	39098	34190	38073	34888	31092	28313		1221046	1566033	1334465	1608435	1302130	1280222	1477649	1442505	1346439	1116150	
0.1517	0.4911		37945	31855	37770	25265	27120	26285	40418	27138	27390	38873		1508454	1286831	1491768	1370788	1266885	1376268	1596434	1423746	1457015	1536125	
0.0707	0.9428		28442	23509	40565	41660	34916	23574	29305	26188	36863	29566		1231317	1118335	1439287	1296310	1376991	1292288	1285964	1350269	1530945	1607300	
0.2792	0.8428		28859	36738	28914	32554	30744	40372	29812	31163	51323	33353		1483728	1485668	1178140	1279937	1238458	1282419	1118348	1287905	1320576	1329099	
0.752	0.4082		36160	40827	50659	36082	35779	32075	34311	32981	32795	38068		1329447	1577351	1403576	1059852	1324175	1165229	1227796	1079785	1277958	1483291	
0.0577	0.5634		19674	36150	25536	24809	29165	26104	18760	20461	19044	25443		1038567	1614025	1198442	1233951	1405811	1374314	1161463	1061644	1069479	1224296	
0.1947	0.0847		24535	18350	32723	21184	24049	22686	27749	18234	37332	24518		1337170	1157219	1450815	1334396	1372866	1495211	1501900	1228958	1499660	1347318	
0.611	0.2679		32545	31976	45643	25592	26517	33208	29163	30014	45543	28750		1364690	1311938	1508711	1113243	1058973	1213766	1320032	1242832	1600413	1186822	
0.7903	0.99		55812	61649	46776	46986	50799	47269	53452	59914	60250	65472		1558836	1718063	1348630	1280718	1294776	1444480	1366242	1442359	1690564	1353676	
0.579	0.8858		35599	44616	40068	49382	45364	36955	56200	40819	40780	42083		1263952	1294264	1303790	1746087	1374582	1252327	1411792	1191842	1134208	1430311	
0.3419	0.3225		21549	30624	36343	37832	23577	38348	21952	58046	31639	38037		1178338	1319298	1432348	1430733	1206887	1398964	1028308	1252622	1471672	1563052	
0.5019	0.0597		25232	37419	38163	28536	32199	40241	27878	34372	23461	27047		1209021	1288131	1409405	1394011	1512574	1445404	1314215	1402997	1106858	1352621	
0.5712	0.4302		46400	31685	45974	38054	25369	37859	30968	31265	23098	28539		1222967	1551112	1670642	1204318	1194792	1293737	1327627	1223822	1038144	1135462	
0.7849	0.4612		52724	41568	54110	48693	25981	44037	51033	40482	48020	46066		1315477	1304863	1696487	1391052	851545	1511925	1326664	1065664	1246384	1354829	
0.2296	0.1147		22954	18327	21125	20910	33991	24970	37982	34765	21758	23187		1170625	1011744	1227059	1290875	1461861	1270128	1288137	1431932	1346455	1215030	
0.1746	0.5499		24648	31367	21215	39623	37680	26061	24845	29260	26672	24706		1310767	1200669	1213274	1548960	1542969	1141346	1241832	1324692	1307882	1261919	
0.4074	0.6738		34051	34834	41388	41314	30493	31826	42710	29961	34845	32129		1333193	1327623	1421005	1342625	1255274	1182931	1364215	1314858	1448158	1307639	
0.6356	0.4331		27369	33007	45878	31844	38775	29188	30817	33416	41672	32028		1108780	1329265	1356093	1352315	1313126	1203400	1178112	1240676	1234930	1283514	
0.7948	0.1903		39496	34016	35744	35809	39013	44867	36736	32410	33684	36328		1299355	1270565	1341626	1496734	1299741	1516433	1298851	1244214	1247201	1358174	
0.5715	0.8862		51834	37066	49369	37973	32353	43835	40667	54021	38177	39116		1275754	1158261	1450398	1334415	1240838	1390334	1359796	1638615	1416409	1387152	
0.5326	0.141		35916	22718	31867	25871	27191	33020	22736	31135	30637	38632		1310326	1422809	1301696	1210672	1298228	1519931	1199015	1333334	1339759	1503526	
0.8072	0.5399		32632	38687	30913	47310	54819	41623	38139	35502	34450	55768		1301566	1228924	1427574	1429277	1513540	1670067	1209159	1173486	1273326	1675486	
0.6614	0.9309		36712	40164	50289	47012	48172	53978	39056	42065	50651	42742		1297493	1150499	1240916	1377450	1336802	1486478	1245232	1228785	1280540	1404397	
0.9101	0.4879		35176	35888	45997	35910	40233	36467	39377	32906	36011	50227		1196946	1081841	1169765	1180244	1230482	1213716	1146499	1087644	1028248	1216710	
0.7102	0.5732		44885	32212	43255	46632	33753	50235	33935	44027	31744	34125		1344392	1250764	1207888	1503525	1246911	1497294	1200893	1311393	1157169	1205547	
0.936	0.7303		36567	53343	57819	47259	44560	46967	48862	68145	58334	62756		1196003	1284506	1586040	1511558	1247556	1265724	1291965	1411796	1415638	1624943	
0.189	0.4625		27522	37434	24554	21048	29164	31652	25105	31147	20594	24667		1465537	1386658	1178321	989945	1099813	1306299	1209909	1419124	1164607	1188123	
0.4661	0.5093		32336	33480	32334	26268	31438	37048	29401	39119	30356	34633		1366124	1472718	1338123	1175136	1400236	1125222	1020796	1303672	1174136	1476180	
0.0638	0.5919		23510	29541	19600	23598	27713	31655	26558	24659	33147	38802		1533275	1357125	969365	1136382	1329170	1360309	1368654	1334975	1399467	1384652	
0.2479	0.1279		41415	23996	34642	32403	30931	22573	22159	23687	25312	21533		1519106	1394067	1419877	1406567	1378987	1396145	1326477	1207396	1182432	1153762	
0.2951	0.5185		22379	23101	25856	34062	32228	38210	30128	33440	29695	26398		1175172	1145667	1241974	1626855	1459235	1706640	1485590	1561884	1392892	1086849	
0.1856	0.3593		30192	31380	26636	34313	23375	26357	25442	25598	35459	31067		1505023	1679502	1255379	1440536	1337621	1177222	1186001	1369183	1437075	1546682	
0.2707	0.63		27409	33945	38160	40182	36512	27458	26318	24028	33231	37348		1225434	1346369	1277651	1480365	1241741	1286204	1213615	1426605	1406975	1639800	
0.3564	0.732		52340	45366	51282	47927	27068	28348	30780	38023	27564	43143		1578114	1680059	1271584	1555994	1048822	1076510	1270586	1573293	1052698	1282197	
0.6028	0.7774		65824	32933	34847	36174	50057	40495	51288	38357	43654	50270		1202195	1098645	1132434	1579734	1550235	1232030	1435586	1247381	1291892	1449513	
0.1451	0.9971		28257	40337	27817	41624	41464	46743	28349	40181	31989	29716		1196454	1310281	1142143	1320306	1523883	1328686	1439823	1514086	1431936	1226800	
0.2978	0.8635		28583	40738	34039	48852	43797	30875	39107	31370	35800	27082		1352008	1433365	1374647	1624159	1532806	1253734	1358186	1283786	1518657	1205162	
0.1631	0.7735		41227	31573	37733	37279	30752	30337	27838	40130	29247	27087		1360600	1707618	1599169	1209002	1318305	1327879	1214932	1435629	1221090	1300333	
0.7763	0.6022		35568	42824	36355	54239	36876	37304	58153	39914	35068	51516		1252383	1328928	1146707	1623989	1175016	1611111	1443885	1239844	1289714	1269442	
0.5894	0.6311		47008	30994	49205	51298	34637	37575	35680	38354	37973	36751		1487393	1254175	1222061	1394482	1465241	1231761	1065521	1206791	1293572	1131367	
0.8571	0.3196		58360	33617	52572	46584	37808	50763	36119	49868	41915	49836		1666314	1206492	1496606	1354162	1305306	1529168	1536113	1591336	1481515	1750885	
0.4597	0.4475		29246	27520	32629	41391	34297	32360	38615	41020	31185	27307		1204845	1265299	1187056	1513619	1372385	1216577	1261924	1435199	1505884	1216401	
0.125	0.1535		20688	21002	27810	23200	27306	23921	23919	27713	47282	23988		1322849	1231473	1600078	1153333	1129633	1126940	1170710	1315200	1154683	1291859	
0.2485	0.7165		30236	30122	23869	23850	33229	33481	34061	41982	33274	34660		1170189	1536260	1109690	1208729	1235482	1378038	1548434	1246528	1366509	1403810	
0.2782	0.2332		24053	27713	37689	21335	27217	33417	23439	24124	28751	37788		1269385	1390262	1369539	1062925	1233333	1280230	1245495	1201959	1337897	1402505	
0.6525	0.2913		45334	34992	37459	39738	33479	42241	36052	39773	31607	37817		1435979	1334538	1432932	1283058	1241496	1337809	1132586	1367823	1331975	1367361	
0.6831	0.8789		56920	42391	39888	36812	42515	39231	47357	43038	48134	41619		1659291	1249626	1206673	1167219	1302049	1241666	1272996	1350198	1273234	1349110	
0.3072	0.7555		32467	29661	30539	27671	35688	25151	45187	32190	39553	32060		1312138	1069383	1340296	1271079	1466843	1120006	1581299	1489253	1382380	1308436	
0.969	0.4261		51144	35452	36000	35235	55723	32646	57115	57046	41810	40913		1552249	1178245	1191558	1045793	1510863	1162386	1439027	1292384	1554297	1434402	
0.2856	0.6228		27283	28879	36695	31795	25076	31120	30394	36362	33008	26856		1224051	1547484	1215735	1327670	1063492	1304443	1613579	1204055	1149408	1065321	
0.7563	0.3424		24657	38457	42109	29003	34984	28109	51101	35426	44353	33375		1081530	1328024	1383966	1187769	1372891	1273711	1652222	1353616	1535819	1245995	
0.9097	0.7065		47188	38023	54620	49165	43086	39374	50954	53597	45173	46494		1330491	1161077	1312033	1247935	1258677	1029602	1575812	1489224	1387437	1526291	
0.3883	0.1727		31164	24287	22353	25263	25573	25370	35027	22118	34615	33383		1335785	1147937	1113568	1254133	1282050	1122073	1292916	1351476	1147435	1363610	
0.8661	0.1404		42829	26948	30464	40429	29141	37126	42283	34087	37131	31380		1334524	1143069	1157678	1306896	1057604	1209608	1143843	1171161	1126315	1109405	
0.1897	0.8764		28714	36187	41550	33584	26765	32451	29384	35466	43778	31409		1496178	1390903	1784204	1599405	1563310	1480001	1447765	1350588	1381886	1431736	
0.5112	0.4043		37879	31410	29949	31963	29806	43904	42117	42966	29899	31497		1354826	1215930	1221000	1521489	1195010	1392117	1450102	1392249	1209324	1363774	
0.9163	0.3202		37486	56977	33516	38727	43229	43950	40537	33684	39806	43416		1200018	1579667	1310505	1327183	1199597	1306420	1214594	1157995	1241622	1380450	
0.3909	0.7254		34336	30921	30897	38094	37623	38616	32353	48744	37591	35955		1245467	1352511	1283985	1529472	1202729	1272128	1268523	1325668	1694773	1423124	
0.612	0.1781		31350	26507	61961	30228	24104	32935	38311	29397	34579	41969		1286835	1232570	1340056	1141980	1055796	1245815	1208864	1253771	1319433	1358342	
0.3224	0.2595		27569	27335	30960	29175	21777	31057	32696	33355	24887	27791		1329456	1211350	1110224	1065207	1135567	1377030	1452125	1469006	1291571	1285602	
0.1698	0.8469		30748	20845	19433	42018	30987	29376	25714	28193	28865	35477		1064778	798678	1042136	1457652	1281408	1193509	1136818	1290280	1434444	1374723	
0.0854	0.9093		25903	39748	27307	28887	26002	31236	27974	24881	38909	24629		1283983	1232865	1290276	1429321	1274872	1203707	1187181	1229413	1667962	1120384	
0.2343	0.6572		23078	25134	22565	29774	26517	28053	28458	26558	38860	26413		1243176	1118174	1117953	1458104	1209112	1262876	1302364	1375394	1422094	1237553	
0.973	0.4191		36211	59787	53090	37113	43972	57101	43580	39417	68965	72356		1224756	1303215	1263303	1137229	1252499	1400683	1175788	1050626	1180009	1374154	
0.8728	0.8206		48653	55349	62236	54548	50862	52081	37689	43304	65253	55148		1334041	1334225	1443160	1333018	1451286	1337098	1135835	1096071	1307715	1460569	
0.9622	0.8523		60784	45829	61528	58791	45363	50189	61253	45130	49166	42441		1658025	1208301	1153273	1446911	1219277	1419491	1269041	1104101	1403851	1198798	
0.9818	0.0758		29548	33948	33817	29814	31444	30091	31951	37408	33923	46626		1272763	1283239	1123716	1151689	1352477	1490409	1227285	1336992	1259317	1543200	
0.8444	0.7775		44466	52440	71015	36174	50826	55933	51197	57613	46881	55243		1229162	1357334	1384288	1341454	1413719	1488199	1440675	1610906	1380175	1395227	
0.8331	0.3374		37451	33561	29497	39004	35268	52393	56673	30220	35267	38588		1320327	1326651	1186171	1672844	1654618	1821741	1655523	1136265	1304260	1352169	
0.9472	0.4213		39743	36134	43414	53388	41229	50900	36325	57305	40790	41097		1437349	1180965	1262898	1390312	1318825	1457128	1556737	1541368	1311830	1319448	
0.4501	0.8491		34003	49733	45775	48845	112786	30827	36101	37963	31235	48934		1399479	1655648	1349644	1549465	1575688	1221292	1213752	1301896	1253899	1372271	
0.1788	0.5476		25298	21001	28485	24699	24597	28116	30837	22170	21833	28141		1080958	1067052	1288638	1171815	1326422	1253686	1169951	1053044	1220749	1346256	
0.8733	0.4966		35506	39558	40549	41378	41671	27908	37711	48118	37736	31626		1849981	1587008	1535058	1472532	1498784	1235435	1660346	1539343	1325895	1103127	
0.9609	0.367		39055	35576	37814	40000	32416	38144	38758	39508	51246	35628		1446752	1190958	1426085	1403480	1209382	1242362	1285019	1557845	1510269	1061176	
0.4158	0.9808		35761	47856	31284	36986	38014	52963	36301	41075	38094	46619		1045005	1266289	1107325	1258152	1323444	1278461	1199815	1206970	1396329	1412428	
0.6214	0.9304		42216	50616	47579	45022	57041	56875	41657	44211	39179	61643		1478633	1297428	1481937	1455792	1568853	1592638	1295754	1247926	1385114	1849741	
0.9006	0.7959		51103	61520	74739	49873	56780	48681	41374	41759	62996	48463		1398222	1581651	1414853	1241699	1568546	1301175	1123290	1138002	1503489	1204653	
0.3796	0.5208		32012	24000	31820	31065	30086	47143	32070	20849	41917	34252		1241974	1223995	1261715	1281797	1378464	1602900	1167047	1098755	1477636	1287160	
0.3977	0.166		40576	22426	24877	32501	30187	30967	32746	34863	32567	31879		1527018	1293582	1476965	1425222	1329781	1421796	1484085	1600882	1486779	1227564	
0.504	0.5417		45427	44000	47902	39991	33514	26928	44276	29817	38126	33375		1593098	1361882	1469984	1499552	1294633	1374373	1498058	1475650	1426962	1235165	
0.3544	0.4616		31580	32049	29399	30223	26414	42500	42822	41030	29350	33093		1297594	1260822	1278486	1315091	1400723	1559552	1637691	1597871	1358802	1420438	
0.2997	0.688		39400	30440	40703	43301	31510	39113	47176	35099	31558	28111		1145583	1247352	1439525	1639447	1504337	1511131	1370075	1361740	1358749	1347145	
0.0608	0.2537		18538	22477	32193	25526	18885	25663	20021	23318	20085	21149		1182743	1298053	1633991	1608538	1202523	1480925	1225864	1213838	1152619	1223890	
0.5657	0.4899		40814	44718	45079	44986	30215	30870	31330	29855	32524	26361		1281433	1574883	1671735	1343122	1389234	1257533	1341545	1200603	1100437	1053857	
0.4277	0.7673		43362	37256	31036	49565	40154	36613	36813	32107	31259	31344		1296291	1230923	1253296	1601856	1469995	1463271	1371392	1417511	1175876	1178871	
0.4251	0.4268		27385	41286	24558	27339	31285	31199	30905	31205	38413	42861		1046758	1451778	1160921	1225149	1236342	1270432	1319173	1196070	1351892	1606051	
0.7341	0.1495		35906	49719	27482	35399	28480	29417	30799	29884	33170	39584		1229446	1498300	1541736	1437371	1526191	1281798	1315358	1397412	1477509	1598182	
0.3301	0.1873		32125	26541	25783	20282	20740	20396	39522	30470	20365	26270		1242935	1033000	1266257	1037045	1282040	1176618	1376243	1248286	1107213	1191569	
0.4366	0.5845		25984	32961	29740	29076	25526	30236	29337	36585	40585	30452		1125159	1327785	1144705	1037222	1174715	1218769	1272013	1361500	1380260	1262436	
0.755	0.6734		39778	48685	44692	48114	52175	44805	33570	35657	52799	48140		1258029	1328562	1263182	1407901	1621049	1329967	1058837	1472913	1500571	1358029	
0.7087	0.9572		55434	40007	44825	35563	45910	56796	46204	44553	36395	43068		1461606	1205228	1167829	1148719	1307467	1626424	1366166	1466873	1419923	1473439	
0.2555	0.2479		20190	27263	21051	24592	29684	27388	26953	37424	23849	29337		1130528	1355472	1148331	1264886	1325776	1337714	1415157	1739287	1216615	1225239	
0.5167	0.1944		23184	28159	28830	39949	28573	32153	28516	35936	27335	67376		1029574	1282626	1286763	1612528	1157174	1372654	1316140	1396483	1266908	1237946	
0.9153	0.9184		48942	55507	46168	45693	43411	46413	56764	62881	45362	49885		1205382	1297400	1214096	1291016	1180527	1146313	1389192	1282760	1301555	1352505	
0.8676	0.4574		43252	34201	51146	51048	38230	44286	34003	44027	44011	40379		1369830	1337511	1391066	1479141	1245443	1135916	1103563	1304197	1417305	1455524	
0.9413	0.2178		41874	26767	39516	40562	42359	38600	31364	46949	34170	33784		1301680	1084168	1307743	1436467	1329525	1286050	1368350	1507156	1264047	1291657	
0.9272	0.9203		40730	49619	49276	39768	60921	55352	57522	43201	45462	47778		1199372	1224597	1276464	1419133	1508274	1313916	1158019	1334801	1100373	1199773	
0.4741	0.4864		40098	37822	34231	35189	29327	38030	44141	36185	30205	34242		1491571	1430130	1402234	1510820	1373422	1537686	1599742	1544756	1593755	1505648	
