22	23	
0.601	0.4267		36603	21937	37104	25346	34280	61585	39804	34208	25020	26718		1177353	1489559	1267012	1442488	1942051	1679686	1501786	1856773	1457238	1425379	
0.8919	0.9931		37132	50142	40416	50615	53757	40898	61295	36452	40853	50792		1523650	1761591	1921163	2109518	1653137	1360194	1511975	1088679	1338128	1527442	
0.6401	0.1539		22808	20329	21181	18055	18433	34705	33862	21570	18646	26439		1310168	1278292	1263475	1075197	1060037	1843390	1591905	1261141	1047925	1310140	
0.3491	0.9008		33586	24984	30223	29631	117925	30377	31492	28093	40982	40725		1596145	1204868	1338400	1373239	1969608	1360998	1353959	1543277	1454844	1616988	
0.1321	0.1706		16658	26173	25056	20917	18266	26404	26528	17231	21135	26570		1243161	1479583	1602402	1407914	1236985	1670711	1653894	1212919	1508089	1694909	
0.8633	0.2727		21609	22759	27935	28837	30833	26384	39410	28206	36286	37154		1062408	1049808	1364446	1360146	1480231	1262888	1244655	1309656	1562093	1528587	
0.8707	0.5167		42623	40291	29432	39071	29282	38737	28097	34456	33582	40278		1608229	1511790	1185925	1373479	1176087	1415764	1254025	1395085	1274904	1532960	
0.8721	0.7287		34120	45730	37684	46435	46417	36276	47442	44084	38695	34133		1253326	1353466	1351232	1337194	1594129	1387675	1798852	1675672	1256236	1275361	
0.631	0.063		23290	23577	28303	26564	21224	27121	30493	30672	20342	19456		1288947	1357046	1487700	1377862	1258502	1249290	1299902	1392368	1250476	1467093	
0.6445	0.2948		34538	24723	23207	27935	23332	32359	33681	22022	28185	27276		1413332	1237351	1184874	1359880	1254685	1564785	1236729	1107489	1222351	1320495	
0.1922	0.2019		14228	20588	16407	15860	16916	19708	17554	26140	19471	19873		1143438	1311835	1443174	1281778	1298048	1299185	1438778	1606183	1376403	1375859	
0.7851	0.7201		26622	33369	31348	32491	32198	36678	32028	36122	43631	46457		1082991	1435150	1276768	1279376	1309609	1305337	1186832	1327508	1515203	1355051	
0.777	0.4826		26124	32784	38606	34329	29723	24228	25428	28000	24578	31409		1498572	1478554	1417593	1546965	1375206	1029879	1141408	1375411	1171426	1374105	
0.8095	0.2865		36004	27345	21628	24814	24919	25073	21920	25671	23554	40685		1498480	1357743	1290692	1403369	1253590	1260583	1151872	1351245	1523390	1494991	
0.115	0.4682		18587	19880	17485	20395	26745	18693	14962	19897	27957	28134		1282990	1316255	1211973	1225086	1397098	1354222	1268918	1389663	1569813	1588218	
0.5768	0.4436		27025	23969	22369	23964	27047	25244	27283	27311	35327	26929		1283427	1252610	1053371	1206907	1364829	1281099	1315175	1327967	1585171	1361618	
0.1815	0.227		20472	27616	27295	17988	25679	21309	16445	13536	16180	17536		1468768	1526070	1648014	1338010	1410422	1445345	1150260	1198182	1305604	1526850	
0.1209	0.8381		28167	22853	29838	24133	27159	23816	23379	25024	22372	32645		1144294	1232792	1157409	1170813	1184797	1350111	1197548	1207055	1052461	1272262	
0.8118	0.3898		28142	36156	27769	26182	36038	24253	37175	22606	27749	22604		1335480	1215557	1320100	1404478	1403900	1185302	1134072	1032562	1090637	1016745	
0.5299	0.1778		20048	21679	30009	19522	24589	24290	29235	20245	29284	21398		1343681	1283250	1390907	1209348	1331610	1335074	1542963	1293417	1737198	1266918	
0.1677	0.2275		14661	29476	20179	16721	17402	16808	19173	13941	22809	17980		1119155	1340164	1426025	1248207	1167340	1119862	1282695	1150003	1370814	1153805	
0.8141	0.0922		27299	31920	31418	19137	34373	31154	33482	25048	23571	44426		1300962	1174582	1306207	1329319	1519282	1248813	1595166	1275262	1212918	1682892	
0.4261	0.7788		29715	23343	37969	38374	35313	40583	34572	28837	27140	36840		1283891	1095281	1368938	1386379	1279255	1575898	1402152	1206532	1344085	1471497	
0.35	0.4358		31991	26422	32125	32191	21291	26819	20092	21742	19042	26550		1549014	1487250	1558352	1509984	1305041	1331397	1288551	1322500	1166253	1454352	
0.9135	0.5591		30216	41151	32679	31847	34931	33256	37189	32612	40966	30428		1358426	1601527	1455866	1196750	1489321	1317248	1291293	1167139	1281013	1261608	
0.8993	0.1302		19865	36059	22786	21137	27459	34772	28943	20224	22446	22899		1153814	1630466	1248213	1188610	1331203	1609553	1422640	1213469	1334534	1561542	
0.0576	0.9303		29188	26056	22503	22243	22465	22255	19184	18291	24980	30152		1204116	1372837	1341668	1319289	1347341	1182749	1014056	1164147	1339714	1458768	
0.8307	0.5069		28794	25018	26219	38961	27678	29259	30653	31056	37711	37784		1247734	1045212	1138124	1634462	1300258	1188767	1183023	1357574	1685203	1582322	
0.4515	0.4064		24435	22392	21202	24341	29599	31264	31064	22721	23509	19453		1223040	1381571	1395093	1497756	1229356	1681374	1660922	1348110	1282641	1207373	
0.9677	0.0721		33931	32443	25904	23134	19633	21709	28004	20077	28488	22212		1390544	1474518	1333061	1278139	1092947	1088485	1368764	1201157	1363108	1330343	
0.874	0.4493		30943	25001	30837	32120	30547	29752	28073	29694	31259	30866		1274467	1113288	1474928	1172152	1248092	1147474	1204123	1299002	1364461	1190704	
0.8115	0.5624		31791	31122	28601	30155	29629	34904	31827	45060	27222	44479		1196798	1192183	1214793	1239636	1198204	1382116	1231169	1629270	1144261	1278850	
0.8011	0.1003		22445	27668	32992	21479	19194	34465	33629	22933	24812	24790		1157841	1343521	1601635	1061411	1112394	1681338	1556602	1309851	1346620	1292432	
0.9248	0.9573		38062	41142	49269	49798	49006	40530	39777	42291	39155	39520		1349498	1333908	1630174	1662914	1451150	1359277	1407891	1452283	1294442	1249633	
0.5912	0.9153		32893	31482	33564	41732	41967	45213	37638	32488	31459	51448		1400869	1261791	1348987	1514387	1568410	1492430	1299634	1431657	1437878	1545967	
0.6386	0.6197		38464	25037	37173	32630	28362	40302	29508	33168	26766	28701		1521687	1344943	1701558	1554743	1400234	1651068	1459493	1282766	1291166	1278921	
0.5913	0.4783		24578	36799	36933	25322	25980	22668	27429	24478	35992	33131		1124768	1355838	1504167	1278024	1307664	1205947	1330317	1159569	1542908	1366433	
0.4073	0.0575		27720	16012	18785	22944	19727	16798	26065	16886	16464	19518		1447874	1145940	1281432	1358305	1255356	1242150	1514381	1297404	1152944	1254029	
0.884	0.6585		34377	36363	34629	31630	31927	41165	45372	49094	32082	28454		1226582	1365723	1291609	1278748	1352383	1467056	1693995	1821321	1588994	1230534	
0.9663	0.7451		41992	35551	54106	45298	36943	38470	35416	40230	43534	34522		1393912	1044485	1589804	1492739	1229814	1204049	1333675	1531160	1393682	1200400	
0.1516	0.9322		30147	26591	39003	24844	26958	37273	22137	34061	23616	23756		1482395	1481159	1312601	1397046	1426495	1564680	1314419	1416905	1315103	1336744	
0.6513	0.2785		33725	21908	31931	25838	23592	31961	22615	32219	24473	25380		1427242	1173940	1499062	1479469	1120171	1221181	1303474	1409797	1301991	1137106	
0.248	0.3101		16196	30291	23066	17675	18521	18210	20780	20104	27616	22798		1099476	1642263	1448235	1246813	1275546	1263277	1374738	1190225	1403346	1366329	
0.7976	0.7624		30689	33218	35875	32175	34841	28090	49378	35832	45416	35244		1220252	1326209	1205401	1288083	1297479	1287542	1545330	1311467	1699649	1248524	
0.681	0.6803		46870	39197	33241	33737	42771	30590	49953	32593	32563	29246		1832172	1529886	1342438	1418568	1666012	1385619	1700188	1466538	1424214	1239635	
0.0572	0.9955		29744	23232	21264	29278	26839	31139	18763	19220	21606	18674		1439399	1115425	1091492	1525418	1410447	1582480	957567	1065182	1316225	1059433	
0.8036	0.3607		37158	30736	38845	37738	29822	37619	35855	27854	36115	42183		1429406	1499140	1731712	1422077	1444754	1501656	1426098	1444138	1431225	1511490	
0.7957	0.1772		26165	32558	23106	28255	20425	36703	36450	33877	26985	25705		1304671	1403149	1196419	1253036	1308740	1683995	1530829	1389316	1443922	1356999	
0.1078	0.1182		14546	24492	23890	19060	20975	23672	21103	18825	22171	28808		1258972	1518887	1490114	1274642	1270973	1244856	1536943	1147749	1386500	1651235	
0.9238	0.8223		40937	36204	42306	47408	42019	47507	46728	43965	38765	44278		1295178	1168836	1532646	1404545	1367737	1411110	1629024	1317442	1238618	1285810	
0.4292	0.3332		34269	31802	33934	31801	34318	23516	20199	18376	32287	25666		1427322	1481557	1380054	1754075	1620963	1375482	1078337	1076915	1522884	1481407	
0.4363	0.2103		30902	28566	27057	26365	17319	19130	19870	17790	19758	28054		1657318	1573796	1542035	1404281	1159737	1067000	1203345	1084943	1352824	1486319	
0.9665	0.7501		37614	32784	36529	35370	34542	48010	42479	35231	34977	43685		1296514	1300061	1290330	1139853	1113119	1395117	1370658	1170199	1186335	1278267	
0.7188	0.9389		41742	48438	41419	38027	34591	39058	52565	30959	34820	38129		1271231	1179668	1319987	1267162	1238778	1335824	1306074	1134392	1302951	1181508	
0.2357	0.0662		15536	15998	15682	24511	23677	15217	15341	17324	25702	13573		1302156	1317244	1456176	1395016	1576133	1114431	1261653	1282164	1413736	1153568	
0.9693	0.93		42804	41099	50435	38776	50186	40213	41382	37322	39625	38245		1319718	1280501	1624006	1259945	1487933	1219238	1250293	1102058	1175806	1290602	
0.4969	0.1959		22572	30969	17337	31018	20708	22749	22894	31354	21497	30456		1309145	1457823	1321966	1515789	1314147	1431414	1357108	1686707	1308373	1341752	
0.1742	0.4163		16512	23175	17902	18680	27183	22137	27442	27217	27332	23047		1171021	1339845	1154266	1175416	1495681	1365138	1514065	1542588	1427767	1176618	
0.2429	0.7663		27334	30635	22137	21851	25985	24550	20809	26225	24820	35161		1351656	1291979	1143614	1193578	1313037	1362717	1334885	1376201	1383551	1548398	
0.8699	0.8608		39699	39431	50085	38657	35945	34134	37057	46211	40143	45288		1512446	1304307	1653750	1338305	1205087	1244098	1359735	1511175	1259864	1441653	
0.6346	0.303		32934	22972	21112	22955	22189	25769	20045	22759	23151	19574		1342372	1154514	1210934	1332681	1279296	1353930	1052573	1171004	1163363	1068575	
0.3161	0.6196		22322	21757	36648	21956	22902	25978	22005	24319	24323	23740		1319778	1260393	1467509	1158086	1105245	1347307	1186627	1156842	1209084	1104147	
0.0734	0.1745		21589	22637	14267	11783	20683	15903	17594	24237	15199	14543		1477216	1418195	1148203	1222476	1381768	1197944	1517159	1469415	1404633	1261727	
0.9124	0.5615		27157	32920	43376	42402	30710	44798	40966	35059	49715	32112		1155411	1363042	1525159	1472815	1255407	1655179	1522512	1271131	1489660	1447910	
0.6915	0.922		37129	38058	31359	49960	47444	45975	48865	31447	31084	49988		1333358	1398269	1159923	1209824	1384357	1611977	1387220	1156334	1243086	1568743	
0.5216	0.1476		16335	21810	19976	23331	28588	16200	12546	20659	19486	21381		1084356	1240394	1244059	1341001	1315194	1005923	1041903	1353344	1385049	1198116	
0.2257	0.8001		34553	21415	26430	31869	26483	26133	24656	35658	61578	33057		1402303	1076152	1283552	1493727	1386367	1376311	1376628	1421530	1812620	1584815	
0.5981	0.4215		36085	33221	37420	22726	30781	35924	23907	27006	35406	29396		1502955	1304247	1318869	1357720	1537374	1491923	1306962	1273299	1478353	1322061	
0.8264	0.3872		37238	29332	34369	30165	26291	26392	44284	26390	24312	29530		1529731	1410521	1228276	1301773	1281567	1267072	1344294	1243199	1082476	1401199	
0.3937	0.5912		33862	36021	34368	34622	30192	34826	21300	23646	28422	35131		1545854	1493968	1654578	1700937	1145856	1282058	1187762	1381913	1245430	1498367	
0.9443	0.3614		39610	28509	29566	40218	35833	40573	27082	31825	29925	39560		1697626	1287814	1429453	1582609	1330016	1637463	1266372	1135450	1310783	1605809	
0.212	0.6141		30149	22594	21184	30189	30132	29609	23998	21481	33623	29928		1493272	1276523	1081414	1222434	1636854	1430709	1339784	1287968	1593164	1364782	
0.8565	0.5159		29660	34663	24835	46137	41091	36481	34587	27196	26974	40495		1253712	1255506	1222524	1652117	1736603	1732599	1545728	1077561	1228476	1558085	
0.9018	0.3241		28022	27737	29380	33192	37748	31685	29539	31836	26611	25334		1107676	1307565	1410919	1322599	1659612	1415445	1281262	1310892	1201683	1066155	
0.5182	0.253		30590	21152	21791	18850	21204	26101	20245	22707	20298	21123		1281167	1231471	1121933	997906	1226097	1302312	1255233	1256787	1169921	1227533	
0.6869	0.4706		25701	25152	31819	26873	35708	28025	24859	26938	25134	30596		1217205	1173808	1354493	1248618	1364704	1339830	1296685	1232181	1186379	1271134	
0.9182	0.9844		35074	36725	39680	37461	37397	37396	41735	37714	42759	39976		1177439	1149956	1144352	1264089	1202265	1217681	1467293	1265526	1303930	1127114	
0.2382	0.8393		30158	24203	36709	35008	35746	35541	34954	33442	23756	33759		1322391	1131366	1483229	1594936	1407371	1486977	1531352	1607961	1334333	1666754	
0.0997	0.9156		27246	25514	26481	33468	22121	22570	19869	33237	24994	22417		1428338	1242055	1201886	1678825	1271807	1168557	1164396	1549671	1242574	1189247	
0.5911	0.8669		30013	27835	32451	31536	31707	31105	41750	40088	33399	31958		1124656	1075135	1243688	1388518	1100504	1289004	1601546	1594135	1063156	1264308	
0.7379	0.0738		20776	25605	16785	30889	21385	20355	21706	19656	20966	22359		1111568	1412105	1403350	1624241	1290265	1348211	1215631	1127702	1300822	1226294	
0.8665	0.6891		29555	39040	43869	33061	31744	40421	43012	41228	40578	37702		1144577	1309174	1458280	1294475	1174016	1292609	1633650	1308128	1320876	1212130	
0.5325	0.2489		34717	30052	20190	28253	25176	30381	21331	20643	18146	21382		1491525	1563848	1254042	1433944	1433997	1559155	1368524	1158464	1098018	1255345	
0.3849	0.7278		30934	27488	36313	36140	28115	28340	36031	23025	25308	22147		1587862	1378952	1547663	1347259	1288147	1294533	1545688	1056879	1393650	1237905	
0.848	0.4664		40431	40473	39940	30033	31479	45999	31683	39713	39406	27535		1779974	1581527	1663802	1295151	1198281	1449044	1504272	1726122	1495674	1153862	
0.9562	0.4489		31061	29954	27144	29772	43925	33282	28146	25979	29284	32706		1198755	1333671	1180162	1364493	1273972	1208809	1174178	1108357	1287725	1434441	
0.0882	0.4693		19160	16534	26007	17013	18013	22110	18075	25993	18321	27379		1141179	1171007	1477694	1059855	1283439	1178033	1215726	1375561	1221341	1398885	
0.448	0.5514		24217	32839	28811	23039	23292	30676	27248	21155	20769	30249		1143371	1533848	1317107	1288066	1212764	1488379	1442416	1041083	1134042	1395164	
0.2987	0.5382		21352	19425	24339	23926	33667	23938	28825	40493	38690	30633		1257965	1140107	1533268	1294083	1633557	1428094	1489454	1425927	1654743	1675989	
0.0635	0.4131		15392	21983	19963	18317	17097	13672	19289	16239	21432	14846		1284824	1171475	1243928	1397800	1289803	1168972	1488161	1302246	1379983	1320684	
0.6355	0.8309		35447	35533	36296	32683	45144	36567	40479	33143	36266	37543		1511649	1583319	1292581	1379788	1673297	1401379	1350571	1272149	1405989	1535763	
0.4557	0.5795		29505	25703	25028	22583	26493	24034	26523	26327	25310	33041		1344197	1217098	1329191	1089199	1443341	1260625	1388185	1237024	1349516	1534291	
0.3783	0.4709		29395	29478	32365	22274	31880	31792	31846	21747	19289	23992		1425501	1516972	1698304	1307659	1550804	1409940	1503781	1226631	1066336	1386257	
0.5271	0.7511		35270	26543	27463	26823	27413	36419	28495	41489	40195	27185		1486418	1327084	1280613	1166020	1201337	1508394	1233023	1306137	1685357	1235755	
0.5478	0.4747		34460	34376	23274	27146	26322	23423	28074	41420	25579	20884		1653869	1404840	1191531	1238904	1246951	1057743	1373715	1343820	1252572	1142135	
0.2396	0.9349		26210	25046	26594	24404	22188	34489	29572	22573	39642	26117		1185016	1142749	1215928	1118511	1143816	1389353	1248555	1205620	1399374	1197054	
0.623	0.5314		35162	27491	42852	25801	35021	34818	25038	27411	27198	25917		1376197	1253707	1370102	1096911	1196165	1474650	1141676	1360183	1300539	1292304	
0.6653	0.2186		20854	24454	21427	26492	24216	27608	31349	23972	21763	24682		1308512	1382724	1124235	1234967	1374696	1335793	1463894	1296487	1259020	1253280	
0.4696	0.0833		15825	18734	19518	20803	24851	30759	22105	26513	17871	27673		1191647	1429871	1267520	1388102	1326786	1469004	1255670	1297828	1271999	1378069	
0.8109	0.375		35176	25437	37104	37411	25683	25664	28548	27558	31031	27764		1393419	1500928	1564748	1811141	1327250	1240575	1341373	1371628	1545854	1786749	
0.8076	0.5927		26489	28435	34745	39430	34010	36309	33943	29384	37584	40892		1094961	1184223	1348811	1414698	1415365	1284104	1346573	1032840	1278416	1507664	
0.9882	0.3123		38547	29211	23856	23143	32198	39857	29972	28576	28179	37287		1528303	1343642	1053553	1061075	1440959	1509112	1579849	1318233	1288099	1576791	
0.761	0.863		42902	35818	31159	29780	36024	38586	31396	35787	36595	40841		1735545	1372454	1133190	1012885	1286232	1364887	1198162	1125002	1333201	1369604	
0.5693	0.8399		38202	30039	30577	41773	41221	43332	28925	28478	41835	27434		1456698	1289396	1194521	1480486	1725527	1545109	1186202	1070158	1403251	1222139	
0.6884	0.8699		34679	30988	41560	35579	33785	45700	36311	45429	45288	33689		1271545	1110234	1512733	1310324	1356880	1591728	1517572	1579379	1623002	1264563	
0.5372	0.4379		37749	22639	24959	34047	25761	22680	27939	34455	29259	27924		1456018	1362249	1308095	1586013	1351492	1348042	1447454	1617749	1413947	1446277	
0.3171	0.8171		31054	42048	36746	36518	25517	32535	28277	24506	27894	34859		1354174	1564969	1503793	1744815	1547706	1392034	1360079	1204596	1300800	1406149	
0.7935	0.2271		23301	35675	36647	26041	23701	23965	30448	35289	28948	26080		1289821	1651314	1466545	1404895	1341190	1358768	1360626	1577747	1562098	1440988	
0.0599	0.6399		17904	17738	21111	15424	27210	24681	16551	23439	27965	28590		1213104	1114731	1289434	1150790	1416637	1325366	1249526	1443879	1465202	1486000	
0.7548	0.6125		31334	28257	38525	33125	45463	31037	30245	31387	34907	33312		1316150	1276565	1537837	1308776	1579083	1457300	1297616	1335330	1328779	1436101	
0.3027	0.0991		19270	18160	19476	14045	18392	17175	26085	25556	19829	18872		1263505	1383853	1222319	1156569	1254401	1288123	1418389	1290706	1342483	1219958	
0.6153	0.6895		38555	29263	31345	30773	40092	29324	30399	39022	36176	29756		1547334	1290790	1290750	1452861	1557486	1354978	1299669	1465109	1398123	1607761	
0.1262	0.4837		26425	22966	19868	30239	20340	20176	20692	30171	19970	18419		1351122	1409920	1254945	1564367	1302020	1228560	1165303	1455131	1241155	1147526	
0.3334	0.578		28768	24988	29158	25472	31311	24588	30321	22742	24486	23503		1466232	1372364	1385208	1298887	1764570	1337985	1246918	1202644	1364272	1412414	
0.2478	0.5454		24706	23481	22030	17579	22522	24407	23069	32179	28006	34389		1232281	1136090	1202731	1138400	1322597	1361035	1220078	1407585	1565186	1227289	
0.6582	0.7967		29016	27869	30787	47665	33780	41303	33898	32120	33705	32901		1278778	1089170	1327937	1253747	1250738	1397733	1294526	1164980	1220719	1307665	
0.3676	0.2814		16955	23837	23296	15776	21756	30154	19283	16389	21553	30271		1334282	1328317	1286052	1125948	1498394	1721923	1378576	1280406	1336155	1586428	
0.5984	0.5786		28000	26365	30241	26809	35638	30518	25671	27099	43449	27735		1230996	1282662	1349310	1221420	1500915	1343517	1305558	1361142	1455888	1301002	
0.5085	0.9891		39919	33824	40143	40724	41150	38748	27752	30940	39348	42167		1346232	1364863	1396016	1697466	1501295	1288137	1043237	1186923	1447975	1699344	
0.4873	0.8464		42139	29340	28884	34852	40558	34886	26275	26683	24529	29520		1675331	1488507	1220420	1296450	1532625	1402848	1081565	1085186	1038146	1263680	
0.9572	0.2637		35453	37680	37381	23457	36175	42821	39615	25291	24653	24590		1362994	1574698	1498788	1138512	1471053	1563861	1728408	1419490	1304598	1267530	
0.9081	0.1602		25363	33381	33291	27306	20170	32665	23346	36816	23046	27571		1401988	1517265	1455488	1254480	983844	1355656	1197518	1394774	1282851	1281782	
0.3291	0.5764		37954	26513	25684	21974	34768	27407	22564	21723	21485	22089		1633713	1407888	1351775	1269498	1450264	1282508	1241392	1186534	1185841	1309112	
0.4328	0.6792		25224	24766	22410	26767	25777	27103	36162	38190	25231	36271		1057209	1109235	1101543	1186411	1232589	1348184	1613663	1225233	1259512	1373949	
0.5737	0.6617		32945	29647	30688	28889	26736	39810	33771	30208	35702	28218		1490486	1287641	1331746	1220836	1196552	1595507	1497310	1403539	1629679	1443824	
0.2161	0.825		25431	22996	23666	26419	33477	35045	34562	35945	22439	36386		1273204	1385864	1036555	1396850	1586499	1576354	1667661	1517875	1238125	1621061	
0.9111	0.1397		35369	29353	28043	29393	28191	26144	35006	35376	27618	26558		1680172	1388738	1366992	1406563	1417322	1441462	1510034	1377661	1329527	1334462	
0.3561	0.115		19312	17410	17416	20233	16838	16050	21717	18770	21485	23907		1345975	1264007	1381200	1430747	1329854	1240386	1362199	1322489	1284196	1184471	
0.4428	0.1078		16347	21741	20914	21044	20822	26827	31602	19241	21524	30136		1073880	1325559	1438233	1335243	1283038	1544615	1231143	1239417	1338686	1470351	
0.8913	0.919		40204	37478	40031	54669	42839	49670	49491	33937	43857	47267		1374331	1324262	1434909	1781236	1430682	1754025	1596256	1129707	1436938	1693222	
0.6464	0.0951		21053	31659	21911	23018	30999	21347	24608	22626	20227	23913		1504010	1749988	1374095	1482930	1615132	1383090	1481917	1404343	1348891	1412844	
0.0645	0.0532		14819	14566	21384	14452	20920	13529	17758	13060	15201	12559		1323224	1387586	1515432	1362501	1279939	1140135	1359166	1095879	1251439	1223987	
0.9884	0.8763		36790	39100	56997	37936	44986	38946	43395	41168	38476	43453		1038548	1499039	1453299	1165451	1331824	1436137	1386024	1257115	1259654	1362307	
0.7205	0.7733		33088	33715	43562	31491	28750	42707	43266	41781	41264	30948		1255252	1137492	1514422	1181530	963948	1174996	1299234	1289601	1539345	1203890	
0.6286	0.1055		28573	27906	17669	30550	19838	22908	17370	21497	21948	25436		1571989	1417019	1248993	1321558	1153332	1362293	1146510	1125929	1273064	1342589	
0.8713	0.6398		38382	38647	47246	48741	33703	31268	29840	32678	30255	32393		1260241	1363219	1657865	1467419	1344456	1180045	1073806	1192227	1085993	1329694	
0.7569	0.419		34113	24751	27437	28762	26534	25558	33160	26658	31374	34034		1486189	1221929	1302351	1323646	1215007	1217087	1226204	1122671	1154123	1291470	
0.3798	0.6538		24522	33164	23083	33933	24397	36151	25740	23323	23176	28306		1342378	1216996	1246556	1343256	1147752	1259883	1212409	1230021	1025248	1282792	
0.4147	0.6387		33259	23898	24990	32561	25656	39409	21068	24279	35245	26907		1212079	1020732	1261088	1236547	1265496	1270238	981852	1268564	1487683	1286959	
0.6191	0.2826		21801	24074	24366	31878	20811	21606	26155	20852	21224	24046		1361910	1329076	1298291	1436666	1468991	1261715	1334465	1242877	1284696	1324473	
0.7271	0.5722		38469	37649	37115	48107	33553	29136	32326	31114	38315	39473		1516235	1650197	1555639	1541724	1282725	1301265	1407569	1272253	1440464	1520625	
0.2971	0.8324		34292	24256	32652	34901	32847	25328	25123	25256	27323	35198		1451064	1190697	1389339	1384054	1310654	1250695	1293285	1323829	1257160	1562118	
0.8641	0.9293		44637	51327	39976	53639	40494	40058	33697	50597	37095	43111		1323485	1202946	1458416	1523948	1383467	1338785	1078497	1728129	1310434	1286401	
0.1344	0.2299		19816	23600	18405	15217	14750	21942	24296	20232	14766	17324		1171286	1276670	1204489	1275337	1082429	1232163	1364639	1316233	1022548	1333993	
0.5993	0.8912		30258	29023	42551	28034	30573	33299	37123	31858	42917	30904		1460838	1101366	1386601	1132510	1287180	1361703	1363678	1342776	1669799	1279703	
0.3957	0.8744		25018	28106	29083	40300	31505	39524	38110	36928	37242	23769		1019173	1220724	1237301	1516348	1289578	1441132	1635429	1703496	1195514	1078729	
0.4636	0.6102		22347	36598	25830	21908	24994	24594	24285	26928	27270	27536		1183926	1757413	1321541	1017019	1293050	1243890	1371738	1538700	1277270	1310863	
0.1198	0.0746		14157	13343	15946	13634	16061	14455	14053	22094	15760	19554		1244402	1325168	1263105	1397592	1282108	1297236	1271794	1619777	1330767	1494785	
0.1611	0.5475		18429	16059	23045	20691	22945	21756	24621	28088	20773	21327		1178879	1020514	1208656	1200767	1268804	1206034	1337682	1318935	1181997	1243896	
0.4358	0.3562		25970	20364	25165	27162	29926	22431	21194	22378	21173	28021		1456185	1283518	1386276	1443969	1453141	1353064	1530662	1541063	1451379	1445476	
0.7091	0.2597		19522	26925	24406	21324	32008	22261	25288	35556	32332	26389		1220034	1465564	1322167	1282567	1465957	1293639	1296768	1508185	1430306	1185109	
0.1362	0.1061		20106	25030	14671	25231	25096	25219	26811	19884	25487	14543		1326923	1486844	1144841	1510147	1503906	1496387	1554435	1370090	1703453	1201190	
0.6916	0.343		29941	38387	23900	23214	21595	26069	23105	20590	24425	39107		1313042	1706340	1420025	1276583	1221937	1311849	1332111	1195329	1245483	1577029	
0.3778	0.3159		23340	30159	19573	28448	18924	21313	20453	21966	19346	20247		1242980	1305660	1182219	1535463	1454470	1506378	1253122	1447884	1388150	1759561	
0.0955	0.9891		30381	20407	22901	30073	27674	23727	24553	32731	33045	35945		1522789	1032779	1299026	1396684	1432592	1259441	1413474	1456228	1403548	1521700	
0.2713	0.8071		25502	33271	23645	23289	22971	20335	32114	34002	35055	22010		1279697	1471387	1343674	1188987	1228727	1228063	1426520	1470839	1575081	1049474	
0.8231	0.2315		26239	37236	23959	36403	34916	23538	33615	29634	26740	29006		1400219	1563473	1203039	1467160	1478050	1255909	1270215	1344030	1278198	1445537	
0.9297	0.5074		31588	31868	27265	49990	32129	31428	40779	31192	29083	44306		1371167	1427126	1227027	1568363	1368437	1277237	1566311	1450506	1358084	1560924	
0.0995	0.3452		18178	15979	24862	17855	27086	24965	24821	25266	16166	23124		1191513	1291797	1604535	1455633	1545025	1374742	1418943	1706156	1413141	1636660	
0.6032	0.2727		20406	31247	32058	28382	21391	30940	21051	31170	22111	28046		1393258	1491736	1727258	1596395	1299088	1469315	1176084	1341761	1253591	1353782	
0.3999	0.228		27710	17550	30007	18718	29750	31331	20729	21675	19243	16681		1433111	1064065	1316690	1153505	1470079	1382207	1298911	1315017	1412597	1133733	
0.1943	0.2113		21990	22127	27230	18420	25696	25466	23735	22858	16623	25420		1584439	1442026	1353144	1282810	1473801	1525181	1346948	1432961	1294708	1576619	
0.7828	0.625		27848	30102	39420	33690	40104	35276	28697	29286	39533	33849		1207779	1098151	1255069	1287442	1466283	1479746	1367498	1223774	1519372	1308291	
0.4758	0.8269		39403	39417	40918	27683	27260	25346	34271	31571	29793	39580		1432994	1540496	1238503	1176776	1068338	1090872	1291627	1424775	1295355	1589216	
0.7586	0.506		35077	29432	41988	31158	26847	25831	43190	29345	26629	23063		1300028	1358330	1378296	1401284	1391127	1233551	1485114	1358507	1186778	1378370	
0.2611	0.9444		28623	33439	26262	32211	29093	35562	25601	25816	30458	28177		1252765	1597020	1322118	1306489	1426893	1489726	1370628	1284079	1474317	1381778	
0.2305	0.5111		22382	21712	30348	21946	19481	21004	14074	21144	19236	19112		1291452	1406397	1577336	1301138	1200736	1300008	1032465	1268224	1272096	1310225	
0.7766	0.6063		48096	43740	29819	38781	33648	49220	39428	25957	26446	27801		1369838	1540990	1234669	1566036	1335565	1531299	1592576	984384	1123053	1261168	
0.4074	0.3704		23322	23052	23361	31789	17600	22149	32077	20417	18454	23260		1357811	1238574	1359308	1491301	1165520	1482451	1690008	1294580	1240285	1396928	
0.3112	0.8578		44529	28253	36413	34664	24773	25201	28992	27665	26417	30383		1537027	1318109	1142776	1421684	1212322	1155937	1227866	1330902	1288692	1264370	
0.2152	0.9658		21665	36593	25478	24571	24369	22582	22305	25531	24197	30393		1216132	1395462	1183476	1168398	1193257	1093961	1097065	1309282	1379503	1556129	
0.1744	0.6163		27184	29256	27869	25902	20556	29444	20422	17197	20101	19696		1338087	1670674	1499599	1320125	1285042	1568774	1254886	1137870	1143831	1173097	
0.5909	0.3145		27659	23176	24127	27892	31294	23178	31938	21475	23523	21704		1401648	1235608	1185260	1260601	1449931	1326315	1404016	1193859	1230723	1180328	
0.3817	0.3387		25152	30467	32950	30580	22994	22195	30742	30391	30461	19716		1393708	1378250	1736430	1744204	1359932	1297707	1528830	1751620	1533736	1315106	
0.0531	0.9698		29995	28032	21352	22841	18666	21992	18917	15822	31411	23133		1602603	1501221	1319057	1240415	1094574	1097684	985420	1137951	1263167	1251933	
0.6794	0.7321		41856	34141	32839	32698	28795	26914	29995	31224	33410	41058		1678359	1368660	1340184	1317339	1075679	1055574	1328574	1429797	1364522	1600231	
0.6552	0.7959		32136	31824	39788	51232	42969	34217	35491	37495	34095	33097		1232983	1209962	1417812	1399576	1623179	1370803	1302285	1433314	1267607	1154832	
0.3197	0.1077		15443	18820	16214	16447	25892	18928	24755	26116	17156	26417		1171088	1205385	1131237	1273692	1447898	1226114	1368664	1514078	1186431	1384337	
0.4432	0.8156		29214	26880	30067	26964	27016	39574	37260	35615	35757	28951		1323097	1206540	1247816	1321670	1414518	1491916	1640218	1653781	1311863	1453465	
0.225	0.4504		21107	22613	32110	20667	20661	19896	16878	24473	17037	21770		1278403	1347927	1537070	1325230	1332348	1214416	1129493	1461842	1163900	1330853	
0.5609	0.5208		37652	25875	30731	24848	41698	24329	24680	31240	30032	31978		1573957	1237895	1392628	1330448	1498646	1210107	1295220	1462738	1468440	1390299	
0.8977	0.7042		43346	45265	35914	49093	35626	33040	40578	33806	34417	34241		1524400	1739201	1322766	1290853	1265203	1273229	1283688	1368053	1268583	1186141	
0.2799	0.398		20271	27176	19128	25467	23576	20109	28109	28384	21393	24661		1261449	1342434	1166897	1428349	1320063	1199572	1658114	1638431	1453562	1153080	
0.2924	0.0794		17574	14150	14495	24082	20707	24279	18691	21698	18390	16932		1199613	1034398	1140124	1265862	1221449	1437819	1232494	1448766	1220044	1193697	
0.0893	0.3959		19377	27332	22910	17424	18343	18288	18773	21811	24288	16470		1266197	1420401	1286358	1299823	1224491	1176172	1242011	1183253	1351864	1230935	
0.858	0.4304		40122	45360	39573	38338	28103	25837	38668	29818	32250	38022		1521378	1472797	1604044	1459100	1325045	1117757	1683521	1241960	1250030	1511821	
0.7165	0.2199		23736	22604	25378	19868	23007	31032	34510	20464	25084	24141		1228184	1244834	1260993	1065959	1249887	1393447	1701989	1313295	1467062	1343082	
0.1505	0.4253		20192	21636	28003	24997	23834	25565	20788	26158	16646	24504		1339319	1277887	1279551	1365665	1623833	1428000	1436798	1449854	1251074	1468849	
0.1227	0.9487		26053	34556	33092	31264	27610	31748	24142	24509	29702	18948		1265600	1275170	1549680	1561335	1418771	1574017	1338445	1247299	1357899	1324513	
0.8133	0.7799		33167	34254	29835	44412	37246	35292	51804	32845	30023	33780		1195929	1220486	1221597	1493914	1229345	1163321	1538597	1382084	1221822	1222567	
0.9518	0.8519		47514	35622	36604	37627	38008	37526	37915	42909	35372	34217		1550927	1100590	1179046	1259811	1378938	1233951	1274186	1221545	1084151	1144645	
0.7866	0.1427		16624	24756	25624	24737	21816	19635	19227	29508	34149	23770		875825	1214291	1308836	1200984	1209847	1071736	1069143	1277951	1579274	1203401	
0.4204	0.1609		36683	31374	21242	18163	29174	18022	20576	26374	29853	18511		1525718	1518995	1263031	1183344	1612164	1134035	1461629	1217307	1589957	1302478	
0.6325	0.2976		22279	21808	22230	33511	33896	25328	25249	23475	30121	24063		1290392	1167810	1304921	1692500	1341139	1213710	1416877	1210087	1356581	1158916	
0.4544	0.1147		18816	16173	23941	22316	32844	20697	20537	28355	26280	16905		1134356	1131273	1362646	1370720	1758613	1347866	1353187	1527473	1518254	1269688	
0.9115	0.4413		30945	30907	31805	28316	28955	31826	26207	41259	41642	25315		1441241	1455725	1396165	1232584	1348426	1419031	1149291	1695890	1615088	1296813	
0.7003	0.8273		34846	34797	33576	34750	32913	33794	32496	31610	30779	29156		1354518	1262566	1195405	1284137	1387987	1358564	1252176	1277416	1532277	1057750	
0.6427	0.6474		40423	28568	28270	28228	27980	38088	27781	29688	33118	39371		1448854	1332360	1291263	1362433	1243733	1271608	1283940	1303690	1345158	1627215	
0.1397	0.3759		17072	22520	21556	25007	16208	21918	28417	18570	30929	24939		1198496	1308354	1333968	1212367	1189985	1346281	1733978	1208996	1550899	1417582	
0.381	0.8294		36537	30375	26408	38682	33633	35994	26402	25753	28843	28334		1423024	1483086	1209332	1604190	1257731	1618075	1243115	1052563	1213537	1257837	
0.2843	0.9997		35704	29122	29478	27015	37971	31588	27539	31102	36840	28123		1356765	1408056	1376178	1290416	1475870	1367978	1296331	1363974	1473750	1410054	
0.4103	0.645		26858	40838	29152	22165	22329	30190	27870	29366	25968	27654		1320703	1538402	1365070	1296284	1126217	1345923	1410058	1435074	1376189	1442155	
0.7826	0.6573		36532	31974	36159	35371	30252	27182	32099	28339	45506	44331		1455951	1475139	1340362	1444744	1286495	1110101	1341223	1253662	1770723	1690313	
0.3192	0.6582		34623	23510	33014	23963	40809	24910	23432	22869	29648	29138		1498775	1067998	1472238	1260105	1695093	1359865	1429422	1488865	1451129	1418671	
0.5369	0.955		42593	30724	36579	35322	37656	35893	32984	34543	34390	34620		1618517	1364024	1314757	1306394	1408541	1429587	1257246	1335642	1263659	1309594	
0.7437	0.6178		40612	34078	27891	40987	32527	28926	33232	44719	30008	31339		1411961	1632729	1389734	1570031	1242961	1144179	1532055	1579366	1226409	1354948	
0.498	0.9785		32041	35862	40560	32363	39960	40056	31856	30598	29655	31527		1198751	1368332	1523849	1344756	1514135	1519884	1346760	1199133	1259545	1287360	
0.9528	0.9643		40596	32614	33145	45067	52481	51131	38790	40312	39844	38441		1243983	947010	827009	1390862	1524947	1471870	1261966	1360996	1303276	1396992	
0.0732	0.4373		13564	21184	16258	18780	18692	15786	13520	15223	24697	17987		1144653	1385906	1315565	1244010	1290126	1334299	1005485	1015527	1569006	1317377	
0.5539	0.6738		29769	40041	38631	38650	41493	33762	38225	33666	28192	43805		1216957	1584294	1572819	1642555	1395731	1394256	1541145	1446983	1496163	1635103	
0.0723	0.5948		25823	19300	26390	19958	15346	23466	19549	24472	17275	17558		1421876	1379853	1449272	1335821	1138595	1367520	1227922	1360381	1223051	1090240	
0.2468	0.4914		18870	18883	21162	21083	28240	28789	29512	29019	23441	25483		1277097	1217287	1214091	1280397	1482534	1724171	1650724	1615520	1354354	1435263	
0.9595	0.3134		47703	26313	32073	26776	36051	30293	25207	27306	26643	30356		1509212	1193205	1219328	1439558	1478748	1316273	1315803	1358121	1301993	1425374	
0.9899	0.98		37857	41892	40131	46357	48040	48473	36612	56056	42748	43965		1313360	1231615	1311407	1302430	1530765	1450385	1165351	1320057	1407373	1423916	
0.9606	0.2262		21831	28090	22281	23014	25549	35062	28238	37089	37841	24329		1050390	1334277	1077656	986413	1289520	1405449	1419139	1357426	1621165	1266492	
0.3162	0.7082		35232	26991	29951	39981	25030	26814	23722	28862	36210	26914		1473730	1431264	1526412	1615672	1290728	1333019	1307422	1478831	1482107	1443862	
0.5089	0.0569		19926	17963	16907	27886	17992	14831	19422	18275	18061	17265		1260466	1184737	1218264	1477858	1144127	1183395	1232463	1253132	1193788	1159672	
0.677	0.5195		26625	37322	46177	26458	31667	37619	32509	26971	32400	36426		1266756	1406511	1421587	1281087	1486940	1553694	1338335	1204554	1165362	1419332	
0.4817	0.3816		24075	23496	32864	27313	29311	23526	30984	21942	30993	25737		1510597	1324138	1517787	1380658	1444000	1261168	1453908	1317382	1582193	1332970	
0.3055	0.7448		23781	20459	26358	37513	24248	21791	25658	28330	24529	24963		1517865	1173803	1288771	1169794	1254031	1182977	1380900	1445965	1438094	1294945	
0.4701	0.5473		21488	26548	36013	21919	38933	29076	37967	23321	26371	25769		1153918	1234275	1425064	1336827	1647272	1296073	1581064	1414279	1250722	1322720	
0.9381	0.3358		29287	24794	26917	23792	24362	30119	26466	28456	26558	26597		1297251	1063729	1096930	1162497	1077162	1268217	1280545	1287137	1337917	1134159	
0.516	0.3509		21010	18908	24036	35103	21189	24140	32823	30695	31091	20394		1283179	1195658	1171647	1479153	1266314	1260015	1433202	1362614	1419716	1195961	
0.0764	0.5031		23184	19291	26481	14392	20498	25175	26490	20329	16551	23685		1603021	1350608	1425652	1368043	1326044	1443907	1627934	1441764	1328613	1477177	
0.2987	0.4628		20059	21867	24428	38338	30914	23940	30905	35888	32422	30974		1116995	1253710	1273824	1427417	1372183	1305188	1486475	1520739	1466193	1363026	
0.8335	0.7533		43855	43121	36659	32352	43049	34319	47466	33903	51852	46633		1418874	1588465	1440104	1319581	1314096	1336122	1653635	1269714	1431608	1464165	
0.3105	0.4586		23012	20588	20309	26592	28219	24297	23156	20478	20059	29013		1293959	1207970	1251601	1255689	1439655	1279944	1399200	1153228	1023816	1347509	
0.289	0.3995		27814	28024	19789	17761	19132	19415	19558	20917	25718	18640		1382780	1601401	1241716	1130799	1261615	1249869	1223335	1241554	1324233	1195939	
0.5004	0.4975		24816	23415	19720	22099	20264	23276	20367	21508	25945	32541		1168482	1096014	1043632	1097301	1051324	1238688	1037800	1168551	1123605	1436062	
0.9461	0.8185		43801	42845	39864	33324	48849	39003	43078	32346	33541	40198		1292545	1296402	1371104	1225210	1669371	1314065	1205358	1124560	1308091	1511470	
0.3581	0.0682		16166	26674	24579	18652	19821	25383	26717	18648	30857	26456		1180854	1552226	1558910	1193366	1307632	1300681	1407895	1246217	1433434	1468972	
0.6227	0.1204		23783	16635	20872	25058	20688	28909	17285	34458	29500	19950		1294606	976559	1230948	1270750	1170701	1351738	1229723	1509474	1668696	1348153	
0.2138	0.2415		18640	25710	16641	25680	17919	16599	20982	25840	16060	25340		1277856	1447153	1236690	1570295	1252646	1183259	1449098	1509858	1199074	1577488	
0.964	0.9504		40409	40248	36694	42769	39964	38638	41946	39716	38148	54604		1309170	1203510	1019382	1263366	1236261	1192892	1455439	1258251	1425031	1541095	
0.5609	0.0694		18388	17516	28864	23711	18470	17961	17969	18422	19406	20036		1320487	1080981	1733236	1429931	1213035	1215851	1189076	1173744	1246974	1271595	
0.8118	0.8747		35957	38923	38426	47007	46571	34245	32363	37813	35049	37983		1227368	1427685	1365170	1640580	1513456	1183704	1123561	1302452	1240451	1292293	
0.2655	0.4967		21763	31657	20794	18994	21552	16916	28862	26783	26761	19279		1277084	1501368	1256325	1150292	1274425	1342887	1609498	1240883	1205761	1137910	
0.1237	0.5409		20721	25966	28312	28922	23623	23140	20918	18315	28979	20426		1375072	1509867	1554950	1593338	1470981	1489640	1321485	1374628	1792460	1283521	
0.7329	0.3877		26933	24407	26919	28875	32089	25354	24978	34405	22578	33614		1183116	1246490	1252307	1360920	1273804	1199138	1343228	1548043	1144455	1505967	
0.1014	0.9153		22195	22759	23575	23205	27152	32995	24850	35148	22772	24426		1168819	1206873	1213630	1158840	1414513	1455684	1327327	1381259	1274637	1240249	
0.8389	0.4611		29316	27152	43897	26629	32629	25087	27370	37648	38751	38432		1330881	1542731	1396267	1118585	1308259	1134399	1212463	1288786	1296291	1332436	
0.2547	0.7703		25611	35722	26358	21021	25544	34952	34455	25791	28860	25863		1210349	1560738	1221464	1230728	1319115	1451516	1382167	1262321	1336396	1300653	
0.9235	0.1896		28016	29748	34291	36079	23986	34609	25401	24119	23268	29589		1327922	1345214	1443444	1460475	1190551	1419813	1332919	1228035	1061159	1367155	
0.5332	0.9273		45888	40431	40695	36321	42984	42206	45082	31666	35945	39656		1467988	1478810	1521983	1428906	1563373	1655566	1456383	1245150	1504519	1401974	
0.8432	0.5621		32974	30760	31260	29307	29097	31719	27113	31039	40514	27129		1272289	1366920	1209978	1120097	1171617	1156082	1028300	1222500	1303069	939259	
0.866	0.1685		20604	51015	25398	34913	24128	23074	24206	31343	23557	34988		1200816	1510750	1354521	1382250	1340352	1298068	1175464	1452700	1459078	1575154	
0.5883	0.8193		40754	29911	36658	39446	31439	31765	31505	43912	39505	34427		1365210	1250883	1294435	1454952	1429546	1237658	1206078	1517105	1537745	1312813	
0.8707	0.8445		45876	47341	31512	31097	31577	53288	42464	38555	45735	34697		1370675	1446677	981907	932202	941377	1189958	1273008	1108433	1467774	1177328	
0.2092	0.5342		18790	23516	21526	25054	21850	18857	28299	25925	29948	25901		1217696	1305670	1226249	1324656	1276215	1258360	1434119	1454817	1483467	1400132	
0.5077	0.6006		24461	34403	41389	35691	26935	23114	19812	40915	25119	33947		1259664	1479738	1359404	1371492	1285011	1070201	1027679	1542707	1166276	1482745	
0.2089	0.899		28143	24663	32617	28435	36694	33255	32073	21345	28361	26113		1359175	1360527	1380952	1313898	1438496	1405512	1326602	988589	1274241	1324784	
0.517	0.2462		20075	18730	19377	29128	29558	28750	21037	29426	18598	28073		1196783	1238704	1321091	1336869	1576085	1638686	1232484	1510093	1129088	1343010	
0.4822	0.5788		39922	35438	35770	27122	23810	28041	36672	24043	21677	27194		1373323	1447745	1552110	1352476	1052613	1283408	1555806	1238431	1044653	1183303	
0.7006	0.8936		38393	35367	37891	35569	44796	44037	32591	30449	35748	31805		1250333	1201055	1214123	1263858	1305623	1507957	1193503	1039202	1055272	1207799	
0.6961	0.402		38143	30548	21881	30483	24209	45827	36197	27470	27220	28383		1757487	1481033	1111831	1401764	1244345	1286362	1629623	1342712	1415470	1620328	
0.0804	0.4001		27687	17521	18500	24890	23677	20525	16348	15984	17936	15486		1580878	1295465	1258404	1585556	1465889	1199730	1160964	1173555	1256716	1110852	
0.9368	0.9025		40916	39081	40819	38298	44112	50827	37142	51538	51198	49042		1153704	1282050	1318764	1205533	1360234	1227850	1195320	1452807	1560396	1512330	
0.7526	0.1478		21232	22319	24893	26834	24515	27654	24421	29226	20553	23206		1101889	1207209	1185709	1274228	1300533	1352439	1321888	1255627	1163271	1155125	
0.0922	0.7376		25598	30495	31082	30534	21218	28994	36390	27591	22555	23924		1444351	1448041	1579283	1522140	1230229	1490905	1629449	1313637	1285922	1216380	
0.2714	0.6453		22715	24398	28743	22955	25596	32863	27049	21625	23483	32674		1153811	1337660	1341219	1250001	1248913	1335210	1454708	1098084	1096431	1443280	
0.5725	0.709		30464	38753	25384	27654	25519	26100	37257	30454	37555	33925		1338440	1601098	1063054	1136929	1218691	1243432	1506269	1375706	1600781	1456339	
0.3049	0.1304		19121	17767	17684	19122	25384	27990	30108	20360	27711	22439		1323258	1117280	1148324	1309011	1278328	1387478	1463042	1244832	1415844	1299408	
0.6062	0.8891		32770	42626	31767	41973	49597	47438	32704	33224	30034	31509		1240702	1551533	1138644	1286435	1486961	1424936	1325626	1232770	1194082	1174762	
0.3913	0.0682		20912	24241	18342	25481	25629	18232	25196	16372	24694	16666		1238457	1393960	1313974	1571538	1536697	1248253	1529913	1234591	1343266	1302348	
0.3396	0.8473		25406	27787	30258	35463	31613	28023	26751	28168	25811	22430		1183154	1298537	1276630	1407804	1303791	1255351	1334328	1248911	1121874	979737	
0.8811	0.5785		30616	46979	30680	29475	30231	31064	43973	42412	33796	35498		1219254	1415726	1495792	1182712	1206125	1071699	1256194	1509898	1398522	1192036	
0.3345	0.3185		19356	21312	24479	22148	22296	28434	18009	18897	20936	25846		1265017	1339431	1420239	1445265	1470665	1373869	1112021	1306738	1300417	1281719	
0.4237	0.4031		20599	28653	26476	20245	20253	30915	24035	22771	18817	32240		1458708	1443032	1294749	1130419	1214364	1273046	1216792	1192483	1140618	1459611	
0.3377	0.3085		21521	21820	16870	19023	23084	18954	30377	25052	21335	21838		1425795	1337601	1286168	1339254	1369854	1453064	1574114	1445332	1401557	1342198	
0.4466	0.8433		37506	24760	27169	42518	37521	27242	37996	37615	33733	34976		1467431	1173324	1320980	1400829	1578011	1339711	1772844	1615154	1353399	1553101	
0.5197	0.3991		24335	31844	30129	39659	21587	25278	34789	30725	25870	23268		1287962	1455003	1516885	1638889	1383126	1404037	1451420	1423551	1352709	1399039	
0.1778	0.8319		29105	35799	23584	34091	28446	35501	34473	35128	32242	23291		1380758	1351482	1214801	1438599	1367228	1325394	1568904	1771078	1449371	1256351	
0.129	0.277		15225	17670	18229	26455	27540	20005	17785	15714	18750	16144		1158164	1285421	1316089	1557156	1431021	1592933	1320323	1475449	1542172	1183353	
0.5238	0.5904		30940	27925	28170	37892	28009	25025	35642	24719	32265	24945		1250039	1354088	1392229	1394409	1308282	1325653	1575688	1278433	1389247	1293678	
0.8587	0.602		32806	32929	27858	30891	43122	35501	42897	45446	34379	34863		1334274	1345966	1227049	1292284	1447318	1419827	1567998	1594114	1394798	1531678	
0.6869	0.8557		36589	32680	38544	49690	44643	34390	36623	34256	43183	42745		1440961	1394565	1459883	1663251	1522707	1398627	1444865	1354886	1592151	1615787	
0.9108	0.2326		26571	24017	33820	24576	30531	21958	36123	21621	27243	26357		1185251	1291116	1270629	1223377	1402307	1279186	1387904	1140168	1334928	1299593	
0.3614	0.4374		29093	31751	31759	26718	20905	22481	27808	23395	21897	18845		1506284	1517132	1680344	1369438	1183206	1321041	1165305	1274030	1165304	1078309	
0.9682	0.3374		24038	26309	26312	30202	33068	30063	28519	28362	27834	24791		986275	1004708	1129856	1135729	1275126	1292980	1238407	1232684	1112200	1010727	
0.5834	0.6476		32356	29383	32047	38413	28191	26641	42784	31521	25515	28604		1352857	1326313	1448761	1604516	1315594	1240438	1522363	1349302	1205885	1274019	
0.3301	0.5466		19329	31210	30427	29923	18616	21316	23882	28223	25420	19168		1189980	1648295	1470297	1209291	1064132	1210807	1295384	1448383	1353711	1088952	
0.056	0.204		15515	19199	14782	26630	17085	14655	17842	23143	12999	14297		1199417	1337444	1211071	1657204	1257861	1094447	1299148	1411731	1246780	1283834	
0.1894	0.8878		36466	25724	34754	23310	25815	26006	21148	29611	24257	34534		1399747	1339330	1362777	1138831	1290861	1272756	1400541	1291956	1169425	1486770	
0.5384	0.5315		26673	27341	35594	38898	21848	36057	27483	26089	33271	27236		1367212	1170072	1347555	1394406	1177524	1710612	1300896	1245585	1224939	1366993	
0.8574	0.3812		24434	23177	23052	27926	38115	41291	36290	36630	25830	26425		992782	977189	1018696	999127	1411438	1371972	1731495	1370949	1136167	1185144	
0.6972	0.5725		30391	32228	38769	27410	29229	46005	33115	28756	29727	28813		1292158	1267191	1558064	1286143	1202659	1271758	1243634	1280655	1420003	1388523	
0.7873	0.6833		37183	36704	30463	31217	30596	44187	30431	49580	29397	41560		1295706	1374728	1404041	1335928	1184949	1646079	1247281	1607298	1233757	1481440	
0.9789	0.6561		40729	40941	44118	44427	47264	32828	30073	30727	37438	37473		1453010	1428967	1487384	1581715	1614188	1187111	1071891	1221049	1437957	1402831	
0.0713	0.2153		14877	19536	17016	22540	16407	24343	15803	17120	17726	19225		1127163	1260330	1331694	1170188	1240509	1490793	1272732	1275907	1269390	1186428	
0.698	0.1771		21302	23415	24297	22804	31344	31678	19505	22008	24173	22472		1226087	1252069	1248961	1163458	1418281	1524277	1114964	1232555	1425469	1275973	
0.3555	0.9737		27841	27777	28991	29413	39274	39065	28762	42030	44421	35163		1151442	1206851	1188898	1210138	1337451	1380990	1272926	1506756	1485776	1613323	
0.7422	0.4394		29210	30071	29154	23337	26373	31437	30780	25314	25212	25231		1326783	1380722	1589892	1176406	1142221	1208695	1415203	1225712	1197154	1223200	
0.4408	0.409		21460	24173	24113	24722	31645	22084	27079	30012	33345	22401		1214469	1335530	1424335	1301235	1522539	1343560	1521756	1420876	1664777	1267823	
0.7238	0.2983		23638	29551	23217	20828	29085	26281	22198	35494	29796	29239		1114731	1251048	1216312	1282328	1270609	1251192	1163440	1396135	1431522	1417645	
0.3032	0.6805		28259	26563	25622	26233	34119	28123	23304	33418	21851	34997		1481045	1304434	1410913	1307047	1526378	1283825	1516264	1266192	1331871	1373015	
0.3316	0.4831		20199	20993	28769	23573	24947	30910	29197	21504	33100	25369		1191934	1285512	1310429	1426929	1357134	1506524	1420143	1437762	1390039	1289538	
0.8897	0.6125		27360	27730	32462	40488	41248	44860	40414	35483	41926	42112		1036496	1022745	1266317	1502143	1590423	1467674	1398257	1329884	1575762	1162632	
0.2245	0.3092		16166	15494	17879	30104	20225	24709	16326	20599	22755	19184		1081395	1136947	1220092	1439131	1298186	1409164	1131930	1336482	1337469	1354352	
0.2741	0.9467		24380	27904	28318	34152	35329	24944	26492	32713	26808	30261		1248653	1340974	1363952	1488097	1440827	1271730	1503753	1499021	1365252	1353514	
0.2319	0.0595		25048	17479	22318	25037	20485	17751	14709	20190	15328	17692		1437971	1390798	1304678	1633584	1516113	1317533	1345098	1445999	1329197	1502818	
0.481	0.4471		21816	21583	21877	22427	21864	24515	21859	34463	22076	26843		1137587	1204865	1293886	1212956	1067122	1141867	1107212	1446361	1202848	1209898	
0.6499	0.1944		35545	37851	33589	33981	24576	22261	22645	29995	22140	19774		1615190	1564938	1472249	1447637	1286311	1223372	1226794	1397830	1236585	1193628	
0.8046	0.8593		38512	33987	30673	36124	34898	35605	43025	34056	35211	33607		1298511	1091952	1099193	1262583	1274675	1330308	1413209	1183565	1230633	1349933	
0.363	0.9294		25068	29943	35005	32212	29668	25681	39514	42753	39018	30884		1108145	1310155	1540776	1423569	1369739	1296887	1648795	1472966	1519641	1452020	
0.2839	0.6372		35450	22904	23255	29193	29774	30263	25216	32454	34503	28156		1511376	1231863	1204403	1377230	1431035	1388595	1383904	1573601	1227692	1383893	
0.1076	0.1095		25058	16698	20011	14028	16154	15115	25150	13236	20684	21084		1809676	1381601	1464455	1219947	1308159	1256664	1506484	1197539	1349633	1335408	
0.2062	0.3279		19796	26557	18214	18458	22397	17049	19331	15154	24321	17630		1236499	1513388	1206239	1309320	1321119	1241770	1266335	1154195	1175035	1211845	
0.3744	0.2816		20596	18367	19231	28373	20686	33115	27098	21986	27654	22675		1554331	1242160	1255520	1441583	1111500	1480216	1476328	1316843	1353627	1332986	
0.291	0.1387		18084	22209	16684	21040	21991	27157	18439	20256	16653	15242		1210616	1154377	1120316	1487161	1285815	1348224	1293010	1248569	1328535	1221497	
0.179	0.9281		23588	33581	23527	25913	26515	26837	38823	23798	25292	24747		1208310	1702754	1168520	1211569	1484494	1375897	1584112	1292244	1229591	1219533	
0.8261	0.7585		41074	44632	42899	33097	44089	32904	35364	35676	50410	32121		1521893	1651335	1551221	1265588	1659310	1244033	1345681	1443056	1632197	1199195	
0.7404	0.3506		24440	33157	26776	26060	27024	27503	36321	31245	25102	24151		1178855	1449567	1310838	1324654	1267938	1310128	1645799	1505440	1286995	1411417	
0.9512	0.4269		29765	34170	39008	40347	38024	29823	30551	39274	39088	40562		1207706	1294056	1249437	1383191	1554396	1342903	1172419	1668115	1657344	1547817	
0.219	0.5995		20799	18461	29443	30014	22100	17681	21493	18064	24733	29971		1228862	1165661	1547323	1555599	1294106	1034252	1182508	992309	1393508	1471206	
0.8645	0.8102		43943	37703	36161	35302	48199	37267	39130	45461	36152	37093		1387504	1318279	1381127	1265887	1537821	1352418	1316083	1476368	1237023	1375206	
0.5047	0.7314		27021	25637	25795	27540	25938	29030	24808	24599	34067	31663		1294779	1008184	1063787	1068948	1172729	1246739	992407	990284	1300329	1283163	
0.2918	0.8203		33987	24737	25074	40662	30053	21936	27674	33873	27090	39552		1411087	1253102	1343512	1471090	1403017	1177848	1384998	1556374	1410669	1655649	
0.3196	0.3336		28517	17654	18463	20928	18490	28434	19396	18572	30479	30524		1540150	1225814	1201339	1484782	1309359	1568305	1413947	1271498	1470668	1614889	
0.5452	0.7004		35379	30472	30680	30127	28878	28542	36036	35956	41602	38960		1347704	1372960	1285384	1417246	1329063	1236049	1301725	1457635	1603625	1481740	
0.6597	0.2199		33741	20987	23434	19152	21221	33423	18963	26263	21437	19524		1200910	1071235	1179471	980485	1248900	1665729	1220745	1258177	1296789	1049618	
0.5187	0.608		33902	36936	41749	22781	31973	41777	27239	43966	25664	28498		1396499	1450746	1441220	1211234	1543406	1639848	1449817	1778295	1272145	1186425	
0.3434	0.1067		19939	17506	18359	29761	22653	25922	27867	18251	27749	19305		1263897	1586758	1366151	1533128	1376861	1344055	1483537	1327520	1557825	1581252	
0.975	0.0566		33649	31357	19957	23155	21603	21669	23829	22193	20910	35200		1188910	1183184	1066419	1038002	1095599	1097857	1112536	1083840	1288888	1330608	
0.3002	0.6443		19754	35671	19740	22769	33857	22023	33675	21671	25360	33699		1474796	1592547	1128479	1341303	1580181	1268462	1587414	1264409	1498749	1542277	
0.9216	0.1474		24112	29589	26054	19717	37688	23535	21335	34946	25531	24933		1192246	1351855	1106357	1029726	1330416	1102327	1035578	1645944	1260310	1378999	
0.8314	0.4477		27902	30649	27669	30412	26989	39511	30039	24816	38605	24790		1276194	1301474	1272236	1383484	1304108	1559696	1259805	1145553	1221343	1173185	
0.1265	0.0812		14315	18682	17944	25108	16815	25166	17529	15136	19556	15125		1184455	1336775	1318917	1461572	1392079	1699164	1343483	1282514	1383755	1428305	
0.6765	0.9153		47264	45598	33336	32048	37897	34549	33566	33774	42662	35822		1576952	1469072	1287771	1228531	1218063	1098351	1206018	1172755	1289662	1271749	
0.6605	0.7312		40607	44614	30003	37599	35622	29683	29016	41423	33111	41753		1484917	1528668	1254112	1371610	1322533	1088026	1159319	1383084	1639122	1650292	
0.6125	0.2126		35524	24078	30560	32343	32176	24613	21902	23634	32199	25846		1413997	1270563	1617623	1639479	1722235	1499525	1295358	1365991	1609347	1600311	
0.2996	0.6743		32086	27408	22927	24408	19836	23001	25062	34283	41714	34808		1553658	1337709	1259029	1378320	1296490	1336419	1252676	1273712	1534015	1727302	
0.3485	0.9582		38906	43723	38692	38810	31512	29432	29928	33253	37023	37485		1424390	1419582	1570089	1646068	1356706	1342174	1472860	1327243	1343379	1417771	
0.4768	0.5236		30142	22922	32369	25148	32860	23364	22704	23243	35388	35370		1442538	1282765	1739997	1679691	1501773	1308772	1246974	1289112	1498294	1728112	
0.6915	0.9634		44070	37351	35201	33882	47882	37026	34098	36419	34089	37087		1255311	1247190	1273649	1154269	1458448	1393485	1252110	1390705	1375366	1324705	
0.9902	0.5597		32456	43839	34160	43771	42153	32202	37874	30758	30705	35245		1207648	1554990	1411581	1536381	1361962	1392044	1450656	1194034	1238132	1418729	
0.5439	0.8652		27874	30705	30133	35373	29562	31557	31496	39663	41380	41103		1110891	1293524	1295365	1290461	1281482	1259626	1265794	1456046	1460760	1451853	
0.4325	0.6655		23986	24634	22598	23202	22400	26458	27820	24377	23116	36703		1188546	1099234	1047122	1012462	996061	1069975	1248379	1121407	1282955	1523782	
0.6727	0.7534		36459	30378	27870	35621	33505	42085	41877	43214	47760	30892		1425958	1123877	1103593	1472511	1327782	1507885	1507222	1502925	1399501	1488837	
0.0523	0.0568		22867	22163	16924	20859	14458	15574	13219	12942	13441	12266		1688414	1380184	1703148	1644696	1309930	1316940	1298313	1167334	1283604	1474754	
0.9297	0.5726		30699	27602	31101	35701	41441	33713	31733	37313	30632	30656		1267682	1191583	1350090	1496326	1583198	1327818	1390807	1361247	1327053	1402279	
0.2576	0.1867		13967	18160	17384	17389	17040	20798	14575	17918	27818	27311		1038299	1196336	1164989	1169905	1167721	1309934	1028094	1248485	1762169	1415095	
0.3258	0.3063		29866	19059	18929	27901	19598	20785	20722	19957	19593	55229		1381514	1141300	1162965	1455555	1342179	1367947	1242362	1245661	1229342	1320652	
0.7756	0.4891		31251	37591	35111	26535	34457	28772	36628	26261	31428	25587		1498716	1699748	1499666	1290978	1379234	1336990	1657374	1379647	1233121	1308150	
0.1054	0.4051		31893	18640	16610	18698	14594	19431	19802	27616	16960	23863		1147839	1121583	1144787	1282528	1155864	1279581	1159367	1642747	1188645	1317120	
0.4414	0.3621		21553	19144	26070	22622	20384	31005	21165	22941	20523	26976		1233440	1092422	1292426	1281484	1162593	1385511	1226722	1230907	1227939	1289481	
0.8422	0.9943		34607	36265	34933	44378	56338	41475	37039	33003	39713	37616		1180561	1142443	1063052	1287417	1398468	1383746	1087775	1167706	1226203	1288786	
0.0778	0.954		25492	21734	26827	30531	21348	30227	30547	30618	22580	21724		1522351	1442146	1637185	1707142	1569106	1664758	1597469	1686027	1601324	1466328	
0.7768	0.4801		26125	26204	26313	26120	34927	32388	42793	37443	39020	29931		1128978	1122126	1236937	1273702	1420053	1236821	1728197	1610058	1475339	1357415	
0.08	0.9744		28092	32723	22572	21673	25825	42167	25672	26488	24228	22824		1163100	1778511	1319661	1331851	1319353	1492941	1329598	1192165	1369713	1224748	
0.8523	0.7742		41334	44222	33967	32348	34546	44363	35752	46995	44498	44039		1309708	1447985	1217955	1301739	1211517	1474070	1231532	1434435	1545979	1477897	
0.3899	0.272		25868	19438	32079	29975	19815	22242	24328	19604	16491	26958		1318889	1261481	1459446	1445820	1188153	1199333	1386219	1342039	1069136	1421911	
0.1491	0.6454		18553	29422	23170	30693	20280	20547	26282	20767	33000	30976		1196853	1437134	1347316	1614324	1172971	1086706	1301251	1242291	1354369	1385861	
0.2449	0.7232		24978	20097	31140	25555	24505	30822	25032	24859	22868	24417		1276978	1086658	1321150	1405461	1259300	1481599	1409848	1265653	1178942	1335052	
0.135	0.896		34667	33503	23237	23538	30496	22638	24295	33429	25994	33418		1425230	1544429	1349405	1228586	1276894	1199436	1327021	1594652	1274573	1629529	
0.9262	0.4506		31665	38881	29500	28220	30960	36972	31952	32150	36273	38403		1349837	1465020	1172081	1252203	1289467	1471348	1196744	1322763	1261197	1533733	
0.6698	0.3057		25155	24214	29656	25739	26270	25074	25790	20045	22108	30906		1429267	1311993	1242383	1551619	1372293	1314815	1313079	1071174	1139783	1490425	
0.1713	0.8241		24204	31933	33269	37326	24067	33791	25750	32850	26013	24964		1231741	1511336	1384489	1456207	1341954	1417953	1355488	1748701	1488170	1252442	
0.2789	0.6586		31931	32914	20327	31846	27142	35352	33210	23617	17741	19427		1332666	1431778	1134014	1369379	1323497	1496621	1560186	1148019	906135	1134006	
0.3825	0.4322		20657	18476	21668	36077	21735	26257	21092	23659	19220	18529		1300385	1292080	1347235	1532662	1072152	1348276	1246900	1278908	1111383	1291216	
0.8998	0.1811		29871	34108	23767	23118	35705	44678	24325	27034	27836	22827		1362004	1316964	1111932	1203679	1404320	1385065	1340246	1336259	1210432	1192020	
0.9428	0.3811		41912	29708	30032	33634	40686	39588	37954	33085	39397	38824		1355585	1358585	1225485	1184995	1439176	1458554	1436489	1425018	1641258	1501646	
0.9239	0.0508		27402	24351	30546	22434	22154	27322	26811	30396	27161	33641		1307152	1230971	1412929	1210199	1145113	1256193	1264210	1433166	1284799	1588865	
0.123	0.6459		39612	30915	21371	28512	18455	19491	19987	27903	33927	25325		1786854	1438272	1380573	1770577	1165665	1153467	1172863	1349082	1511021	1221192	
0.8984	0.5043		33656	31381	35714	28282	33931	40261	31230	31911	28725	28785		1243834	1263697	1306151	1348242	1489269	1488186	1240647	1400970	1371119	1378477	
0.2838	0.1321		23880	19686	13974	17523	18485	20881	21396	22982	19794	27254		1259649	1281813	1046385	1102522	1299781	1308589	1357234	1370000	1439070	1720326	
0.516	0.0611		25034	20269	28384	16031	20948	18331	16368	18074	26000	22367		1503471	1447840	1501530	1091331	1337078	1287295	1144965	1242283	1471559	1470417	
0.6955	0.3262		21556	41325	23225	25122	26591	27314	28180	31845	23931	28696		1070707	1604724	1339341	1259379	1316490	1363265	1300553	1289734	1251252	1611334	
0.6375	0.3023		41061	27494	36335	32845	27704	19550	41522	33136	26997	24784		1680225	1315179	1404622	1446712	1382999	1272784	1563210	1370197	1291678	1242139	
0.999	0.9604		36756	43309	39416	39165	60278	49056	50796	49564	40587	43980		1166771	1210799	1134355	1266452	1316456	1341683	1264577	1410334	1410562	1387639	
0.1033	0.9074		28999	33082	29676	25563	22222	26707	21605	23346	25101	28039		1421303	1454137	1352439	1220821	1434181	1321295	1140517	1387916	1468581	1359104	
0.3977	0.7474		25561	29809	25168	25339	28346	26972	35223	35162	45745	37527		1360896	1334866	1210577	1157322	1295458	1231564	1498558	1348826	1460049	1384682	
0.5073	0.0965		23363	27352	26419	17072	19223	19114	21418	18830	19279	20924		1231814	1205692	1171517	1032842	1158432	1064839	1173683	1178202	1154693	1258469	
0.7396	0.2579		33170	31718	24039	22480	22263	32804	24483	19204	32626	30467		1415046	1390281	1215264	1231695	1340509	1613838	1541304	1217739	1414412	1653037	
0.2778	0.4625		25785	22938	24154	22198	20570	20044	17820	30705	26126	19956		1320753	1225091	1341000	1330075	1238018	1336492	1356138	1628717	1327165	1344316	
0.8424	0.1002		28216	27623	24485	33462	24223	31736	27481	25011	21529	38646		1452167	1443186	1256836	1551185	1580497	1524161	1479515	1243142	1272313	1580718	
0.6428	0.8648		44272	41479	32879	33361	41049	41555	36449	35645	37586	41768		1403304	1456973	1314145	1244481	1339053	1267110	1334672	1223746	1328198	1336634	
0.6272	0.2695		24316	19668	25255	24598	24776	18398	22106	24444	34545	23393		1276004	1183464	1222386	1384356	1296136	1093548	1330859	1407058	1387494	1270904	
0.8781	0.8552		47505	39148	44797	54084	58647	52358	36260	32920	47844	39420		1219381	1279636	1338544	1256631	1411437	1551639	1182872	1098593	1451367	1307172	
0.9151	0.2		30088	25771	31267	26623	27708	26450	24147	27622	24807	31636		1311408	1433227	1347389	1221463	1314762	1514875	1337726	1550141	1189896	1287564	
0.4436	0.2628		30394	23388	32547	30413	23024	30830	20523	21778	20396	21393		1589500	1553383	1772138	1575651	1332493	1379000	1333415	1363496	1223152	1327507	
0.6804	0.2305		21864	25919	27651	22151	23378	23892	25616	29745	22064	19876		1218200	1468486	1495696	1245626	1351817	1493304	1479271	1355642	1372761	1342725	
0.1722	0.5463		30849	25328	22188	19373	20530	21480	23207	19009	29862	27758		1411595	1489579	1387315	1204034	1329875	1324769	1258284	1134295	1641172	1619962	
0.1811	0.9017		35720	23803	35088	27084	26829	22917	24401	18845	35215	21900		1423029	1304102	1573108	1358921	1370728	1175484	1321962	1186439	1572994	1180675	
0.7525	0.1228		18322	21639	32377	36975	30463	30446	30306	32447	32231	32227		1205462	1405462	1446936	1529305	1552484	1630002	1577977	1388885	1520960	1544222	
0.7344	0.1795		27675	21926	33295	27690	35268	24662	25088	23201	22963	22504		1252782	1222962	1493149	1541792	1555305	1276966	1373776	1291955	1199719	1306371	
0.8378	0.9154		32512	50210	34718	46957	35299	40188	36554	37447	37408	38805		1175463	1140862	1067811	1366334	1325469	1339647	1155924	1463476	1283896	1363242	
0.546	0.8187		29703	35445	30172	29931	45665	29840	46965	43653	31056	28255		1360999	1458694	1374353	1160969	1347509	1349707	1504689	1536205	1416079	1195448	
0.5836	0.7199		27238	30255	38489	37577	30009	27844	39098	41407	38669	34709		1125204	1142817	1533526	1612562	1429699	1158268	1411034	1621236	1395375	1305843	
0.1481	0.9466		23031	23220	23252	29923	23206	20374	24237	23488	24673	28310		1175155	1142890	1030959	1314682	1181797	1041817	1110779	1138313	1229853	1317397	
0.7343	0.1559		33321	18186	25909	43067	21156	21772	35187	31493	33518	19025		1600380	1158776	1363039	1382847	1126107	1260163	1315307	1454122	1667344	1182510	
0.6894	0.5646		30471	28585	25383	26639	41884	30250	27949	37973	37892	37697		1192764	1162985	1010848	1059179	1382728	1260821	1239831	1266531	1474173	1488575	
0.4896	0.0569		20959	24709	26257	27928	19321	19323	18273	17876	19009	19655		1149353	1375743	1532182	1389105	1300613	1249830	1207546	1323022	1451364	1286260	
0.7673	0.822		41813	29888	47549	32967	34523	35915	34107	44953	38742	32523		1381673	1115472	1567294	1225727	1320979	1306737	1194137	1563765	1264770	1130790	
0.462	0.5967		35984	32691	25393	26694	24327	41958	24392	25145	25016	32560		1433681	1357791	1592988	1514402	1339608	1350861	1164356	1259349	1311559	1319020	
0.6776	0.9099		36319	32966	43229	32848	30582	43682	37169	33931	30709	36175		1230732	1180485	1356296	1123334	1034277	1467441	1305510	1297954	1290332	1505911	
0.266	0.8116		34347	25032	35002	30907	24828	33557	24300	33803	33672	33183		1455003	1177730	1372152	1257252	1178973	1438283	1213099	1398876	1369607	1598475	
0.1415	0.938		25688	29123	23102	23688	26693	38170	24267	21058	31185	24177		1295711	1481966	1480048	1261418	1186220	1632995	1295533	1136945	1502335	1334494	
0.4911	0.6544		22942	28681	34782	27941	25338	25414	25712	25563	24791	27502		1209526	1444058	1630899	1278283	1246750	1254252	1271902	1276425	1242445	1528259	
0.6503	0.7175		41780	34187	40701	26999	36289	39763	40581	39330	31104	31171		1464846	1433259	1367567	1500599	1589752	1379147	1432628	1447700	1319169	1285481	
0.2527	0.1256		16284	24359	33771	13891	19030	16364	26998	26837	15952	14729		1283327	1400428	1535928	1237170	1242208	1370856	1529078	1510642	1253209	1050480	
0.7606	0.0822		33170	21343	29227	23187	21633	22762	31124	18185	18322	21911		1431096	1317714	1431616	1227576	1259563	1271016	1429650	1156567	1172659	1291139	
0.6753	0.9048		45203	33547	34325	40082	30571	44150	36629	33800	38688	32822		1546141	1152974	1436660	1392717	1227605	1468994	1313312	1420283	1398792	1336372	
0.4354	0.8299		28382	39709	27465	40969	29050	28092	35491	28876	29778	24577		1221046	1566033	1334465	1608435	1302130	1280222	1477649	1442505	1346439	1116150	
0.6809	0.2654		31012	27309	31569	25438	23454	23734	32806	25010	33851	24966		1508454	1286831	1491768	1370788	1266885	1376268	1596434	1423746	1457015	1536125	
0.1559	0.7854		19225	18406	25201	21887	24553	23643	21813	22140	38593	33277		1231317	1118335	1439287	1296310	1376991	1292288	1285964	1350269	1530945	1607300	
0.8942	0.3854		22884	40722	27301	26103	39954	27769	25106	29427	32049	30406		1483728	1485668	1178140	1279937	1238458	1282419	1118348	1287905	1320576	1329099	
0.3884	0.4418		30094	24232	29643	20936	23859	21028	21054	19387	33864	36101		1329447	1577351	1403576	1059852	1324175	1165229	1227796	1079785	1277958	1483291	
0.0783	0.9058		19909	32370	24081	21504	23745	32182	19300	19396	19274	28396		1038567	1614025	1198442	1233951	1405811	1374314	1161463	1061644	1069479	1224296	
0.9846	0.8191		46288	37362	52839	36516	58461	49157	48721	42969	50211	45098		1337170	1157219	1450815	1334396	1372866	1495211	1501900	1228958	1499660	1347318	
0.7092	0.8569		36697	36154	44953	30920	30237	29799	37933	36069	45348	38493		1364690	1311938	1508711	1113243	1058973	1213766	1320032	1242832	1600413	1186822	
0.6292	0.142		27676	31099	23103	26142	22375	28220	23351	29999	30687	22508		1558836	1718063	1348630	1280718	1294776	1444480	1366242	1442359	1690564	1353676	
0.4984	0.1084		19149	21563	21419	28977	20779	19091	35395	15641	12874	24228		1263952	1294264	1303790	1746087	1374582	1252327	1411792	1191842	1134208	1430311	
0.1305	0.9132		19795	25244	33327	23874	22180	30928	20514	23541	31646	32309		1178338	1319298	1432348	1430733	1206887	1398964	1028308	1252622	1471672	1563052	
0.9092	0.5819		30152	33862	41478	36737	39712	43211	33904	40207	28241	30405		1209021	1288131	1409405	1394011	1512574	1445404	1314215	1402997	1106858	1352621	
0.3367	0.5691		24614	32947	32773	23640	27474	26034	31416	21616	17030	22376		1222967	1551112	1670642	1204318	1194792	1293737	1327627	1223822	1038144	1135462	
0.9268	0.1889		30376	28306	36941	30010	18922	37725	28371	21762	27448	27561		1315477	1304863	1696487	1391052	851545	1511925	1326664	1065664	1246384	1354829	
0.538	0.7874		25885	25355	28361	27928	38227	28509	30693	36935	29813	26043		1170625	1011744	1227059	1290875	1461861	1270128	1288137	1431932	1346455	1215030	
0.4906	0.1158		18006	19434	17745	27162	24036	16125	18467	21032	21756	18469		1310767	1200669	1213274	1548960	1542969	1141346	1241832	1324692	1307882	1261919	
0.6631	0.3788		26541	26176	29839	29205	24183	25466	26917	25885	35227	27144		1333193	1327623	1421005	1342625	1255274	1182931	1364215	1314858	1448158	1307639	
0.0599	0.8118		17157	22552	30751	20783	22312	24378	31320	20223	20950	20175		1108780	1329265	1356093	1352315	1313126	1203400	1178112	1240676	1234930	1283514	
0.796	0.59		33764	32006	33611	39026	33654	45615	32027	32206	29740	41368		1299355	1270565	1341626	1496734	1299741	1516433	1298851	1244214	1247201	1358174	
0.6578	0.5173		31799	22679	35330	35233	27972	27500	26623	37232	28478	26137		1275754	1158261	1450398	1334415	1240838	1390334	1359796	1638615	1416409	1387152	
0.141	0.0664		15868	13891	17137	14153	14337	22306	18528	21488	16881	21972		1310326	1422809	1301696	1210672	1298228	1519931	1199015	1333334	1339759	1503526	
0.5744	0.1446		23029	23384	32234	29100	29278	28893	19593	22057	22934	31653		1301566	1228924	1427574	1429277	1513540	1670067	1209159	1173486	1273326	1675486	
0.354	0.2762		22324	19006	19336	22459	18793	24373	19040	16955	21063	31701		1297493	1150499	1240916	1377450	1336802	1486478	1245232	1228785	1280540	1404397	
0.1321	0.53		20270	18100	18693	19765	22959	21571	15939	17834	17251	18987		1196946	1081841	1169765	1180244	1230482	1213716	1146499	1087644	1028248	1216710	
0.3479	0.6879		33304	24345	21710	40229	27203	35754	24013	36643	21455	24878		1344392	1250764	1207888	1503525	1246911	1497294	1200893	1311393	1157169	1205547	
0.8759	0.9119		54825	40571	48321	47402	36176	39947	36106	42604	40573	47099		1196003	1284506	1586040	1511558	1247556	1265724	1291965	1411796	1415638	1624943	
0.3162	0.9551		38085	32722	37847	25202	26547	29503	29265	37889	25781	29484		1465537	1386658	1178321	989945	1099813	1306299	1209909	1419124	1164607	1188123	
0.1995	0.4377		22454	28849	22162	19741	21883	18948	17633	23549	16757	24133		1366124	1472718	1338123	1175136	1400236	1125222	1020796	1303672	1174136	1476180	
0.3303	0.107		27548	17348	13867	16904	21175	28913	18927	18264	17240	17769		1533275	1357125	969365	1136382	1329170	1360309	1368654	1334975	1399467	1384652	
0.3988	0.781		44408	37483	37633	28581	27067	37672	26932	27002	24812	25793		1519106	1394067	1419877	1406567	1378987	1396145	1326477	1207396	1182432	1153762	
0.9758	0.9481		40641	46653	45691	65318	54025	40635	42625	43326	42194	39965		1175172	1145667	1241974	1626855	1459235	1706640	1485590	1561884	1392892	1086849	
0.3387	0.0594		26636	26747	18830	24209	19320	16284	16462	17931	21442	26837		1505023	1679502	1255379	1440536	1337621	1177222	1186001	1369183	1437075	1546682	
0.1037	0.8637		21434	23040	21688	31063	24013	23555	23102	35848	23762	30933		1225434	1346369	1277651	1480365	1241741	1286204	1213615	1426605	1406975	1639800	
0.8883	0.3026		37305	37369	44941	39566	23096	24776	26176	32513	23427	25175		1578114	1680059	1271584	1555994	1048822	1076510	1270586	1573293	1052698	1282197	
0.9009	0.3887		25816	25382	23100	37821	38530	27673	37354	30578	29508	36503		1202195	1098645	1132434	1579734	1550235	1232030	1435586	1247381	1291892	1449513	
0.6244	0.0576		18152	28153	19567	25394	27608	23426	28547	28254	28411	21949		1196454	1310281	1142143	1320306	1523883	1328686	1439823	1514086	1431936	1226800	
0.359	0.2126		20750	23425	19593	29440	29291	16186	18258	19503	28910	23981		1352008	1433365	1374647	1624159	1532806	1253734	1358186	1283786	1518657	1205162	
0.8985	0.3285		27528	38308	35931	23933	29039	36484	27625	38295	31951	26044		1360600	1707618	1599169	1209002	1318305	1327879	1214932	1435629	1221090	1300333	
0.7119	0.7729		39678	33913	32479	42788	30985	42582	41558	33037	30730	30592		1252383	1328928	1146707	1623989	1175016	1611111	1443885	1239844	1289714	1269442	
0.0531	0.8612		27533	22545	24928	29984	29904	22481	17319	20738	22471	21801		1487393	1254175	1222061	1394482	1465241	1231761	1065521	1206791	1293572	1131367	
0.5318	0.8203		40356	26479	41043	29456	31589	38771	31976	39273	40418	39031		1666314	1206492	1496606	1354162	1305306	1529168	1536113	1591336	1481515	1750885	
0.6135	0.7615		31678	38927	29269	39132	44213	29769	33094	39217	34704	28984		1204845	1265299	1187056	1513619	1372385	1216577	1261924	1435199	1505884	1216401	
0.1514	0.4421		19892	18218	23490	17279	14998	22792	20263	22009	16737	19754		1322849	1231473	1600078	1153333	1129633	1126940	1170710	1315200	1154683	1291859	
0.7791	0.478		23933	38234	33292	27568	27006	31460	38199	29618	28990	37525		1170189	1536260	1109690	1208729	1235482	1378038	1548434	1246528	1366509	1403810	
0.4707	0.8091		29367	40920	27137	26548	41236	30768	28877	27740	41053	39029		1269385	1390262	1369539	1062925	1233333	1280230	1245495	1201959	1337897	1402505	
0.6076	0.7121		39682	32377	37897	34260	27681	30063	28228	30207	29165	35935		1435979	1334538	1432932	1283058	1241496	1337809	1132586	1367823	1331975	1367361	
0.0987	0.4769		25770	21516	16442	17233	19703	16836	20221	24683	17521	20458		1659291	1249626	1206673	1167219	1302049	1241666	1272996	1350198	1273234	1349110	
0.8186	0.6418		33862	27490	43664	33037	37783	29248	40975	41129	34996	29964		1312138	1069383	1340296	1271079	1466843	1120006	1581299	1489253	1382380	1308436	
0.5457	0.6003		26791	25489	24950	23305	35628	22831	28341	33478	29896	34933		1552249	1178245	1191558	1045793	1510863	1162386	1439027	1292384	1554297	1434402	
0.531	0.4667		22793	35231	24004	40244	27686	25330	28272	27084	23459	20306		1224051	1547484	1215735	1327670	1063492	1304443	1613579	1204055	1149408	1065321	
0.3649	0.5568		23992	25408	26229	34409	25023	22878	34565	22189	31842	23111		1081530	1328024	1383966	1187769	1372891	1273711	1652222	1353616	1535819	1245995	
1.0	0.9218		40045	36023	42649	47583	38581	35709	51718	50661	46352	46369		1330491	1161077	1312033	1247935	1258677	1029602	1575812	1489224	1387437	1526291	
0.0849	0.8305		26419	22250	20296	21403	19679	17878	23951	32069	22835	26691		1335785	1147937	1113568	1254133	1282050	1122073	1292916	1351476	1147435	1363610	
0.4341	0.4569		24451	22253	21675	21376	20691	21960	24535	20818	21297	22122		1334524	1143069	1157678	1306896	1057604	1209608	1143843	1171161	1126315	1109405	
0.8455	0.4383		30561	33158	38933	39178	39798	39302	32610	32739	38604	27660		1496178	1390903	1784204	1599405	1563310	1480001	1447765	1350588	1381886	1431736	
0.5182	0.4243		29544	31023	23623	32181	22349	32212	31781	29883	31713	37595		1354826	1215930	1221000	1521489	1195010	1392117	1450102	1392249	1209324	1363774	
0.6916	0.4091		26608	42464	25231	28287	23907	32220	40353	24356	25248	27853		1200018	1579667	1310505	1327183	1199597	1306420	1214594	1157995	1241622	1380450	
0.4828	0.0792		15668	22790	23773	26006	20433	23419	17882	17500	29964	20852		1245467	1352511	1283985	1529472	1202729	1272128	1268523	1325668	1694773	1423124	
0.5106	0.9025		27252	29976	37365	29983	27736	33734	30689	32483	31992	30167		1286835	1232570	1340056	1141980	1055796	1245815	1208864	1253771	1319433	1358342	
0.2898	0.2996		21145	20535	18078	15698	16045	21393	25842	21458	18187	21180		1329456	1211350	1110224	1065207	1135567	1377030	1452125	1469006	1291571	1285602	
0.1896	0.2222		15651	11457	25593	27166	23490	18523	14686	15620	32278	21853		1064778	798678	1042136	1457652	1281408	1193509	1136818	1290280	1434444	1374723	
0.1661	0.6228		22752	23278	23792	21251	24954	19684	19073	19423	28906	19797		1283983	1232865	1290276	1429321	1274872	1203707	1187181	1229413	1667962	1120384	
0.9876	0.7396		36923	31355	34952	47469	34013	35548	35879	40707	36804	38546		1243176	1118174	1117953	1458104	1209112	1262876	1302364	1375394	1422094	1237553	
0.7094	0.5289		32027	28287	30737	26671	27703	32497	27580	25875	28892	28740		1224756	1303215	1263303	1137229	1252499	1400683	1175788	1050626	1180009	1374154	
0.3665	0.4433		38566	21543	35580	21013	29008	25899	21124	20694	23598	32562		1334041	1334225	1443160	1333018	1451286	1337098	1135835	1096071	1307715	1460569	
0.7759	0.3801		37403	25186	25075	34698	35331	26496	28966	22876	25033	25035		1658025	1208301	1153273	1446911	1219277	1419491	1269041	1104101	1403851	1198798	
0.509	0.6991		26817	29255	26039	29618	26877	38323	27141	32866	29630	40998		1272763	1283239	1123716	1151689	1352477	1490409	1227285	1336992	1259317	1543200	
0.2439	0.6096		20229	23673	26580	31080	25007	36405	29941	30008	22150	20592		1229162	1357334	1384288	1341454	1413719	1488199	1440675	1610906	1380175	1395227	
0.4738	0.5635		26337	24109	24091	28342	36253	34847	34692	20886	28795	30157		1320327	1326651	1186171	1672844	1654618	1821741	1655523	1136265	1304260	1352169	
0.9845	0.4229		28933	27021	28126	32751	30745	36255	39556	44977	28257	27228		1437349	1180965	1262898	1390312	1318825	1457128	1556737	1541368	1311830	1319448	
0.5338	0.0541		19093	28467	20934	27167	28724	15846	18551	19769	17882	23222		1399479	1655648	1349644	1549465	1575688	1221292	1213752	1301896	1253899	1372271	
0.9705	0.8983		39479	38203	44864	36976	41139	37882	35742	37487	36647	44704		1080958	1067052	1288638	1171815	1326422	1253686	1169951	1053044	1220749	1346256	
0.8046	0.5562		44084	47165	36617	34503	37454	30504	48320	28833	35549	25680		1849981	1587008	1535058	1472532	1498784	1235435	1660346	1539343	1325895	1103127	
0.9354	0.9531		38446	46235	51254	47752	39563	42300	40311	48823	51990	35367		1446752	1190958	1426085	1403480	1209382	1242362	1285019	1557845	1510269	1061176	
0.847	0.7559		34032	33065	45935	34948	32873	43289	32311	29430	33163	35741		1045005	1266289	1107325	1258152	1323444	1278461	1199815	1206970	1396329	1412428	
0.8392	0.6003		41680	29586	38362	39217	33113	42214	31319	27410	53007	47303		1478633	1297428	1481937	1455792	1568853	1592638	1295754	1247926	1385114	1849741	
0.5162	0.6495		28492	46139	26085	30829	29186	29235	26850	29863	41257	23599		1398222	1581651	1414853	1241699	1568546	1301175	1123290	1138002	1503489	1204653	
0.999	0.7088		54229	37620	38245	45746	36299	46979	37628	29348	49691	37570		1241974	1223995	1261715	1281797	1378464	1602900	1167047	1098755	1477636	1287160	
0.6409	0.3878		35131	24679	36469	40278	21302	30121	29463	36784	34761	20914		1527018	1293582	1476965	1425222	1329781	1421796	1484085	1600882	1486779	1227564	
0.7846	0.3013		32827	27256	36124	43142	21468	24174	35538	24038	26371	25500		1593098	1361882	1469984	1499552	1294633	1374373	1498058	1475650	1426962	1235165	
0.96	0.8583		39947	49547	35617	49410	42688	48906	52267	48812	46946	47998		1297594	1260822	1278486	1315091	1400723	1559552	1637691	1597871	1358802	1420438	
0.4647	0.6744		22669	27830	35652	35888	30997	33699	30614	25976	36625	28089		1145583	1247352	1439525	1639447	1504337	1511131	1370075	1361740	1358749	1347145	
0.6942	0.4115		27060	30608	35057	34974	41997	35365	24980	25306	23113	30844		1182743	1298053	1633991	1608538	1202523	1480925	1225864	1213838	1152619	1223890	
0.7846	0.155		25622	32648	38691	23285	22124	21695	25007	21786	21772	19088		1281433	1574883	1671735	1343122	1389234	1257533	1341545	1200603	1100437	1053857	
0.7275	0.2494		25434	19952	22955	34244	29635	32305	21001	35125	21569	23097		1296291	1230923	1253296	1601856	1469995	1463271	1371392	1417511	1175876	1178871	
0.0873	0.5161		15123	25312	17870	19131	19833	20097	20245	15398	20213	27949		1046758	1451778	1160921	1225149	1236342	1270432	1319173	1196070	1351892	1606051	
0.7903	0.3562		27192	27132	30604	29345	24671	24226	21617	29316	33882	30662		1229446	1498300	1541736	1437371	1526191	1281798	1315358	1397412	1477509	1598182	
0.7694	0.5669		33408	27142	27127	25350	46648	26335	40926	28318	29974	32328		1242935	1033000	1266257	1037045	1282040	1176618	1376243	1248286	1107213	1191569	
0.7953	0.6442		32055	33231	28045	28387	30307	30109	30789	42146	32207	34918		1125159	1327785	1144705	1037222	1174715	1218769	1272013	1361500	1380260	1262436	
0.6886	0.537		31755	32823	26586	32693	36751	31487	23755	26395	36338	29763		1258029	1328562	1263182	1407901	1621049	1329967	1058837	1472913	1500571	1358029	
0.8438	0.4832		30686	28213	28041	26714	40115	43971	40892	30999	34763	31443		1461606	1205228	1167829	1148719	1307467	1626424	1366166	1466873	1419923	1473439	
0.5675	0.252		18254	32005	17861	23831	23962	22335	23398	36152	20681	22021		1130528	1355472	1148331	1264886	1325776	1337714	1415157	1739287	1216615	1225239	
0.7056	0.193		20838	26011	24274	35212	21908	26777	24164	30454	27197	21796		1029574	1282626	1286763	1612528	1157174	1372654	1316140	1396483	1266908	1237946	
0.3563	0.4441		21384	23953	21131	21673	21728	18472	38917	22743	21415	21531		1205382	1297400	1214096	1291016	1180527	1146313	1389192	1282760	1301555	1352505	
0.1927	0.7967		28577	25846	26211	30617	24764	26738	21581	28839	26319	33952		1369830	1337511	1391066	1479141	1245443	1135916	1103563	1304197	1417305	1455524	
0.3881	0.4319		20705	17848	20561	26674	21571	21361	24775	31868	21160	21531		1301680	1084168	1307743	1436467	1329525	1286050	1368350	1507156	1264047	1291657	
0.8782	0.5139		31212	27586	30724	44692	38629	43611	28637	34580	25549	30671		1199372	1224597	1276464	1419133	1508274	1313916	1158019	1334801	1100373	1199773	
0.9765	0.4559		41470	29314	34265	40629	31650	41885	41084	41697	39514	39465		1491571	1430130	1402234	1510820	1373422	1537686	1599742	1544756	1593755	1505648	
