30	31	
0.9729	0.4702		14419	14803	14034		673889	700388	612693	
0.9533	0.0776		8102	8108	8435		551702	555216	585124	
0.7372	0.0616		7194	7156	7323		654474	652269	665543	
0.9771	0.0897		9292	9160	9208		683593	648626	626777	
0.9125	0.1994		9958	9988	10661		631736	615181	665026	
0.7531	0.5342		13722	12767	12520		678457	585899	583507	
0.0674	0.7241		7291	7299	6765		654610	628706	599338	
0.2319	0.4375		6630	7089	6690		599957	647455	639708	
0.4835	0.4902		9932	9706	9944		697510	726720	696014	
0.3577	0.9662		12592	12858	12235		712429	684067	657151	
0.9303	0.094		8131	9122	8079		552969	657099	562893	
0.6532	0.3976		11121	10549	9983		654117	611305	595469	
0.8316	0.2489		9641	9392	10164		591871	571940	665263	
0.421	0.118		5864	4925	5890		675162	598790	690384	
0.3958	0.8515		12476	12400	12470		710677	704319	725772	
0.2125	0.9769		11037	9897	9973		640609	571299	585237	
0.4205	0.3028		7721	7626	7784		637245	669442	678868	
0.9906	0.7244		17707	17706	18729		567367	603834	655331	
0.408	0.699		11456	11449	11534		642066	651019	661581	
0.4407	0.3491		8609	8476	8575		707593	718767	722766	
0.4853	0.5991		11561	11330	11369		677185	690891	703049	
0.4372	0.0852		5068	5905	5897		559426	649703	667133	
0.5962	0.525		11918	10998	11895		644667	587755	663801	
0.7348	0.6693		15122	15230	14085		671151	674899	590879	
0.5805	0.5333		10904	11411	11787		590243	622979	686549	
0.4452	0.0531		4760	5645	5663		572339	681001	687349	
0.4093	0.3125		6837	6835	6809		588906	597960	600567	
0.5404	0.4776		10600	10119	10093		696719	658562	658132	
0.7388	0.3021		10580	10441	10577		670660	683383	677153	
0.4742	0.9187		14565	14449	14515		654256	685567	704491	
0.3804	0.8564		12079	11877	12585		616476	628344	648680	
0.4204	0.3076		7933	6716	6795		645439	562933	573234	
0.3312	0.5417		9275	9188	8184		676061	688429	596656	
0.4238	0.903		13453	13524	12501		645394	655949	580710	
0.7718	0.23		9939	9768	9810		649132	631945	674519	
0.2584	0.9373		11422	11260	11257		720514	751372	743729	
0.6615	0.9684		17613	17553	17706		657978	683798	692015	
0.4708	0.8265		13540	13513	13464		697294	702774	704630	
0.436	0.2747		6736	7951	7810		588378	693263	698569	
0.6309	0.764		15099	15093	15077		668193	655141	652829	
0.6588	0.6669		14241	14127	14206		677511	696348	680075	
0.421	0.8149		12620	12527	12658		667128	675188	697289	
0.3352	0.5149		8973	9130	8979		693505	665482	679213	
0.5367	0.2532		8710	8717	8637		734511	731047	755461	
0.216	0.3196		6371	6452	6359		683609	690460	661011	
0.7594	0.4289		12210	12339	12394		693396	710506	718391	
0.497	0.1186		6598	6492	6508		724739	724645	739021	
0.4769	0.9539		15069	14933	13976		669040	684666	588302	
0.8014	0.8635		18180	18248	18212		666067	677912	698804	
0.7257	0.4451		12445	12381	12324		654525	654359	672266	
0.8902	0.3131		12221	11298	11158		653026	571668	581338	
0.9179	0.2858		11054	11939	12038		607770	715439	745672	
0.7809	0.1389		8872	8905	8852		654104	646809	645685	
0.5987	0.4028		10674	10028	9948		641188	587246	603956	
0.1689	0.881		8736	9194	9186		549832	584298	595252	
0.4781	0.1168		5445	5980	5886		589957	620983	625413	
0.5409	0.4875		10699	10715	10677		676386	696716	694734	
0.4197	0.89		13207	13329	13288		648863	671490	661738	
0.6553	0.0509		6824	6849	6247		659796	647304	621802	
0.1599	0.348		5508	5521	5535		592766	601704	601676	
0.4458	0.7128		11950	11534	11000		654513	605081	579933	
0.8884	0.3636		12719	12631	12533		639183	641312	662951	
0.6763	0.93		16811	16944	16828		586461	601404	617846	
0.8204	0.5907		14197	14586	14590		599816	632208	636841	
0.9725	0.3563		13284	13175	13207		688864	707746	728591	
0.7985	0.6739		15509	16113	16096		590466	677138	707769	
0.2674	0.7599		10335	10276	10349		669148	658077	724825	
0.0774	0.4898		6293	6038	6031		597363	624268	657718	
0.0576	0.1981		4305	4284	4278		601619	642103	666684	
0.4153	0.5508		10091	10178	10041		566232	585953	610472	
0.6023	0.7533		14773	14646	14709		635408	667917	692112	
0.6701	0.5694		13219	13248	13034		593615	647375	639658	
0.2372	0.5677		8493	8499	8560		649409	668827	658962	
0.9419	0.6835		17979	17361	17953		641606	609691	672074	
0.0929	0.5907		6761	6185	5736		612731	576923	551750	
0.5498	0.5892		11124	12030	11991		543639	636926	651054	
0.6855	0.6221		13774	13803	13703		618531	628491	665782	
0.5388	0.3777		9895	9986	9989		628600	675129	673296	
0.3696	0.4446		8234	8204	8220		601103	600973	597856	
0.4099	0.5634		10325	10295	10483		608320	595952	616838	
0.4391	0.6241		11019	11020	11037		686463	692452	684744	
0.9286	0.929		21103	20941	20708		704987	708291	716549	
0.6431	0.9737		16574	16548	17615		557469	555354	646209	
0.2744	0.1854		5210	5067	5631		596560	601433	661290	
0.29	0.5185		7712	8240	7720		581070	619672	598980	
0.9563	0.1047		8429	8333	8420		524349	534396	535429	
0.7544	0.8725		16925	16929	16965		590941	590630	590658	
0.472	0.0927		5344	5370	5405		560693	561003	572261	
0.833	0.8797		18210	18128	19260		546650	558011	664029	
0.7925	0.7895		17648	17534	17477		643175	629046	637970	
0.5013	0.3176		8923	8372	8439		624922	575878	575696	
0.5189	0.4428		9293	10458	9280		567890	647442	566264	
0.5303	0.4152		10012	8895	9941		649487	567624	685167	
0.5147	0.3604		8236	8588	8081		546332	576228	551705	
0.6491	0.5555		11652	11753	12626		523471	523468	629556	
0.8624	0.1369		9657	9663	9628		658420	655381	693401	
0.9152	0.3139		12578	12172	11955		629133	591666	593654	
0.5333	0.83		14072	13912	13953		594349	592485	620123	
0.1582	0.8924		10004	8866	10001		625748	547569	645291	
0.3372	0.3403		7080	6993	7103		514195	525006	542991	
0.6558	0.1147		7364	7376	7399		562241	566011	569623	
0.0664	0.6517		7032	7056	7070		565842	560125	605805	
0.3773	0.2649		6821	6999	7351		581518	577523	637145	
0.919	0.8756		19366	20509	20526		555587	620649	636699	
0.6194	0.792		14117	15142	15286		568896	651374	649828	
0.9643	0.0953		9458	8463	9437		646455	566691	669254	
0.9242	0.9117		19913	20851	20655		562719	644822	642909	
0.8532	0.8991		19447	19640	19685		658035	675596	674148	
0.5822	0.2584		9178	9103	8511		620866	607152	588162	
0.0725	0.8233		7478	7620	7453		580572	597174	594810	
0.9521	0.2339		11183	10220	11147		598984	531646	621151	
0.3132	0.851		11680	11667	11642		639022	657809	665493	
0.5165	0.714		12905	13020	13052		606818	628863	606809	
0.9732	0.5369		16235	16231	16364		640476	668161	674403	
0.4032	0.5269		9771	9770	9805		651968	687213	629818	
0.6715	0.626		14172	14146	14127		641462	678356	707743	
0.9549	0.7337		18474	18644	18608		652585	698447	706942	
0.3564	0.301		7404	7378	7456		625948	636181	695209	
0.7862	0.9231		18861	18408	17931		637614	610330	597348	
0.8103	0.7266		16878	16681	16059		609133	618431	596203	
0.3134	0.1194		4642	4918	4890		539179	578898	600292	
0.5622	0.8228		13964	14603	14625		571887	664793	686288	
0.1011	0.4731		6543	6398	6363		592578	598383	632736	
0.8821	0.5915		15294	15320	15234		628479	632899	642835	
0.8023	0.151		8425	9521	8302		525042	633822	543101	
0.2276	0.9335		10865	10918	10908		636175	654382	670469	
0.7842	0.7839		17617	17505	17455		656935	662599	697806	
0.8895	0.1719		9970	10016	9883		628257	634702	682896	
0.0953	0.0502		3829	3920	3820		628921	699990	721808	
0.7358	0.3145		11147	11115	11044		698939	725518	710726	
0.973	0.6877		18688	18178	18532		623743	587886	645495	
0.5115	0.383		9646	9548	9643		612508	655647	678586	
0.8932	0.0783		8332	8391	8271		594733	616733	622319	
0.3593	0.0588		4229	4233	4143		519158	518324	536563	
0.987	0.6005		16498	16564	17159		581897	605573	623148	
0.907	0.549		15777	14632	15060		636034	564822	639720	
0.8588	0.152		9065	9095	9037		599952	612650	623338	
0.3693	0.5871		9393	9921	8933		590824	658188	570261	
0.8689	0.3884		12177	13043	13081		556053	647455	668397	
0.288	0.5553		8931	8893	8857		682440	686321	716544	
0.2974	0.1304		5767	5217	5701		629748	655488	671889	
0.8072	0.6665		15930	15995	15959		657602	657294	657931	
0.9304	0.079		9229	9056	9142		623409	647147	647224	
0.3289	0.3639		7660	7637	7607		679019	673209	691074	
0.428	0.2164		7147	6547	6583		570396	570870	547975	
0.9303	0.8272		18938	19731	19824		604524	678266	688805	
0.8255	0.4971		13624	13647	13688		617282	661682	673571	
0.6184	0.0666		7119	7212	7133		648873	636958	644445	
0.1391	0.2924		5474	5546	5449		613244	650204	677674	
0.1701	0.6554		7620	7465	7486		592661	598432	596304	
0.094	0.1195		4127	3548	4200		646114	587740	629511	
0.9225	0.6859		17524	16458	16458		653337	564350	568916	
0.564	0.204		8284	7208	8289		628310	545367	643345	
0.9679	0.9931		21989	21849	22434		580090	587088	643994	
0.9639	0.4829		14910	14914	14938		667472	697312	688122	
0.6481	0.7915		15731	15548	15540		674552	677175	661287	
0.6219	0.2337		8058	8023	8773		594272	606495	627505	
0.5991	0.9392		16697	16719	16718		682228	693488	697321	
0.461	0.1218		6288	6245	6322		615385	599168	587957	
0.3751	0.6995		11382	11280	11280		669707	693755	717627	
0.5423	0.8373		14570	14538	14560		673688	665557	665988	
0.2711	0.6131		9166	9051	9117		624129	626910	625104	
0.5564	0.3405		9446	8816	8943		588038	558452	571131	
0.8831	0.7678		17471	18306	17335		566431	668647	580222	
0.4947	0.488		10262	10307	10273		636626	658228	661568	
0.6245	0.282		9472	9453	9476		590840	587083	606336	
0.9257	0.3462		12887	12909	12828		602129	603100	623909	
0.4113	0.2855		7780	7731	7189		631204	611074	592816	
0.0744	0.5205		6294	6282	6292		656106	645159	673792	
0.7419	0.3436		11038	10877	10997		612078	609328	621250	
0.6286	0.3489		10249	10198	10186		615020	617832	615937	
0.9085	0.8787		20719	20553	20456		658348	626388	650271	
0.9274	0.6895		18021	17994	18071		631263	643498	667286	
0.4121	0.6333		11148	11215	11139		611377	618873	667494	
0.6815	0.5046		12737	12773	12738		602804	610195	654265	
0.5616	0.8347		14758	14682	14564		622494	650055	652342	
0.5657	0.8486		15142	15040	14560		634455	622564	606528	
0.8454	0.4679		13961	13822	12857		616624	673232	578304	
0.5703	0.9272		14777	14703	15275		546845	547247	589565	
0.7565	0.5517		13278	14066	14123		612650	684704	680167	
0.7712	0.1231		7775	7772	7735		584921	608508	620277	
0.1023	0.099		4106	3496	3504		636460	597318	606738	
0.0932	0.9083		7752	7723	7778		583737	591639	604476	
0.9673	0.9609		22226	22081	22245		635240	630261	642952	
0.2752	0.6482		9488	9453	9499		577242	609779	599445	
0.1497	0.654		7986	8089	8025		614201	617173	647464	
0.5715	0.8922		15820	15921	15790		630359	630985	675524	
0.9157	0.7728		18841	18198	18708		593413	550507	641914	
0.2762	0.5021		7382	7485	8428		541498	547542	641093	
0.3168	0.3216		6362	7278	6317		513115	623471	542223	
0.5515	0.0533		6317	6417	6342		631572	632495	648928	
0.949	0.3627		13006	12720	12928		581802	645575	628475	
0.0943	0.9915		9463	9401	9468		604610	606068	597901	
0.6326	0.9778		17411	17280	17348		586066	588589	627962	
0.8452	0.7883		18331	18176	17706		588192	606846	581727	
0.4762	0.0552		6010	5919	6070		584441	614300	619270	
0.2555	0.9535		11027	11011	11030		565347	572877	575596	
0.3228	0.826		10480	11456	11424		525521	623317	612454	
0.2508	0.8393		10772	10679	10758		659684	643722	661301	
0.1275	0.2315		5161	4963	5082		614775	626656	689638	
0.237	0.6513		9216	9108	9159		587200	587972	605652	
0.3837	0.5783		10224	10291	10280		591789	597601	622074	
0.8087	0.346		11981	11726	11773		606209	608738	627274	
0.8805	0.1008		9109	9176	8393		621419	655936	659622	
0.8663	0.3754		11811	12053	12054		503424	500079	506590	
0.1245	0.3108		4809	4764	4735		563731	564818	581243	
0.5625	0.4723		10646	9679	10630		593594	541156	622894	
0.3098	0.527		7828	8885	8229		524533	594805	584875	
0.4042	0.4319		8814	8811	8863		607970	628892	649005	
0.9805	0.5525		16249	16214	15586		587759	590355	593454	
0.624	0.3403		9502	9524	9368		564940	579618	606975	
0.741	0.577		14047	14055	12955		590742	586914	538311	
0.8077	0.5873		14472	14400	14372		594507	609096	634883	
0.2145	0.44		7244	7269	7296		607132	639066	668303	
0.9481	0.879		20694	20612	21383		589135	598099	633933	
0.5222	0.1063		6642	6120	6709		607510	585203	643989	
0.9839	0.1175		9457	9446	9000		584556	573001	542773	
0.1879	0.4002		6178	6253	6780		578906	582023	616747	
0.9845	0.8182		20322	20795	20799		605499	635590	658728	
0.3885	0.6547		10734	10819	10950		582285	605819	640139	
0.3017	0.3275		6576	6502	7203		562593	571607	630385	
0.9023	0.4149		12636	13005	13027		594746	624714	650950	
0.4157	0.2344		7256	7193	7170		550271	576949	593865	
0.2357	0.9554		11439	10421	11488		626156	558564	655084	
0.2366	0.8771		10305	10307	10311		550968	558885	561588	
0.752	0.2147		8637	9777	8666		567565	691140	608196	
0.6177	0.4025		10143	10108	10770		592812	587790	627796	
0.6104	0.0974		7363	7247	6286		625325	651533	573493	
0.7721	0.2791		10785	10715	10739		642708	664266	685676	
0.2985	0.5128		8741	8746	8763		597507	627045	626883	
0.5335	0.632		12804	12682	12548		592917	592785	618435	
0.6268	0.7034		14329	13723	13413		615054	566101	555495	
0.2964	0.2979		6895	6858	6932		596292	608820	620265	
0.528	0.4065		9366	9925	9988		562991	603153	645622	
0.4655	0.2538		8074	8051	8041		621845	624072	633315	
0.5925	0.6627		13224	13180	13323		619241	633084	647517	
0.1071	0.5803		7063	7132	6465		565667	569303	555285	
0.3462	0.367		7774	7782	7809		615631	618518	636830	
0.926	0.4359		12883	13919	13917		553300	639221	649238	
0.9392	0.6845		16685	16708	17843		520776	525980	629366	
0.6027	0.4103		10657	10094	10156		624679	590092	604809	
0.1281	0.8092		7700	8782	8711		585714	667007	675451	
0.4667	0.352		8031	8595	7566		538402	576636	516519	
0.909	0.2047		10793	10833	11024		592103	599014	617453	
0.4217	0.3468		7622	7611	8192		563657	573759	614185	
0.9418	0.8711		19741	19710	19490		587733	588656	613315	
0.589	0.5558		11967	11373	11455		590099	555560	562661	
0.6936	0.114		7865	7854	7818		634812	644123	685137	
0.0596	0.1007		3174	3191	3260		589341	580492	597329	
0.2595	0.05		4055	3616	4633		546144	519089	583285	
0.6066	0.59		12036	12041	11994		567726	572807	583160	
0.385	0.3357		7425	7507	7929		583109	580464	652336	
0.8427	0.7073		16821	16721	16828		643126	639553	666370	
0.2235	0.557		8099	8072	8129		600479	599174	644514	
0.7574	0.5676		14546	14416	14420		665579	700539	709779	
0.6386	0.1728		8117	8225	8175		642728	681373	667030	
0.6039	0.9399		16732	16803	16756		629743	652365	652800	
0.9004	0.9299		20635	20584	20542		625304	618041	674151	
0.1542	0.2913		5075	5023	5060		562465	561879	564102	
0.8785	0.9139		19598	19527	19475		583051	582415	604255	
0.3966	0.782		11094	12092	11106		578285	661940	592881	
0.7951	0.2353		9999	8915	9275		616416	540442	589813	
0.2393	0.8373		10596	10520	10514		635947	644302	678012	
0.2953	0.432		7898	7790	7847		627737	626803	636088	
0.9559	0.1752		10727	10650	10591		624640	614111	659326	
0.4215	0.964		13891	13907	13890		615777	624239	668460	
0.84	0.8407		18433	18592	18493		623244	634635	632335	
0.5344	0.2979		9015	8969	9009		627870	638694	656323	
0.5156	0.2442		7844	7904	7823		630956	635591	626499	
0.7357	0.3861		11264	11193	11199		553242	552168	551223	
0.9995	0.8955		21947	21887	21932		621663	629099	644888	
0.9525	0.3726		12357	13161	13006		570399	604736	610224	
0.178	0.2457		5456	5438	5544		605087	594101	621243	
0.3069	0.4601		7259	7341	7269		564372	575926	582308	
0.3968	0.986		12908	13344	13392		577609	586846	594589	
0.4376	0.2361		7379	6825	6935		571499	550840	556515	
0.9228	0.5342		15703	15669	14537		639289	641713	568173	
0.603	0.2196		8573	8635	7452		596644	602436	557054	
0.2403	0.2742		6314	5704	6330		585714	560955	608676	
0.9867	0.5743		17292	17164	17017		654629	640781	687868	
0.8157	0.0768		8383	8371	8376		587476	618139	625607	
0.1508	0.2785		5537	5588	5643		610608	633005	631102	
0.1571	0.2235		5340	5261	5268		602102	646180	631998	
0.7938	0.2178		9855	10002	9876		669646	630444	648715	
0.1229	0.0971		3271	4131	4185		599541	603252	608530	
0.4663	0.5825		11104	11146	11056		583783	602419	648147	
0.797	0.3318		11735	11904	11756		607804	629209	662080	
0.4522	0.1386		6626	6621	6658		605638	612333	612805	
0.1123	0.4658		6378	6358	5785		628600	619106	602916	
0.9374	0.981		21798	20633	21740		611374	550817	620815	
0.4674	0.8609		12544	12905	13041		577026	586238	585423	
0.1265	0.3327		4722	5763	4655		548833	655892	562563	
0.6548	0.2118		8358	8193	8160		597775	602382	597782	
0.6171	0.4977		10998	11591	10961		565643	592197	568298	
0.0763	0.6265		7004	6944	6368		616554	640314	574134	
0.3785	0.6889		11055	11172	11216		653861	660388	668621	
0.345	0.2801		7079	7167	7243		630407	622563	636306	
0.6383	0.9264		16869	16830	16831		664552	665606	691663	
0.8582	0.0575		6968	7160	7015		550468	549728	552468	
0.5285	0.3295		9431	8320	8176		657438	561681	561911	
0.6377	0.8011		15416	14458	15427		617034	565263	647073	
0.4408	0.787		12188	12205	12209		587556	584066	588270	
0.5373	0.1697		7505	7449	7573		633146	634112	681396	
0.1386	0.1417		4548	4553	4533		621782	650445	651528	
0.4135	0.6991		11542	11121	11626		625980	622424	641503	
0.7948	0.8515		17665	17655	17469		597081	594678	591611	
0.2815	0.5996		9311	8563	8617		661796	618771	628550	
0.3891	0.971		12965	13559	13608		601478	630422	651502	
0.3983	0.8314		12644	12757	12612		587576	595518	627643	
0.4178	0.7285		11700	11700	11629		650609	636421	630918	
0.4326	0.9663		13662	13768	13679		610085	618748	649594	
0.4801	0.9899		15061	15086	15045		635532	655244	697236	
0.7706	0.4433		12844	12848	12838		591336	613278	632643	
0.5904	0.2431		8431	8503	8500		638023	636879	689327	
0.5199	0.2877		8868	8886	8806		617119	615410	655469	
0.8549	0.9615		20413	20433	20390		639427	670629	654462	
0.755	0.0906		8109	8199	7445		642938	659312	622363	
0.8031	0.3845		12547	12631	12504		615208	626942	625197	
0.9402	0.9462		21968	20891	20968		649431	575460	590536	
0.2442	0.8995		11010	11046	9964		636197	644244	585834	
0.2197	0.523		8053	6898	6956		625814	571055	569911	
0.2398	0.0595		4087	4066	3616		614506	597250	578368	
0.3693	0.1998		6611	6756	6557		612236	618990	631410	
0.8318	0.6566		16431	16405	16378		651837	690409	698747	
0.9335	0.4418		13950	14416	14523		589128	633664	672149	
0.641	0.4178		11159	11222	10494		679597	685429	637173	
0.8391	0.3667		11095	11184	11010		536530	541558	540961	
0.4268	0.5094		9068	9569	9869		577727	622536	680830	
0.525	0.266		8683	8698	8674		691394	707385	712732	
0.3241	0.9429		12542	12425	12418		700381	705323	723769	
0.2037	0.4796		7420	7509	7396		613201	636280	636687	
0.8564	0.2636		11455	11347	11276		603648	637735	683323	
0.2424	0.5697		8714	8683	8563		617787	626964	605465	
0.1679	0.4309		6651	6519	6549		649264	636225	633132	
0.7783	0.8064		17168	17511	17371		664505	669318	708592	
0.0804	0.7289		7679	7747	7618		627673	634977	630229	
0.1544	0.7785		8828	7781	8872		621423	547652	635621	
0.2923	0.0805		5210	4624	5126		640111	595788	655056	
0.4043	0.4661		8132	8664	8627		560347	603818	606888	
0.3332	0.7564		11135	10145	11198		620448	543250	644945	
0.4899	0.4889		9307	9252	10358		591019	563929	644508	
0.3545	0.6278		10440	10505	9777		619295	622952	586356	
0.576	0.2776		9162	9132	9172		654476	685870	679867	
0.4288	0.69		11720	11719	11795		592299	604415	611982	
0.8171	0.0967		8595	8615	8702		694427	704365	714160	
0.6551	0.273		9741	8983	9620		642201	600877	649064	
0.8939	0.9507		20985	20981	21133		655958	687850	714503	
0.0727	0.2874		4401	4411	4954		571513	582790	633630	
0.5589	0.3506		8460	8320	8381		529819	547206	538510	
0.6023	0.4113		10757	10586	10787		715005	734555	740808	
0.5229	0.9312		14617	14632	14199		588428	584305	564503	
0.6769	0.678		13583	14615	14597		559319	668761	662596	
0.8619	0.9108		20094	20086	19954		648662	666156	645460	
0.4765	0.7778		12082	12247	12217		543983	554356	543493	
0.2942	0.3222		6463	6588	6465		550014	561852	570118	
0.1345	0.9505		8706	8741	8674		558522	565158	579903	
0.2665	0.071		3922	4964	5068		603578	691222	720350	
0.4019	0.655		10950	9970	9876		644627	556582	555153	
0.9441	0.8691		19692	19552	19699		573482	598863	607214	
0.303	0.0675		4174	4257	4200		563597	585835	591959	
0.0862	0.5282		5799	5894	5845		588982	599405	599991	
0.5389	0.9268		14866	14890	15573		611057	610818	660829	
0.8541	0.2062		10505	10422	10486		654300	703716	698897	
0.7163	0.2461		8839	9486	9490		611789	623665	666180	
0.6052	0.8475		15558	15611	15464		666040	658014	679451	
0.3225	0.0636		4762	5342	5368		593881	633563	617226	
0.6331	0.9984		17418	17417	17405		611129	644885	666627	
0.3672	0.6115		9194	9064	10088		558318	558944	655555	
0.5607	0.6463		12692	12932	12815		603542	625998	614158	
0.7392	0.6574		15193	15319	15059		653575	677551	700560	
0.7651	0.4325		12186	12354	12221		649745	658310	671066	
0.2759	0.0624		4779	4809	4712		657559	667108	676104	
0.9	0.1103		9362	9293	9145		620844	655519	658291	
0.6989	0.7376		15495	15361	15404		638093	669116	665803	
0.0815	0.1886		4536	4513	4530		640412	655292	625436	
0.6513	0.9227		17083	17192	17040		651231	688478	679831	
0.2648	0.1963		5786	5927	5733		661665	691182	693534	
0.4174	0.2609		7697	7747	7516		678621	669511	696717	
0.4437	0.9021		13856	13891	13882		685860	708882	717080	
0.0768	0.3523		5318	5367	5406		659744	687697	707392	
0.71	0.7726		16342	16424	15246		621745	635648	546382	
0.2946	0.7349		10284	9205	10367		666648	583067	676069	
0.5488	0.9606		15106	15482	15059		559158	604700	574517	
0.3817	0.1406		6354	6416	6240		628314	657088	653029	
0.9254	0.5274		15019	14619	15570		555050	553229	621436	
0.2482	0.7957		9036	9105	10037		591782	588764	671004	
0.7892	0.3897		12264	12260	12230		661841	702640	690655	
0.4552	0.0624		5823	5967	5861		601620	606856	619347	
0.6229	0.3606		10283	10257	10157		637214	632351	605108	
0.1293	0.5157		5955	6964	6996		557069	659228	677884	
0.2038	0.7358		8318	9324	9250		573030	663967	681302	
0.4125	0.9081		12925	12836	13469		594825	616110	683628	
0.8825	0.4545		14127	12943	14057		660383	581005	692928	
0.7167	0.5662		13900	13904	13817		679705	687694	693069	
0.4499	0.9558		13774	14336	14491		585998	645718	639986	
0.3734	0.4254		7422	7719	8192		516590	516667	639085	
0.0853	0.8333		8429	8415	8394		615772	622376	652664	
0.6254	0.0983		7374	7437	7464		615098	639353	651933	
0.4975	0.6686		12180	12242	12179		636808	656600	676818	
0.6173	0.272		9544	9632	9565		640023	677389	671331	
0.2139	0.4774		7481	7548	7476		626959	630710	672869	
0.8486	0.0656		8640	8851	8623		645574	700043	717972	
0.2973	0.9706		12452	12439	12533		654867	692917	683493	
0.2033	0.7687		9715	9748	9666		607200	653464	662877	
0.2743	0.7588		10469	9414	10376		608468	559752	654081	
0.3746	0.4484		8745	8758	8727		582998	607409	609835	
0.2117	0.2359		5665	5035	5716		623771	602638	663284	
0.2085	0.9384		10903	10392	10284		633559	598733	605738	
0.9289	0.4038		13747	13738	13800		635117	624485	666031	
0.956	0.3909		14103	14134	14152		610531	633585	640328	
0.3073	0.1389		4738	5103	5671		517065	563257	615835	
0.3347	0.7002		10679	10612	9537		640427	672528	567521	
0.3137	0.717		9364	9418	10429		538157	557533	675647	
0.372	0.2053		6660	6677	5649		697390	691205	718366	
0.4564	0.1515		5848	5917	6930		560606	568028	691366	
0.0798	0.9458		8964	7916	7929		694784	587861	593716	
0.0963	0.6523		7371	7416	7457		685950	677743	690152	
0.5733	0.4518		10181	10986	10389		624494	672815	668978	
0.2773	0.183		5688	5671	5699		647762	647643	670319	
0.0736	0.1586		4245	4200	4226		616421	616517	648993	
0.2947	0.1491		5709	5671	5697		620245	663985	657244	
0.175	0.3866		5837	6544	6634		621667	648079	631210	
0.3629	0.1414		6152	5635	5599		583114	567656	565258	
0.8535	0.786		17634	17728	17580		568452	566804	594651	
0.4943	0.7549		13307	12473	13311		601283	534529	617024	
0.1804	0.1427		4309	4418	4402		590618	590616	614226	
0.8497	0.7871		18278	17274	17254		661371	571246	589483	
0.4005	0.4751		9193	9250	9277		633680	636134	653718	
0.6989	0.3402		10742	10625	10701		632006	682115	679479	
0.4995	0.783		13404	13378	13438		618795	616508	655739	
0.3745	0.9723		12968	13270	13255		609392	648750	660802	
0.704	0.1791		8970	9032	8829		591774	611135	628573	
0.8269	0.3508		11783	11705	11767		625896	596098	626884	
0.431	0.1306		5942	5977	5971		552569	554677	569249	
0.4355	0.9116		13260	13019	13059		569792	572882	585870	
0.3281	0.1206		5455	5482	4499		621916	626141	555892	
0.6494	0.7961		14908	14990	14874		588486	581462	611884	
0.2908	0.0796		4576	4670	4612		574252	597952	599905	
0.6358	0.9556		16752	16734	17293		639073	650697	714955	
0.2447	0.9604		10804	10824	10375		589078	609100	575051	
0.3947	0.1215		5982	5936	5988		588955	605927	656983	
0.1509	0.1395		4654	4591	4631		638074	631401	672851	
0.4965	0.5364		10972	10914	10328		629216	629508	586747	
0.2229	0.9353		10236	10252	10320		563895	565542	569623	
0.0603	0.3429		4597	4611	4506		579347	581841	594865	
0.9004	0.819		19397	19328	18185		615328	636246	555801	
0.3209	0.5353		9008	8195	7974		602541	522947	543616	
0.8807	0.1317		9858	8722	8706		636735	573141	588052	
0.8183	0.8973		19320	18549	18522		633192	632963	604222	
0.5116	0.7985		13216	13336	13107		584928	587150	587336	
0.1286	0.3146		5078	5185	5164		548756	574957	573440	
0.1081	0.302		5447	4316	4296		654524	555477	574404	
0.3338	0.7569		10126	11199	10204		550669	627302	559257	
0.0759	0.4976		5479	6070	6096		616606	625239	673972	
0.1312	0.2359		5250	5083	5173		637258	656846	698732	
0.4435	0.7232		12109	12112	11446		648617	672233	626463	
0.6304	0.7806		15316	14200	14221		662747	569700	576702	
0.8834	0.451		13449	13407	13575		593100	614342	627060	
0.7157	0.9647		18316	18349	18319		676414	690230	703518	
0.6387	0.5767		11698	12893	11741		572603	692231	582886	
0.1586	0.9705		9909	9828	9928		601426	616637	627307	
0.0692	0.3952		5087	5065	5036		574712	604976	600190	
0.7772	0.7607		17134	17117	17094		641594	660245	703056	
0.8862	0.802		18515	18753	18518		636079	664894	678577	
0.6103	0.9471		17020	16968	16963		656615	695702	694545	
0.5812	0.1289		7759	7827	7683		673178	650152	647495	
0.1369	0.3971		5100	5058	5119		537648	537330	546012	
0.6082	0.6728		12417	12402	12424		575618	576757	582531	
0.1948	0.5658		7408	7400	7440		595824	608861	622961	
0.9069	0.7398		17379	17157	18167		580053	582819	687714	
0.1605	0.4359		5633	6715	6682		562793	651157	659411	
0.3047	0.1316		5694	5837	4675		610160	645197	559008	
0.6894	0.6545		14487	13459	14506		605305	568809	653796	
0.3605	0.8787		12669	12634	12688		651937	699142	697211	
0.5721	0.5665		12233	12313	12236		623358	622001	696007	
0.8191	0.3288		11256	11227	11343		603897	615946	607238	
0.8076	0.6261		15363	15264	15731		602484	640943	696445	
0.8589	0.109		7621	7556	8558		565099	566715	672212	
0.1361	0.9318		8529	8566	8616		596490	587716	608693	
0.4533	0.5556		10966	10719	10613		670465	661127	665631	
0.0608	0.5352		6332	6300	6273		649161	655577	661919	
0.5916	0.3803		10541	10379	10580		644460	688328	666286	
0.9831	0.0591		8754	8863	8772		657772	675453	696127	
0.645	0.6052		12674	12782	12696		556938	578285	596049	
0.3883	0.5622		9729	9770	9745		692789	669149	690664	
0.9631	0.284		12407	12471	12427		664423	628509	698248	
0.1845	0.8488		9665	9701	9641		618528	631511	669586	
0.8094	0.8962		18924	18921	18944		636110	668628	695607	
0.6817	0.7326		14480	14621	14512		589409	589391	600732	
0.2414	0.1959		5737	5795	5667		626660	608254	639222	
0.7482	0.3914		11945	11882	11875		608011	626462	666100	
0.2264	0.1563		5343	5217	5204		606997	607037	610146	
0.9293	0.7218		18273	18225	18288		671167	669055	686175	
0.7812	0.4811		12943	12976	12987		646828	698158	698412	
0.8028	0.9492		19547	19622	19811		630770	655739	674255	
0.5556	0.1157		7071	6995	6934		681158	704331	708808	
0.5896	0.7438		14080	14026	14088		608361	661733	678468	
0.7979	0.3957		12567	12576	12655		649025	660672	687272	
0.2862	0.4436		8124	8159	8284		644857	672828	689631	
0.7838	0.93		18806	18993	18899		679892	674653	700167	
0.2975	0.3028		7164	7076	6474		618156	652734	607574	
0.4366	0.7109		10754	11906	11289		557568	617640	596635	
0.2084	0.978		10418	10474	10478		621852	642728	655149	
0.092	0.2375		4763	4299	4160		654113	590098	610854	
0.6802	0.6681		14000	14448	13449		588388	634530	556730	
0.605	0.919		16342	16342	16428		661836	678237	730775	
0.5418	0.1838		7576	7608	7689		595600	616864	660577	
0.418	0.9017		13348	13443	13459		654234	650478	690783	
0.5978	0.6384		13407	13312	13382		673475	701573	713564	
0.9409	0.221		10110	10060	10593		560414	577869	639147	
0.3682	0.1641		5773	5767	5807		623063	619350	628206	
0.2189	0.9064		10251	10928	10866		567589	659944	675103	
0.264	0.7017		9673	9718	9634		637047	642609	652430	
0.9874	0.0962		9673	9754	9762		625816	680696	675470	
0.4461	0.8979		13815	12825	13205		663502	581204	617920	
0.167	0.945		9159	10323	9136		553614	662213	582030	
0.2747	0.713		10010	9467	8931		676862	626495	597251	
0.1568	0.1594		3917	4435	4461		555242	609986	609551	
0.8191	0.3434		11689	11695	11810		660553	675048	682396	
0.2231	0.2016		5548	5607	4635		684462	707878	688762	
0.3127	0.7211		10587	10764	10758		642466	657752	678632	
0.1187	0.2323		4967	4977	4978		625111	662066	700254	
0.7387	0.4319		12113	12281	12162		626562	651991	668746	
0.3506	0.126		6037	6210	6090		629127	679048	697581	
0.8284	0.6763		16465	16434	16459		608188	650537	664294	
0.2613	0.5469		8506	8583	8364		664526	636241	691612	
0.099	0.5871		7052	7204	7060		613983	670653	683267	
0.3504	0.9251		12130	12221	12138		607977	632891	633079	
0.9778	0.1252		9773	9697	9920		558253	581877	592119	
0.602	0.4555		10665	10583	10655		583758	606722	620104	
0.8024	0.5171		13676	13853	14285		558224	580018	664280	
0.0949	0.3627		5119	5061	5077		602301	607466	610285	
0.0788	0.432		5377	5820	4879		593637	643899	562776	
0.4398	0.4339		8249	8315	8684		540628	559096	592108	
0.9013	0.72		16842	16890	16940		584550	594177	594796	
0.8745	0.9311		19991	19908	19986		631110	656680	656421	
0.3916	0.9994		13813	12610	12776		646447	589939	592362	
0.2086	0.1112		4884	3878	4858		634511	565032	649077	
0.6518	0.2456		8109	7916	7952		570706	574398	592772	
0.4956	0.4775		9627	10149	9602		580496	620596	586164	
0.1628	0.5567		7488	7707	7592		620613	630866	689463	
0.7229	0.9105		18256	18242	18232		636334	605676	648341	
0.7148	0.8701		17304	17145	17105		644158	654974	680985	
0.262	0.1705		5513	5491	5511		619779	652950	650682	
0.595	0.2726		9408	9298	8211		647371	685605	592556	
0.1538	0.8755		8527	9136	8993		570635	620428	660859	
0.1079	0.1397		4301	4392	4338		648936	657815	695690	
0.2699	0.1302		5559	5437	5441		657984	683823	708255	
0.4107	0.4153		9074	9111	8991		634337	657721	663877	
0.2395	0.5195		8199	8163	8188		657982	681902	697076	
0.8085	0.6842		16182	16207	16088		648442	656802	688979	
0.4952	0.453		9940	10040	9990		623682	666258	687970	
0.2235	0.2859		6318	6252	6226		673561	689795	710375	
0.9833	0.4177		14404	14308	14178		645093	641643	655936	
0.2217	0.8006		8989	9547	9985		568876	596772	664735	
0.7687	0.4298		12428	12532	11438		644042	670162	568261	
0.7583	0.5601		13386	13989	13962		620185	671281	667636	
0.1371	0.3932		6186	5193	6219		669720	591580	676305	
0.3596	0.5591		9779	8536	8556		659355	575100	581141	
0.2689	0.3316		6953	6214	5980		652811	572164	579182	
0.6752	0.0786		7544	7560	7702		671502	706966	690019	
0.2045	0.2473		4631	5686	5663		542752	646075	660732	
0.8181	0.115		8065	8319	8180		559821	576845	580189	
0.4641	0.292		8362	7644	8265		609272	572636	646800	
0.3879	0.8525		12756	12674	11649		650320	684930	577053	
0.7597	0.4965		13151	11972	12964		655397	585864	696620	
0.1171	0.2463		5177	5073	4930		625779	648973	612034	
0.3224	0.8039		10204	10724	10635		564792	598361	584250	
0.6219	0.7108		14251	14344	13224		644071	668699	570073	
0.7014	0.5491		12591	12540	12545		540682	544305	557887	
0.9414	0.8092		19649	18937	19431		607152	578940	647672	
0.4602	0.7659		12980	13070	12901		603103	602124	612284	
0.691	0.1736		8662	7851	8809		626681	546295	663743	
0.5931	0.3279		8979	8985	8992		608259	613068	612961	
0.2456	0.3018		5879	6016	6616		582978	592097	670103	
0.732	0.2908		10483	10552	9380		621512	622261	570235	
0.3593	0.6809		10675	9413	10001		607439	552627	590119	
0.9138	0.5498		15131	15064	15003		576596	576759	580501	
0.2917	0.1525		5731	4838	4779		680750	601002	617481	
0.5235	0.1012		6776	6760	6802		614300	629361	673269	
0.0877	0.6147		6949	6455	6423		615253	579987	599296	
0.5079	0.2263		7791	7860	7860		614650	631332	678328	
0.5794	0.213		8470	8429	8313		584496	600807	654561	
0.8664	0.7586		18395	18490	18231		640287	644091	681033	
0.3339	0.9902		13060	13081	13049		623179	666148	687570	
0.2313	0.8272		10339	10163	10229		606545	607153	603874	
0.9537	0.1597		10003	10198	9995		577219	572642	574638	
0.8309	0.9309		18474	19585	19630		568935	655591	643034	
0.2195	0.9906		10318	11437	10795		551369	626546	592299	
0.971	0.6855		18207	18258	18191		649523	658311	673327	
0.9095	0.8837		20360	20491	20077		625071	626827	624426	
0.7378	0.2136		9843	9671	9653		627012	614930	619723	
0.9026	0.2821		12099	12054	11996		649679	650548	678493	
0.4704	0.5581		10949	10954	10836		612363	620722	614090	
0.6354	0.5508		12539	12736	12612		632445	630704	636777	
0.7701	0.8292		18161	16816	16798		639125	554382	572777	
0.4325	0.2785		6929	6901	7320		531840	528033	585292	
0.7353	0.9611		18075	18639	18720		588957	622792	625333	
0.1014	0.6217		7229	7431	7215		607997	612304	667612	
0.4381	0.0634		6108	6121	6043		643072	637151	669572	
0.2746	0.8881		10752	10834	11394		583034	583986	613854	
0.079	0.2296		4710	4754	4709		619816	623504	639812	
0.2284	0.8273		9190	9175	9176		561247	565401	581263	
0.744	0.978		17816	18851	18718		551652	619930	673129	
0.3316	0.3101		7258	7402	7305		625358	616852	664066	
0.2787	0.3528		6486	7052	7124		575903	627723	651668	
0.5199	0.7962		13789	13854	13886		650493	708533	690186	
0.2128	0.187		4240	4283	5284		535292	588627	648170	
0.3084	0.2704		6819	6841	6839		638764	651604	700378	
0.1635	0.2727		5681	4650	4658		612900	538630	564672	
0.6968	0.59		13802	13719	13693		584705	589537	629338	
0.8551	0.3616		12259	11253	11234		619799	560091	561477	
0.5739	0.664		13212	12189	12601		577156	514047	581718	
0.9529	0.988		22100	22124	22119		624065	665203	669014	
0.128	0.5909		7460	7535	6753		605406	637440	590996	
0.2937	0.2977		6348	6404	6330		566795	568196	590266	
0.6079	0.5779		12465	12452	12530		599507	602343	614640	
0.9625	0.2034		10773	10737	11369		560298	589280	656353	
0.648	0.8316		16067	16196	16116		630581	632886	643183	
0.4222	0.7909		12035	12069	12028		584628	587561	607268	
0.2036	0.4754		6517	6520	7531		561125	561188	673871	
0.6024	0.7054		13469	14197	13058		602756	647627	601046	
0.5867	0.4561		11129	11145	10056		630927	617417	566184	
0.4945	0.173		7301	7255	7256		601386	606614	649941	
0.0914	0.1481		3710	3788	3380		573129	569286	568715	
0.4753	0.9575		14925	13837	14873		625017	573044	677706	
0.5117	0.7675		13739	13682	13607		633369	631954	692815	
0.4828	0.8985		13725	13851	13420		570624	595659	572051	
0.1434	0.6787		8255	8152	7170		601075	646175	558501	
0.5364	0.4001		9515	10191	10072		578774	639830	640286	
0.8325	0.7278		17318	17235	15971		614431	661951	570710	
0.8544	0.3115		10543	11733	11548		524168	614709	652298	
0.2104	0.5534		8213	7399	8019		596806	562635	627972	
0.1926	0.345		6013	5927	5845		564242	564913	579450	
0.0571	0.4738		5389	5297	5466		554496	556259	561963	
0.7548	0.2809		10697	9450	10559		666036	570368	670523	
0.4825	0.148		5953	6334	6953		547984	612640	665903	
0.9407	0.5954		16111	16215	16176		592411	620313	646745	
0.9332	0.9193		21068	21062	21078		649742	708466	705720	
0.5216	0.7957		13458	12823	13920		580604	538359	668502	
0.3578	0.1871		6320	6412	5237		624175	661142	586515	
0.058	0.5692		6598	6539	6512		654326	687495	713410	
0.35	0.5795		8794	8842	8951		552911	565510	580099	
0.8256	0.634		16080	16158	15058		612810	641785	571919	
0.4076	0.5095		9821	9861	9883		613377	644782	649079	
0.6264	0.2181		8728	8808	8722		664103	682837	716755	
0.5628	0.5189		11887	11804	11717		632239	644165	689241	
0.9468	0.8814		21015	21144	21238		612516	646602	676284	
0.5091	0.2962		8553	8730	8545		643766	686642	710421	
0.1531	0.2737		5009	5767	4968		651175	673421	623968	
0.8964	0.8401		18855	18464	18298		594714	593089	580468	
0.7225	0.303		9960	10707	10658		614024	693661	700992	
0.9988	0.9302		22185	21841	21906		644976	677055	688844	
0.2381	0.5492		8380	8358	8430		622935	641438	676757	
0.4675	0.8022		12530	12417	12103		578147	587286	580094	
0.8839	0.1208		8073	9029	9064		559348	632725	667889	
0.7729	0.2531		10776	10123	10044		659776	601784	625282	
0.5908	0.0789		6986	7058	5971		690990	672092	607982	
0.4906	0.1069		6055	6503	6578		563077	620805	663282	
0.2944	0.5199		8916	8818	8778		603781	636871	667204	
0.6424	0.0577		6399	6373	6414		563751	582889	589292	
0.6134	0.575		11729	11679	12780		576310	583772	686510	
0.7612	0.6528		15379	15504	15426		625823	660847	691716	
0.5781	0.3718		9726	9711	9538		625155	655146	670446	
0.5494	0.767		14382	14217	13930		673133	654449	696740	
0.7482	0.9286		18212	17535	18289		621832	605624	692421	
0.5992	0.2219		8615	8658	8695		645047	655043	652644	
0.2651	0.0945		5043	5019	5112		653719	622486	691415	
0.3678	0.6982		11067	11145	11196		619568	661558	688293	
0.5119	0.8531		14220	14327	14209		680687	703162	713271	
0.1794	0.5754		8004	7955	7947		628911	650179	642439	
0.5555	0.4947		10989	10942	10339		638944	668879	634992	
0.099	0.7936		8355	7389	8254		614352	553115	646913	
0.4703	0.4448		9316	9282	9329		557349	572709	580849	
0.3956	0.251		7578	7684	7540		577897	592284	638037	
0.2479	0.5978		8759	8332	8236		618556	574342	583013	
0.1207	0.8994		9228	9163	9209		615228	619781	643890	
0.8445	0.7909		17617	17839	17788		646076	654582	660119	
0.897	0.6241		16162	16341	16157		610109	662134	644633	
0.4742	0.5006		10742	9624	9832		618403	542839	591647	
0.3112	0.3185		7278	7169	7175		602505	632237	688947	
0.1275	0.868		9258	9238	9154		647997	658894	692769	
0.1555	0.5288		7217	7161	7275		618681	679119	679419	
0.5391	0.6673		12826	12956	12988		584407	628905	634978	
0.1362	0.4111		6347	6420	6358		603734	620738	655008	
0.502	0.2611		7848	8483	7436		610129	649676	600323	
0.3616	0.3605		8015	6974	7495		645923	569268	599826	
0.9514	0.9635		22024	22100	20992		666207	674960	601236	
0.4016	0.9448		13710	13782	13715		633107	647119	673327	
0.6278	0.9544		17207	17508	17391		634217	659641	700657	
0.3971	0.6031		10187	10482	10516		607331	636929	654809	
0.8323	0.9843		19498	20248	20160		590844	659471	691518	
0.8046	0.9863		19299	19241	19896		589564	604699	668576	
0.3373	0.9353		11558	12470	11458		569141	667394	586082	
0.0781	0.7097		6411	6370	6414		564807	565459	578302	
0.2699	0.1318		5486	5597	5589		594001	620655	638467	
0.2618	0.6273		9223	9215	9255		639230	625681	665412	
0.4268	0.8941		13620	13614	13613		620094	641910	636209	
0.1891	0.6267		7858	8430	8591		621433	637184	657677	
0.7233	0.4466		12466	12454	12428		662930	665024	649292	
0.6863	0.3035		10122	10135	10094		681444	697954	706797	
0.5838	0.2582		9246	9241	9125		654623	681957	680681	
0.7426	0.3711		11268	11243	11393		656026	688671	689297	
0.5347	0.8413		14648	14704	14686		633764	664455	660841	
0.8624	0.2717		11559	11528	11770		646903	654276	661851	
0.3962	0.5484		9981	10234	10252		673154	683978	705846	
0.6647	0.8581		16386	16369	16434		646109	643605	676355	
0.152	0.5405		7348	7395	7303		634279	629001	656347	
0.2485	0.9733		11466	11519	11776		651051	657761	689666	
0.4775	0.8053		13328	13393	13257		632421	649236	667892	
0.651	0.519		12611	12804	12497		680763	702403	732812	
0.1394	0.7404		8469	8334	8398		603228	638052	630193	
0.4136	0.602		9989	10054	10069		546956	557373	575895	
0.849	0.2384		10609	10645	10727		610461	656083	671143	
0.5742	0.5139		11071	11155	11664		595606	622978	680791	
0.6013	0.2059		7880	7963	8498		596704	626786	689624	
0.1938	0.9239		10608	10698	10642		578045	633412	618059	
0.9424	0.4192		14242	14461	14360		708220	712991	711983	
0.1066	0.4591		6381	6409	6456		681576	686253	680991	
0.13	0.8725		9108	9122	9200		647197	652713	671329	
0.6844	0.589		13590	13066	13031		645976	597090	608863	
0.6195	0.3141		9976	8884	8905		655213	596486	599714	
0.6765	0.1559		8468	8444	7496		596769	643679	553239	
0.743	0.8685		16952	17002	16959		617999	585160	607428	
0.23	0.2593		6043	5481	6146		683972	670817	713008	
0.1116	0.0959		4236	3175	4253		658626	568296	654158	
0.4261	0.6796		11589	11679	10966		605651	607642	582572	
0.1152	0.3698		5853	4851	5262		672878	586419	608146	
0.4714	0.5828		10155	11371	11279		537082	653917	653672	
0.7489	0.2278		9090	9620	8948		580217	642530	597051	
0.8088	0.9513		19706	19567	19855		629162	641288	642111	
0.7488	0.3283		9976	9948	10441		605713	601530	643450	
0.0634	0.7863		6893	7482	7353		577177	683300	615034	
0.3085	0.1782		4940	5934	4921		548331	641854	551279	
0.5202	0.7787		13856	12754	12753		684438	563196	581422	
0.3603	0.7843		10637	10655	10775		531579	547451	554424	
0.1012	0.5321		5719	5809	5707		540406	563298	568049	
0.5656	0.4515		10226	10205	10274		580529	587182	589920	
0.9842	0.1173		9645	9584	9580		612180	614516	636480	
0.1959	0.583		8167	8170	8212		631840	658770	680361	
0.7273	0.4961		12805	12736	11583		646469	620183	560352	
0.0504	0.4159		5054	4987	5609		612091	606413	698470	
0.3927	0.5689		9718	9294	10449		570106	550708	675313	
0.8951	0.6287		16439	17202	17031		602476	647160	674004	
0.686	0.8826		17189	17195	17226		651748	650622	686891	
0.6751	0.5203		12971	12808	12929		673466	684855	705560	
0.1167	0.3874		6085	6189	6000		617507	627350	651162	
0.3159	0.7094		10553	10567	10555		686610	693464	723284	
0.4249	0.7652		12434	12528	12495		684307	692082	705564	
0.4989	0.2325		7710	7636	7734		608279	637580	679647	
0.1307	0.1177		4222	4379	4284		622053	644191	667484	
0.9817	0.5123		16191	16121	16068		620271	671860	699301	
0.8413	0.3579		12077	12095	12012		664508	653472	642059	
0.8568	0.3127		10985	11013	12133		562077	565010	677372	
0.084	0.2169		3994	4096	3706		584580	605744	591210	
0.637	0.4361		11252	10066	11200		603017	554494	649544	
0.1087	0.5883		7240	7115	7161		610622	628316	612100	
0.13	0.1761		4887	4755	4894		626623	652292	663380	
0.2967	0.6909		10132	10111	10174		624880	649899	649544	
0.977	0.1043		9607	9266	9776		635017	683768	688600	
0.9505	0.3464		13105	13093	13009		672080	667949	691743	
0.4053	0.953		13563	13576	13603		651093	666413	667919	
0.8958	0.5521		15577	15626	14867		651936	634978	588786	
0.5795	0.995		15808	16668	16853		578451	644980	642591	
0.2393	0.2753		6378	6457	6406		627780	644512	642764	
0.7864	0.8263		17981	18003	17976		657071	699331	698742	
0.9608	0.3338		13029	13127	13049		647965	644821	655446	
0.8469	0.6833		16667	16754	16555		689770	688894	673906	
0.6151	0.7964		14907	15110	15066		632976	677520	664914	
0.9853	0.6515		18333	18423	18254		729604	734812	752421	
0.6924	0.8013		16322	16309	16322		653289	661847	684301	
0.5399	0.5182		11368	11269	11226		656360	693517	657270	
0.581	0.537		11970	11814	11405		685113	670436	624501	
0.7419	0.3032		10726	10729	10829		673037	672282	697324	
0.0792	0.3284		5314	5299	5298		656194	672572	682827	
0.572	0.4345		10691	10611	10810		645755	650481	645485	
0.7165	0.4185		11346	11078	10739		583338	591753	572047	
0.2023	0.7351		8106	9219	9098		534548	634842	672627	
0.6985	0.5613		13237	13365	13270		643372	660243	651758	
0.3912	0.6477		11215	11127	10996		621625	641072	652347	
0.3631	0.3027		7538	7472	7642		577684	595969	595296	
0.2631	0.383		6264	7294	6309		506278	578311	521927	
0.9176	0.8714		19791	18619	20047		583255	533452	603960	
0.2389	0.8399		9947	10681	10641		575962	607855	647812	
0.1587	0.5683		7651	7583	7706		649571	631233	631658	
0.8744	0.2744		11510	10417	10373		692930	587860	584988	
0.3629	0.6243		9130	9618	10156		548832	580813	637070	
0.9924	0.3031		11666	11756	11762		582323	581120	590158	
0.6932	0.0948		7857	7794	7886		623654	643638	658663	
0.174	0.1342		4891	4931	4953		639514	647947	656455	
0.424	0.4611		9484	9472	9583		661986	660733	670900	
0.3883	0.165		6509	6579	6397		667685	676995	675284	
0.7303	0.4805		12656	12682	12620		697058	705659	697535	
0.3455	0.8945		12625	12626	12638		652183	656935	677838	
0.0575	0.685		7112	7138	7148		639559	646264	668120	
0.5249	0.0837		6771	6675	6671		674162	675166	670839	
0.3831	0.9509		13533	13535	13560		653108	645547	653413	
0.8894	0.1308		9752	9196	9084		620791	579918	584355	
0.0706	0.1619		4362	4446	4323		580123	577993	572822	
0.1534	0.0996		4454	4446	4620		600986	619262	611244	
0.4814	0.6561		12075	11932	11843		646395	643529	631408	
0.6213	0.8273		15711	15644	15710		639198	637625	637921	
0.081	0.5277		6513	5471	5817		628627	543178	559539	
0.4593	0.6318		10647	10548	11692		572263	568602	671251	
0.1659	0.6887		8528	8782	8591		693398	702567	714565	
0.1556	0.9339		9919	9856	9963		663059	655700	656328	
0.4228	0.8131		12390	12371	12338		565937	563947	565166	
0.7816	0.4884		13271	13260	13371		636077	638780	672729	
0.2599	0.3711		7034	7242	7048		643142	647666	657334	
0.5708	0.6581		13292	13344	13223		622757	635805	619534	
0.8727	0.9895		21300	21198	21126		600924	628483	625297	
0.3702	0.8591		12371	12375	12207		672527	676569	677586	
0.0635	0.9545		8955	8942	8889		677587	678581	672790	
0.1316	0.5965		7508	7578	7484		635727	678776	657630	
0.9177	0.4969		14585	14503	14590		664700	670898	667483	
0.062	0.8362		8028	7790	8172		691880	698263	707063	
0.1064	0.3287		5611	5549	5527		622543	652897	669281	
0.9891	0.0844		9585	9556	9675		638798	683537	666183	
0.9631	0.2505		12185	12212	12163		625175	660900	671003	
0.1361	0.6691		8050	8062	8121		626853	634412	645110	
0.6778	0.2048		9072	9067	9353		661208	663667	680098	
0.8463	0.2031		10369	10400	10472		616849	617325	603523	
0.2237	0.5937		8440	8405	8463		606637	621721	596795	
0.5929	0.8836		15805	15833	15847		636181	626919	662403	
0.1431	0.2935		5715	5722	5608		597130	614003	637368	
0.7223	0.6703		15035	15237	15112		630935	654296	673283	
0.2171	0.8897		10420	10343	10453		605819	621236	644132	
0.3495	0.6097		9094	9070	9018		570293	569578	561792	
0.6914	0.5233		12077	12083	11965		542435	546761	561982	
0.6176	0.1228		7452	7418	7428		624494	632727	677655	
0.7117	0.0511		7395	7437	7524		634923	596761	632042	
0.2924	0.9737		11202	11208	11313		572409	575397	573279	
0.7395	0.3603		11311	11481	11242		658324	654610	620647	
0.5286	0.5389		11314	11330	11416		667164	645551	659737	
0.9644	0.3578		13197	12678	12506		676225	638355	602726	
0.4292	0.9691		14470	14457	14292		649103	680465	685637	
0.5644	0.8913		15161	15348	15182		582404	605574	599645	
0.2933	0.9279		10904	10841	10806		543031	562116	567489	
0.8822	0.4186		12782	12860	13467		583126	577589	634416	
0.961	0.6958		17496	18375	18540		551766	639262	656668	
0.0756	0.7715		7875	7829	7907		639690	662146	670355	
0.339	0.9359		12490	12688	12576		641476	647161	655741	
0.3569	0.6097		8969	9116	10022		553253	539935	621200	
0.2973	0.9732		11926	12040	12020		622719	633753	632980	
0.8516	0.3574		12030	12350	11282		640364	677126	582559	
0.4065	0.2829		7309	7298	7311		566451	600687	590077	
0.6343	0.322		8996	9187	8964		553558	571336	571771	
0.9886	0.5776		17150	16148	17108		640759	573498	667423	
0.6355	0.383		11046	11080	9798		614907	638059	543045	
0.2421	0.4962		7165	7317	6887		570316	590168	556703	
0.9879	0.6978		18162	18166	18114		559605	580591	571506	
0.1063	0.6411		6517	6946	6973		557179	585940	583896	
0.6879	0.1571		8626	7708	8750		649839	560814	638290	
0.3485	0.6744		9988	10674	10748		582393	668047	670480	
0.5624	0.0619		6381	6422	6298		630722	662041	658209	
0.4871	0.6611		12384	12288	12235		667305	659948	668513	
0.1256	0.089		3296	4259	3645		566410	645194	606899	
0.567	0.676		12282	13339	12209		605278	675133	619801	
0.0955	0.6686		7572	7652	7621		658791	659445	672277	
0.8942	0.1987		10867	10778	10801		629691	656638	665000	
0.6151	0.6899		14160	14238	14255		628141	629353	648258	
0.4106	0.5721		10645	10549	10504		658989	635295	662279	
0.9858	0.879		21658	21080	21950		630630	638291	645157	
0.6873	0.2823		10116	10109	10030		639896	681869	673920	
0.9985	0.382		14251	14459	14293		654027	696477	691890	
0.7037	0.9478		18548	18572	18416		658456	682625	675348	
0.4944	0.8758		14616	14671	14642		635187	683544	687320	
0.3695	0.8365		12276	12443	12210		673529	704449	684030	
0.157	0.9483		10284	10341	9665		634302	661472	607689	
0.0727	0.9445		8792	7753	7693		643021	582611	585607	
0.5863	0.907		16175	16188	16128		666881	646264	674924	
0.0865	0.5772		6880	6261	6741		670384	616531	680157	
0.9	0.2503		11130	11314	10719		581284	579560	579512	
0.4903	0.9347		14830	14776	14875		658899	673529	677629	
0.7872	0.1745		9483	9319	9382		619932	643248	642002	
0.6799	0.3397		10538	9914	10535		661422	608088	653182	
0.4582	0.3701		8872	8961	8763		619644	627386	648026	
0.4908	0.1168		6584	6523	6610		623903	632765	629019	
0.4642	0.8479		13847	13666	12507		661670	662322	565330	
0.4256	0.3438		8088	7617	7474		634816	570386	585268	
0.4675	0.7893		12548	12419	12337		598724	597042	601187	
0.2621	0.4662		7914	7976	6852		673128	674767	586158	
0.6443	0.5525		12838	12688	12660		665241	668269	675674	
0.5593	0.4231		10399	10331	10346		636667	658067	662982	
0.5382	0.4603		10587	10511	10535		622833	616331	654023	
0.5062	0.9322		15100	15042	15124		670633	661669	688198	
0.3481	0.613		10061	9995	9957		638723	629601	682886	
0.6969	0.3118		10392	10267	10335		636954	657118	682343	
0.867	0.9337		20177	20219	20002		661617	658022	647240	
0.282	0.7134		10217	10390	10202		649563	647027	662010	
0.4912	0.6607		12252	12391	12242		650270	668169	676933	
0.2588	0.2902		6561	6656	6563		657552	689321	690467	
0.4089	0.9271		13692	13558	13658		663351	679880	708620	
0.0742	0.6722		6684	6555	6552		607177	624576	609033	
0.7396	0.9424		18677	18669	18676		672833	689896	695105	
0.5983	0.2082		8508	8464	8486		652587	654961	661059	
0.7634	0.7556		17124	16516	16458		655082	602384	606201	
0.9058	0.275		11876	11883	11880		634955	640690	660537	
0.9697	0.805		19095	20125	19877		601982	699953	706637	
0.8873	0.3405		12577	12476	12457		688607	691814	699490	
0.8716	0.479		14059	14044	14089		678309	686409	690412	
0.9815	0.6017		17085	17304	17094		612297	625856	633665	
0.8453	0.0945		8916	8837	8831		669603	657992	672942	
0.5074	0.6157		11919	11812	11878		630749	629970	615093	
0.8111	0.5178		14279	14350	14170		641975	648556	654083	
0.4288	0.1088		6190	6278	6160		642720	649984	682358	
0.2286	0.5529		7590	7714	7592		550539	570677	570944	
0.6555	0.3932		10972	9956	10992		622045	564305	655366	
0.1776	0.6779		8588	7592	8494		633887	594501	662212	
0.8708	0.4112		12660	12790	12177		619203	638210	609336	
0.9678	0.8372		20511	19323	19220		629393	554704	550586	
0.7599	0.3293		11354	11471	11431		652325	637114	651867	
0.8007	0.8692		18369	17223	18315		629207	556757	646973	
0.794	0.2235		10198	10000	9980		623794	598235	638636	
0.8774	0.5373		14639	14498	14144		612729	625692	597487	
0.7976	0.4957		13559	13554	13554		610925	613854	641318	
0.962	0.5457		16040	15071	16016		663097	568902	639578	
0.5746	0.5545		11985	12006	11951		687331	677685	688859	
0.5606	0.064		6786	6812	6611		609363	608261	617787	
0.7953	0.2863		10935	11024	10878		639812	642339	660272	
0.7259	0.1356		8743	8810	8703		688039	653913	696105	
0.328	0.0589		5032	4423	4390		662688	600227	604074	
0.7788	0.4864		13157	12078	12124		642871	547792	549699	
0.1788	0.3517		6244	6282	5228		677622	682987	589648	
0.8002	0.9817		19825	18732	19987		683461	589321	667677	
0.8998	0.8159		19416	18174	18464		609140	549231	553152	
0.0965	0.3702		5738	5200	5113		610188	567314	577656	
0.2823	0.1853		5754	6000	5945		678332	654731	680786	
0.5745	0.1226		7113	7146	7094		648895	677229	682369	
0.2679	0.7902		10661	10688	10497		684710	696067	666901	
0.7941	0.6351		15635	15744	15642		626909	624739	635232	
0.1961	0.562		7920	7813	7849		628743	612100	620585	
0.5947	0.113		6243	7439	6679		588904	669013	617211	
0.9096	0.5165		14525	14953	14890		561608	591675	592623	
0.1757	0.8927		9478	9450	9477		587013	576590	578780	
0.3666	0.6587		10747	10816	10757		636761	657951	660539	
0.9663	0.1144		9728	9702	9578		640937	687656	679408	
0.5602	0.8812		15575	15415	15522		662635	706000	715200	
0.7025	0.1872		8865	8815	8057		632834	671960	606050	
0.9786	0.0644		8797	9416	8690		554532	619848	580994	
0.2495	0.2602		6345	6320	5276		647781	680810	591455	
0.9871	0.9526		22832	22771	21601		657380	635843	573107	
0.8222	0.9565		19963	19027	19103		694584	602188	607668	
0.2788	0.7762		9976	10700	10509		576928	603557	646619	
0.4231	0.493		9657	9844	9718		698624	700178	683351	
0.3702	0.0567		4762	4758	4709		596344	599868	608668	
0.6808	0.379		11510	10702	10677		642739	589072	582434	
0.7795	0.6732		15856	15628	15628		632646	655244	665785	
0.3656	0.8076		11997	11864	10754		625246	650271	568552	
0.9129	0.0707		8516	8571	9075		555705	576506	638332	
0.9911	0.4143		14534	14675	13468		683174	675941	591124	
0.799	0.3518		10821	10844	11889		585081	594787	670981	
0.1001	0.1373		4416	4310	4318		644401	658962	695135	
0.2487	0.073		4825	4796	4788		690636	662182	650860	
0.5189	0.2211		7376	7378	7410		592404	619327	615576	
0.9718	0.0541		7810	8420	8300		555603	596548	606787	
0.6457	0.9404		16992	16940	16897		580490	582876	583274	
0.3278	0.5699		9519	8386	8325		609503	544610	548880	
0.5971	0.6519		12499	13455	12333		553025	630700	563905	
0.2408	0.3411		6766	5814	5734		634034	567954	566299	
0.5732	0.7717		14585	13999	13912		638651	584476	586405	
0.9711	0.4845		15078	15247	14095		649643	663982	566835	
0.1294	0.805		8984	8946	8896		645083	624772	652642	
0.2304	0.7805		9343	9282	9939		589461	593347	638647	
0.3799	0.2436		7048	7116	7024		565028	588516	626190	
0.2378	0.2817		6515	6457	6518		605002	634214	626814	
0.2277	0.5652		8382	8432	8333		602988	597269	620187	
0.9167	0.304		12236	12249	12209		642877	649603	645001	
0.2874	0.6186		9421	9511	9468		627987	647694	645341	
0.454	0.4055		8153	8297	8131		590915	578272	578136	
0.1762	0.122		4609	4592	4626		635915	650206	637407	
0.1642	0.8036		8127	8209	8169		559730	573121	571827	
0.3906	0.9574		12447	12390	12417		569832	575305	586628	
0.4521	0.4051		8440	8679	7994		556524	563914	534458	
0.3169	0.8093		10264	11349	11412		558166	653580	654929	
0.6367	0.9945		17548	16420	16360		620963	538346	537262	
0.5896	0.6163		12121	12038	12032		596074	596737	594862	
0.9393	0.9653		21037	22331	20928		559510	646588	572129	
0.7695	0.7177		15210	15308	15174		558069	575753	571345	
0.9629	0.9096		20500	20510	21693		544785	558473	672620	
0.8555	0.8531		19018	18954	17936		677104	675089	573329	
0.5321	0.7665		14120	13036	14145		692235	601904	714395	
0.4923	0.7795		12317	13450	13390		536336	621659	620923	
0.4527	0.1469		6765	6781	6750		634842	635379	630473	
0.1836	0.1531		3940	5027	4965		609515	649413	653302	
0.5118	0.2201		7276	7360	7394		568338	591539	591416	
0.6262	0.8967		16036	16968	16704		588620	672830	667622	
0.6985	0.1355		8610	8484	8066		618800	668351	603314	
0.8796	0.3376		12511	11754	11887		663970	615973	625320	
0.17	0.9891		10400	10529	10406		654007	664184	654325	
0.7788	0.609		14671	14210	14675		650008	599677	673448	
0.9021	0.7686		18769	18889	18791		636255	664847	671747	
0.8001	0.3102		10247	11378	11243		663263	644186	663947	
0.724	0.5053		13194	12813	13425		628697	590243	650521	
0.3235	0.1464		5991	5934	6003		626992	617871	614363	
0.4868	0.6418		11036	11085	12313		544468	544765	654957	
0.2994	0.5504		9204	8087	9067		608222	535994	616090	
0.1522	0.595		6982	7785	7774		560144	606236	622850	
0.1676	0.2923		5176	5169	5773		562366	565097	613047	
0.382	0.0894		4722	5947	6048		534940	609442	594301	
