6	7	
0.8408	0.2868		56159	62830	52633		673889	700388	612693	
0.7804	0.6196		55335	54553	57494		551702	555216	585124	
0.3325	0.4428		52527	52819	52609		654474	652269	665543	
0.6554	0.7776		63647	65365	64785		683593	648626	626777	
0.5201	0.7493		51729	52216	58755		631736	615181	665026	
0.0607	0.4468		47893	38836	38603		678457	585899	583507	
0.4384	0.1553		49221	47721	45808		654610	628706	599338	
0.1639	0.3167		42775	49224	47935		599957	647455	639708	
0.4679	0.1037		48336	58327	52678		697510	726720	696014	
0.4966	0.3144		46706	51297	47461		712429	684067	657151	
0.0963	0.4992		39177	48828	39280		552969	657099	562893	
0.2286	0.6311		52741	46000	44087		654117	611305	595469	
0.3708	0.1639		43377	41490	50384		591871	571940	665263	
0.0706	0.8433		51314	42321	51147		675162	598790	690384	
0.176	0.2491		48196	47864	47949		710677	704319	725772	
0.664	0.5385		61095	51688	51785		640609	571299	585237	
0.1993	0.6961		50601	53371	53089		637245	669442	678868	
0.139	0.417		40693	40570	50312		567367	603834	655331	
0.0694	0.6544		50176	50160	50024		642066	651019	661581	
0.5026	0.5939		58251	58171	58486		707593	718767	722766	
0.754	0.7957		67707	67885	67576		677185	690891	703049	
0.0839	0.3651		39115	48111	49049		559426	649703	667133	
0.8104	0.3337		60825	51871	60716		644667	587755	663801	
0.6068	0.2287		55747	55072	46273		671151	674899	590879	
0.4782	0.7201		48925	50881	58077		590243	622979	686549	
0.6717	0.8713		54862	62296	63960		572339	681001	687349	
0.894	0.4399		55075	54977	55197		588906	597960	600567	
0.6116	0.2729		57249	50136	50232		696719	658562	658132	
0.6271	0.9713		65000	65121	64879		670660	683383	677153	
0.3124	0.6874		53666	53307	53727		654256	685567	704491	
0.4598	0.6169		50723	50628	50763		616476	628344	648680	
0.0994	0.0521		46735	37753	37478		645439	562933	573234	
0.9824	0.9188		72651	72784	63974		676061	688429	596656	
0.7642	0.2961		61167	60078	52041		645394	655949	580710	
0.2306	0.2121		45305	45237	49350		649132	631945	674519	
0.8449	0.7325		66544	66451	66453		720514	751372	743729	
0.6592	0.926		65608	64187	64846		657978	683798	692015	
0.5431	0.6338		58930	59027	55321		697294	702774	704630	
0.7594	0.5594		54977	63795	64061		588378	693263	698569	
0.1829	0.5963		51286	51150	51054		668193	655141	652829	
0.7387	0.8693		65457	65838	65909		677511	696348	680075	
0.3921	0.5011		56106	55838	56028		667128	675188	697289	
0.9948	0.096		57270	60561	60735		693505	665482	679213	
0.7762	0.9304		68304	67961	68103		734511	731047	755461	
0.762	0.9679		68341	68521	68269		683609	690460	661011	
0.3192	0.8294		57011	57006	56762		693396	710506	718391	
0.5013	0.6038		57316	54872	58262		724739	724645	739021	
0.1927	0.3458		50490	50321	41522		669040	684666	588302	
0.5944	0.2571		57293	56735	57240		666067	677912	698804	
0.1018	0.8558		51391	50934	50860		654525	654359	672266	
0.3751	0.1749		51965	43194	43423		653026	571668	581338	
0.6604	0.7967		55190	64032	64269		607770	715439	745672	
0.2113	0.7065		53333	53423	53089		654104	646809	645685	
0.0933	0.7506		51452	44389	44277		641188	587246	603956	
0.28	0.4943		43433	45519	45870		549832	584298	595252	
0.7429	0.5199		52918	52556	54805		589957	620983	625413	
0.1076	0.3395		48240	48524	48245		676386	696716	694734	
0.7473	0.3793		59849	59724	58231		648863	671490	661738	
0.8914	0.2333		60367	58347	53301		659796	647304	621802	
0.8933	0.5779		60673	60593	60251		592766	601704	601676	
0.1938	0.3192		50635	43677	41515		654513	605081	579933	
0.8662	0.5293		65252	65344	65650		639183	641312	662951	
0.5461	0.3607		49147	49143	49052		586461	601404	617846	
0.6471	0.4405		49962	52529	52486		599816	632208	636841	
0.7448	0.5771		62250	61923	62085		688864	707746	728591	
0.1409	0.1613		41376	46765	48393		590466	677138	707769	
0.9103	0.6068		67356	67062	67121		669148	658077	724825	
0.9468	0.6122		67491	68962	68968		597363	624268	657718	
0.8451	0.9299		69887	69865	69090		601619	642103	666684	
0.0756	0.0716		47296	46739	46949		566232	585953	610472	
0.225	0.9476		55034	55120	55079		635408	667917	692112	
0.4251	0.1022		52094	51856	51713		593615	647375	639658	
0.2781	0.0928		50141	49903	49888		649409	668827	658962	
0.0651	0.2452		47156	40603	47170		641606	609691	672074	
0.0538	0.1665		46398	39450	37235		612731	576923	551750	
0.5961	0.529		51067	60019	60268		543639	636926	651054	
0.1288	0.5427		50789	50765	51112		618531	628491	665782	
0.2226	0.7168		53235	53031	53254		628600	675129	673296	
0.8135	0.4749		56537	56587	56067		601103	600973	597856	
0.3671	0.4284		49206	49146	49404		608320	595952	616838	
0.5251	0.2311		54225	54023	54024		686463	692452	684744	
0.9769	0.2817		65185	65400	64996		704987	708291	716549	
0.3803	0.6264		47644	47568	56683		557469	555354	646209	
0.0806	0.9932		45323	45047	52205		596560	601433	661290	
0.8788	0.301		54772	56932	54463		581070	619672	598980	
0.583	0.7956		53333	53531	53930		524349	534396	535429	
0.2155	0.6822		43767	43536	43582		590941	590630	590658	
0.8672	0.8979		60817	60365	60278		560693	561003	572261	
0.9258	0.2279		51860	52021	61272		546650	558011	664029	
0.3119	0.8362		55625	55693	55831		643175	629046	637970	
0.2665	0.3587		50200	44774	48259		624922	575878	575696	
0.6476	0.6426		52121	61784	52984		567890	647442	566264	
0.9884	0.3107		65213	56169	65113		649487	567624	685167	
0.7886	0.7518		59045	61000	58480		546332	576228	551705	
0.7619	0.3363		52253	52473	61370		523471	523468	629556	
0.6678	0.1515		56438	56255	56119		658420	655381	693401	
0.1318	0.9992		49742	46637	46686		629133	591666	593654	
0.4942	0.4274		48373	48248	48131		594349	592485	620123	
0.3084	0.4671		51906	43175	52092		625748	547569	645291	
0.1114	0.4303		39573	41925	41584		514195	525006	542991	
0.1228	0.627		50136	50233	50498		562241	566011	569623	
0.2588	0.4538		52557	47761	52645		565842	560125	605805	
0.3958	0.7297		50444	50214	57261		581518	577523	637145	
0.7871	0.8268		58697	67927	67949		555587	620649	636699	
0.9249	0.3987		55193	64366	64125		568896	651374	649828	
0.2334	0.3214		50775	41474	50526		646455	566691	669254	
0.1353	0.8528		44164	52768	53286		562719	644822	642909	
0.4699	0.4811		55478	55543	55399		658035	675596	674148	
0.4766	0.2484		53040	52859	46205		620866	607152	588162	
0.8634	0.2422		53498	53214	53122		580572	597174	594810	
0.6101	0.2191		55668	46397	55708		598984	531646	621151	
0.1064	0.7915		51659	51546	51088		639022	657809	665493	
0.0665	0.6261		50376	50353	46371		606818	628863	606809	
0.2816	0.5584		53732	53832	53539		640476	668161	674403	
0.7712	0.3263		61668	61366	61740		651968	687213	629818	
0.0924	0.4018		43564	49034	48944		641462	678356	707743	
0.551	0.9604		62512	59278	62415		652585	698447	706942	
0.6563	0.1033		55876	55813	56021		625948	636181	695209	
0.8225	0.7385		66294	59601	57099		637614	610330	597348	
0.469	0.8828		57186	60278	53658		609133	618431	596203	
0.1909	0.6933		44127	46613	46430		539179	578898	600292	
0.1127	0.212		40707	47305	47354		571887	664793	686288	
0.4932	0.3575		54593	54514	54612		592578	598383	632736	
0.4523	0.769		52692	52686	52726		628479	632899	642835	
0.3518	0.9375		48164	57274	48055		525042	633822	543101	
0.0918	0.2534		48123	48080	48103		636175	654382	670469	
0.9222	0.9271		70910	71487	70870		656935	662599	697806	
0.3287	0.9093		57675	57466	57196		628257	634702	682896	
0.2304	0.3481		43545	50641	51086		628921	699990	721808	
0.9215	0.9574		72003	71411	71644		698939	725518	710726	
0.7755	0.3403		61004	54516	54638		623743	587886	645495	
0.5252	0.2568		55686	55699	56329		612508	655647	678586	
0.0884	0.7821		44697	44419	44612		594733	616733	622319	
0.1387	0.6425		42641	42637	42106		519158	518324	536563	
0.9071	0.2439		54136	54130	60856		581897	605573	623148	
0.4595	0.4116		54436	46026	48388		636034	564822	639720	
0.841	0.1539		53042	53091	52665		599952	612650	623338	
0.8984	0.3804		57282	63756	55062		590824	658188	570261	
0.8413	0.4005		53549	62793	63226		556053	647455	668397	
0.5251	0.2954		55604	55891	55942		682440	686321	716544	
0.4236	0.6084		56585	56221	56332		629748	655488	671889	
0.3744	0.7261		55699	54839	54947		657602	657294	657931	
0.5376	0.3232		56128	56209	55933		623409	647147	647224	
0.2079	0.8249		54369	54229	54684		679019	673209	691074	
0.1919	0.1523		49339	42574	42188		570396	570870	547975	
0.4737	0.0724		45701	52682	48994		604524	678266	688805	
0.7578	0.7682		67092	67584	67581		617282	661682	673571	
0.701	0.603		62840	62857	63154		648873	636958	644445	
0.2855	0.9697		56401	53065	56680		613244	650204	677674	
0.2439	0.7963		47337	47638	47312		592661	598432	596304	
0.7933	0.2372		58955	52461	59194		646114	587740	629511	
0.7586	0.8737		67989	58710	58972		653337	564350	568916	
0.4482	0.1695		52852	43938	52993		628310	545367	643345	
0.6131	0.4297		51297	51142	57951		580090	587088	643994	
0.8362	0.8106		68963	68790	69212		667472	697312	688122	
0.4627	0.8081		59734	59372	59623		674552	677175	661287	
0.2339	0.8038		47325	47328	54167		594272	606495	627505	
0.9008	0.6223		67251	67087	67191		682228	693488	697321	
0.1691	0.6703		51488	51714	51800		615385	599168	587957	
0.3831	0.3455		54192	54091	54070		669707	693755	717627	
0.4483	0.8081		59429	59602	59389		673688	665557	665988	
0.3738	0.0968		50353	50338	50513		624129	626910	625104	
0.224	0.3885		47124	44134	44098		588038	558452	571131	
0.769	0.7849		59065	67679	59112		566431	668647	580222	
0.4162	0.9401		59456	59260	59472		636626	658228	661568	
0.1365	0.16		48301	48110	43736		590840	587083	606336	
0.354	0.9209		57399	57574	57571		602129	603100	623909	
0.4877	0.8565		60231	60002	59832		631204	611074	592816	
0.9473	0.9335		73864	73144	72780		656106	645159	673792	
0.3337	0.6377		55123	54962	54919		612078	609328	621250	
0.1371	0.174		48097	47922	48005		615020	617832	615937	
0.4543	0.9144		60335	60541	60636		658348	626388	650271	
0.1663	0.7772		51947	52663	52554		631263	643498	667286	
0.7875	0.1411		58379	58751	58430		611377	618873	667494	
0.9085	0.7401		63888	67653	67736		602804	610195	654265	
0.632	0.7525		64267	64634	64558		622494	650055	652342	
0.1362	0.7997		52575	52567	45935		634455	622564	606528	
0.3026	0.8072		55437	55595	46337		616624	673232	578304	
0.352	0.4108		43797	43793	43907		546845	547247	589565	
0.79	0.9215		61289	68368	68398		612650	684704	680167	
0.7294	0.4758		53432	53558	54138		584921	608508	620277	
0.4594	0.2701		54940	47941	48007		636460	597318	606738	
0.834	0.3183		53503	51905	53401		583737	591639	604476	
0.525	0.531		58593	58956	58463		635240	630261	642952	
0.1199	0.5645		47306	50074	50435		577242	609779	599445	
0.5402	0.8046		61308	61271	61533		614201	617173	647464	
0.8179	0.9483		70310	69763	66696		630359	630985	675524	
0.1926	0.9754		48895	48305	54989		593413	550507	641914	
0.7252	0.9399		57033	57750	66739		541498	547542	641093	
0.1823	0.5772		41866	50881	42303		513115	623471	542223	
0.4709	0.7422		57973	57526	58176		631572	632495	648928	
0.0744	0.6834		38200	50364	50030		581802	645575	628475	
0.6871	0.1247		55853	55336	55635		604610	606068	597901	
0.3797	0.6681		56886	57119	56796		586066	588589	627962	
0.4132	0.2255		52827	52697	45612		588192	606846	581727	
0.1219	0.0862		46720	46717	47077		584441	614300	619270	
0.5985	0.0879		42015	48298	48136		565347	572877	575596	
0.6508	0.255		46504	58353	58457		525521	623317	612454	
0.7121	0.1031		52447	56473	56525		659684	643722	661301	
0.4505	0.1321		53207	52773	53065		614775	626656	689638	
0.7422	0.4603		60091	56304	60166		587200	587972	605652	
0.444	0.7834		59562	59830	60214		591789	597601	622074	
0.9034	0.7685		70647	70692	70468		606209	608738	627274	
0.1504	0.5178		50845	50739	50505		621419	655936	659622	
0.4342	0.466		45654	40835	45445		503424	500079	506590	
0.2028	0.8608		47858	47693	47896		563731	564818	581243	
0.6919	0.2881		59257	50234	59408		593594	541156	622894	
0.7134	0.4258		49913	59250	53317		524533	594805	584875	
0.8307	0.7582		69030	69454	69206		607970	628892	649005	
0.2215	0.9561		51125	55720	48530		587759	590355	593454	
0.904	0.5916		60892	60736	60711		564940	579618	606975	
0.9602	0.5901		69315	69528	59895		590742	586914	538311	
0.3829	0.8495		52118	52012	52090		594507	609096	634883	
0.6851	0.7669		61180	64080	64246		607132	639066	668303	
0.5449	0.9215		55505	54799	61683		589135	598099	633933	
0.6151	0.7924		63006	55795	63006		607510	585203	643989	
0.359	0.2519		52737	52195	45652		584556	573001	542773	
0.7726	0.5487		57393	57256	64218		578906	582023	616747	
0.9599	0.79		65533	65577	72684		605499	635590	658728	
0.4048	0.6695		56941	56663	56552		582285	605819	640139	
0.9538	0.3089		58239	58215	58251		562593	571607	630385	
0.8687	0.7976		59968	61803	62361		594746	624714	650950	
0.5165	0.4831		44433	56708	56649		550271	576949	593865	
0.2679	0.0616		49838	40486	49896		626156	558564	655084	
0.1676	0.4155		43376	43188	42909		550968	558885	561588	
0.6986	0.6791		53978	63093	53905		567565	691140	608196	
0.6702	0.9155		64899	58504	64862		592812	587790	627796	
0.9491	0.2029		62782	62882	53420		625325	651533	573493	
0.8464	0.2653		49851	62222	62457		642708	664266	685676	
0.438	0.611		56850	57230	57198		597507	627045	626883	
0.3208	0.1532		50793	50874	50932		592917	592785	618435	
0.2806	0.4468		52578	45298	43090		615054	566101	555495	
0.7779	0.807		63361	67477	67522		596292	608820	620265	
0.8124	0.0586		50865	57684	56867		562991	603153	645622	
0.1635	0.0555		47760	43996	47803		621845	624072	633315	
0.1853	0.3747		49192	49520	49315		619241	633084	647517	
0.5907	0.5038		59962	59888	53064		565667	569303	555285	
0.2786	0.3703		51644	52066	52023		615631	618518	636830	
0.7317	0.4513		51438	56592	60570		553300	639221	649238	
0.5877	0.4076		48902	49118	57768		520776	525980	629366	
0.0574	0.9202		50926	44311	44092		624679	590092	604809	
0.8562	0.7394		57629	66673	66698		585714	667007	675451	
0.2091	0.171		42401	48616	40153		538402	576636	516519	
0.22	0.7998		50062	50759	54206		592103	599014	617453	
0.2279	0.924		47893	48158	55229		563657	573759	614185	
0.7449	0.9059		58796	59001	59117		587733	588656	613315	
0.6662	0.2654		58363	51550	51475		590099	555560	562661	
0.2411	0.2738		48468	50795	50302		634812	644123	685137	
0.7747	0.8997		61957	62122	61843		589341	580492	597329	
0.6359	0.1494		49819	47318	56077		546144	519089	583285	
0.6109	0.8375		56117	56484	56204		567726	572807	583160	
0.6549	0.2267		50254	50122	56708		583109	580464	652336	
0.8741	0.592		65949	66247	65814		643126	639553	666370	
0.438	0.0506		51941	52192	52352		600479	599174	644514	
0.0854	0.3102		48142	48229	47724		665579	700539	709779	
0.6035	0.1637		55247	55198	55091		642728	681373	667030	
0.7524	0.7998		67970	67483	65990		629743	652365	652800	
0.0877	0.5365		49616	49475	49303		625304	618041	674151	
0.7636	0.3115		54384	54325	54328		562465	561879	564102	
0.9287	0.6588		61028	61356	60952		583051	582415	604255	
0.2546	0.5754		45022	53896	44684		578285	661940	592881	
0.5288	0.4534		56301	47989	49947		616416	540442	589813	
0.0598	0.0643		46252	46221	45756		635947	644302	678012	
0.547	0.392		56324	56430	56402		627737	626803	636088	
0.4369	0.217		52339	52390	47916		624640	614111	659326	
0.8066	0.4425		55030	61818	61946		615777	624239	668460	
0.5836	0.9082		63410	63665	63808		623244	634635	632335	
0.7953	0.941		69325	69157	68659		627870	638694	656323	
0.5253	0.9126		62061	61800	61457		630956	635591	626499	
0.2604	0.3534		44834	44807	45095		553242	552168	551223	
0.6606	0.3756		59102	59194	59188		621663	629099	644888	
0.5079	0.7094		52921	59634	59168		570399	604736	610224	
0.5391	0.1871		53823	54212	53894		605087	594101	621243	
0.6694	0.2619		49333	49154	49545		564372	575926	582308	
0.0959	0.9457		43171	43422	45518		577609	586846	594589	
0.3472	0.6417		54968	48614	47363		571499	550840	556515	
0.5791	0.4863		57058	57672	48802		639289	641713	568173	
0.147	0.8566		53117	53394	43436		596644	602436	557054	
0.3025	0.3129		51564	44980	44088		585714	560955	608676	
0.6525	0.3665		58588	58582	58177		654629	640781	687868	
0.2516	0.4195		52371	52192	52367		587476	618139	625607	
0.9719	0.4067		66154	66382	65490		610608	633005	631102	
0.3634	0.6368		55227	54836	54686		602102	646180	631998	
0.1506	0.3277		48810	49704	49144		669646	630444	648715	
0.0763	0.2958		47938	47918	48002		599541	603252	608530	
0.3951	0.1171		51795	51867	51641		583783	602419	648147	
0.9272	0.0954		60213	60308	59848		607804	629209	662080	
0.5942	0.0683		54831	55028	55134		605638	612333	612805	
0.8756	0.9129		71494	70902	63782		628600	619106	602916	
0.0922	0.3942		44734	39518	48645		611374	550817	620815	
0.5703	0.7809		53721	55978	56261		577026	586238	585423	
0.3841	0.6385		48074	56652	47254		548833	655892	562563	
0.2747	0.1154		43216	42747	42945		597775	602382	597782	
0.5049	0.8471		54719	61444	54255		565643	592197	568298	
0.5976	0.0912		54943	54395	48288		616554	640314	574134	
0.4355	0.7687		57834	57945	57685		653861	660388	668621	
0.4081	0.2021		51270	52601	52694		630407	622563	636306	
0.3349	0.54		50940	50400	54003		664552	665606	691663	
0.4459	0.2305		43372	43558	43839		550468	549728	552468	
0.1647	0.8828		52536	43774	43647		657438	561681	561911	
0.2811	0.0516		49999	40121	49130		617034	565263	647073	
0.2075	0.3269		43624	38179	43755		587556	584066	588270	
0.3006	0.5047		53385	53499	53153		633146	634112	681396	
0.2539	0.253		51686	51371	51518		621782	650445	651528	
0.5382	0.0819		53819	53120	52837		625980	622424	641503	
0.8209	0.5576		57658	57397	57718		597081	594678	591611	
0.2706	0.9157		55829	48657	48715		661796	618771	628550	
0.9961	0.31		57251	64593	63968		601478	630422	651502	
0.7984	0.5127		64145	64103	63594		587576	595518	627643	
0.5621	0.5678		58109	58671	57961		650609	636421	630918	
0.9732	0.8596		65665	64811	65262		610085	618748	649594	
0.9205	0.8245		71058	70838	70837		635532	655244	697236	
0.5567	0.4793		56388	56319	55765		591336	613278	632643	
0.843	0.4382		62893	62845	63294		638023	636879	689327	
0.4453	0.4502		55614	55824	55193		617119	615410	655469	
0.1178	0.1933		47020	46767	46530		639427	670629	654462	
0.701	0.8151		61809	65305	58937		642938	659312	622363	
0.1143	0.7579		50863	50759	46993		615208	626942	625197	
0.5407	0.7743		60210	51289	51065		649431	575460	590536	
0.662	0.1934		56171	55928	46782		636197	644244	585834	
0.558	0.8695		60495	51237	51124		625814	571055	569911	
0.9771	0.1741		54591	54503	52168		614506	597250	578368	
0.1145	0.7844		51395	51185	50594		612236	618990	631410	
0.5559	0.0774		53097	52818	52775		651837	690409	698747	
0.2847	0.2608		44034	46793	51115		589128	633664	672149	
0.8969	0.3177		59774	62886	56306		679597	685429	637173	
0.2511	0.6514		44673	44678	44255		536530	541558	540961	
0.3606	0.6742		45433	47729	54352		577727	622536	680830	
0.4125	0.8177		58098	58184	58130		691394	707385	712732	
0.8535	0.9568		69510	70022	70203		700381	705323	723769	
0.1748	0.3199		48894	49067	49061		613201	636280	636687	
0.5191	0.6837		58355	57913	58832		603648	637735	683323	
0.2518	0.0909		49451	49392	49293		617787	626964	605465	
0.6392	0.6764		61626	61976	61396		649264	636225	633132	
0.7888	0.5458		61362	63456	64103		664505	669318	708592	
0.3772	0.2364		52211	52178	51722		627673	634977	630229	
0.0825	0.258		47782	38456	47697		621423	547652	635621	
0.9365	0.0812		60320	52547	59111		640111	595788	655056	
0.3793	0.3626		45200	46699	46639		560347	603818	606888	
0.0903	0.2804		47984	38921	47357		620448	543250	644945	
0.1894	0.8883		45761	45721	53020		591019	563929	644508	
0.3783	0.8835		56343	59254	51455		619295	622952	586356	
0.9844	0.6401		69581	69429	69331		654476	685870	679867	
0.2646	0.3891		51476	52046	48326		592299	604415	611982	
0.4675	0.8621		59563	59464	59423		694427	704365	714160	
0.2679	0.4523		52022	51809	51816		642201	600877	649064	
0.1932	0.4674		50638	50584	50609		655958	687850	714503	
0.1436	0.1199		40234	40344	47451		571513	582790	633630	
0.2828	0.8078		46261	46110	46069		529819	547206	538510	
0.3062	0.6958		53675	53975	53909		715005	734555	740808	
0.5875	0.3967		50121	50077	48431		588428	584305	564503	
0.0632	0.9883		42876	51870	51929		559319	668761	662596	
0.4623	0.803		59687	58133	59294		648662	666156	645460	
0.7878	0.0599		49035	48739	47980		543983	554356	543493	
0.3913	0.5945		49544	48740	48894		550014	561852	570118	
0.8104	0.2025		49780	49034	49033		558522	565158	579903	
0.8774	0.5322		57675	66299	66105		603578	691222	720350	
0.0633	0.4725		48097	39092	39124		644627	556582	555153	
0.2702	0.5916		46484	46104	45948		573482	598863	607214	
0.1492	0.9653		44827	43955	44282		563597	585835	591959	
0.6712	0.5699		54122	54262	54006		588982	599405	599991	
0.9989	0.3445		57623	57257	57527		611057	610818	660829	
0.9186	0.8783		71276	70931	70942		654300	703716	698897	
0.3968	0.7003		56986	56750	56411		611789	623665	666180	
0.5028	0.1707		53263	53320	53246		666040	658014	679451	
0.3002	0.9451		49036	56551	56393		593881	633563	617226	
0.707	0.182		56640	56186	56439		611129	644885	666627	
0.9134	0.5659		57889	57291	66818		558318	558944	655555	
0.3849	0.7939		57879	57698	58161		603542	625998	614158	
0.5336	0.5606		57548	53923	57900		653575	677551	700560	
0.1641	0.6573		51239	51237	50902		649745	658310	671066	
0.8109	0.7409		64643	64799	64297		657559	667108	676104	
0.6746	0.7698		64302	64075	63815		620844	655519	658291	
0.6595	0.454		58669	58908	58946		638093	669116	665803	
0.1679	0.1594		47820	43572	47805		640412	655292	625436	
0.6597	0.5753		61198	61696	61408		651231	688478	679831	
0.9759	0.5821		68976	68927	69226		661665	691182	693534	
0.5388	0.1479		53680	53879	53420		678621	669511	696717	
0.9305	0.2013		60251	60204	60571		685860	708882	717080	
0.5797	0.0993		54481	54071	53372		659744	687697	707392	
0.2218	0.9548		54579	54406	45603		621745	635648	546382	
0.0961	0.749		49656	40663	50485		666648	583067	676069	
0.883	0.3858		54298	56463	54131		559158	604700	574517	
0.2026	0.4592		51149	50759	50573		628314	657088	653029	
0.4454	0.3057		47000	45270	53979		555050	553229	621436	
0.3239	0.4699		43551	43441	52818		591782	588764	671004	
0.1206	0.7359		50098	50241	50135		661841	702640	690655	
0.0817	0.6298		49833	49974	49924		601620	606856	619347	
0.141	0.7847		52588	52222	49899		637214	632351	605108	
0.2761	0.5416		44115	49836	53080		557069	659228	677884	
0.8735	0.894		59673	68996	68307		573030	663967	681302	
0.4682	0.7039		50720	50600	57033		594825	616110	683628	
0.315	0.27		52023	42688	51596		660383	581005	692928	
0.2855	0.7803		55005	54936	55237		679705	687694	693069	
0.1202	0.9048		44488	51471	51432		585998	645718	639986	
0.0595	0.5855		39540	39374	48489		516590	516667	639085	
0.7973	0.3401		61023	61014	61037		615772	622376	652664	
0.4215	0.6451		56527	56593	56370		615098	639353	651933	
0.982	0.5937		69349	69084	68985		636808	656600	676818	
0.5962	0.4921		57719	57689	58072		640023	677389	671331	
0.9462	0.4512		65966	65420	65512		626959	630710	672869	
0.6579	0.2843		58200	55016	57703		645574	700043	717972	
0.7545	0.3272		60993	61202	61075		654867	692917	683493	
0.0819	0.7791		50997	46910	50680		607200	653464	662877	
0.6122	0.751		62299	53433	62410		608468	559752	654081	
0.4154	0.0693		51464	51290	51500		582998	607409	609835	
0.6587	0.3187		58288	51165	58064		623771	602638	663284	
0.5789	0.1603		54629	47507	47690		633559	598733	605738	
0.6902	0.3601		58835	58853	59491		635117	624485	666031	
0.6734	0.0576		55082	55239	54981		610531	633585	640328	
0.5049	0.2734		46141	48142	54331		517065	563257	615835	
0.7747	0.3545		60957	60789	51469		640427	672528	567521	
0.1605	0.1588		38544	38489	46669		538157	557533	675647	
0.2726	0.3619		50421	51084	49363		697390	691205	718366	
0.5689	0.8786		53455	53523	62839		560606	568028	691366	
0.9614	0.146		60952	51636	51594		694784	587861	593716	
0.5778	0.7514		61126	61950	62009		685950	677743	690152	
0.844	0.495		55460	62431	58242		624494	672815	668978	
0.7611	0.2698		60475	60403	60502		647762	647643	670319	
0.306	0.7229		53847	53750	53631		616421	616517	648993	
0.8496	0.6014		65235	65309	65106		620245	663985	657244	
0.582	0.7025		60707	60552	60464		621667	648079	631210	
0.8942	0.2263		60508	53361	53327		583114	567656	565258	
0.4374	0.6904		49257	49252	49525		568452	566804	594651	
0.178	0.3875		49013	39866	40227		601283	534529	617024	
0.9674	0.5496		61430	61501	61567		590618	590616	614226	
0.8642	0.9104		68682	59502	60304		661371	571246	589483	
0.3502	0.9991		56952	57100	56500		633680	636134	653718	
0.598	0.7992		62038	62358	62278		632006	682115	679479	
0.491	0.3824		54747	55117	54629		618795	616508	655739	
0.8243	0.4871		62769	62862	62295		609392	648750	660802	
0.9231	0.1014		59696	59825	59716		591774	611135	628573	
0.6877	0.3674		58537	59051	58949		625896	596098	626884	
0.5066	0.5298		50446	50712	50651		552569	554677	569249	
0.428	0.1584		44452	44926	44416		569792	572882	585870	
0.981	0.1176		60433	58123	51334		621916	626141	555892	
0.155	0.2733		41721	41601	41600		588486	581462	611884	
0.5855	0.1354		47739	47510	47596		574252	597952	599905	
0.189	0.5612		44508	44248	44472		639073	650697	714955	
0.7813	0.5405		57069	56534	54586		589078	609100	575051	
0.8051	0.3718		60300	60527	60858		588955	605927	656983	
0.2889	0.3937		51588	51061	51600		638074	631401	672851	
0.8115	0.709		64452	64458	57353		629216	629508	586747	
0.7707	0.3421		54191	54216	53830		563895	565542	569623	
0.6332	0.7695		56786	56642	57174		579347	581841	594865	
0.2396	0.5849		52439	52113	42818		615328	636246	555801	
0.0692	0.7734		50381	41458	41676		602541	522947	543616	
0.7599	0.279		60837	51293	51024		636735	573141	588052	
0.8397	0.521		64785	58229	58366		633192	632963	604222	
0.2923	0.064		42513	42343	42521		584928	587150	587336	
0.1852	0.6071		43549	43681	43952		548756	574957	573440	
0.171	0.075		47401	38086	38578		654524	555477	574404	
0.2	0.1747		39703	48767	39643		550669	627302	559257	
0.2592	0.6433		53799	46658	53649		616606	625239	673972	
0.1063	0.9781		51779	51693	51956		637258	656846	698732	
0.3865	0.5283		50965	51809	55682		648617	672233	626463	
0.7149	0.2099		56949	48074	47853		662747	569700	576702	
0.5502	0.4589		49134	49132	48908		593100	614342	627060	
0.4938	0.054		51423	48050	51457		676414	690230	703518	
0.5858	0.8744		53021	62433	53256		572603	692231	582886	
0.4027	0.7788		50632	50724	50974		601426	616637	627307	
0.736	0.9349		58886	58612	58515		574712	604976	600190	
0.1166	0.8115		46696	47687	50565		641594	660245	703056	
0.0936	0.1956		45386	46977	46944		636079	664894	678577	
0.4889	0.1747		52684	52213	52164		656615	695702	694545	
0.9588	0.7335		69431	69411	69685		673178	650152	647495	
0.5044	0.921		52311	51974	51882		537648	537330	546012	
0.0503	0.9994		40626	41328	41204		575618	576757	582531	
0.6685	0.6791		52253	54432	54625		595824	608861	622961	
0.847	0.6606		56661	55677	65706		580053	582819	687714	
0.3487	0.8158		48382	56841	56707		562793	651157	659411	
0.6069	0.253		56780	56776	47932		610160	645197	559008	
0.1395	0.2244		47672	38734	47971		605305	568809	653796	
0.7317	0.3348		59371	58669	59156		651937	699142	697211	
0.3726	0.8759		57056	56614	56250		623358	622001	696007	
0.8435	0.1563		52135	51628	51885		603897	615946	607238	
0.5129	0.3499		48245	48456	55489		602484	640943	696445	
0.297	0.3929		42533	42469	51485		565099	566715	672212	
0.4934	0.311		44877	44598	44646		596490	587716	608693	
0.3369	0.2671		51599	48067	51699		670465	661127	665631	
0.2605	0.2051		50025	49930	49906		649161	655577	661919	
0.3226	0.4613		52952	52507	52175		644460	688328	666286	
0.8156	0.2271		59834	59510	59948		657772	675453	696127	
0.8305	0.0904		51317	51707	51344		556938	578285	596049	
0.6652	0.2071		56371	55661	56182		692789	669149	690664	
0.4415	0.2539		54064	53675	54107		664423	628509	698248	
0.6023	0.2897		56837	57065	56540		618528	631511	669586	
0.2438	0.6265		48331	47907	52381		636110	668628	695607	
0.509	0.4313		48756	48936	48777		589409	589391	600732	
0.8004	0.6776		65146	65176	64364		626660	608254	639222	
0.4984	0.3135		53966	54398	50402		608011	626462	666100	
0.2812	0.3544		51453	51017	51808		606997	607037	610146	
0.8545	0.4365		61975	62172	61529		671167	669055	686175	
0.9852	0.7532		71841	72386	72440		646828	698158	698412	
0.9623	0.8264		67982	72543	72117		630770	655739	674255	
0.8466	0.9249		69264	69110	69126		681158	704331	708808	
0.5082	0.6285		58662	54442	58580		608361	661733	678468	
0.7407	0.2717		59073	58702	59157		649025	660672	687272	
0.588	0.8099		62078	57885	62367		644857	672828	689631	
0.7281	0.181		56640	56115	56790		679892	674653	700167	
0.7301	0.1241		56066	56486	49378		618156	652734	607574	
0.358	0.3007		42921	51640	44756		557568	617640	596635	
0.5455	0.3716		48396	48296	48237		621852	642728	655149	
0.1908	0.8987		54234	47290	47455		654113	590098	610854	
0.8415	0.616		58261	65261	55931		588388	634530	556730	
0.5994	0.6747		60679	60660	60162		661836	678237	730775	
0.131	0.6469		51303	51073	51449		595600	616864	660577	
0.9999	0.204		61367	61630	61499		654234	650478	690783	
0.9519	0.473		65552	65976	65446		673475	701573	713564	
0.8545	0.4472		53180	53274	55900		560414	577869	639147	
0.4989	0.555		49109	48840	49065		623063	619350	628206	
0.4273	0.9906		52279	59147	58889		567589	659944	675103	
0.1768	0.1698		47737	44006	47375		637047	642609	652430	
0.3314	0.9027		56822	57020	56893		625816	680696	675470	
0.7685	0.8022		65773	57740	59857		663502	581204	617920	
0.7349	0.8872		56691	65620	56803		553614	662213	582030	
0.8297	0.1471		58945	52083	49623		676862	626495	597251	
0.7181	0.6891		53725	55748	55599		555242	609986	609551	
0.9057	0.8166		70434	70255	70242		660553	675048	682396	
0.4167	0.789		57709	58232	58221		684462	707878	688762	
0.3703	0.6497		54294	54232	54481		642466	657752	678632	
0.5301	0.3586		55963	55377	55507		625111	662066	700254	
0.3619	0.5294		54159	53793	54061		626562	651991	668746	
0.7141	0.1346		56950	56487	56270		629127	679048	697581	
0.8073	0.2131		58320	58491	58466		608188	650537	664294	
0.108	0.4079		48503	48185	48519		664526	636241	691612	
0.8108	0.776		66641	67011	67601		613983	670653	683267	
0.8721	0.7764		61045	61226	61125		607977	632891	633079	
0.2412	0.4708		43873	43733	43994		558253	581877	592119	
0.4264	0.204		44686	45008	45013		583758	606722	620104	
0.0527	0.6602		41625	41408	48918		558224	580018	664280	
0.7721	0.9076		60714	60673	60393		602301	607466	610285	
0.2364	0.7587		46793	50157	44842		593637	643899	562776	
0.2579	0.5196		44081	44004	46192		540628	559096	592108	
0.7783	0.9033		59153	58862	58648		584550	594177	594796	
0.6661	0.9814		65499	64755	65216		631110	656680	656421	
0.7517	0.104		57832	48487	48380		646447	589939	592362	
0.3747	0.4447		48269	43497	52251		634511	565032	649077	
0.4238	0.8899		51480	49437	49531		570706	574398	592772	
0.1696	0.1476		40573	47485	40572		580496	620596	586164	
0.8732	0.7141		65982	66582	66084		620613	630866	689463	
0.3492	0.9125		56606	56907	56406		636334	605676	648341	
0.4149	0.2527		53254	53525	53348		644158	654974	680985	
0.699	0.1589		56412	56206	56470		619779	652950	650682	
0.9602	0.3988		65642	65007	55674		647371	685605	592556	
0.8105	0.8185		58253	59951	59730		570635	620428	660859	
0.9199	0.2616		62419	62690	63147		648936	657815	695690	
0.7322	0.9217		65602	65821	65907		657984	683823	708255	
0.8507	0.4846		62376	62790	62602		634337	657721	663877	
0.8178	0.6711		61541	65999	66075		657982	681902	697076	
0.8549	0.1678		59216	58941	59092		648442	656802	688979	
0.1092	0.3945		48254	47787	46539		623682	666258	687970	
0.6811	0.5334		60438	59829	60518		673561	689795	710375	
0.3655	0.3324		52440	51818	51805		645093	641643	655936	
0.617	0.5993		50672	52694	59480		568876	596772	664735	
0.4806	0.9285		60085	60076	50783		644042	670162	568261	
0.9375	0.4968		56415	63433	63306		620185	671281	667636	
0.1063	0.9282		49819	42483	51540		669720	591580	676305	
0.0534	0.8734		49699	40274	40555		659355	575100	581141	
0.2159	0.479		50654	41497	41866		652811	572164	579182	
0.7656	0.5665		60141	63907	64374		671502	706966	690019	
0.4814	0.3017		45281	54360	54116		542752	646075	660732	
0.112	0.6011		42321	41460	42675		559821	576845	580189	
0.5912	0.3017		56793	50039	57040		609272	572636	646800	
0.7671	0.8423		67175	67259	58225		650320	684930	577053	
0.6229	0.4879		57614	48024	57496		655397	585864	696620	
0.4025	0.7305		56719	56938	57214		625779	648973	612034	
0.1463	0.7554		43273	45395	45272		564792	598361	584250	
0.6983	0.2544		58830	58959	49420		644071	668699	570073	
0.9134	0.6642		60084	60618	60498		540682	544305	557887	
0.9547	0.2873		64655	57259	65058		607152	578940	647672	
0.1982	0.2928		49825	49838	49649		603103	602124	612284	
0.4276	0.7278		56978	47588	56957		626681	546295	663743	
0.4554	0.9621		52496	53147	53203		608259	613068	612961	
0.1935	0.3679		42873	42847	50313		582978	592097	670103	
0.5266	0.9878		61363	61186	52727		621512	622261	570235	
0.8192	0.5371		65071	55456	57708		607439	552627	590119	
0.4018	0.0733		44514	43747	44401		576596	576759	580501	
0.8412	0.2894		61226	52734	52397		680750	601002	617481	
0.9545	0.5789		68894	68849	68563		614300	629361	673269	
0.7183	0.2144		56743	50341	49869		615253	579987	599296	
0.2951	0.4373		47927	51644	51918		614650	631332	678328	
0.1663	0.4337		49293	49263	49232		584496	600807	654561	
0.3208	0.253		51830	51340	51776		640287	644091	681033	
0.8007	0.4889		60961	61490	61706		623179	666148	687570	
0.4299	0.6879		56566	56735	56444		606545	607153	603874	
0.7707	0.6825		57220	57444	57535		577219	572642	574638	
0.3805	0.7416		47735	56509	56808		568935	655591	643034	
0.9466	0.7096		60163	69191	62138		551369	626546	592299	
0.8611	0.7005		66090	66206	66297		649523	658311	673327	
0.4843	0.3454		54321	54769	54316		625071	626827	624426	
0.921	0.7368		67741	67190	67795		627012	614930	619723	
0.8837	0.7919		70371	69824	70703		649679	650548	678493	
0.3312	0.5391		53675	53249	46995		612363	620722	614090	
0.7939	0.6854		64501	64488	64412		632445	630704	636777	
0.4619	0.8251		59466	50311	50824		639125	554382	572777	
0.2388	0.8521		47018	44859	47202		531840	528033	585292	
0.9909	0.6205		62038	68275	68927		588957	622792	625333	
0.7841	0.1528		58368	58623	58496		607997	612304	667612	
0.4994	0.5044		56568	56267	56710		643072	637151	669572	
0.4594	0.4397		47996	47716	47924		583034	583986	613854	
0.3215	0.8242		56385	56534	56438		619816	623504	639812	
0.866	0.4174		53142	53410	53349		561247	565401	581263	
0.9312	0.6806		58446	66599	66649		551652	619930	673129	
0.1098	0.8701		51066	50926	50751		625358	616852	664066	
0.6897	0.7561		58394	65415	64971		575903	627723	651668	
0.8892	0.0829		59977	60062	59505		650493	708533	690186	
0.3733	0.4257		43049	42938	52095		535292	588627	648170	
0.9584	0.3035		64514	64728	64700		638764	651604	700378	
0.1137	0.9957		51755	42648	42527		612900	538630	564672	
0.1707	0.1374		47620	47400	47710		584705	589537	629338	
0.2967	0.1114		49477	40300	40551		619799	560091	561477	
0.5577	0.7047		58962	49185	51984		577156	514047	581718	
0.3958	0.3281		53634	53587	53847		624065	665203	669014	
0.8148	0.4001		62485	62419	55161		605406	637440	590996	
0.7992	0.4569		54572	54520	54429		566795	568196	590266	
0.3663	0.6289		54515	54513	54635		599507	602343	614640	
0.5804	0.3836		50120	50199	56177		560298	589280	656353	
0.5611	0.2543		54816	54806	54774		630581	632886	643183	
0.8478	0.8077		60994	60757	61455		584628	587561	607268	
0.6505	0.2654		49009	48918	57898		561125	561188	673871	
0.7501	0.7055		57583	61206	55577		602756	647627	601046	
0.7377	0.7953		64909	65248	55751		630927	617417	566184	
0.447	0.1707		50134	52797	52512		601386	606614	649941	
0.9281	0.0888		53134	52616	51071		573129	569286	568715	
0.9753	0.2115		62505	52899	62126		625017	573044	677706	
0.2874	0.7741		53853	55025	55284		633369	631954	692815	
0.59	0.6147		52406	52638	52549		570624	595659	572051	
0.1832	0.5844		50660	50716	41226		601075	646175	558501	
0.3499	0.5865		47194	53913	50593		578774	639830	640286	
0.525	0.3977		55750	55964	46157		614431	661951	570710	
0.2958	0.261		41994	50701	51150		524168	614709	652298	
0.3857	0.2526		53328	46506	53498		596806	562635	627972	
0.6819	0.6628		54427	54575	53925		564242	564913	579450	
0.0897	0.6863		42676	42770	42780		554496	556259	561963	
0.6354	0.382		58169	49170	58295		666036	570368	670523	
0.1847	0.1568		38400	47338	47746		547984	612640	665903	
0.6137	0.3711		49615	49927	50060		592411	620313	646745	
0.7225	0.8397		61545	65460	61797		649742	708466	705720	
0.7836	0.2192		51455	49358	58598		580604	538359	668502	
0.5455	0.6635		58831	58312	49615		624175	661142	586515	
0.6706	0.1372		56018	55918	55492		654326	687495	713410	
0.1724	0.8821		43670	43791	43846		552911	565510	580099	
0.0538	0.481		47626	47662	38430		612810	641785	571919	
0.9007	0.0679		59643	59664	59625		613377	644782	649079	
0.3586	0.879		57352	56768	56843		664103	682837	716755	
0.1129	0.3606		47900	47909	47872		632239	644165	689241	
0.8333	0.2515		61433	61106	58110		612516	646602	676284	
0.7386	0.1836		56914	56415	56764		643766	686642	710421	
0.4246	0.8491		58259	58556	51364		651175	673421	623968	
0.8521	0.8776		62270	60473	60011		594714	593089	580468	
0.3527	0.3493		45045	51810	52333		614024	693661	700992	
0.2193	0.8933		54451	54405	54130		644976	677055	688844	
0.1682	0.0513		47245	47152	47124		622935	641438	676757	
0.8038	0.2987		53965	53659	51206		578147	587286	580094	
0.4146	0.7462		47443	56425	56796		559348	632725	667889	
0.5869	0.7196		60583	53441	53458		659776	601784	625282	
0.6151	0.8467		62225	62459	53352		690990	672092	607982	
0.5103	0.1004		46097	53342	53187		563077	620805	663282	
0.504	0.1716		53672	53310	53305		603781	636871	667204	
0.1598	0.0877		40529	40429	40425		563751	582889	589292	
0.6132	0.2433		45933	46280	55088		576310	583772	686510	
0.8064	0.5234		63672	63829	63865		625823	660847	691716	
0.621	0.053		54233	53767	54031		625155	655146	670446	
0.3049	0.8454		51493	55162	55333		673133	654449	696740	
0.8284	0.145		59197	52188	59171		621832	605624	692421	
0.8847	0.9129		70911	70103	70775		645047	655043	652644	
0.735	0.1567		56488	56536	56376		653719	622486	691415	
0.4932	0.5701		56474	56697	56511		619568	661558	688293	
0.5748	0.6586		60220	60169	59742		680687	703162	713271	
0.3725	0.9372		56379	56245	56754		628911	650179	642439	
0.8446	0.4425		62827	62883	55530		638944	668879	634992	
0.4363	0.168		51733	42324	51425		614352	553115	646913	
0.1784	0.9324		45817	45659	45315		557349	572709	580849	
0.0865	0.785		50820	50831	50894		577897	592284	638037	
0.9402	0.5061		68590	61268	61206		618556	574342	583013	
0.1545	0.3882		45315	49584	49488		615228	619781	643890	
0.1303	0.1253		40633	40555	40488		646076	654582	660119	
0.3617	0.49		52824	52558	52756		610109	662134	644633	
0.8615	0.7144		65817	56991	57255		618403	542839	591647	
0.2069	0.4536		50881	50902	50787		602505	632237	688947	
0.7808	0.3175		60821	60662	60259		647997	658894	692769	
0.944	0.81		72178	71830	71963		618681	679119	679419	
0.2147	0.3658		50994	50195	50123		584407	628905	634978	
0.859	0.3142		61803	62020	62265		603734	620738	655008	
0.7011	0.8024		58245	65303	55930		610129	649676	600323	
0.6767	0.3753		54757	49379	51624		645923	569268	599826	
0.0632	0.4483		48188	48320	39266		666207	674960	601236	
0.7327	0.3084		59273	58874	47905		633107	647119	673327	
0.6399	0.6394		58039	61380	60494		634217	659641	700657	
0.9554	0.5005		68256	68532	63695		607331	636929	654809	
0.4663	0.2069		45684	51149	53244		590844	659471	691518	
0.5497	0.162		46326	46545	53506		589564	604699	668576	
0.2953	0.416		42381	51184	42753		569141	667394	586082	
0.3689	0.5459		44681	44556	44560		564807	565459	578302	
0.0605	0.2988		46501	41865	46971		594001	620655	638467	
0.1007	0.6047		49549	49473	49350		639230	625681	665412	
0.3185	0.127		50057	50022	46408		620094	641910	636209	
0.8632	0.5305		65256	65407	63200		621433	637184	657677	
0.4023	0.5269		55132	56147	55749		662930	665024	649292	
0.92	0.1006		59408	59733	58830		681444	697954	706797	
0.1204	0.6161		49574	49374	49581		654623	681957	680681	
0.554	0.2659		55232	55035	55311		656026	688671	689297	
0.5572	0.8597		61066	60954	60621		633764	664455	660841	
0.6677	0.7501		63810	64294	63971		646903	654276	661851	
0.0944	0.5027		49448	49014	44892		673154	683978	705846	
0.9604	0.6416		69080	68789	68931		646109	643605	676355	
0.0506	0.8175		49466	49881	49979		634279	629001	656347	
0.7783	0.1238		58107	57772	57463		651051	657761	689666	
0.8437	0.517		65215	65270	65329		632421	649236	667892	
0.5251	0.8444		61159	61261	61029		680763	702403	732812	
0.647	0.4038		58996	58275	58896		603228	638052	630193	
0.2852	0.4152		44747	44812	44464		546956	557373	575895	
0.4552	0.2688		53893	54102	53981		610461	656083	671143	
0.2869	0.9282		48762	48236	56015		595606	622978	680791	
0.3402	0.4353		45276	45419	52424		596704	626786	689624	
0.2316	0.5207		52055	51853	52341		578045	633412	618059	
0.6175	0.1314		54531	54349	54349		708220	712991	711983	
0.8437	0.6386		66107	65554	65830		681576	686253	680991	
0.294	0.2359		50236	49983	50058		647197	652713	671329	
0.4383	0.8863		60117	52704	52802		645976	597090	608863	
0.9484	0.8891		72313	63184	63478		655213	596486	599714	
0.1504	0.0556		47674	47295	38305		596769	643679	553239	
0.4755	0.1274		52622	45641	45496		617999	585160	607428	
0.9969	0.6341		68543	61709	68272		683972	670817	713008	
0.8051	0.401		60877	52383	60075		658626	568296	654158	
0.2338	0.8599		50185	50259	54183		605651	607642	582572	
0.4516	0.7503		59322	50302	52123		672878	586419	608146	
0.6384	0.0927		46568	55606	55023		537082	653917	653672	
0.644	0.69		55264	62081	54990		580217	642530	597051	
0.2466	0.2019		48860	48900	48739		629162	641288	642111	
0.8902	0.4871		54325	54756	56709		605713	601530	643450	
0.572	0.1258		45676	54687	47350		577177	683300	615034	
0.9648	0.9527		63882	73171	64070		548331	641854	551279	
0.146	0.0673		47241	38357	38071		684438	563196	581422	
0.5433	0.6876		49800	50224	49745		531579	547451	554424	
0.8184	0.7059		56513	57034	56840		540406	563298	568049	
0.2736	0.8407		48423	48439	48431		580529	587182	589920	
0.519	0.0915		52853	52446	52556		612180	614516	636480	
0.4583	0.3075		54370	54220	54547		631840	658770	680361	
0.2446	0.7149		52072	52847	43579		646469	620183	560352	
0.6784	0.6239		53889	53380	61135		612091	606413	698470	
0.4001	0.5489		46295	48535	52657		570106	550708	675313	
0.7232	0.2257		49631	56853	56709		602476	647160	674004	
0.9977	0.0518		59427	59636	59623		651748	650622	686891	
0.8338	0.0874		58453	58595	58752		673466	684855	705560	
0.5889	0.0746		54470	54436	54339		617507	627350	651162	
0.4348	0.4058		53629	53628	54199		686610	693464	723284	
0.3104	0.1066		49323	49404	49474		684307	692082	705564	
0.0845	0.3242		47847	47925	47671		608279	637580	679647	
0.4754	0.9519		60455	60438	59909		622053	644191	667484	
0.0732	0.9331		51390	51008	50943		620271	671860	699301	
0.648	0.4293		58815	58847	58803		664508	653472	642059	
0.9354	0.6742		58148	57852	66409		562077	565010	677372	
0.6125	0.5051		52804	52335	50479		584580	605744	591210	
0.873	0.107		57580	49228	58129		603017	554494	649544	
0.7914	0.6892		65054	65051	64705		610622	628316	612100	
0.5362	0.5706		58140	58398	58416		626623	652292	663380	
0.1594	0.4691		49793	49625	49674		624880	649899	649544	
0.8881	0.3612		62893	63165	63358		635017	683768	688600	
0.6593	0.2175		56122	55973	56201		672080	667949	691743	
0.7491	0.8365		64486	64835	65052		651093	666413	667919	
0.4045	0.7805		58104	58059	51195		651936	634978	588786	
0.0594	0.3541		37942	47072	47103		578451	644980	642591	
0.9255	0.6062		66164	66905	66864		627780	644512	642764	
0.6734	0.5303		61067	60870	60845		657071	699331	698742	
0.3155	0.8864		56951	56924	56894		647965	644821	655446	
0.6037	0.6071		60070	56092	59840		689770	688894	673906	
0.5889	0.3362		57153	57211	52540		632976	677520	664914	
0.3991	0.4479		54474	53893	54259		729604	734812	752421	
0.6648	0.1365		56140	55738	55735		653289	661847	684301	
0.558	0.5811		58256	58126	58532		656360	693517	657270	
0.7578	0.6496		63933	64262	57597		685113	670436	624501	
0.0889	0.6955		50286	47001	50370		673037	672282	697324	
0.0794	0.9114		51430	51430	51393		656194	672572	682827	
0.9208	0.1722		60435	59933	60375		645755	650481	645485	
0.9114	0.8941		63779	64229	61539		583338	591753	572047	
0.0885	0.6501		40880	50416	49790		534548	634842	672627	
0.5023	0.5873		58082	54087	58121		643372	660243	651758	
0.6691	0.7052		61883	62373	62172		621625	641072	652347	
0.0843	0.8102		50690	50837	50842		577684	595969	595296	
0.0602	0.2367		36958	46236	36924		506278	578311	521927	
0.0671	0.6639		49724	40899	49988		583255	533452	603960	
0.4213	0.6441		49690	56671	56582		575962	607855	647812	
0.929	0.9387		71367	71099	71316		649571	631233	631658	
0.3136	0.9735		57263	48172	47937		692930	587860	584988	
0.3317	0.3212		42230	45064	51864		548832	580813	637070	
0.4624	0.8901		50552	50685	50532		582323	581120	590158	
0.1114	0.3439		43120	47828	48092		623654	643638	658663	
0.2218	0.5226		50739	51758	51587		639514	647947	656455	
0.5088	0.3152		55612	55922	55376		661986	660733	670900	
0.954	0.4112		65247	65448	65119		667685	676995	675284	
0.1099	0.3694		47692	47279	47573		697058	705659	697535	
0.4821	0.7084		57902	58002	58020		652183	656935	677838	
0.6729	0.5518		61069	57178	61039		639559	646264	668120	
0.8187	0.7443		65916	65862	66276		674162	675166	670839	
0.1631	0.5163		50456	50510	50482		653108	645547	653413	
0.8544	0.531		65415	58033	58032		620791	579918	584355	
0.054	0.9322		49956	49979	49657		580123	577993	572822	
0.3147	0.0622		49877	49511	50165		600986	619262	611244	
0.9493	0.4053		65314	64628	63791		646395	643529	631408	
0.423	0.9787		59179	59172	59161		639198	637625	637921	
0.9199	0.8998		71248	62020	61651		628627	543178	559539	
0.8325	0.7478		56590	56098	66007		572263	568602	671251	
0.1037	0.8524		49703	50506	49258		693398	702567	714565	
0.8427	0.1431		58598	56236	59021		663059	655700	656328	
0.0722	0.2355		39734	39719	39708		565937	563947	565166	
0.6698	0.4216		58521	58261	58645		636077	638780	672729	
0.7221	0.4046		59357	59539	59393		643142	647666	657334	
0.1549	0.1676		47431	47641	47880		622757	635805	619534	
0.1005	0.0643		46559	46433	46197		600924	628483	625297	
0.4622	0.0716		52015	52245	52312		672527	676569	677586	
0.4582	0.7978		59345	58841	58316		677587	678581	672790	
0.1246	0.063		42191	46591	46275		635727	678776	657630	
0.3559	0.5757		54250	54252	54176		664700	670898	667483	
0.9481	0.9083		72677	72882	72362		691880	698263	707063	
0.9626	0.3187		64702	64772	65477		622543	652897	669281	
0.954	0.3575		64985	64739	64577		638798	683537	666183	
0.2011	0.9516		55005	51107	54505		625175	660900	671003	
0.1561	0.6245		50782	50684	50563		626853	634412	645110	
0.1826	0.1786		47818	47620	47309		661208	663667	680098	
0.1463	0.172		47664	47536	47702		616849	617325	603523	
0.6215	0.9397		63310	62872	63657		606637	621721	596795	
0.1013	0.513		48728	49073	49021		636181	626919	662403	
0.9465	0.745		69854	69260	69195		597130	614003	637368	
0.2049	0.7905		51476	53829	53959		630935	654296	673283	
0.4884	0.3453		51416	49951	54385		605819	621236	644132	
0.6466	0.9688		55665	55819	55636		570293	569578	561792	
0.1869	0.2144		38608	39090	38706		542435	546761	561982	
0.9978	0.9201		69320	72489	72120		624494	632727	677655	
0.939	0.1116		60598	53646	60394		634923	596761	632042	
0.8061	0.1715		48680	48663	48781		572409	575397	573279	
0.6673	0.5886		61537	60585	41407		658324	654610	620647	
0.6145	0.3232		57619	56944	57023		667164	645551	659737	
0.4333	0.3348		49383	53837	46483		676225	638355	602726	
0.8915	0.761		69933	69963	70001		649103	680465	685637	
0.6944	0.684		55471	55278	55529		582404	605574	599645	
0.7303	0.4864		50243	50059	50729		543031	562116	567489	
0.4071	0.0765		44456	44341	51340		583126	577589	634416	
0.0772	0.6397		40616	46336	49653		551766	639262	656668	
0.2934	0.1521		49790	49363	49357		639690	662146	670355	
0.1761	0.4416		46541	49600	49475		641476	647161	655741	
0.4461	0.2535		45022	44820	54186		553253	539935	621200	
0.9113	0.2119		53317	53125	53570		622719	633753	632980	
0.4064	0.1193		51419	51145	41987		640364	677126	582559	
0.9422	0.713		62439	62383	62392		566451	600687	590077	
0.4472	0.2579		44953	44998	45018		553558	571336	571771	
0.8147	0.8528		68753	59043	68707		640759	573498	667423	
0.3772	0.5401		55723	55775	46520		614907	638059	543045	
0.0963	0.1468		39654	39454	37473		570316	590168	556703	
0.4591	0.1092		45035	45210	42628		559605	580591	571506	
0.2184	0.8154		44857	46605	46955		557179	585940	583896	
0.8424	0.1433		58427	49689	56731		649839	560814	638290	
0.4973	0.6627		50010	57125	54798		582393	668047	670480	
0.3038	0.3735		47102	48232	47775		630722	662041	658209	
0.8023	0.8617		67332	67541	67544		667305	659948	668513	
0.2269	0.2597		40689	45851	43070		566410	645194	606899	
0.5018	0.7723		51540	61134	51084		605278	675133	619801	
0.9839	0.2537		64394	63745	64600		658791	659445	672277	
0.1496	0.3435		45465	48786	48106		629691	656638	665000	
0.1724	0.9268		52932	53244	52692		628141	629353	648258	
0.3549	0.7729		56063	56290	56112		658989	635295	662279	
0.2472	0.5518		51966	51559	51679		630630	638291	645157	
0.3389	0.5818		54233	54417	54329		639896	681869	673920	
0.5664	0.3589		56922	56536	56891		654027	696477	691890	
0.2123	0.0893		45638	48726	48434		658456	682625	675348	
0.7256	0.305		58584	58112	58542		635187	683544	687320	
0.8515	0.9291		69401	69104	68978		673529	704449	684030	
0.6835	0.9853		65057	64610	57483		634302	661472	607689	
0.6913	0.3262		59167	49810	49852		643021	582611	585607	
0.5486	0.1554		53242	53568	53566		666881	646264	674924	
0.5674	0.8216		62958	55371	62390		670384	616531	680157	
0.904	0.8137		63654	63411	61186		581284	579560	579512	
0.1835	0.7386		51542	51642	50863		658899	673529	677629	
0.4429	0.2302		52691	52464	53052		619932	643248	642002	
0.3316	0.6536		43579	45186	46966		661422	608088	653182	
0.6062	0.4128		57558	57661	57330		619644	627386	648026	
0.6933	0.306		58952	56891	59329		623903	632765	629019	
0.4309	0.7343		56088	56415	47336		661670	662322	565330	
0.8432	0.3083		60826	52477	51689		634816	570386	585268	
0.3914	0.0939		44237	44253	44396		598724	597042	601187	
0.1769	0.4404		49539	49454	40269		673128	674767	586158	
0.7134	0.6		62109	61702	62039		665241	668269	675674	
0.2659	0.9632		56523	56231	56217		636667	658067	662982	
0.516	0.5762		58540	58128	58243		622833	616331	654023	
0.5865	0.9024		63425	62523	62541		670633	661669	688198	
0.8557	0.2041		59698	59379	59387		638723	629601	682886	
0.8596	0.063		58762	58349	58315		636954	657118	682343	
0.2423	0.883		54577	54383	53977		661617	658022	647240	
0.768	0.2836		60495	60541	60864		649563	647027	662010	
0.3167	0.9988		56852	56433	56388		650270	668169	676933	
0.8799	0.3032		63151	62686	62796		657552	689321	690467	
0.6594	0.0874		55328	55149	55061		663351	679880	708620	
0.879	0.1869		52567	57355	52088		607177	624576	609033	
0.8235	0.5103		64591	64542	60826		672833	689896	695105	
0.3206	0.4297		52150	52170	52315		652587	654961	661059	
0.9506	0.7561		72092	64771	64415		655082	602384	606201	
0.7778	0.3493		60338	60734	60774		634955	640690	660537	
0.5786	0.0855		44895	54480	54512		601982	699953	706637	
0.757	0.885		67971	67899	67702		688607	691814	699490	
0.3191	0.942		56725	57206	57221		678309	686409	690412	
0.0537	0.823		49975	49592	49311		612297	625856	633665	
0.8783	0.7535		69990	69661	69624		669603	657992	672942	
0.1496	0.492		49280	49071	49412		630749	629970	615093	
0.1243	0.3159		47569	47615	47638		641975	648556	654083	
0.7143	0.5316		61893	62073	61643		642720	649984	682358	
0.8437	0.2482		52543	51886	51689		550539	570677	570944	
0.7476	0.1164		56080	46772	55341		622045	564305	655366	
0.7152	0.2153		57254	47783	57051		633887	594501	662212	
0.534	0.7858		53291	53754	51539		619203	638210	609336	
0.6995	0.8269		64069	56094	55987		629393	554704	550586	
0.6868	0.9223		64107	64196	63851		652325	637114	651867	
0.3582	0.5976		54500	44851	54592		629207	556757	646973	
0.2566	0.3809		51624	48473	51175		623794	598235	638636	
0.9677	0.702		62391	62198	60008		612729	625692	597487	
0.5849	0.8564		63082	62608	62785		610925	613854	641318	
0.4331	0.369		53031	44094	53387		663097	568902	639578	
0.3492	0.7608		55556	54448	52038		687331	677685	688859	
0.087	0.883		51016	50741	51175		609363	608261	617787	
0.3379	0.8006		55613	55196	55958		639812	642339	660272	
0.5226	0.8089		60332	60220	60208		688039	653913	696105	
0.085	0.8319		50647	43737	43572		662688	600227	604074	
0.2596	0.6112		53111	43834	44266		642871	547792	549699	
0.712	0.1698		56234	56108	46641		677622	682987	589648	
0.6302	0.9874		65000	55234	64637		683461	589321	667677	
0.3635	0.4356		47493	42863	42610		609140	549231	553152	
0.3461	0.1493		50204	42855	42636		610188	567314	577656	
0.3848	0.5372		55072	51598	55361		678332	654731	680786	
0.2437	0.4393		46050	49996	46039		648895	677229	682369	
0.7289	0.8126		65759	65117	65362		684710	696067	666901	
0.1304	0.8978		53228	48619	53312		626909	624739	635232	
0.68	0.5539		60624	60266	60124		628743	612100	620585	
0.8011	0.4282		51594	58944	53459		588904	669013	617211	
0.4347	0.7258		47149	49124	48591		561608	591675	592623	
0.5136	0.5771		50748	50433	50772		587013	576590	578780	
0.1559	0.5373		50281	49941	50065		636761	657951	660539	
0.8188	0.113		58642	58665	58622		640937	687656	679408	
0.1011	0.5793		48953	49180	49192		662635	706000	715200	
0.3272	0.5446		53529	53993	46365		632834	671960	606050	
0.2108	0.3643		42511	49613	42520		554532	619848	580994	
0.8415	0.2384		59486	59349	50129		647781	680810	591455	
0.3497	0.6091		53821	53712	44749		657380	635843	573107	
0.8106	0.3936		60604	51501	51152		694584	602188	607668	
0.0764	0.5909		41975	41897	49330		576928	603557	646619	
0.6247	0.9322		62428	62302	62078		698624	700178	683351	
0.9473	0.8804		65343	65549	65349		596344	599868	608668	
0.4211	0.9965		58011	51497	51343		642739	589072	582434	
0.4872	0.9993		60281	59534	59771		632646	655244	665785	
0.8147	0.5412		64594	64453	55519		625246	650271	568552	
0.0734	0.0704		38963	38940	46016		555705	576506	638332	
0.7607	0.568		63555	63838	54342		683174	675941	591124	
0.3763	0.5296		45669	45863	55186		585081	594787	670981	
0.6478	0.4772		58436	58729	58736		644401	658962	695135	
0.4064	0.9695		58572	58901	51657		690636	662182	650860	
0.8774	0.4212		55972	56332	56616		592404	619327	615576	
0.8323	0.3219		52248	53905	54558		555603	596548	606787	
0.9609	0.4916		58213	58321	57651		580490	582876	583274	
0.7135	0.3622		59076	49527	49896		609503	544610	548880	
0.061	0.2303		37223	46136	36855		553025	630700	563905	
0.8545	0.1435		58792	49203	49564		634034	567954	566299	
0.9936	0.7086		68383	61796	61632		638651	584476	586405	
0.0665	0.6823		49376	49521	40323		649643	663982	566835	
0.5802	0.5032		59038	59043	59286		645083	624772	652642	
0.1503	0.7873		44679	44682	51880		589461	593347	638647	
0.3959	0.0853		50532	51265	51514		565028	588516	626190	
0.5134	0.2859		55481	54864	54866		605002	634214	626814	
0.859	0.5887		65636	65110	61220		602988	597269	620187	
0.5602	0.6799		58144	58170	53749		642877	649603	645001	
0.9781	0.2533		64622	64450	64851		627987	647694	645341	
0.1804	0.6792		41415	41522	41571		590915	578272	578136	
0.9012	0.8079		69464	69368	69526		635915	650206	637407	
0.1081	0.2856		38455	38219	38203		559730	573121	571827	
0.7682	0.8392		58201	58248	58286		569832	575305	586628	
0.4979	0.495		47142	47097	45314		556524	563914	534458	
0.722	0.2808		49083	58509	57372		558166	653580	654929	
0.6544	0.286		57767	48877	48423		620963	538346	537262	
0.2636	0.545		45540	45401	45404		596074	596737	594862	
0.186	0.4959		39844	49016	40136		559510	646588	572129	
0.9666	0.4288		55326	55755	55838		558069	575753	571345	
0.3853	0.9906		50035	49862	58752		544785	558473	672620	
0.9926	0.777		71373	71345	62688		677104	675089	573329	
0.9074	0.4912		63710	54470	63471		692235	601904	714395	
0.8828	0.3893		53844	63174	63316		536336	621659	620923	
0.8235	0.2326		59149	59323	59531		634842	635379	630473	
0.8537	0.0627		58596	58242	58546		609515	649413	653302	
0.8799	0.8309		62438	63040	63130		568338	591539	591416	
0.9051	0.3465		53943	62492	58751		588620	672830	667622	
0.5211	0.9112		61378	60883	53689		618800	668351	603314	
0.7692	0.4641		60883	54045	54139		663970	615973	625320	
0.6584	0.3829		56628	58464	58400		654007	664184	654325	
0.4708	0.1842		51721	44740	52352		650008	599677	673448	
0.9285	0.6833		66567	67129	66548		636255	664847	671747	
0.5098	0.6713		58575	58284	58068		663263	644186	663947	
0.0618	0.8848		50373	42877	42918		628697	590243	650521	
0.5729	0.3981		56498	56715	53365		626992	617871	614363	
0.5395	0.5786		48866	48621	57824		544468	544765	654957	
0.2299	0.8537		53594	44706	53712		608222	535994	616090	
0.455	0.5484		49019	56582	56275		560144	606236	622850	
0.7179	0.1343		48995	48784	55976		562366	565097	613047	
0.7008	0.6695		52816	62167	62122		534940	609442	594301	
