18	19	
0.9831	0.1402		11772	12353	11526		673889	700388	612693	
0.6032	0.6731		14340	14345	14652		551702	555216	585124	
0.9193	0.7392		19336	19697	19254		654474	652269	665543	
0.7681	0.4616		14208	14288	14160		683593	648626	626777	
0.583	0.06		7497	8455	8074		631736	615181	665026	
0.5568	0.6422		14433	13505	13188		678457	585899	583507	
0.2117	0.5415		9656	9538	9137		654610	628706	599338	
0.0503	0.5976		7688	8180	8424		599957	647455	639708	
0.44	0.8012		16306	14021	14310		697510	726720	696014	
0.3519	0.538		11210	11886	11165		712429	684067	657151	
0.2041	0.7842		10902	11307	10392		552969	657099	562893	
0.1725	0.6081		9473	9016	8592		654117	611305	595469	
0.6301	0.4137		12855	11903	12891		591871	571940	665263	
0.4315	0.2911		10180	8731	9663		675162	598790	690384	
0.4722	0.7693		14871	14910	14893		710677	704319	725772	
0.3857	0.0927		7220	6302	6636		640609	571299	585237	
0.6407	0.4849		13068	13128	13659		637245	669442	678868	
0.3061	0.8433		12254	11780	13229		567367	603834	655331	
0.6468	0.6123		15008	14561	14523		642066	651019	661581	
0.6257	0.6744		16181	15676	15654		707593	718767	722766	
0.5277	0.1894		9331	9316	9665		677185	690891	703049	
0.3701	0.0719		6064	7463	7030		559426	649703	667133	
0.586	0.3323		11291	10399	11204		644667	587755	663801	
0.8938	0.2095		12189	12685	11167		671151	674899	590879	
0.4537	0.468		10389	10875	11315		590243	622979	686549	
0.133	0.8933		10164	11198	11196		572339	681001	687349	
0.1617	0.8518		10254	10380	10385		588906	597960	600567	
0.5884	0.5204		13625	13034	13122		696719	658562	658132	
0.5826	0.08		8397	8412	9203		670660	683383	677153	
0.2938	0.8197		12845	12854	12898		654256	685567	704491	
0.496	0.5275		12061	12112	12059		616476	628344	648680	
0.3673	0.572		11424	10487	10409		645439	562933	573234	
0.2133	0.8564		11764	11768	10895		676061	688429	596656	
0.9718	0.7198		20247	20191	19438		645394	655949	580710	
0.5425	0.3079		11275	10481	10702		649132	631945	674519	
0.3979	0.9934		15331	15350	15338		720514	751372	743729	
0.3582	0.098		7263	7895	7253		657978	683798	692015	
0.2858	0.8099		12636	12585	12635		697294	702774	704630	
0.1978	0.1719		6000	6912	7203		588378	693263	698569	
0.5806	0.7754		16263	16785	16208		668193	655141	652829	
0.4376	0.3905		11033	10998	10960		677511	696348	680075	
0.3606	0.9576		14563	14679	14716		667128	675188	697289	
0.5962	0.3263		11524	11477	11450		693505	665482	679213	
0.3124	0.583		11273	10695	10873		734511	731047	755461	
0.4832	0.9132		16420	16364	16396		683609	690460	661011	
0.8385	0.3995		15045	14699	14628		693396	710506	718391	
0.5005	0.8196		15712	15791	15658		724739	724645	739021	
0.905	0.7365		18991	19154	18080		669040	684666	588302	
0.7715	0.0709		9724	9949	9594		666067	677912	698804	
0.6992	0.6772		17000	16519	16523		654525	654359	672266	
0.7348	0.8426		18563	17323	17971		653026	571668	581338	
0.489	0.343		9435	10416	10618		607770	715439	745672	
0.7665	0.1701		11159	11158	11267		654104	646809	645685	
0.2769	0.8832		13112	12521	12988		641188	587246	603956	
0.84	0.4287		13892	14697	14210		549832	584298	595252	
0.5565	0.47		11276	12293	11823		589957	620983	625413	
0.3588	0.1424		7910	7891	8479		676386	696716	694734	
0.5048	0.8935		16805	17170	16704		648863	671490	661738	
0.5667	0.6062		13968	14142	13645		659796	647304	621802	
0.7136	0.2701		11599	11586	11528		592766	601704	601676	
0.4193	0.3849		10769	10204	9737		654513	605081	579933	
0.3543	0.3983		10102	10156	10253		639183	641312	662951	
0.8282	0.737		17937	18269	18346		586461	601404	617846	
0.0726	0.9773		10225	10286	10323		599816	632208	636841	
0.3683	0.4001		10123	10101	10080		688864	707746	728591	
0.9532	0.6399		19073	20061	19569		590466	677138	707769	
0.9602	0.5052		17965	17800	17905		669148	658077	724825	
0.1046	0.5194		8489	8597	8488		597363	624268	657718	
0.3511	0.8057		13446	13574	13433		601619	642103	666684	
0.7918	0.19		11548	11588	11767		566232	585953	610472	
0.099	0.4939		8080	8144	8146		635408	667917	692112	
0.8907	0.6929		19083	19028	19017		593615	647375	639658	
0.5461	0.25		10315	9742	9687		649409	668827	658962	
0.5913	0.7399		15346	14616	15326		641606	609691	672074	
0.5209	0.7512		15541	15041	14424		612731	576923	551750	
0.2431	0.4733		8349	9277	9926		543639	636926	651054	
0.8587	0.6239		17144	17192	17157		618531	628491	665782	
0.3525	0.7234		13002	12753	12734		628600	675129	673296	
0.9475	0.9194		23055	22819	23008		601103	600973	597856	
0.0721	0.4335		8026	7556	7537		608320	595952	616838	
0.139	0.5379		9566	8983	9059		686463	692452	684744	
0.6772	0.7369		16604	16713	16843		704987	708291	716549	
0.2561	0.1705		6398	6410	7874		557469	555354	646209	
0.312	0.4954		9456	9514	9878		596560	601433	661290	
0.7719	0.0995		8921	9355	8950		581070	619672	598980	
0.063	0.1461		4832	5472	4889		524349	534396	535429	
0.2759	0.4541		8598	8592	8457		590941	590630	590658	
0.0795	0.1583		5041	5077	5057		560693	561003	572261	
0.8174	0.2204		10883	10807	12333		546650	558011	664029	
0.7951	0.254		12952	12877	12918		643175	629046	637970	
0.3533	0.4535		10416	9903	9910		624922	575878	575696	
0.6228	0.3276		10446	11912	10526		567890	647442	566264	
0.3104	0.1145		6894	6065	6988		649487	567624	685167	
0.2372	0.2026		6318	6799	6366		546332	576228	551705	
0.0931	0.4458		6690	6699	7663		523471	523468	629556	
0.7698	0.6092		16260	16385	16157		658420	655381	693401	
0.1771	0.2841		7550	7635	7006		629133	591666	593654	
0.4381	0.4592		11034	10838	10843		594349	592485	620123	
0.9125	0.1125		10847	9859	10839		625748	547569	645291	
0.8001	0.0537		8596	8997	8902		514195	525006	542991	
0.2493	0.5578		9900	10013	9964		562241	566011	569623	
0.081	0.9932		10869	10710	10796		565842	560125	605805	
0.6604	0.3574		12091	11666	12258		581518	577523	637145	
0.1402	0.4592		7360	8282	8473		555587	620649	636699	
0.3826	0.3672		9347	9885	10364		568896	651374	649828	
0.9725	0.7399		20378	19266	20339		646455	566691	669254	
0.7079	0.057		7941	8917	9296		562719	644822	642909	
0.9269	0.567		17741	17651	18085		658035	675596	674148	
0.7606	0.4228		14417	14324	13754		620866	607152	588162	
0.4243	0.5461		11603	11573	11589		580572	597174	594810	
0.0743	0.5223		8117	7640	8158		598984	531646	621151	
0.4537	0.418		11185	11228	11222		639022	657809	665493	
0.5919	0.1317		9614	9643	9585		606818	628863	606809	
0.812	0.5627		16289	16428	16340		640476	668161	674403	
0.4908	0.8961		16257	16336	16310		651968	687213	629818	
0.5312	0.8319		15728	16237	15756		641462	678356	707743	
0.6413	0.9518		18809	18711	18890		652585	698447	706942	
0.9373	0.9333		22695	23167	23137		625948	636181	695209	
0.06	0.9843		10367	9861	9378		637614	610330	597348	
0.5134	0.1192		8913	8877	7837		609133	618431	596203	
0.6996	0.6111		14411	14992	15017		539179	578898	600292	
0.1255	0.2568		6892	7247	7366		571887	664793	686288	
0.6611	0.228		10741	10814	10732		592578	598383	632736	
0.9553	0.472		15927	15893	15842		628479	632899	642835	
0.2319	0.9691		12490	13161	12036		525042	633822	543101	
0.0902	0.4278		7435	7641	7513		636175	654382	670469	
0.117	0.0889		5663	5592	6026		656935	662599	697806	
0.9383	0.6046		18317	18321	18221		628257	634702	682896	
0.1386	0.4102		8164	8195	8688		628921	699990	721808	
0.5275	0.5323		13109	13113	13064		698939	725518	710726	
0.4899	0.2063		9234	8718	9668		623743	587886	645495	
0.1986	0.1129		6548	6487	6510		612508	655647	678586	
0.4667	0.1536		8105	8109	8057		594733	616733	622319	
0.1474	0.1841		5528	5551	5557		519158	518324	536563	
0.4721	0.329		9970	10003	10527		581897	605573	623148	
0.3736	0.6859		12660	11212	11729		636034	564822	639720	
0.9641	0.3278		14051	14068	14184		599952	612650	623338	
0.7383	0.7503		17807	18327	17270		590824	658188	570261	
0.556	0.4149		11069	12079	12113		556053	647455	668397	
0.4858	0.3446		10694	10719	10659		682440	686321	716544	
0.3782	0.6286		13380	12747	12686		629748	655488	671889	
0.6941	0.5609		15050	15159	15555		657602	657294	657931	
0.6418	0.311		11590	11507	11606		623409	647147	647224	
0.996	0.3376		14818	14851	14768		679019	673209	691074	
0.7912	0.6796		17856	17206	17246		570396	570870	547975	
0.8377	0.5109		15959	16376	16324		604524	678266	688805	
0.5278	0.4709		12024	12018	12090		617282	661682	673571	
0.1625	0.8801		11762	11763	11709		648873	636958	644445	
0.6608	0.3435		12081	12144	11308		613244	650204	677674	
0.9769	0.1704		12680	12252	12271		592661	598432	596304	
0.6623	0.2302		10789	10276	10943		646114	587740	629511	
0.9545	0.125		11104	10123	10110		653337	564350	568916	
0.9135	0.4668		15810	14801	16026		628310	545367	643345	
0.4087	0.1669		8088	8099	8629		580090	587088	643994	
0.2131	0.0611		6050	6080	6053		667472	697312	688122	
0.5591	0.198		9538	9604	9620		674552	677175	661287	
0.4736	0.3031		9842	9875	10393		594272	606495	627505	
0.2914	0.6668		11837	11777	11750		682228	693488	697321	
0.4763	0.6672		14019	13998	13956		615385	599168	587957	
0.5104	0.4976		12047	12135	12098		669707	693755	717627	
0.2309	0.1096		6582	6528	6599		673688	665557	665988	
0.9427	0.8563		22206	21822	21755		624129	626910	625104	
0.5786	0.7376		15426	14904	15360		588038	558452	571131	
0.2365	0.2644		7018	7884	7017		566431	668647	580222	
0.1016	0.8304		10425	10428	10359		636626	658228	661568	
0.1018	0.2739		6936	6941	7176		590840	587083	606336	
0.2045	0.1792		7544	7001	7011		602129	603100	623909	
0.0906	0.3497		7021	7294	7081		631204	611074	592816	
0.1075	0.115		5726	5838	5821		656106	645159	673792	
0.4083	0.749		13511	13481	13476		612078	609328	621250	
0.2671	0.3902		9161	9184	9195		615020	617832	615937	
0.2995	0.142		7563	7511	7533		658348	626388	650271	
0.5482	0.2468		9801	9813	9795		631263	643498	667286	
0.1537	0.7746		10460	10393	10394		611377	618873	667494	
0.6658	0.3206		12226	12124	12687		602804	610195	654265	
0.2654	0.9909		13495	13452	13988		622494	650055	652342	
0.2727	0.2471		7744	7724	7243		634455	622564	606528	
0.568	0.5859		14001	14017	13058		616624	673232	578304	
0.1275	0.6303		8674	8623	9143		546845	547247	589565	
0.5642	0.7818		15896	16706	16558		612650	684704	680167	
0.3488	0.1584		7535	8246	7541		584921	608508	620277	
0.5263	0.843		15701	15093	15172		636460	597318	606738	
0.9175	0.5339		16494	16550	16596		583737	591639	604476	
0.8897	0.7827		20651	20561	20723		635240	630261	642952	
0.487	0.1302		9044	9066	9019		577242	609779	599445	
0.8828	0.2168		12151	12232	12343		614201	617173	647464	
0.5086	0.9749		17187	17286	17191		630359	630985	675524	
0.7883	0.1236		10044	9781	10286		593413	550507	641914	
0.2474	0.9097		11635	11756	13209		541498	547542	641093	
0.4946	0.5734		11983	13018	11944		513115	623471	542223	
0.3769	0.7661		13834	13946	13968		631572	632495	648928	
0.9788	0.1027		11211	11171	11264		581802	645575	628475	
0.6209	0.1886		10201	10167	10187		604610	606068	597901	
0.2291	0.3982		8962	8906	8929		586066	588589	627962	
0.7286	0.5112		15287	15384	14842		588192	606846	581727	
0.2992	0.687		11702	11801	11737		584441	614300	619270	
0.1188	0.4393		7496	7987	7511		565347	572877	575596	
0.7448	0.1231		8654	9572	9681		525521	623317	612454	
0.809	0.6833		17648	17718	17647		659684	643722	661301	
0.7215	0.4337		13874	13800	13943		614775	626656	689638	
0.8177	0.8779		21196	21306	21152		587200	587972	605652	
0.2792	0.9066		13149	13166	13213		591789	597601	622074	
0.8301	0.5097		16267	16358	16390		606209	608738	627274	
0.3786	0.2585		9413	9393	9500		621419	655936	659622	
0.0536	0.0934		4290	4319	4325		503424	500079	506590	
0.4392	0.5957		12182	12247	12202		563731	564818	581243	
0.0769	0.6608		9011	8004	8784		593594	541156	622894	
0.6256	0.2278		9436	10497	10605		524533	594805	584875	
0.9432	0.1138		11043	11125	11282		607970	628892	649005	
0.7082	0.3941		13482	13459	12909		587759	590355	593454	
0.6473	0.4616		12528	12977	12676		564940	579618	606975	
0.361	0.6075		11580	11726	10630		590742	586914	538311	
0.3649	0.961		14640	14663	14292		594507	609096	634883	
0.4605	0.3202		10198	10633	10306		607132	639066	668303	
0.932	0.1981		11951	11914	12428		589135	598099	633933	
0.3421	0.7084		12138	12119	12179		607510	585203	643989	
0.327	0.4169		10045	9992	9458		584556	573001	542773	
0.5807	0.9291		17178	17264	17797		578906	582023	616747	
0.1716	0.8783		11163	12178	11896		605499	635590	658728	
0.63	0.4882		13250	13245	13417		582285	605819	640139	
0.4679	0.6529		13318	12798	12822		562593	571607	630385	
0.6453	0.6355		14649	15596	15212		594746	624714	650950	
0.1662	0.8486		11352	11396	11456		550271	576949	593865	
0.1691	0.1609		6714	5776	6770		626156	558564	655084	
0.8627	0.9055		21047	21014	21093		550968	558885	561588	
0.1883	0.7374		10378	10417	9964		567565	691140	608196	
0.1269	0.7815		10657	10159	10713		592812	587790	627796	
0.8717	0.5704		16812	17415	16575		625325	651533	573493	
0.6148	0.5186		14021	13924	14046		642708	664266	685676	
0.8244	0.6057		16850	16836	16773		597507	627045	626883	
0.4626	0.1759		8813	8818	8936		592917	592785	618435	
0.8438	0.0878		10203	9746	9256		615054	566101	555495	
0.4633	0.5388		12949	12477	12525		596292	608820	620265	
0.265	0.3121		7821	8323	8457		562991	603153	645622	
0.8818	0.1457		11964	12035	11985		621845	624072	633315	
0.3116	0.2715		9075	8631	8583		619241	633084	647517	
0.4985	0.6514		13752	13836	13215		565667	569303	555285	
0.5194	0.7435		14671	14679	14648		615631	618518	636830	
0.7033	0.8844		18369	19563	19548		553300	639221	649238	
0.4303	0.4335		9915	9875	10945		520776	525980	629366	
0.0906	0.8007		9734	9258	9243		624679	590092	604809	
0.7971	0.8035		18387	19544	19454		585714	667007	675451	
0.2954	0.0844		6249	6896	5795		538402	576636	516519	
0.9164	0.5811		17750	17770	17696		592103	599014	617453	
0.629	0.7241		15596	15566	16166		563657	573759	614185	
0.1373	0.6185		8774	8811	8824		587733	588656	613315	
0.1768	0.7449		10471	9972	10043		590099	555560	562661	
0.4514	0.8186		15016	15095	15031		634812	644123	685137	
0.2796	0.74		11058	11040	11037		589341	580492	597329	
0.1959	0.191		6674	6179	7185		546144	519089	583285	
0.1117	0.6989		9162	9137	9153		567726	572807	583160	
0.5139	0.3919		11143	11156	11818		583109	580464	652336	
0.453	0.3556		10502	10326	10240		643126	639553	666370	
0.1261	0.5257		9404	8908	8904		600479	599174	644514	
0.8281	0.0954		10383	10378	10358		665579	700539	709779	
0.3756	0.5081		11769	11739	11789		642728	681373	667030	
0.1216	0.8908		11354	11309	10862		629743	652365	652800	
0.5183	0.0506		8323	7777	7888		625304	618041	674151	
0.6719	0.6868		16132	15658	15618		562465	561879	564102	
0.2296	0.6145		9762	9787	9834		583051	582415	604255	
0.828	0.7389		17397	18558	17348		578285	661940	592881	
0.485	0.1223		8211	7196	7676		616416	540442	589813	
0.6215	0.1246		8769	8843	8833		635947	644302	678012	
0.1983	0.0737		6244	6273	6660		627737	626803	636088	
0.4324	0.161		8620	8577	8616		624640	614111	659326	
0.3771	0.8573		13881	14360	14395		615777	624239	668460	
0.1469	0.2222		6878	6858	6900		623244	634635	632335	
0.4383	0.4314		11285	11726	11231		627870	638694	656323	
0.4757	0.977		16698	16838	16812		630956	635591	626499	
0.1128	0.644		8824	8798	8807		553242	552168	551223	
0.6446	0.8678		17557	17461	17619		621663	629099	644888	
0.8705	0.383		14532	15079	15028		570399	604736	610224	
0.3798	0.1855		8535	8444	8491		605087	594101	621243	
0.3251	0.6255		10928	10897	10990		564372	575926	582308	
0.8347	0.8748		19373	18770	19357		577609	586846	594589	
0.5375	0.6269		14938	13969	14058		571499	550840	556515	
0.5829	0.4271		12494	12521	11516		639289	641713	568173	
0.9103	0.6855		19134	19217	17997		596644	602436	557054	
0.697	0.2577		11959	11497	12087		585714	560955	608676	
0.4464	0.586		13032	12628	12616		654629	640781	687868	
0.1812	0.5445		9267	9294	9287		587476	618139	625607	
0.4171	0.899		15331	15367	15521		610608	633005	631102	
0.8319	0.5364		16531	17039	17082		602102	646180	631998	
0.8784	0.1529		11855	11960	11993		669646	630444	648715	
0.9777	0.3724		15347	14882	14946		599541	603252	608530	
0.1357	0.6223		9403	9274	9268		583783	602419	648147	
0.5716	0.5374		13751	14343	13787		607804	629209	662080	
0.3542	0.5301		11192	11647	11211		605638	612333	612805	
0.4566	0.7008		13782	14266	13237		628600	619106	602916	
0.862	0.9381		21976	21023	21978		611374	550817	620815	
0.9405	0.9901		22587	23113	23169		577026	586238	585423	
0.4042	0.9351		13922	14905	13957		548833	655892	562563	
0.857	0.3196		13277	13382	13302		597775	602382	597782	
0.3529	0.554		10837	11879	10857		565643	592197	568298	
0.8532	0.9491		21998	22456	21434		616554	640314	574134	
0.1481	0.3649		7694	7686	7850		653861	660388	668621	
0.852	0.9398		22473	22101	22055		630407	622563	636306	
0.968	0.9838		23691	23530	23369		664552	665606	691663	
0.6702	0.7483		15407	15380	15552		550468	549728	552468	
0.4928	0.6308		13798	12861	12849		657438	561681	561911	
0.1675	0.667		10150	9145	10147		617034	565263	647073	
0.6859	0.9274		18419	18556	18533		587556	584066	588270	
0.8849	0.8901		22227	22237	22273		633146	634112	681396	
0.0585	0.1657		5735	5794	5767		621782	650445	651528	
0.6936	0.9596		19925	19194	19656		625980	622424	641503	
0.9067	0.2359		12115	12049	12053		597081	594678	591611	
0.5989	0.754		16645	16116	16240		661796	618771	628550	
0.6649	0.2297		10712	10818	10747		601478	630422	651502	
0.476	0.6811		14021	13971	14098		587576	595518	627643	
0.9254	0.97		23045	23047	22972		650609	636421	630918	
0.1863	0.6789		9601	9583	9604		610085	618748	649594	
0.1417	0.6767		10026	9849	9833		635532	655244	697236	
0.715	0.2942		12121	12162	11756		591336	613278	632643	
0.4457	0.0583		7427	7424	7370		638023	636879	689327	
0.2428	0.8509		12036	12691	12295		617119	615410	655469	
0.2398	0.2376		8026	7539	7493		639427	670629	654462	
0.1637	0.3809		8288	8393	7764		642938	659312	622363	
0.603	0.9876		18452	18392	18431		615208	626942	625197	
0.8561	0.1598		11925	10889	11021		649431	575460	590536	
0.9588	0.5561		17959	17949	17194		636197	644244	585834	
0.1714	0.2121		6773	5913	5901		625814	571055	569911	
0.383	0.1762		8405	7937	7452		614506	597250	578368	
0.6914	0.2065		10833	10936	10880		612236	618990	631410	
0.325	0.1554		7759	7823	7747		651837	690409	698747	
0.0645	0.5015		7719	8317	8217		589128	633664	672149	
0.9166	0.4517		15835	16404	15834		679597	685429	637173	
0.9567	0.5057		16925	16756	16850		536530	541558	540961	
0.8195	0.9285		20119	21037	21581		577727	622536	680830	
0.3612	0.2947		9025	9229	9751		691394	707385	712732	
0.4655	0.9178		16060	15920	16096		700381	705323	723769	
0.5096	0.7028		14761	14681	14635		613201	636280	636687	
0.7813	0.3805		14486	14444	14530		603648	637735	683323	
0.5113	0.1464		9127	9312	9214		617787	626964	605465	
0.6126	0.9679		18246	18238	18266		649264	636225	633132	
0.2961	0.2113		7808	8466	7864		664505	669318	708592	
0.968	0.2454		12945	12893	13016		627673	634977	630229	
0.4984	0.9551		16486	15478	16495		621423	547652	635621	
0.261	0.889		13084	12594	13090		640111	595788	655056	
0.6914	0.3766		12379	12948	12965		560347	603818	606888	
0.7631	0.5708		16120	15060	16140		620448	543250	644945	
0.1981	0.2471		6893	6321	7871		591019	563929	644508	
0.0843	0.7297		9293	9256	8706		619295	622952	586356	
0.9108	0.8491		21344	21470	21322		654476	685870	679867	
0.3143	0.0561		6743	6738	7238		592299	604415	611982	
0.8784	0.9286		21680	21991	22307		694427	704365	714160	
0.4569	0.1394		8756	8671	8653		642201	600877	649064	
0.8285	0.7251		18840	18634	18390		655958	687850	714503	
0.334	0.9116		13657	13543	14167		571513	582790	633630	
0.939	0.4201		15384	15145	15139		529819	547206	538510	
0.5784	0.8868		17639	17747	17700		715005	734555	740808	
0.8029	0.7669		18956	18662	18025		588428	584305	564503	
0.639	0.7309		15077	16110	16175		559319	668761	662596	
0.3739	0.8345		14057	13681	13617		648662	666156	645460	
0.4298	0.704		12885	12324	12360		543983	554356	543493	
0.2966	0.0694		6233	6346	6297		550014	561852	570118	
0.6868	0.69		15402	15735	15292		558522	565158	579903	
0.9801	0.938		22813	23769	24150		603578	691222	720350	
0.8406	0.063		9867	8780	8773		644627	556582	555153	
0.5109	0.0736		7892	7592	7642		573482	598863	607214	
0.0659	0.666		8031	8047	8022		563597	585835	591959	
0.2516	0.8515		12040	12054	12142		588982	599405	599991	
0.2625	0.3288		8011	8000	8021		611057	610818	660829	
0.7762	0.3361		12981	12826	12917		654300	703716	698897	
0.2022	0.2961		7399	7941	7931		611789	623665	666180	
0.3682	0.7763		13439	13578	13312		666040	658014	679451	
0.4591	0.6833		13435	13565	13492		593881	633563	617226	
0.3794	0.1867		8411	8451	8428		611129	644885	666627	
0.4775	0.7203		13261	13424	14751		558318	558944	655555	
0.6497	0.8124		17345	17204	17205		603542	625998	614158	
0.385	0.3656		9872	9846	10411		653575	677551	700560	
0.444	0.4394		11473	11916	10580		649745	658310	671066	
0.4306	0.4921		11301	11921	11214		657559	667108	676104	
0.6079	0.5594		14142	13888	14022		620844	655519	658291	
0.3021	0.2476		7969	8037	7951		638093	669116	665803	
0.4498	0.497		11509	11517	11495		640412	655292	625436	
0.1723	0.1247		6179	6201	6516		651231	688478	679831	
0.9789	0.7983		22355	21919	21969		661665	691182	693534	
0.8645	0.1798		12339	12439	11963		678621	669511	696717	
0.7002	0.1746		10681	10677	10675		685860	708882	717080	
0.9904	0.2355		13278	13046	13244		659744	687697	707392	
0.2392	0.2921		8118	8130	7191		621745	635648	546382	
0.0954	0.8623		10619	9646	11181		666648	583067	676069	
0.4811	0.408		11076	11010	10720		559158	604700	574517	
0.894	0.7718		20406	20488	20545		628314	657088	653029	
0.7647	0.9051		19740	19294	20344		555050	553229	621436	
0.3708	0.2575		8090	7980	9087		591782	588764	671004	
0.9365	0.1608		12156	12115	12153		661841	702640	690655	
0.0686	0.1156		6153	5655	5668		601620	606856	619347	
0.4674	0.8864		15735	15784	15763		637214	632351	605108	
0.2649	0.9464		12302	13364	13456		557069	659228	677884	
0.243	0.8427		10951	12388	11949		573030	663967	681302	
0.5046	0.3554		10370	10923	11029		594825	616110	683628	
0.0507	0.2777		6440	5436	6386		660383	581005	692928	
0.5687	0.6836		15180	15179	15216		679705	687694	693069	
0.2125	0.3665		7756	8254	8263		585998	645718	639986	
0.7143	0.6052		14457	14490	15515		516590	516667	639085	
0.8695	0.0878		10179	10226	10161		615772	622376	652664	
0.9297	0.4286		15725	15744	15725		615098	639353	651933	
0.2102	0.3899		8678	8662	8633		636808	656600	676818	
0.6102	0.7278		15727	16174	15721		640023	677389	671331	
0.2755	0.8389		12952	12467	12572		626959	630710	672869	
0.5409	0.4756		12266	12043	12277		645574	700043	717972	
0.0867	0.883		10521	10384	10386		654867	692917	683493	
0.3601	0.4364		10396	10219	10249		607200	653464	662877	
0.2075	0.6404		10407	9495	10612		608468	559752	654081	
0.5193	0.5438		13162	13147	13260		582998	607409	609835	
0.486	0.4721		11844	11390	11880		623771	602638	663284	
0.987	0.3955		16242	15707	15770		633559	598733	605738	
0.7294	0.985		20333	20280	20249		635117	624485	666031	
0.1702	0.0562		5782	5506	5770		610531	633585	640328	
0.5797	0.6484		13999	14882	15023		517065	563257	615835	
0.6012	0.4296		12673	12780	11683		640427	672528	567521	
0.3468	0.454		9415	9379	10572		538157	557533	675647	
0.884	0.9767		22650	22087	22543		697390	691205	718366	
0.4101	0.2365		7892	7875	8983		560606	568028	691366	
0.2947	0.6106		11336	10050	10076		694784	587861	593716	
0.9171	0.4461		16287	15915	15904		685950	677743	690152	
0.307	0.825		12801	12942	13002		624494	672815	668978	
0.5307	0.3304		10775	10707	10686		647762	647643	670319	
0.5868	0.8581		16848	16813	16832		616421	616517	648993	
0.3184	0.2677		8810	8822	8811		620245	663985	657244	
0.6188	0.3537		11579	12209	11698		621667	648079	631210	
0.777	0.2091		11501	10877	10834		583114	567656	565258	
0.5385	0.2474		9218	9269	9216		568452	566804	594651	
0.8918	0.6921		19078	17863	19067		601283	534529	617024	
0.3649	0.5247		10655	10719	10720		590618	590616	614226	
0.5217	0.1005		8307	7389	7650		661371	571246	589483	
0.4726	0.6228		13508	13083	13132		633680	636134	653718	
0.5275	0.7814		15707	16014	15606		632006	682115	679479	
0.0771	0.3168		7031	6971	6976		618795	616508	655739	
0.4371	0.7963		14837	14395	14415		609392	648750	660802	
0.2517	0.7135		11415	11486	11169		591774	611135	628573	
0.3746	0.0537		6876	6845	6883		625896	596098	626884	
0.1194	0.8794		10327	10409	10376		552569	554677	569249	
0.6734	0.069		8521	8581	8500		569792	572882	585870	
0.346	0.1166		7371	7355	6350		621916	626141	555892	
0.9835	0.6479		19330	19391	19273		588486	581462	611884	
0.9025	0.9159		21723	21730	21796		574252	597952	599905	
0.3386	0.6414		11414	11459	12403		639073	650697	714955	
0.1797	0.262		6920	6985	6434		589078	609100	575051	
0.2743	0.3869		9208	9215	9257		588955	605927	656983	
0.9366	0.9808		23326	22996	22933		638074	631401	672851	
0.2269	0.0658		6386	6354	5886		629216	629508	586747	
0.952	0.2242		12407	12724	12410		563895	565542	569623	
0.5237	0.8106		15041	15037	14915		579347	581841	594865	
0.4504	0.6459		13458	13466	12439		615328	636246	555801	
0.5415	0.0517		7948	7006	6990		602541	522947	543616	
0.7655	0.7315		17825	16701	16729		636735	573141	588052	
0.1249	0.507		8630	8563	8120		633192	632963	604222	
0.4243	0.9219		14942	14938	14991		584928	587150	587336	
0.6365	0.742		15638	15850	15638		548756	574957	573440	
0.4028	0.8008		13989	12932	12932		654524	555477	574404	
0.4898	0.3039		9228	10339	9543		550669	627302	559257	
0.449	0.8319		14557	15014	15403		616606	625239	673972	
0.0861	0.7481		9313	9908	9320		637258	656846	698732	
0.694	0.9198		19581	19742	19748		648617	672233	626463	
0.6688	0.0887		9169	8082	8006		662747	569700	576702	
0.4491	0.5597		12287	11921	11892		593100	614342	627060	
0.5128	0.9665		16947	17016	16959		676414	690230	703518	
0.6038	0.3992		11520	13084	11527		572603	692231	582886	
0.609	0.8923		17509	17497	17524		601426	616637	627307	
0.691	0.5896		14815	14900	14854		574712	604976	600190	
0.4612	0.6193		12772	12798	12214		641594	660245	703056	
0.9494	0.9672		23417	23609	23594		636079	664894	678577	
0.5184	0.7408		14706	14730	14721		656615	695702	694545	
0.2533	0.9827		13515	13593	13623		673178	650152	647495	
0.3779	0.2867		8592	8608	8684		537648	537330	546012	
0.4368	0.778		13086	12973	13076		575618	576757	582531	
0.8696	0.5871		16062	16560	16572		595824	608861	622961	
0.4348	0.2		8277	7726	8801		580053	582819	687714	
0.3207	0.7408		11351	12472	12517		562793	651157	659411	
0.3984	0.5329		11912	11932	10780		610160	645197	559008	
0.6361	0.6933		16011	15039	15658		605305	568809	653796	
0.0596	0.0969		5394	5427	5431		651937	699142	697211	
0.7274	0.4038		14217	13362	13727		623358	622001	696007	
0.5015	0.2092		8964	8995	9069		603897	615946	607238	
0.8455	0.6698		17980	17954	18519		602484	640943	696445	
0.9301	0.1795		11450	11195	12200		565099	566715	672212	
0.4376	0.8923		14901	14823	14792		596490	587716	608693	
0.3926	0.2252		8801	8702	8627		670465	661127	665631	
0.5561	0.3018		10909	10850	10806		649161	655577	661919	
0.2236	0.9015		13098	13103	12682		644460	688328	666286	
0.4446	0.4632		11448	11503	11514		657772	675453	696127	
0.7834	0.0638		9304	9309	9365		556938	578285	596049	
0.9835	0.5089		18164	18109	18227		692789	669149	690664	
0.5055	0.7863		15700	15694	15613		664423	628509	698248	
0.1245	0.31		7082	7074	7236		618528	631511	669586	
0.3199	0.7109		12313	12250	12214		636110	668628	695607	
0.9232	0.3484		13766	13783	13943		589409	589391	600732	
0.8181	0.0978		10328	10187	10295		626660	608254	639222	
0.598	0.3694		11749	11739	11696		608011	626462	666100	
0.2637	0.4983		9626	9608	9543		606997	607037	610146	
0.6469	0.8644		17981	17711	17502		671167	669055	686175	
0.5679	0.9326		18279	18333	18032		646828	698158	698412	
0.78	0.0564		9277	9272	9286		630770	655739	674255	
0.2035	0.8285		12203	11625	11792		681158	704331	708808	
0.2138	0.6735		10720	10676	10765		608361	661733	678468	
0.9821	0.3883		16294	16420	16302		649025	660672	687272	
0.688	0.1951		10945	10937	11088		644857	672828	689631	
0.5782	0.6409		15032	15000	15074		679892	674653	700167	
0.5286	0.7608		15437	15487	14847		618156	652734	607574	
0.3902	0.1593		7430	8408	7911		557568	617640	596635	
0.4338	0.2804		9096	8984	9211		621852	642728	655149	
0.4614	0.0592		7412	7414	6884		654113	590098	610854	
0.4582	0.0868		7193	7703	6681		588388	634530	556730	
0.9463	0.6317		19996	19654	19625		661836	678237	730775	
0.6288	0.4611		12995	13536	13282		595600	616864	660577	
0.4563	0.3767		11129	11143	11100		654234	650478	690783	
0.2735	0.3785		9185	9323	9232		673475	701573	713564	
0.3936	0.4103		10301	10167	10217		560414	577869	639147	
0.207	0.3407		7637	7567	7614		623063	619350	628206	
0.0817	0.4276		7020	7611	8173		567589	659944	675103	
0.7778	0.093		9531	9603	9582		637047	642609	652430	
0.5978	0.6151		14448	14379	13653		625816	680696	675470	
0.1638	0.2384		6999	6106	6523		663502	581204	617920	
0.2744	0.2287		6721	7732	6724		553614	662213	582030	
0.8115	0.5035		15990	16010	15048		676862	626495	597251	
0.4001	0.4344		9514	10648	10204		555242	609986	609551	
0.7517	0.8367		19274	19210	19291		660553	675048	682396	
0.8893	0.3092		13925	13803	12856		684462	707878	688762	
0.2111	0.5802		9915	10068	10104		642466	657752	678632	
0.7011	0.1733		10709	10793	10166		625111	662066	700254	
0.4135	0.3159		9976	10443	10617		626562	651991	668746	
0.9298	0.8047		21037	21018	21060		629127	679048	697581	
0.6012	0.3161		11677	11650	11553		608188	650537	664294	
0.4039	0.7776		13718	14148	13758		664526	636241	691612	
0.9825	0.0641		10952	10955	10957		613983	670653	683267	
0.1569	0.2137		6355	6371	6909		607977	632891	633079	
0.4913	0.8217		14806	14955	14850		558253	581877	592119	
0.8173	0.8196		19406	19448	19993		583758	606722	620104	
0.5083	0.1216		7795	7871	8107		558224	580018	664280	
0.741	0.7857		18057	17847	17901		602301	607466	610285	
0.7814	0.5736		15907	16377	15321		593637	643899	562776	
0.4214	0.9882		14808	14801	15356		540628	559096	592108	
0.5954	0.3244		10565	10916	10543		584550	594177	594796	
0.2768	0.2359		7763	7827	7733		631110	656680	656421	
0.4844	0.8646		15588	14545	14570		646447	589939	592362	
0.8862	0.0723		10415	9447	10374		634511	565032	649077	
0.5551	0.7236		13836	14056	14046		570706	574398	592772	
0.2134	0.7875		11069	11627	11035		580496	620596	586164	
0.7886	0.6535		17611	17569	17593		620613	630866	689463	
0.0607	0.5171		7800	7861	8015		636334	605676	648341	
0.9434	0.2983		14808	14551	14469		644158	654974	680985	
0.3504	0.7268		12738	12804	12761		619779	652950	650682	
0.5696	0.9784		18159	18189	17191		647371	685605	592556	
0.0954	0.1659		5433	5899	5886		570635	620428	660859	
0.5391	0.5898		13208	13639	13623		648936	657815	695690	
0.7771	0.1476		11113	11186	11066		657984	683823	708255	
0.0609	0.4384		7429	7468	7601		634337	657721	663877	
0.0667	0.9337		10421	10488	10576		657982	681902	697076	
0.4903	0.9477		16596	16630	17047		648442	656802	688979	
0.5155	0.851		15907	16382	16345		623682	666258	687970	
0.0931	0.4386		7835	7720	7245		673561	689795	710375	
0.0649	0.7558		9642	9654	9682		645093	641643	655936	
0.8511	0.8797		21292	21491	21879		568876	596772	664735	
0.0862	0.777		9662	9670	8704		644042	670162	568261	
0.8611	0.4492		14768	14757	15349		620185	671281	667636	
0.6187	0.4435		12864	11799	12850		669720	591580	676305	
0.7691	0.9139		20631	19998	19506		659355	575100	581141	
0.9957	0.5561		18318	17272	17294		652811	572164	579182	
0.77	0.1963		11476	11471	11508		671502	706966	690019	
0.0756	0.3005		5866	7397	6848		542752	646075	660732	
0.8312	0.5497		16003	15960	16487		559821	576845	580189	
0.7691	0.3999		14220	13596	14250		609272	572636	646800	
0.6018	0.8339		17012	17112	15993		650320	684930	577053	
0.1692	0.9552		12057	11055	12078		655397	585864	696620	
0.5909	0.1278		9595	9574	9635		625779	648973	612034	
0.8138	0.136		10704	11273	10948		564792	598361	584250	
0.6334	0.7503		16839	17150	16078		644071	668699	570073	
0.1213	0.233		6647	6145	6163		540682	544305	557887	
0.3663	0.2543		8973	8525	9088		607152	578940	647672	
0.7345	0.9684		20062	20082	20047		603103	602124	612284	
0.3912	0.4622		10882	9851	10912		626681	546295	663743	
0.7584	0.1602		10661	11214	10721		608259	613068	612961	
0.8916	0.9777		22157	22168	22707		582978	592097	670103	
0.2917	0.7451		12154	12075	11217		621512	622261	570235	
0.6022	0.5265		14057	12966	13481		607439	552627	590119	
0.0607	0.8183		9060	9067	9084		576596	576759	580501	
0.9241	0.6515		19190	17952	17895		680750	601002	617481	
0.5587	0.3181		11020	10972	11013		614300	629361	673269	
0.3714	0.3025		9084	8663	8675		615253	579987	599296	
0.5716	0.352		11968	11654	11647		614650	631332	678328	
0.1026	0.713		9679	9709	9827		584496	600807	654561	
0.8614	0.7091		18703	18702	18766		640287	644091	681033	
0.5093	0.8192		15849	15931	15897		623179	666148	687570	
0.3364	0.5473		11159	11169	11055		606545	607153	603874	
0.102	0.573		8398	8436	8407		577219	572642	574638	
0.2885	0.8854		12804	13675	13731		568935	655591	643034	
0.2114	0.2306		6378	7400	6836		551369	626546	592299	
0.2306	0.2711		8098	8071	8079		649523	658311	673327	
0.461	0.5385		12556	12526	12468		625071	626827	624426	
0.258	0.4075		9321	9400	9325		627012	614930	619723	
0.6382	0.0607		8994	8474	8515		649679	650548	678493	
0.2968	0.7985		12774	12840	12963		612363	620722	614090	
0.6065	0.4828		13469	13509	13050		632445	630704	636777	
0.2871	0.2753		8588	7603	7611		639125	554382	572777	
0.3368	0.7174		11183	11111	11614		531840	528033	585292	
0.1523	0.5024		8365	8953	8905		588957	622792	625333	
0.2029	0.3349		8302	8155	8147		607997	612304	667612	
0.9423	0.3023		14555	14475	14374		643072	637151	669572	
0.5442	0.1122		8251	8118	8590		583034	583986	613854	
0.6086	0.5544		14629	14204	14225		619816	623504	639812	
0.7254	0.7982		18034	17465	17783		561247	565401	581263	
0.8423	0.4697		14032	15101	15030		551652	619930	673129	
0.7742	0.7558		19038	18992	18900		625358	616852	664066	
0.6414	0.4832		12758	13790	13334		575903	627723	651668	
0.9041	0.8133		20780	20810	20783		650493	708533	690186	
0.4579	0.9049		14675	14786	15726		535292	588627	648170	
0.6681	0.4943		13644	13687	13484		638764	651604	700378	
0.8573	0.1256		11824	10778	10799		612900	538630	564672	
0.3947	0.5462		11733	11846	11883		584705	589537	629338	
0.4748	0.3954		11404	10494	10383		619799	560091	561477	
0.0551	0.3825		7159	6202	6617		577156	514047	581718	
0.7213	0.0647		9035	9844	9465		624065	665203	669014	
0.598	0.3724		11641	11604	11155		605406	637440	590996	
0.3861	0.1483		7841	7863	7830		566795	568196	590266	
0.6017	0.6596		15458	16016	15501		599507	602343	614640	
0.499	0.1172		7563	7595	8131		560298	589280	656353	
0.9775	0.7805		22135	21627	21509		630581	632886	643183	
0.3228	0.9681		13770	13732	13816		584628	587561	607268	
0.9479	0.7957		20581	20538	21632		561125	561188	673871	
0.7075	0.4448		13211	14302	12800		602756	647627	601046	
0.5864	0.5748		14021	14130	13060		630927	617417	566184	
0.3525	0.1824		8127	8203	8207		601386	606614	649941	
0.4333	0.1896		8346	8358	7835		573129	569286	568715	
0.4229	0.2371		9035	7993	9026		625017	573044	677706	
0.6159	0.886		17990	18087	18138		633369	631954	692815	
0.1784	0.9698		11647	11646	11217		570624	595659	572051	
0.2754	0.6243		10661	11111	10283		601075	646175	558501	
0.3038	0.0994		6580	7111	7083		578774	639830	640286	
0.9319	0.6367		19089	19125	18513		614431	661951	570710	
0.6888	0.1785		9737	10721	10909		524168	614709	652298	
0.1125	0.5723		8892	8355	9011		596806	562635	627972	
0.5142	0.4229		11368	11368	11326		564242	564913	579450	
0.4213	0.4649		10584	10549	10533		554496	556259	561963	
0.1368	0.9133		11536	10471	11610		666036	570368	670523	
0.5057	0.7353		14167	14131	14712		547984	612640	665903	
0.3231	0.96		13814	13970	13805		592411	620313	646745	
0.9376	0.7963		21511	21634	21642		649742	708466	705720	
0.5874	0.5567		13320	12925	13959		580604	538359	668502	
0.8766	0.6677		19020	19000	18010		624175	661142	586515	
0.7346	0.3079		12450	12399	12539		654326	687495	713410	
0.5033	0.184		8260	8299	8381		552911	565510	580099	
0.3549	0.6645		12599	12534	11483		612810	641785	571919	
0.2976	0.1514		8139	7717	7625		613377	644782	649079	
0.3498	0.7912		13548	13599	13653		664103	682837	716755	
0.8312	0.7982		19617	19871	19775		632239	644165	689241	
0.1886	0.5819		10084	9987	10005		612516	646602	676284	
0.5678	0.2705		11064	11523	11072		643766	686642	710421	
0.7395	0.3165		12237	12621	12026		651175	673421	623968	
0.1718	0.649		10029	9083	9111		594714	593089	580468	
0.3494	0.4155		10234	10371	10370		614024	693661	700992	
0.673	0.2515		11852	11926	11758		644976	677055	688844	
0.6895	0.262		12179	12195	12100		622935	641438	676757	
0.6	0.5082		13492	13552	13028		578147	587286	580094	
0.9462	0.6435		18628	19617	19643		559348	632725	667889	
0.6018	0.4622		12902	12384	12423		659776	601784	625282	
0.9499	0.9149		23276	23299	22216		690990	672092	607982	
0.3963	0.6753		12422	12996	12949		563077	620805	663282	
0.9218	0.2534		13964	14024	13934		603781	636871	667204	
0.8899	0.9282		21852	21643	21843		563751	582889	589292	
0.7831	0.2551		12345	11732	12862		576310	583772	686510	
0.0534	0.9293		10513	10106	10085		625823	660847	691716	
0.8989	0.2388		12502	12424	12506		625155	655146	670446	
0.6551	0.9431		19403	18815	19209		673133	654449	696740	
0.9756	0.312		15145	14458	14852		621832	605624	692421	
0.8649	0.6451		18550	18751	18507		645047	655043	652644	
0.8316	0.8592		20248	20145	20800		653719	622486	691415	
0.0956	0.9538		11231	11265	11339		619568	661558	688293	
0.3651	0.4636		10514	10546	10452		680687	703162	713271	
0.2306	0.4888		9480	9537	9357		628911	650179	642439	
0.5613	0.9532		17850	17455	16895		638944	668879	634992	
0.852	0.4345		15310	14304	15439		614352	553115	646913	
0.7318	0.3856		13271	13277	13330		557349	572709	580849	
0.1705	0.7494		10934	10522	10442		577897	592284	638037	
0.4038	0.1313		8227	7677	7892		618556	574342	583013	
0.7527	0.226		11495	11594	11611		615228	619781	643890	
0.8341	0.7318		17920	17993	17954		646076	654582	660119	
0.0547	0.7792		9634	9223	9242		610109	662134	644633	
0.8354	0.6739		18109	17158	17736		618403	542839	591647	
0.9196	0.4068		15708	15820	15839		602505	632237	688947	
0.3811	0.757		13972	14015	13958		647997	658894	692769	
0.5281	0.4933		12078	12092	12142		618681	679119	679419	
0.0643	0.3546		7150	7131	7148		584407	628905	634978	
0.2022	0.9862		12799	12821	12763		603734	620738	655008	
0.7018	0.9825		19275	20110	18939		610129	649676	600323	
0.5421	0.6766		14636	13839	14208		645923	569268	599826	
0.9605	0.8657		21971	22013	20844		666207	674960	601236	
0.4721	0.7755		15097	15116	15236		633107	647119	673327	
0.7251	0.118		10202	9775	9753		634217	659641	700657	
0.3213	0.367		9305	9361	9311		607331	636929	654809	
0.3379	0.3389		8812	9285	9218		590844	659471	691518	
0.4448	0.1948		8406	8480	9031		589564	604699	668576	
0.7651	0.6081		15766	16222	15346		569141	667394	586082	
0.4324	0.6394		12160	12110	12207		564807	565459	578302	
0.5676	0.9093		17732	18467	17842		594001	620655	638467	
0.267	0.168		7445	7458	7481		639230	625681	665412	
0.2488	0.7794		11642	11647	12197		620094	641910	636209	
0.1857	0.8779		11825	11761	11770		621433	637184	657677	
0.5032	0.6127		13612	13642	13635		662930	665024	649292	
0.4598	0.7149		13707	13794	13698		681444	697954	706797	
0.4987	0.7877		15314	15219	15366		654623	681957	680681	
0.4654	0.6859		13550	13464	13523		656026	688671	689297	
0.5366	0.3188		11014	11555	11085		633764	664455	660841	
0.4342	0.1943		8836	8801	9455		646903	654276	661851	
0.6897	0.1032		9983	9577	9620		673154	683978	705846	
0.4012	0.8259		14730	14337	14444		646109	643605	676355	
0.4674	0.9691		16319	16304	16251		634279	629001	656347	
0.7363	0.3701		12694	12778	12834		651051	657761	689666	
0.2961	0.852		13598	13123	13042		632421	649236	667892	
0.159	0.6943		10375	10375	10368		680763	702403	732812	
0.1163	0.988		11354	11469	11511		603228	638052	630193	
0.1998	0.6675		10071	10160	10162		546956	557373	575895	
0.4413	0.5324		12933	12650	12431		610461	656083	671143	
0.7408	0.7214		16764	16831	17425		595606	622978	680791	
0.9819	0.4369		15902	15970	16411		596704	626786	689624	
0.5155	0.3622		11056	11039	10647		578045	633412	618059	
0.858	0.8951		22264	22440	22026		708220	712991	711983	
0.338	0.1719		8001	7954	7983		681576	686253	680991	
0.7572	0.6522		17332	17367	17593		647197	652713	671329	
0.7537	0.3225		13253	12461	12916		645976	597090	608863	
0.8989	0.2761		13720	12701	12673		655213	596486	599714	
0.5509	0.1925		9475	9653	8654		596769	643679	553239	
0.8763	0.5689		17430	17010	16937		617999	585160	607428	
0.5057	0.835		16322	15348	15858		683972	670817	713008	
0.2609	0.1818		7939	6437	7564		658626	568296	654158	
0.731	0.1913		11180	11200	10569		605651	607642	582572	
0.3426	0.941		14414	13210	13826		672878	586419	608146	
0.2966	0.5584		9724	11207	10804		537082	653917	653672	
0.3223	0.4548		9751	10791	9765		580217	642530	597051	
0.6775	0.9019		19087	19172	19046		629162	641288	642111	
0.5894	0.8571		15819	15673	16300		605713	601530	643450	
0.7996	0.6372		16642	17762	17199		577177	683300	615034	
0.1922	0.6852		9677	10626	9590		548331	641854	551279	
0.3948	0.398		10738	9605	9517		684438	563196	581422	
0.7012	0.9938		18886	18781	19418		531579	547451	554424	
0.9637	0.2256		11883	11913	11905		540406	563298	568049	
0.5062	0.7475		14079	14200	14133		580529	587182	589920	
0.3332	0.2275		8229	8801	8472		612180	614516	636480	
0.6914	0.6957		16941	16884	16899		631840	658770	680361	
0.0536	0.8808		10517	9988	8933		646469	620183	560352	
0.6045	0.2449		9767	9796	10404		612091	606413	698470	
0.667	0.6848		15149	15273	16286		570106	550708	675313	
0.6431	0.5819		14569	14672	14596		602476	647160	674004	
0.2141	0.2508		7836	7828	7868		651748	650622	686891	
0.9399	0.135		12478	12530	12673		673466	684855	705560	
0.4933	0.8263		15940	15564	15521		617507	627350	651162	
0.6217	0.8729		17562	17153	17130		686610	693464	723284	
0.7345	0.7897		18659	18374	18401		684307	692082	705564	
0.1302	0.9662		11530	11590	11638		608279	637580	679647	
0.2706	0.8773		12072	13118	13142		622053	644191	667484	
0.3366	0.4229		10063	10083	10127		620271	671860	699301	
0.6721	0.3447		12285	12281	12389		664508	653472	642059	
0.5493	0.3206		9912	10026	11114		562077	565010	677372	
0.9163	0.8772		22084	22139	21519		584580	605744	591210	
0.6293	0.2514		11603	10521	12186		603017	554494	649544	
0.4938	0.1392		8977	9010	9017		610622	628316	612100	
0.1352	0.2575		7777	7244	7301		626623	652292	663380	
0.2508	0.1998		7656	7682	7641		624880	649899	649544	
0.4695	0.6451		13861	13820	13925		635017	683768	688600	
0.2827	0.2966		9417	8829	8896		672080	667949	691743	
0.5783	0.8644		17299	16858	16912		651093	666413	667919	
0.4901	0.8536		15684	15660	15017		651936	634978	588786	
0.1844	0.3226		6772	7742	7717		578451	644980	642591	
0.1825	0.4457		8642	8026	8606		627780	644512	642764	
0.2658	0.5161		10717	10340	10374		657071	699331	698742	
0.1149	0.6137		9197	9031	9032		647965	644821	655446	
0.1107	0.9913		11474	11385	11398		689770	688894	673906	
0.5063	0.8199		16278	15937	15872		632976	677520	664914	
0.9955	0.3289		14833	14733	14839		729604	734812	752421	
0.3476	0.6198		12231	11667	11781		653289	661847	684301	
0.3751	0.9267		15056	15191	15173		656360	693517	657270	
0.3455	0.6453		12329	12359	11802		685113	670436	624501	
0.5666	0.8485		16904	16923	16872		673037	672282	697324	
0.292	0.5565		10771	11342	10857		656194	672572	682827	
0.8069	0.8924		20880	20881	20760		645755	650481	645485	
0.852	0.1171		10023	10080	9727		583338	591753	572047	
0.936	0.5851		16592	17992	17740		534548	634842	672627	
0.6223	0.2644		11201	11201	11099		643372	660243	651758	
0.8006	0.485		14640	14829	14860		621625	641072	652347	
0.8109	0.9392		21441	21140	21253		577684	595969	595296	
0.5327	0.3917		10971	12079	10979		506278	578311	521927	
0.43	0.3004		9901	9301	9871		583255	533452	603960	
0.8329	0.6711		17623	18139	18265		575962	607855	647812	
0.5194	0.4894		12116	12221	12145		649571	631233	631658	
0.9666	0.2892		14498	13261	13344		692930	587860	584988	
0.0987	0.4302		6930	7387	7938		548832	580813	637070	
0.3702	0.9387		13763	13727	13884		582323	581120	590158	
0.1267	0.4333		8246	8192	8255		623654	643638	658663	
0.3211	0.8094		13142	13602	13133		639514	647947	656455	
0.6881	0.1761		10763	11015	10770		661986	660733	670900	
0.2511	0.3028		8991	8438	8482		667685	676995	675284	
0.3057	0.3556		9136	9118	9185		697058	705659	697535	
0.6089	0.5391		14171	13923	14171		652183	656935	677838	
0.5616	0.1548		9397	9413	9546		639559	646264	668120	
0.7616	0.6692		17544	17359	17667		674162	675166	670839	
0.1275	0.953		11834	11731	11763		653108	645547	653413	
0.2914	0.6811		11845	11259	11241		620791	579918	584355	
0.3135	0.0518		6761	6848	6753		580123	577993	572822	
0.2908	0.8315		12868	13657	13005		600986	619262	611244	
0.1826	0.4652		8708	7979	8600		646395	643529	631408	
0.9651	0.4377		16166	16278	16284		639198	637625	637921	
0.741	0.3319		12630	11497	11445		628627	543178	559539	
0.1036	0.8672		9635	10008	10668		572263	568602	671251	
0.567	0.6445		15001	14970	15047		693398	702567	714565	
0.7112	0.155		10770	10594	10601		663059	655700	656328	
0.7974	0.1862		11106	10953	11049		565937	563947	565166	
0.8069	0.8069		19477	19526	19535		636077	638780	672729	
0.5449	0.1628		10105	9550	10104		643142	647666	657334	
0.0915	0.2699		6701	6715	6694		622757	635805	619534	
0.221	0.3575		8544	8590	8510		600924	628483	625297	
0.6177	0.2879		11409	11397	11461		672527	676569	677586	
0.7571	0.3418		13087	13025	12872		677587	678581	672790	
0.394	0.1725		8509	8499	8502		635727	678776	657630	
0.9826	0.4576		16596	17112	16889		664700	670898	667483	
0.5329	0.9915		17569	17622	17632		691880	698263	707063	
0.9589	0.8708		21868	21942	21897		622543	652897	669281	
0.7523	0.8555		19310	19321	19460		638798	683537	666183	
0.0625	0.9699		10371	10408	10369		625175	660900	671003	
0.4644	0.2211		9168	9148	9220		626853	634412	645110	
0.0622	0.9094		10671	10613	10148		661208	663667	680098	
0.2547	0.7813		12390	12356	12427		616849	617325	603523	
0.0615	0.1205		6034	5491	5471		606637	621721	596795	
0.5663	0.352		11537	11982	11496		636181	626919	662403	
0.4892	0.8025		15227	15346	15280		597130	614003	637368	
0.8439	0.3824		15552	15098	15131		630935	654296	673283	
0.5485	0.9658		17202	17154	17333		605819	621236	644132	
0.1844	0.792		10080	10098	9996		570293	569578	561792	
0.7224	0.2971		11431	11514	11430		542435	546761	561982	
0.1779	0.5195		9231	9714	9298		624494	632727	677655	
0.1074	0.1619		6359	5834	6359		634923	596761	632042	
0.4482	0.0924		7240	6749	6617		572409	575397	573279	
0.693	0.4944		14486	14116	14035		658324	654610	620647	
0.0974	0.2005		6558	6609	6757		667164	645551	659737	
0.8326	0.7045		18286	18380	17848		676225	638355	602726	
0.3871	0.8029		14151	14146	14137		649103	680465	685637	
0.5934	0.665		14484	14764	14604		582404	605574	599645	
0.2899	0.2643		7630	7678	7651		543031	562116	567489	
0.7136	0.8133		17599	17762	18333		583126	577589	634416	
0.1238	0.6363		8353	9399	9354		551766	639262	656668	
0.7238	0.7033		17258	17186	17237		639690	662146	670355	
0.4158	0.8185		15146	14637	14597		641476	647161	655741	
0.1583	0.1175		5271	5232	6183		553253	539935	621200	
0.8151	0.3936		14166	14297	14221		622719	633753	632980	
0.0859	0.9213		11024	10667	9685		640364	677126	582559	
0.4036	0.7668		13277	13297	13353		566451	600687	590077	
0.4464	0.3206		9229	9217	9182		553558	571336	571771	
0.1385	0.105		6098	5661	6122		640759	573498	667423	
0.3438	0.2777		9038	9121	8007		614907	638059	543045	
0.7145	0.8284		17822	17751	17274		570316	590168	556703	
0.4751	0.9872		16462	16219	16245		559605	580591	571506	
0.7544	0.1491		10023	10658	10618		557179	585940	583896	
0.3646	0.8098		13520	12426	13111		649839	560814	638290	
0.1305	0.413		7697	8223	7874		582393	668047	670480	
0.6443	0.5073		14271	14456	14357		630722	662041	658209	
0.6984	0.2236		11105	11107	11100		667305	659948	668513	
0.875	0.6395		17678	18475	17853		566410	645194	606899	
0.1658	0.3046		6545	7609	6804		605278	675133	619801	
0.4052	0.6031		12550	12157	12281		658791	659445	672277	
0.0563	0.5408		8606	8004	7976		629691	656638	665000	
0.6113	0.2386		10299	10169	10244		628141	629353	648258	
0.7172	0.5631		15805	15296	15866		658989	635295	662279	
0.5656	0.4306		12586	12562	12526		630630	638291	645157	
0.7889	0.1257		11298	11342	11255		639896	681869	673920	
0.5513	0.0887		8311	8214	8768		654027	696477	691890	
0.864	0.8321		20418	20599	20458		658456	682625	675348	
0.1424	0.1924		6742	6689	6649		635187	683544	687320	
0.8755	0.8474		20861	21163	21065		673529	704449	684030	
0.7516	0.2661		13105	12783	12272		634302	661472	607689	
0.9959	0.9728		24092	23132	23091		643021	582611	585607	
0.3904	0.1153		8145	7667	7705		666881	646264	674924	
0.0672	0.7651		9707	9162	9765		670384	616531	680157	
0.5955	0.5797		13854	13840	13335		581284	579560	579512	
0.4246	0.115		8249	7837	7809		658899	673529	677629	
0.591	0.775		16362	16629	16453		619932	643248	642002	
0.6828	0.9326		19285	18676	19186		661422	608088	653182	
0.6596	0.7428		16655	16617	17075		619644	627386	648026	
0.4403	0.173		8862	8904	8936		623903	632765	629019	
0.1996	0.9819		12756	12705	11664		661670	662322	565330	
0.8916	0.4705		15797	15187	14746		634816	570386	585268	
0.8035	0.972		20650	20567	20606		598724	597042	601187	
0.8394	0.0896		9950	10029	8912		673128	674767	586158	
0.1103	0.6654		9952	9461	9511		665241	668269	675674	
0.2974	0.6761		11874	11885	11795		636667	658067	662982	
0.2886	0.2634		8630	8627	8615		622833	616331	654023	
0.5885	0.7953		16278	16559	16562		670633	661669	688198	
0.6519	0.4767		13449	13411	13318		638723	629601	682886	
0.6613	0.3437		12580	12107	12626		636954	657118	682343	
0.9699	0.2757		14614	14620	14648		661617	658022	647240	
0.2083	0.2025		7217	7748	7249		649563	647027	662010	
0.9166	0.9536		23129	23570	22996		650270	668169	676933	
0.269	0.9893		13499	14069	13558		657552	689321	690467	
0.7723	0.5145		15882	15808	16415		663351	679880	708620	
0.8873	0.4223		15416	14978	15007		607177	624576	609033	
0.5625	0.1463		9391	9395	9310		672833	689896	695105	
0.6123	0.35		11689	11611	11819		652587	654961	661059	
0.0829	0.1919		6256	5739	5984		655082	602384	606201	
0.7387	0.7598		18364	18396	18494		634955	640690	660537	
0.8818	0.5304		16284	17144	17254		601982	699953	706637	
0.4173	0.0779		7585	7601	7682		688607	691814	699490	
0.7539	0.8611		19288	19373	19236		678309	686409	690412	
0.8296	0.2083		11746	11795	11848		612297	625856	633665	
0.124	0.1888		6587	6594	6538		669603	657992	672942	
0.4843	0.3898		11371	11409	11407		630749	629970	615093	
0.9574	0.1296		12636	12592	12435		641975	648556	654083	
0.9123	0.8865		22729	22791	22690		642720	649984	682358	
0.6473	0.2028		9809	9961	9833		550539	570677	570944	
0.121	0.2651		7559	6051	7055		622045	564305	655366	
0.5255	0.9707		17134	16135	17157		633887	594501	662212	
0.2146	0.4224		8304	8398	7859		619203	638210	609336	
0.5962	0.1935		10226	9185	9190		629393	554704	550586	
0.6351	0.82		17599	17488	18014		652325	637114	651867	
0.2125	0.7561		11416	10340	11481		629207	556757	646973	
0.0669	0.9582		10799	10679	10761		623794	598235	638636	
0.8039	0.0751		9801	9300	8781		612729	625692	597487	
0.2093	0.7388		10961	10992	10992		610925	613854	641318	
0.8035	0.9226		20925	19826	21067		663097	568902	639578	
0.823	0.1217		10839	10317	10361		687331	677685	688859	
0.4414	0.178		9382	8882	8916		609363	608261	617787	
0.7004	0.7171		16753	16802	16844		639812	642339	660272	
0.1135	0.1941		6553	7159	6605		688039	653913	696105	
0.7317	0.6532		16764	16250	16229		662688	600227	604074	
0.0948	0.8681		10622	9576	9558		642871	547792	549699	
0.3574	0.6848		12465	12440	11480		677622	682987	589648	
0.1035	0.8213		10445	9469	10479		683461	589321	667677	
0.3781	0.7764		14060	12940	12890		609140	549231	553152	
0.1273	0.1527		6417	6381	5920		610188	567314	577656	
0.8852	0.1131		10707	10763	10744		678332	654731	680786	
0.4003	0.9721		15705	15483	15530		648895	677229	682369	
0.4951	0.5749		12980	13232	13045		684710	696067	666901	
0.1201	0.125		5792	5832	5813		626909	624739	635232	
0.1276	0.3303		7543	7598	7714		628743	612100	620585	
0.5665	0.7319		14450	16047	14993		588904	669013	617211	
0.5487	0.2394		8687	9246	9519		561608	591675	592623	
0.3019	0.5239		10168	10166	10126		587013	576590	578780	
0.2128	0.1606		7059	7057	7098		636761	657951	660539	
0.8561	0.5471		17484	17055	17091		640937	687656	679408	
0.9281	0.5568		17487	17648	17545		662635	706000	715200	
0.3251	0.6777		12558	12634	11630		632834	671960	606050	
0.6827	0.3421		11495	12641	11627		554532	619848	580994	
0.8832	0.562		17286	17351	16113		647781	680810	591455	
0.6422	0.6034		14803	14784	13806		657380	635843	573107	
0.19	0.2744		7822	6856	6838		694584	602188	607668	
0.7022	0.1814		10308	10206	10793		576928	603557	646619	
0.1204	0.9726		11915	11588	11433		698624	700178	683351	
0.629	0.3412		11225	11281	11251		596344	599868	608668	
0.4925	0.8798		16335	16242	15790		642739	589072	582434	
0.5022	0.2433		9719	9700	9670		632646	655244	665785	
0.7896	0.5627		16539	16926	15433		625246	650271	568552	
0.084	0.0686		4989	5036	5464		555705	576506	638332	
0.2147	0.2422		7346	7399	6398		683174	675941	591124	
0.6129	0.8616		16131	16177	17173		585081	594787	670981	
0.3035	0.4655		9828	9871	9555		644401	658962	695135	
0.3494	0.5356		11546	11460	11665		690636	662182	650860	
0.5812	0.9002		17168	17246	17272		592404	619327	615576	
0.7677	0.6915		16507	17311	17196		555603	596548	606787	
0.8716	0.0559		9684	9347	9330		580490	582876	583274	
0.5052	0.1634		9370	8347	8341		609503	544610	548880	
0.2499	0.9204		11733	12733	11701		553025	630700	563905	
0.8754	0.7127		19117	18080	18157		634034	567954	566299	
0.8969	0.4002		15573	14948	14924		638651	584476	586405	
0.629	0.2901		11801	11748	10652		649643	663982	566835	
0.5707	0.57		14136	14151	14130		645083	624772	652642	
0.1936	0.6295		10049	10045	10541		589461	593347	638647	
0.7553	0.0985		9935	10094	10351		565028	588516	626190	
0.7387	0.0665		9415	9391	9429		605002	634214	626814	
0.9477	0.0719		10835	10796	10860		602988	597269	620187	
0.1145	0.2126		6567	6655	6505		642877	649603	645001	
0.8047	0.4659		14806	14812	14983		627987	647694	645341	
0.1091	0.0619		4497	4563	5160		590915	578272	578136	
0.282	0.1921		7864	7964	7938		635915	650206	637407	
0.3322	0.6863		11090	11121	11006		559730	573121	571827	
0.082	0.0556		4294	4326	4894		569832	575305	586628	
0.0521	0.7392		8520	8527	8026		556524	563914	534458	
0.0545	0.6906		7917	8930	8957		558166	653580	654929	
0.0586	0.3667		6940	5923	5973		620963	538346	537262	
0.5933	0.8642		16273	16303	16350		596074	596737	594862	
0.7212	0.4243		12915	13917	12862		559510	646588	572129	
0.245	0.5265		8918	9448	8902		558069	575753	571345	
0.1584	0.7624		9890	9805	10939		544785	558473	672620	
0.4247	0.5728		12340	12278	11247		677104	675089	573329	
0.9808	0.2025		13159	11977	13033		692235	601904	714395	
0.2371	0.7886		10905	11952	12107		536336	621659	620923	
0.4194	0.697		13569	13575	13526		634842	635379	630473	
0.7555	0.4137		14461	14376	14299		609515	649413	653302	
0.208	0.061		5554	5671	5547		568338	591539	591416	
0.1634	0.5778		8510	9581	9498		588620	672830	667622	
0.3396	0.2343		8306	8846	7881		618800	668351	603314	
0.8745	0.5801		16970	16477	16505		663970	615973	625320	
0.9985	0.4044		16186	16213	16291		654007	664184	654325	
0.9694	0.0533		10644	10046	10789		650008	599677	673448	
0.4737	0.6047		13185	13376	13337		636255	664847	671747	
0.5002	0.3406		10861	10816	10813		663263	644186	663947	
0.8407	0.7061		18261	17949	18365		628697	590243	650521	
0.4152	0.088		7670	7665	7617		626992	617871	614363	
0.4887	0.889		15753	15309	16325		544468	544765	654957	
0.3807	0.1045		7710	6534	7668		608222	535994	616090	
0.2576	0.1258		6813	7364	7311		560144	606236	622850	
0.2742	0.5911		9989	10040	10574		562366	565097	613047	
0.2753	0.1651		6468	7509	7483		534940	609442	594301	
