12	13	
0.4885	0.334		48582	49306	41785		673889	700388	612693	
0.6677	0.0533		29309	26710	32930		551702	555216	585124	
0.5694	0.8608		41190	37026	37120		654474	652269	665543	
0.9757	0.5256		45496	43890	44048		683593	648626	626777	
0.1025	0.8703		34422	35144	33399		631736	615181	665026	
0.226	0.0805		35561	35638	38307		678457	585899	583507	
0.6545	0.659		40514	42401	46054		654610	628706	599338	
0.4508	0.1063		39748	38605	42549		599957	647455	639708	
0.6616	0.4772		39067	43624	47602		697510	726720	696014	
0.9395	0.8945		51861	44061	59963		712429	684067	657151	
0.6417	0.9331		52822	54147	56009		552969	657099	562893	
0.0995	0.9703		41390	38301	39305		654117	611305	595469	
0.3404	0.4564		34705	32407	35746		591871	571940	665263	
0.2613	0.958		50868	47291	49681		675162	598790	690384	
0.4743	0.2673		40592	38910	41845		710677	704319	725772	
0.1639	0.5714		32502	30112	38455		640609	571299	585237	
0.4925	0.7297		39318	40178	44386		637245	669442	678868	
0.1643	0.2819		35944	36126	43387		567367	603834	655331	
0.6015	0.4807		43105	43189	48361		642066	651019	661581	
0.9053	0.4831		46362	46000	53611		707593	718767	722766	
0.4108	0.5621		34729	36025	41091		677185	690891	703049	
0.0907	0.7258		41162	42003	51369		559426	649703	667133	
0.3854	0.0926		33353	31643	34413		644667	587755	663801	
0.7315	0.6409		49631	49545	51549		671151	674899	590879	
0.9023	0.2216		32720	32188	39998		590243	622979	686549	
0.4623	0.2403		29216	29388	33835		572339	681001	687349	
0.7874	0.9234		44462	44468	46380		588906	597960	600567	
0.88	0.2879		53528	51943	50081		696719	658562	658132	
0.6447	0.3255		32587	32501	34214		670660	683383	677153	
0.6289	0.1311		40219	40832	48371		654256	685567	704491	
0.1207	0.8316		35917	35847	38684		616476	628344	648680	
0.3651	0.4148		39013	37626	46406		645439	562933	573234	
0.1791	0.8885		33834	33565	30161		676061	688429	596656	
0.5743	0.6116		41104	41780	42994		645394	655949	580710	
0.4601	0.4489		36766	39319	37358		649132	631945	674519	
0.3422	0.2923		35234	33609	37199		720514	751372	743729	
0.628	0.1368		34706	34548	34155		657978	683798	692015	
0.9208	0.7539		49111	46805	53107		697294	702774	704630	
0.6604	0.8986		45443	43768	46279		588378	693263	698569	
0.5126	0.8292		42991	38759	41445		668193	655141	652829	
0.1251	0.3308		44052	40931	39231		677511	696348	680075	
0.605	0.5165		43294	38065	43232		667128	675188	697289	
0.6566	0.3125		46083	41505	41100		693505	665482	679213	
0.9549	0.8593		66042	58092	59844		734511	731047	755461	
0.2105	0.7315		42847	41813	38380		683609	690460	661011	
0.4501	0.8632		48411	42366	41993		693396	710506	718391	
0.9686	0.4782		47451	44842	53469		724739	724645	739021	
0.3655	0.1069		33633	31897	32597		669040	684666	588302	
0.0913	0.1829		31074	31034	38151		666067	677912	698804	
0.1322	0.1043		37221	34505	34564		654525	654359	672266	
0.2251	0.4057		34474	32179	33711		653026	571668	581338	
0.4952	0.298		43248	44977	45630		607770	715439	745672	
0.1584	0.8307		31144	31114	31574		654104	646809	645685	
0.0907	0.6904		37539	36919	36768		641188	587246	603956	
0.669	0.7096		38009	39310	39284		549832	584298	595252	
0.2197	0.9889		32555	33853	33625		589957	620983	625413	
0.8485	0.2305		39139	39240	39541		676386	696716	694734	
0.0597	0.7094		29004	29053	28716		648863	671490	661738	
0.4112	0.2059		28091	27006	27251		659796	647304	621802	
0.4172	0.4017		30101	29886	29712		592766	601704	601676	
0.3158	0.378		40575	39519	38250		654513	605081	579933	
0.5509	0.9553		37510	37614	38861		639183	641312	662951	
0.9284	0.4179		40147	40106	42175		586461	601404	617846	
0.4813	0.6753		36379	37377	37196		599816	632208	636841	
0.0802	0.3994		43583	43517	43750		688864	707746	728591	
0.5859	0.315		36438	37149	37116		590466	677138	707769	
0.5652	0.6048		43183	43105	42944		669148	658077	724825	
0.3135	0.9127		38708	38910	38115		597363	624268	657718	
0.9892	0.6298		50227	50278	50542		601619	642103	666684	
0.2561	0.493		30480	30698	30450		566232	585953	610472	
0.8357	0.8007		48399	47939	50627		635408	667917	692112	
0.4883	0.2098		29167	29229	29446		593615	647375	639658	
0.4572	0.2529		34675	35048	34474		649409	668827	658962	
0.6946	0.8384		48261	47400	48137		641606	609691	672074	
0.7666	0.0962		38471	37818	36501		612731	576923	551750	
0.0942	0.896		38556	40660	40735		543639	636926	651054	
0.865	0.864		52437	52202	52493		618531	628491	665782	
0.2771	0.7036		47590	47586	47335		628600	675129	673296	
0.7684	0.8566		47657	48102	48085		601103	600973	597856	
0.3414	0.5893		38896	38330	41934		608320	595952	616838	
0.1075	0.8291		35010	34790	36229		686463	692452	684744	
0.1886	0.1679		31636	30330	32963		704987	708291	716549	
0.6588	0.7352		41540	40838	46865		557469	555354	646209	
0.5215	0.8161		38658	38591	39233		596560	601433	661290	
0.9994	0.3815		38116	39388	38052		581070	619672	598980	
0.1548	0.5734		27041	27148	27172		524349	534396	535429	
0.483	0.8613		35871	35694	35531		590941	590630	590658	
0.5138	0.7027		37792	37804	37687		560693	561003	572261	
0.3877	0.6909		29760	29997	32031		546650	558011	664029	
0.7199	0.3183		37679	37580	39279		643175	629046	637970	
0.4498	0.8168		35716	34944	34816		624922	575878	575696	
0.8472	0.0699		44983	46679	44647		567890	647442	566264	
0.899	0.3436		38248	36415	38165		649487	567624	685167	
0.843	0.3209		38948	40140	38866		546332	576228	551705	
0.3395	0.9891		38182	38399	40128		523471	523468	629556	
0.1402	0.1154		42063	38757	38611		658420	655381	693401	
0.7968	0.4678		41854	39004	39078		629133	591666	593654	
0.2315	0.0764		28609	28749	28712		594349	592485	620123	
0.7032	0.4565		38083	36117	38138		625748	547569	645291	
0.2891	0.2547		32651	33624	33428		514195	525006	542991	
0.2184	0.1431		31547	31661	31635		562241	566011	569623	
0.6066	0.4721		47085	46428	46843		565842	560125	605805	
0.6967	0.5584		42312	42216	42902		581518	577523	637145	
0.2766	0.9864		29971	31896	31940		555587	620649	636699	
0.3542	0.1813		38144	40444	40542		568896	651374	649828	
0.8873	0.8802		47417	45552	47494		646455	566691	669254	
0.5906	0.5121		37141	39384	39335		562719	644822	642909	
0.2899	0.2884		29978	30260	30033		658035	675596	674148	
0.5779	0.2223		31790	31867	31209		620866	607152	588162	
0.1939	0.8487		41396	41246	41393		580572	597174	594810	
0.6703	0.1593		28411	27846	29953		598984	531646	621151	
0.8595	0.3175		42193	42281	42264		639022	657809	665493	
0.0877	0.4582		30596	30481	30536		606818	628863	606809	
0.7297	0.3302		37742	37712	37694		640476	668161	674403	
0.0822	0.5764		38929	39050	38737		651968	687213	629818	
0.3809	0.6758		44105	44622	44170		641462	678356	707743	
0.8923	0.8028		49727	49479	49640		652585	698447	706942	
0.7995	0.9875		42044	41728	41414		625948	636181	695209	
0.3958	0.8626		47488	47004	47558		637614	610330	597348	
0.4661	0.4923		34616	34368	33524		609133	618431	596203	
0.8597	0.4053		33334	34622	34684		539179	578898	600292	
0.6234	0.1247		27996	29014	30871		571887	664793	686288	
0.8911	0.1359		38910	39024	38990		592578	598383	632736	
0.183	0.5325		33679	33603	33443		628479	632899	642835	
0.0648	0.3431		25420	27851	25544		525042	633822	543101	
0.8768	0.1127		40589	40600	40779		636175	654382	670469	
0.931	0.8858		46005	44437	44521		656935	662599	697806	
0.7002	0.6006		48090	47365	47902		628257	634702	682896	
0.9992	0.994		54987	55247	55212		628921	699990	721808	
0.8589	0.526		53449	53477	53578		698939	725518	710726	
0.7566	0.2711		34050	33159	33005		623743	587886	645495	
0.0959	0.6382		33819	34121	33986		612508	655647	678586	
0.9313	0.562		45738	45437	47590		594733	616733	622319	
0.5685	0.2922		35789	34278	37035		519158	518324	536563	
0.2708	0.4616		38925	38908	40698		581897	605573	623148	
0.0842	0.446		36491	33173	34198		636034	564822	639720	
0.3627	0.0559		32669	32103	32368		599952	612650	623338	
0.7642	0.5595		40960	41663	39597		590824	658188	570261	
0.8335	0.0842		28577	29933	30238		556053	647455	668397	
0.452	0.5886		47312	47944	47239		682440	686321	716544	
0.3801	0.4655		35885	35624	35526		629748	655488	671889	
0.6185	0.5836		36904	37311	36953		657602	657294	657931	
0.6303	0.6511		41753	41706	45656		623409	647147	647224	
0.983	0.6017		42064	41993	48046		679019	673209	691074	
0.8055	0.4366		36851	36151	36071		570396	570870	547975	
0.5637	0.4511		40921	41946	42258		604524	678266	688805	
0.9446	0.3692		34113	35209	34949		617282	661682	673571	
0.2016	0.6495		33507	33956	35332		648873	636958	644445	
0.5364	0.9005		43734	43227	43318		613244	650204	677674	
0.6614	0.4327		36479	36743	36666		592661	598432	596304	
0.7226	0.1879		32810	32016	32791		646114	587740	629511	
0.6931	0.1383		37958	35774	35967		653337	564350	568916	
0.5002	0.2223		42835	40851	42588		628310	545367	643345	
0.6076	0.4773		34481	34743	35256		580090	587088	643994	
0.6361	0.1329		35367	35576	35445		667472	697312	688122	
0.7913	0.2264		39576	40034	39119		674552	677175	661287	
0.2016	0.1954		33977	34019	34852		594272	606495	627505	
0.1183	0.9476		36851	37043	37025		682228	693488	697321	
0.0536	0.62		37183	37409	37080		615385	599168	587957	
0.33	0.9762		46957	46678	46664		669707	693755	717627	
0.2217	0.5179		38683	38629	38621		673688	665557	665988	
0.8252	0.2095		43391	43460	43314		624129	626910	625104	
0.3743	0.8393		33326	32578	33109		588038	558452	571131	
0.8696	0.2395		35320	37618	35836		566431	668647	580222	
0.2722	0.8583		38937	38855	40518		636626	658228	661568	
0.1338	0.8553		35731	35514	34934		590840	587083	606336	
0.4026	0.9251		40578	40635	40502		602129	603100	623909	
0.24	0.4699		34385	33115	31249		631204	611074	592816	
0.3336	0.703		48354	46953	44253		656106	645159	673792	
0.3571	0.5556		33662	35748	35187		612078	609328	621250	
0.4682	0.3437		44092	45123	43584		615020	617832	615937	
0.2771	0.7301		44766	41743	38593		658348	626388	650271	
0.9243	0.2454		38550	40436	38875		631263	643498	667286	
0.9193	0.0601		35128	34941	35134		611377	618873	667494	
0.3282	0.1926		38855	39037	38860		602804	610195	654265	
0.7644	0.5131		39248	39160	39335		622494	650055	652342	
0.4513	0.1931		42466	42115	41501		634455	622564	606528	
0.175	0.2385		36853	37110	34842		616624	673232	578304	
0.7241	0.0811		35550	36283	36863		546845	547247	589565	
0.8697	0.1614		46969	47266	47481		612650	684704	680167	
0.7561	0.0818		32496	32625	32625		584921	608508	620277	
0.5992	0.9803		48569	47681	47441		636460	597318	606738	
0.2771	0.8529		35598	35317	35180		583737	591639	604476	
0.9713	0.8512		56773	53362	56647		635240	630261	642952	
0.4885	0.9823		43699	44158	43544		577242	609779	599445	
0.9133	0.5767		45920	48732	45344		614201	617173	647464	
0.3746	0.9534		37027	37096	36621		630359	630985	675524	
0.9672	0.5666		50988	50041	51325		593413	550507	641914	
0.5858	0.258		34433	34470	36547		541498	547542	641093	
0.9082	0.8738		46298	48420	46438		513115	623471	542223	
0.6894	0.9907		42827	42947	42570		631572	632495	648928	
0.7549	0.5708		37518	37683	37519		581802	645575	628475	
0.4972	0.6384		41668	37117	42918		604610	606068	597901	
0.6954	0.1683		37302	37377	36951		586066	588589	627962	
0.1693	0.4382		40228	39970	39472		588192	606846	581727	
0.3114	0.3017		32053	32182	32321		584441	614300	619270	
0.2877	0.7925		32839	32554	32439		565347	572877	575596	
0.4352	0.5319		40347	42495	42141		525521	623317	612454	
0.8915	0.6771		54403	58027	54064		659684	643722	661301	
0.9002	0.644		40495	40753	40729		614775	626656	689638	
0.2807	0.4107		36782	37253	36906		587200	587972	605652	
0.9634	0.2785		39877	40251	42291		591789	597601	622074	
0.748	0.1542		42398	42594	42598		606209	608738	627274	
0.8649	0.9242		45260	45111	44401		621419	655936	659622	
0.2559	0.4883		29607	29532	29605		503424	500079	506590	
0.6434	0.2254		42297	43437	42190		563731	564818	581243	
0.4659	0.2277		30728	28825	32351		593594	541156	622894	
0.935	0.871		44360	46399	45386		524533	594805	584875	
0.6315	0.1063		38120	38328	38151		607970	628892	649005	
0.078	0.1072		31421	31374	30500		587759	590355	593454	
0.6662	0.213		36394	36226	36213		564940	579618	606975	
0.5988	0.8497		41544	41755	43320		590742	586914	538311	
0.9691	0.8407		47331	47108	49215		594507	609096	634883	
0.9522	0.726		52729	52645	52741		607132	639066	668303	
0.7086	0.6939		39274	37461	41277		589135	598099	633933	
0.5429	0.8371		50875	57190	51450		607510	585203	643989	
0.7777	0.6231		46719	43838	42791		584556	573001	542773	
0.3718	0.5324		29597	32495	32050		578906	582023	616747	
0.6641	0.6164		46519	46469	49114		605499	635590	658728	
0.0751	0.1715		24569	24851	24468		582285	605819	640139	
0.6594	0.4985		43025	42276	42547		562593	571607	630385	
0.3162	0.7274		43747	44678	44782		594746	624714	650950	
0.7024	0.2704		43157	43092	42811		550271	576949	593865	
0.5611	0.5587		43571	41245	42861		626156	558564	655084	
0.7262	0.8721		45110	45304	44048		550968	558885	561588	
0.5957	0.5478		40299	42448	40049		567565	691140	608196	
0.0854	0.1337		31154	30864	34160		592812	587790	627796	
0.502	0.8064		40565	46943	47192		625325	651533	573493	
0.9111	0.9244		54639	54898	63148		642708	664266	685676	
0.3527	0.5138		38010	37975	38109		597507	627045	626883	
0.0849	0.1303		37238	39072	36864		592917	592785	618435	
0.8449	0.8886		49612	46621	45315		615054	566101	555495	
0.3925	0.1099		35436	35660	35723		596292	608820	620265	
0.6823	0.4271		33763	33116	33157		562991	603153	645622	
0.4821	0.6447		44136	44308	44410		621845	624072	633315	
0.5772	0.935		42250	42425	42168		619241	633084	647517	
0.1085	0.6787		27908	27891	27058		565667	569303	555285	
0.3849	0.9497		40296	40492	40318		615631	618518	636830	
0.6071	0.56		46029	48480	48577		553300	639221	649238	
0.4041	0.7906		33960	34115	35780		520776	525980	629366	
0.5847	0.4224		39452	38315	38524		624679	590092	604809	
0.7378	0.9412		41397	43420	43394		585714	667007	675451	
0.1343	0.5622		34604	34642	33006		538402	576636	516519	
0.1361	0.548		35388	34966	34806		592103	599014	617453	
0.6391	0.4723		37330	37281	41435		563657	573759	614185	
0.368	0.9077		37171	37223	37301		587733	588656	613315	
0.6953	0.1633		33994	33293	33221		590099	555560	562661	
0.7382	0.814		47050	47272	46937		634812	644123	685137	
0.9435	0.7759		43339	43189	42907		589341	580492	597329	
0.3572	0.0784		32854	31283	33189		546144	519089	583285	
0.6104	0.9925		36159	36211	36254		567726	572807	583160	
0.6955	0.9332		48085	46793	51746		583109	580464	652336	
0.4331	0.6898		37718	40413	42600		643126	639553	666370	
0.0936	0.341		27474	28740	27343		600479	599174	644514	
0.251	0.963		40426	41021	40796		665579	700539	709779	
0.9479	0.287		46443	46700	46952		642728	681373	667030	
0.5066	0.5632		42615	42577	42532		629743	652365	652800	
0.8489	0.2699		48853	46748	46869		625304	618041	674151	
0.7989	0.8747		42026	41945	41748		562465	561879	564102	
0.3631	0.1419		33211	33521	33207		583051	582415	604255	
0.8495	0.7668		48112	50668	47927		578285	661940	592881	
0.308	0.4023		43684	41955	43204		616416	540442	589813	
0.7929	0.7422		45988	46192	46177		635947	644302	678012	
0.0583	0.7562		37868	37673	37497		627737	626803	636088	
0.6081	0.2434		37443	37157	37382		624640	614111	659326	
0.817	0.2148		35536	36170	36163		615777	624239	668460	
0.2033	0.2737		36900	36870	36898		623244	634635	632335	
0.375	0.3995		36959	37149	37092		627870	638694	656323	
0.6378	0.8047		44325	44722	44376		630956	635591	626499	
0.2504	0.6532		38927	39033	39307		553242	552168	551223	
0.5707	0.1644		31684	31020	33423		621663	629099	644888	
0.9036	0.6056		41754	44436	42529		570399	604736	610224	
0.6688	0.3536		36530	36422	36430		605087	594101	621243	
0.8028	0.4659		37204	37211	39218		564372	575926	582308	
0.6178	0.6717		44715	44054	48716		577609	586846	594589	
0.5296	0.504		42237	41551	41181		571499	550840	556515	
0.2321	0.6826		33281	33133	31258		639289	641713	568173	
0.1201	0.1301		39158	39623	37802		596644	602436	557054	
0.8275	0.5874		44272	43518	43591		585714	560955	608676	
0.9313	0.122		37938	37316	37859		654629	640781	687868	
0.1286	0.9418		35667	35893	39325		587476	618139	625607	
0.4804	0.553		36346	36518	36543		610608	633005	631102	
0.7471	0.1855		37353	37450	37592		602102	646180	631998	
0.0655	0.3173		27719	27829	27377		669646	630444	648715	
0.2208	0.5343		29995	30141	30187		599541	603252	608530	
0.7876	0.5163		38692	38525	38661		583783	602419	648147	
0.409	0.8016		38376	38429	38474		607804	629209	662080	
0.1096	0.7656		34550	34756	34826		605638	612333	612805	
0.5924	0.4465		45068	44996	43994		628600	619106	602916	
0.7143	0.6286		40436	38264	40448		611374	550817	620815	
0.8645	0.5625		39362	40513	42381		577026	586238	585423	
0.3511	0.9772		38973	40764	38871		548833	655892	562563	
0.8424	0.7737		48194	48327	48446		597775	602382	597782	
0.1226	0.3607		34034	35103	34055		565643	592197	568298	
0.629	0.5601		37688	38234	37060		616554	640314	574134	
0.2803	0.4242		30874	32368	32032		653861	660388	668621	
0.7217	0.0992		30680	30948	31089		630407	622563	636306	
0.2953	0.6533		33755	33793	33568		664552	665606	691663	
0.6192	0.2695		38957	38950	38878		550468	549728	552468	
0.3843	0.4678		33116	31341	31259		657438	561681	561911	
0.4907	0.5527		46018	43992	46221		617034	565263	647073	
0.8744	0.3672		40809	41009	42709		587556	584066	588270	
0.7755	0.9595		42766	42673	42767		633146	634112	681396	
0.9124	0.7877		52970	53218	53194		621782	650445	651528	
0.2622	0.12		26523	26091	25633		625980	622424	641503	
0.7765	0.1502		38189	38548	38552		597081	594678	591611	
0.2095	0.2305		39603	38719	38882		661796	618771	628550	
0.2553	0.9844		41563	42376	41906		601478	630422	651502	
0.1811	0.2585		29343	29372	29310		587576	595518	627643	
0.8813	0.7161		54900	54433	54759		650609	636421	630918	
0.153	0.4005		36806	36965	36978		610085	618748	649594	
0.2556	0.1683		30426	30447	30493		635532	655244	697236	
0.3658	0.0927		32058	31906	32632		591336	613278	632643	
0.1007	0.132		28525	29295	29262		638023	636879	689327	
0.1089	0.6797		38726	38713	38536		617119	615410	655469	
0.7359	0.5032		52744	52739	53228		639427	670629	654462	
0.6364	0.2539		49331	49558	48745		642938	659312	622363	
0.4766	0.4666		35535	35555	35603		615208	626942	625197	
0.3392	0.356		36427	34397	34490		649431	575460	590536	
0.2636	0.5275		38099	37822	35734		636197	644244	585834	
0.3405	0.8243		37399	35192	35021		625814	571055	569911	
0.2747	0.635		41453	41492	40191		614506	597250	578368	
0.2413	0.9161		31700	31480	31541		612236	618990	631410	
0.3709	0.9402		38153	37337	38375		651837	690409	698747	
0.4194	0.2063		35932	36863	37033		589128	633664	672149	
0.735	0.6404		45715	45457	45113		679597	685429	637173	
0.5344	0.6567		33568	33648	33637		536530	541558	540961	
0.9507	0.8645		47497	49059	50020		577727	622536	680830	
0.6535	0.8728		46036	46316	46083		691394	707385	712732	
0.8083	0.5527		44977	45036	44859		700381	705323	723769	
0.8972	0.2259		34071	33602	34134		613201	636280	636687	
0.6373	0.781		46398	46175	46359		603648	637735	683323	
0.0574	0.9056		37958	38248	38455		617787	626964	605465	
0.2133	0.2447		37947	37819	37574		649264	636225	633132	
0.0941	0.145		31639	32175	36719		664505	669318	708592	
0.1018	0.1331		27716	27812	27574		627673	634977	630229	
0.5984	0.8321		47564	45072	47754		621423	547652	635621	
0.8285	0.5678		53093	51856	54308		640111	595788	655056	
0.1615	0.9975		27906	29347	29340		560347	603818	606888	
0.74	0.4221		31796	29526	31532		620448	543250	644945	
0.9691	0.6735		49722	49513	52031		591019	563929	644508	
0.0977	0.3001		31472	31367	30835		619295	622952	586356	
0.2006	0.4172		39021	39187	38525		654476	685870	679867	
0.2504	0.6548		35990	36167	36062		592299	604415	611982	
0.9581	0.3806		36040	36286	35871		694427	704365	714160	
0.0878	0.4087		36257	36022	35810		642201	600877	649064	
0.2079	0.2967		37165	36958	36681		655958	687850	714503	
0.1687	0.156		35920	35352	36458		571513	582790	633630	
0.3333	0.6227		32589	32222	32338		529819	547206	538510	
0.8143	0.604		48552	48839	48774		715005	734555	740808	
0.0734	0.7346		32602	32437	31239		588428	584305	564503	
0.8306	0.2937		40262	42336	42146		559319	668761	662596	
0.7369	0.3093		41478	41425	41325		648662	666156	645460	
0.8363	0.4794		33781	33874	33569		543983	554356	543493	
0.4864	0.2344		33180	33277	33060		550014	561852	570118	
0.32	0.3717		35588	35862	35529		558522	565158	579903	
0.5917	0.9239		38456	40334	40748		603578	691222	720350	
0.1672	0.3449		29077	27066	26988		644627	556582	555153	
0.4401	0.2972		32796	32710	32640		573482	598863	607214	
0.1773	0.4348		34336	34524	34506		563597	585835	591959	
0.1197	0.0809		36040	35860	36205		588982	599405	599991	
0.2847	0.3501		37054	37098	42757		611057	610818	660829	
0.6695	0.7987		49348	49806	49579		654300	703716	698897	
0.3624	0.7634		37238	37715	39635		611789	623665	666180	
0.124	0.2161		31266	31428	31436		666040	658014	679451	
0.6694	0.5443		40148	41059	40426		593881	633563	617226	
0.13	0.6775		30892	31013	30774		611129	644885	666627	
0.7235	0.3118		32671	32505	36515		558318	558944	655555	
0.4158	0.883		38963	39061	38969		603542	625998	614158	
0.0784	0.6976		41590	41638	40860		653575	677551	700560	
0.3294	0.325		29974	29819	29957		649745	658310	671066	
0.2022	0.3781		29860	29808	29679		657559	667108	676104	
0.1109	0.971		37314	37255	36721		620844	655519	658291	
0.2494	0.2211		30590	30591	30584		638093	669116	665803	
0.2326	0.584		33250	32997	33048		640412	655292	625436	
0.308	0.8581		40484	40789	40513		651231	688478	679831	
0.5234	0.6308		45190	45174	45315		661665	691182	693534	
0.8758	0.7843		52080	52195	52092		678621	669511	696717	
0.6811	0.1395		29165	29224	29266		685860	708882	717080	
0.6189	0.2563		42749	42978	43177		659744	687697	707392	
0.4137	0.6938		38575	38381	36516		621745	635648	546382	
0.846	0.3288		47755	45433	47653		666648	583067	676069	
0.3356	0.7091		42872	44010	43091		559158	604700	574517	
0.6677	0.3626		37706	37945	38593		628314	657088	653029	
0.7624	0.4355		34336	33415	35656		555050	553229	621436	
0.8828	0.4671		42770	42843	45010		591782	588764	671004	
0.9166	0.7111		44542	44788	45113		661841	702640	690655	
0.4656	0.5754		32780	32843	32748		601620	606856	619347	
0.3072	0.2254		29215	29532	29293		637214	632351	605108	
0.5091	0.7185		40897	43215	42877		557069	659228	677884	
0.5304	0.8059		44028	46073	46443		573030	663967	681302	
0.5574	0.3627		39109	39245	40189		594825	616110	683628	
0.1404	0.0574		28002	26102	28106		660383	581005	692928	
0.3562	0.4477		38490	38506	38511		679705	687694	693069	
0.1815	0.8425		32168	32883	32676		585998	645718	639986	
0.1172	0.2304		25940	25701	27842		516590	516667	639085	
0.9029	0.6851		41419	41639	41548		615772	622376	652664	
0.6006	0.7213		42288	42219	42332		615098	639353	651933	
0.5395	0.4444		43005	43124	42773		636808	656600	676818	
0.8196	0.8299		53864	54113	54443		640023	677389	671331	
0.6913	0.6316		41114	40858	41473		626959	630710	672869	
0.3166	0.6507		40803	41043	40972		645574	700043	717972	
0.0711	0.6092		31465	31485	31377		654867	692917	683493	
0.5116	0.3627		39769	39400	39779		607200	653464	662877	
0.2322	0.7265		37999	35877	38243		608468	559752	654081	
0.154	0.0518		29645	29874	29887		582998	607409	609835	
0.2829	0.917		32840	32026	32953		623771	602638	663284	
0.7955	0.8793		43010	42023	41994		633559	598733	605738	
0.4997	0.0712		43197	43004	43260		635117	624485	666031	
0.7136	0.4981		47037	46898	47153		610531	633585	640328	
0.3269	0.1513		27518	28558	29242		517065	563257	615835	
0.2936	0.1409		29176	28665	26843		640427	672528	567521	
0.7387	0.7494		39132	39330	41030		538157	557533	675647	
0.8797	0.825		58926	59696	59421		697390	691205	718366	
0.7689	0.6253		39527	39474	41695		560606	568028	691366	
0.9687	0.7633		43749	41471	41930		694784	587861	593716	
0.5182	0.3694		39007	39048	39480		685950	677743	690152	
0.926	0.5246		40222	40951	41424		624494	672815	668978	
0.2079	0.9017		35536	35604	35326		647762	647643	670319	
0.9679	0.5901		48101	47499	51559		616421	616517	648993	
0.4339	0.192		35955	36206	35709		620245	663985	657244	
0.5569	0.1517		42038	42142	44238		621667	648079	631210	
0.0722	0.6521		30163	29359	28876		583114	567656	565258	
0.7216	0.2692		36332	36182	36168		568452	566804	594651	
0.4421	0.282		40928	34591	38939		601283	534529	617024	
0.2678	0.1046		35456	35344	36208		590618	590616	614226	
0.9537	0.51		42306	40195	40278		661371	571246	589483	
0.9942	0.2339		36708	36838	36831		633680	636134	653718	
0.8438	0.0746		35200	35584	35284		632006	682115	679479	
0.359	0.8646		44098	44164	44623		618795	616508	655739	
0.3832	0.8363		38592	38832	38874		609392	648750	660802	
0.9809	0.2748		46365	46287	46402		591774	611135	628573	
0.5352	0.2074		33618	33539	33451		625896	596098	626884	
0.2355	0.6029		31434	31589	31585		552569	554677	569249	
0.6641	0.6381		35889	35672	35726		569792	572882	585870	
0.6431	0.1106		34346	34372	35001		621916	626141	555892	
0.66	0.2421		39959	39902	39971		588486	581462	611884	
0.1272	0.8127		39320	39368	39387		574252	597952	599905	
0.6439	0.1438		35016	35011	35228		639073	650697	714955	
0.423	0.3369		39536	39301	38177		589078	609100	575051	
0.2019	0.3068		38567	38611	38910		588955	605927	656983	
0.8438	0.4999		38755	38686	38569		638074	631401	672851	
0.939	0.4271		40837	40736	40205		629216	629508	586747	
0.7082	0.0809		28018	27972	32246		563895	565542	569623	
0.2295	0.3856		31014	31220	31786		579347	581841	594865	
0.466	0.2856		38364	39192	36400		615328	636246	555801	
0.15	0.99		37918	36608	36431		602541	522947	543616	
0.3256	0.9421		41394	38912	39125		636735	573141	588052	
0.8728	0.3196		40025	38932	42290		633192	632963	604222	
0.4359	0.9861		37898	37684	37722		584928	587150	587336	
0.6502	0.6133		41513	41549	41676		548756	574957	573440	
0.5422	0.9138		40375	39335	39325		654524	555477	574404	
0.7056	0.5419		37464	39562	37405		550669	627302	559257	
0.6112	0.4742		38820	37948	38741		616606	625239	673972	
0.7206	0.2892		34098	34272	33849		637258	656846	698732	
0.2004	0.0731		30103	30998	30700		648617	672233	626463	
0.6638	0.5807		43845	41595	41447		662747	569700	576702	
0.1135	0.1956		23960	24029	24412		593100	614342	627060	
0.5003	0.6		35143	35849	35037		676414	690230	703518	
0.2858	0.9997		38271	40524	38312		572603	692231	582886	
0.5421	0.4604		43193	43186	43000		601426	616637	627307	
0.8036	0.0534		27058	26950	26947		574712	604976	600190	
0.9702	0.8338		55600	56020	55945		641594	660245	703056	
0.1612	0.5487		30141	29226	30046		636079	664894	678577	
0.5727	0.1673		38928	38450	39078		656615	695702	694545	
0.5372	0.3598		37844	37891	37756		673178	650152	647495	
0.9368	0.2791		35049	34776	36088		537648	537330	546012	
0.6867	0.7756		43072	43649	43676		575618	576757	582531	
0.2114	0.3193		26866	27767	27905		595824	608861	622961	
0.8189	0.5151		35605	35871	38058		580053	582819	687714	
0.4958	0.6645		39965	42275	42263		562793	651157	659411	
0.302	0.2944		36258	36620	34415		610160	645197	559008	
0.8844	0.2642		39750	37750	37447		605305	568809	653796	
0.1608	0.6135		45059	45203	45451		651937	699142	697211	
0.1475	0.9573		33293	31406	32197		623358	622001	696007	
0.892	0.9219		55245	55116	60351		603897	615946	607238	
0.4068	0.0968		36653	36893	37653		602484	640943	696445	
0.6818	0.9907		41343	41300	43529		565099	566715	672212	
0.8021	0.8068		38101	38340	37909		596490	587716	608693	
0.4945	0.1992		39606	39667	39324		670465	661127	665631	
0.1045	0.1109		30297	30420	30333		649161	655577	661919	
0.8435	0.748		50591	50429	50419		644460	688328	666286	
0.6186	0.4237		49132	48836	48698		657772	675453	696127	
0.7141	0.5548		38020	38134	38044		556938	578285	596049	
0.9783	0.8037		49373	48896	48982		692789	669149	690664	
0.2807	0.1932		34200	33868	35641		664423	628509	698248	
0.4529	0.7651		38952	39016	39584		618528	631511	669586	
0.3424	0.3079		40067	40195	40237		636110	668628	695607	
0.3329	0.4805		33210	33203	33012		589409	589391	600732	
0.1309	0.7377		37166	37244	37116		626660	608254	639222	
0.5881	0.7042		35831	35822	35956		608011	626462	666100	
0.4568	0.3634		36963	36828	37555		606997	607037	610146	
0.4385	0.6785		41720	41901	41963		671167	669055	686175	
0.6586	0.5738		35182	35186	35103		646828	698158	698412	
0.4374	0.1858		30367	30510	30453		630770	655739	674255	
0.2924	0.9339		46538	46294	46231		681158	704331	708808	
0.1096	0.88		36279	36134	36165		608361	661733	678468	
0.2811	0.7685		41687	41480	41587		649025	660672	687272	
0.8585	0.3769		45283	45229	45338		644857	672828	689631	
0.7931	0.9883		42070	41999	42182		679892	674653	700167	
0.9287	0.5777		40555	40184	39545		618156	652734	607574	
0.3709	0.2403		27131	28537	28446		557568	617640	596635	
0.8948	0.7795		51487	51475	51315		621852	642728	655149	
0.7491	0.2612		38344	37781	37594		654113	590098	610854	
0.1767	0.6181		27214	28351	26010		588388	634530	556730	
0.9246	0.5354		52522	52594	52387		661836	678237	730775	
0.461	0.4634		30993	31105	31009		595600	616864	660577	
0.867	0.9916		54771	48250	53166		654234	650478	690783	
0.377	0.7733		51306	51722	51586		673475	701573	713564	
0.0521	0.4724		26578	26665	29519		560414	577869	639147	
0.2801	0.7018		36379	36459	36618		623063	619350	628206	
0.3198	0.3092		37195	38048	38415		567589	659944	675103	
0.6603	0.754		41403	41066	41423		637047	642609	652430	
0.9997	0.667		42497	42835	42634		625816	680696	675470	
0.8099	0.8276		47376	45120	46433		663502	581204	617920	
0.8575	0.8758		45354	47918	45953		553614	662213	582030	
0.1727	0.4142		33084	32640	31256		676862	626495	597251	
0.4848	0.6179		33608	34933	34812		555242	609986	609551	
0.7722	0.3096		37539	37476	37466		660553	675048	682396	
0.5523	0.9283		53089	52063	51701		684462	707878	688762	
0.836	0.6005		43993	43898	44005		642466	657752	678632	
0.4203	0.3475		35988	35994	35472		625111	662066	700254	
0.9867	0.1022		37977	38050	38112		626562	651991	668746	
0.9292	0.5158		49060	49100	49180		629127	679048	697581	
0.4213	0.3079		41309	41295	41588		608188	650537	664294	
0.8141	0.6272		41862	41778	41919		664526	636241	691612	
0.2701	0.6302		45580	45666	45589		613983	670653	683267	
0.2652	0.8986		41182	41376	41185		607977	632891	633079	
0.6472	0.5643		39589	39547	39719		558253	581877	592119	
0.5734	0.5001		42844	42924	43312		583758	606722	620104	
0.6827	0.1034		31599	31735	37258		558224	580018	664280	
0.4945	0.0991		31840	31816	31910		602301	607466	610285	
0.1664	0.545		36780	37597	35757		593637	643899	562776	
0.555	0.2408		33018	32889	34193		540628	559096	592108	
0.162	0.826		28949	29031	29132		584550	594177	594796	
0.4249	0.4321		31226	31225	31356		631110	656680	656421	
0.754	0.0826		39787	37559	37570		646447	589939	592362	
0.2155	0.6526		40810	38880	43363		634511	565032	649077	
0.584	0.0677		37029	36799	37789		570706	574398	592772	
0.8984	0.6948		44862	45395	44877		580496	620596	586164	
0.8894	0.2162		34635	35039	34459		620613	630866	689463	
0.102	0.6377		32571	32621	32198		636334	605676	648341	
0.0664	0.1861		30243	30115	30162		644158	654974	680985	
0.9551	0.731		48002	48092	47897		619779	652950	650682	
0.2301	0.3958		40599	40679	38476		647371	685605	592556	
0.8363	0.9309		55336	58161	56846		570635	620428	660859	
0.8551	0.7578		39738	39992	39593		648936	657815	695690	
0.2587	0.301		39862	40080	39959		657984	683823	708255	
0.5395	0.6565		38259	38689	38565		634337	657721	663877	
0.7168	0.289		40828	40493	40498		657982	681902	697076	
0.9549	0.8891		45117	45541	45358		648442	656802	688979	
0.0747	0.1659		30068	30010	30151		623682	666258	687970	
0.8032	0.3054		41969	42197	42044		673561	689795	710375	
0.515	0.3828		40141	40267	40294		645093	641643	655936	
0.5086	0.1137		27650	28881	29686		568876	596772	664735	
0.448	0.543		37754	37642	35651		644042	670162	568261	
0.1641	0.1601		36409	36979	36825		620185	671281	667636	
0.9222	0.8928		57675	56255	58000		669720	591580	676305	
0.4806	0.3831		47937	45714	45993		659355	575100	581141	
0.1557	0.4862		42022	39820	39757		652811	572164	579182	
0.9928	0.6829		49767	49997	49652		671502	706966	690019	
0.8655	0.6581		45636	47858	47835		542752	646075	660732	
0.2432	0.8686		34742	34792	34984		559821	576845	580189	
0.2301	0.4426		33028	32652	33535		609272	572636	646800	
0.4048	0.7579		35255	35186	33131		650320	684930	577053	
0.3412	0.4054		36927	35254	37320		655397	585864	696620	
0.8108	0.3577		39374	39438	39712		625779	648973	612034	
0.3226	0.5469		29601	30689	30865		564792	598361	584250	
0.4452	0.9105		43275	43655	41095		644071	668699	570073	
0.2838	0.1132		24594	24536	24598		540682	544305	557887	
0.6834	0.1712		37984	37375	38325		607152	578940	647672	
0.9456	0.2199		35992	36251	36296		603103	602124	612284	
0.9463	0.4943		50167	48080	50332		626681	546295	663743	
0.4575	0.5472		46468	46060	45877		608259	613068	612961	
0.2621	0.2494		33904	33968	35185		582978	592097	670103	
0.715	0.4873		38809	39041	36767		621512	622261	570235	
0.3201	0.9728		36081	33993	35258		607439	552627	590119	
0.0897	0.292		33097	33098	33169		576596	576759	580501	
0.9157	0.7946		43388	41529	41453		680750	601002	617481	
0.9465	0.6991		45823	45710	45399		614300	629361	673269	
0.985	0.5943		52589	51747	51572		615253	579987	599296	
0.4932	0.1956		30591	30724	30739		614650	631332	678328	
0.7222	0.8698		49288	49209	49304		584496	600807	654561	
0.9076	0.7347		46261	46266	46185		640287	644091	681033	
0.1178	0.9024		36814	36753	36560		623179	666148	687570	
0.4669	0.081		26097	26128	26049		606545	607153	603874	
0.2459	0.8827		34510	34318	34339		577219	572642	574638	
0.8016	0.1147		37063	38918	38811		568935	655591	643034	
0.7203	0.7329		37611	39901	38651		551369	626546	592299	
0.8761	0.5316		42235	42180	42168		649523	658311	673327	
0.675	0.8637		43544	43584	43373		625071	626827	624426	
0.8852	0.3511		37430	37949	38018		627012	614930	619723	
0.8704	0.8666		54184	54305	54345		649679	650548	678493	
0.0666	0.2217		39867	39913	39983		612363	620722	614090	
0.4075	0.6577		35402	35527	35863		632445	630704	636777	
0.8246	0.2909		49309	47150	47188		639125	554382	572777	
0.5149	0.7637		38829	37837	39432		531840	528033	585292	
0.8139	0.5178		40734	41527	41712		588957	622792	625333	
0.0662	0.4774		40456	40203	40257		607997	612304	667612	
0.6872	0.1638		37226	37541	37414		643072	637151	669572	
0.5819	0.3759		34238	34345	34401		583034	583986	613854	
0.7724	0.0683		35196	35407	35280		619816	623504	639812	
0.2602	0.7188		32942	33627	33095		561247	565401	581263	
0.0877	0.61		31742	32618	32498		551652	619930	673129	
0.9933	0.416		35597	35824	35698		625358	616852	664066	
0.8747	0.8884		45893	46995	46993		575903	627723	651668	
0.4997	0.0646		42421	42549	43271		650493	708533	690186	
0.5473	0.3694		32312	32463	34847		535292	588627	648170	
0.6412	0.73		46811	46950	46988		638764	651604	700378	
0.688	0.3682		39169	36991	36911		612900	538630	564672	
0.1767	0.6595		38957	39152	39300		584705	589537	629338	
0.9378	0.4253		45464	43446	43310		619799	560091	561477	
0.7331	0.5012		40663	38782	39879		577156	514047	581718	
0.4732	0.4007		30793	30850	30651		624065	665203	669014	
0.1346	0.7232		32234	32481	31283		605406	637440	590996	
0.2542	0.4136		27828	27975	27613		566795	568196	590266	
0.3138	0.4444		33512	33532	33438		599507	602343	614640	
0.8144	0.6409		37648	38053	38393		560298	589280	656353	
0.691	0.8856		40210	39936	39865		630581	632886	643183	
0.3858	0.9344		34353	34419	34169		584628	587561	607268	
0.1081	0.154		26656	26594	27924		561125	561188	673871	
0.5289	0.8972		44842	45926	43526		602756	647627	601046	
0.8754	0.2094		39486	38156	36129		630927	617417	566184	
0.5395	0.223		43638	43773	43561		601386	606614	649941	
0.5646	0.2032		37084	37004	37790		573129	569286	568715	
0.7805	0.2404		34872	32803	41686		625017	573044	677706	
0.9756	0.167		45008	44514	44907		633369	631954	692815	
0.2257	0.1744		28551	28656	27794		570624	595659	572051	
0.2503	0.7413		33081	32587	31160		601075	646175	558501	
0.8315	0.2569		33868	34931	33910		578774	639830	640286	
0.3461	0.4339		33448	33328	31415		614431	661951	570710	
0.6066	0.3596		35023	37239	37199		524168	614709	652298	
0.4521	0.9145		43865	42978	42458		596806	562635	627972	
0.2001	0.3352		31509	31424	31676		564242	564913	579450	
0.6878	0.5399		48932	50840	52643		554496	556259	561963	
0.4357	0.437		38420	36452	38142		666036	570368	670523	
0.4764	0.4307		30954	32118	33047		547984	612640	665903	
0.3573	0.2462		35013	35096	35138		592411	620313	646745	
0.1993	0.7082		31843	31981	32152		649742	708466	705720	
0.4817	0.3641		34339	32887	35057		580604	538359	668502	
0.684	0.6658		35466	35404	33757		624175	661142	586515	
0.5974	0.6016		47061	47069	46864		654326	687495	713410	
0.0714	0.3833		33976	33742	33662		552911	565510	580099	
0.831	0.584		50392	50169	50342		612810	641785	571919	
0.7977	0.3062		37104	35500	35511		613377	644782	649079	
0.2867	0.6992		40939	41244	46298		664103	682837	716755	
0.3362	0.1372		30206	30348	35595		632239	644165	689241	
0.1551	0.5876		36040	36279	38324		612516	646602	676284	
0.9124	0.4737		46721	46625	52021		643766	686642	710421	
0.0802	0.4609		41227	41920	41049		651175	673421	623968	
0.5584	0.4744		35252	33955	36118		594714	593089	580468	
0.474	0.4876		35931	34950	36607		614024	693661	700992	
0.3231	0.7424		46693	46741	46795		644976	677055	688844	
0.4743	0.9471		36691	36705	37576		622935	641438	676757	
0.09	0.4441		32161	30276	30404		578147	587286	580094	
0.5047	0.8187		39245	41400	41372		559348	632725	667889	
0.2366	0.6715		40052	39041	39030		659776	601784	625282	
0.773	0.5725		47554	47494	45379		690990	672092	607982	
0.3795	0.7089		37450	38307	38310		563077	620805	663282	
0.0795	0.3909		35212	35301	35104		603781	636871	667204	
0.6462	0.5704		41615	41309	43717		563751	582889	589292	
0.7774	0.4968		31964	33505	33928		576310	583772	686510	
0.9013	0.3505		36791	36923	36835		625823	660847	691716	
0.0603	0.9058		30453	30433	30603		625155	655146	670446	
0.784	0.871		48936	48768	48921		673133	654449	696740	
0.2653	0.8459		42357	41538	42857		621832	605624	692421	
0.2975	0.3793		39517	38272	37865		645047	655043	652644	
0.6435	0.5314		40206	38758	39077		653719	622486	691415	
0.8097	0.3249		40667	37635	37851		619568	661558	688293	
0.2213	0.9164		31727	31635	31510		680687	703162	713271	
0.1531	0.3567		36775	37081	38491		628911	650179	642439	
0.8259	0.56		46536	42507	41329		638944	668879	634992	
0.2551	0.4236		32522	30631	32950		614352	553115	646913	
0.3915	0.4554		30507	30629	30480		557349	572709	580849	
0.4324	0.5299		32346	32175	32263		577897	592284	638037	
0.8555	0.0608		31628	30982	30960		618556	574342	583013	
0.1161	0.71		38002	37792	38078		615228	619781	643890	
0.5196	0.1409		40174	39997	42113		646076	654582	660119	
0.7668	0.7472		48158	48193	48487		610109	662134	644633	
0.1502	0.9639		33905	31511	33490		618403	542839	591647	
0.6674	0.754		44292	44229	44307		602505	632237	688947	
0.4303	0.5534		35287	35060	35407		647997	658894	692769	
0.4585	0.9335		42795	42753	42763		618681	679119	679419	
0.1544	0.1333		32799	32482	34538		584407	628905	634978	
0.2684	0.9244		34320	34343	36136		603734	620738	655008	
0.8022	0.6019		43344	44399	42828		610129	649676	600323	
0.4858	0.7352		34928	33065	34342		645923	569268	599826	
0.8532	0.0581		41312	41432	39334		666207	674960	601236	
0.2811	0.2238		38345	37839	38204		633107	647119	673327	
0.4925	0.575		41243	41251	42811		634217	659641	700657	
0.7407	0.1471		30290	30640	31134		607331	636929	654809	
0.8867	0.9493		48885	49700	49927		590844	659471	691518	
0.9933	0.6025		45118	45102	46223		589564	604699	668576	
0.8861	0.244		32860	34353	32613		569141	667394	586082	
0.8412	0.9647		49411	49584	52210		564807	565459	578302	
0.6034	0.4683		34340	34630	34831		594001	620655	638467	
0.6835	0.5466		39391	39291	39557		639230	625681	665412	
0.1644	0.7741		38917	40002	39179		620094	641910	636209	
0.2245	0.2724		39054	39162	38690		621433	637184	657677	
0.1912	0.4705		32609	32419	32232		662930	665024	649292	
0.7979	0.7826		42075	41821	43747		681444	697954	706797	
0.8834	0.2932		42165	42339	41222		654623	681957	680681	
0.0582	0.1265		32144	32573	32007		656026	688671	689297	
0.9813	0.41		39718	39398	39410		633764	664455	660841	
0.6454	0.2622		43918	44045	43960		646903	654276	661851	
0.3482	0.138		36601	36380	38760		673154	683978	705846	
0.9365	0.2431		41469	41222	45443		646109	643605	676355	
0.5296	0.9591		45946	45945	46177		634279	629001	656347	
0.8243	0.935		46623	46255	46748		651051	657761	689666	
0.3851	0.6119		35571	35473	35703		632421	649236	667892	
0.9699	0.5788		51820	51775	51712		680763	702403	732812	
0.4966	0.4888		43243	42731	42883		603228	638052	630193	
0.065	0.7106		28193	27924	27936		546956	557373	575895	
0.2226	0.4064		33064	33027	33144		610461	656083	671143	
0.5608	0.4129		34315	34218	34980		595606	622978	680791	
0.1793	0.7044		33705	33979	34759		596704	626786	689624	
0.5263	0.1671		26461	26811	26721		578045	633412	618059	
0.9014	0.2507		47325	46931	47821		708220	712991	711983	
0.2327	0.882		34797	34947	35138		681576	686253	680991	
0.9193	0.1662		37107	37085	37246		647197	652713	671329	
0.314	0.3719		31196	30011	31030		645976	597090	608863	
0.2752	0.3833		32183	30440	29993		655213	596486	599714	
0.3582	0.9882		37349	37240	35243		596769	643679	553239	
0.464	0.7281		38154	37983	37928		617999	585160	607428	
0.2877	0.1899		32924	32261	32652		683972	670817	713008	
0.7513	0.8722		53253	51275	54112		658626	568296	654158	
0.2974	0.7036		37525	37264	39670		605651	607642	582572	
0.5975	0.9623		42119	39680	40967		672878	586419	608146	
0.0747	0.6915		36829	38930	40289		537082	653917	653672	
0.5756	0.4415		32988	33691	32797		580217	642530	597051	
0.4949	0.9988		40453	40626	40705		629162	641288	642111	
0.8583	0.9661		41535	41401	42806		605713	601530	643450	
0.2441	0.1534		36308	38719	37603		577177	683300	615034	
0.3435	0.4041		40137	42448	40239		548331	641854	551279	
0.6273	0.2516		46626	44306	44253		684438	563196	581422	
0.6254	0.7757		40414	40777	40727		531579	547451	554424	
0.5772	0.8207		49302	49653	49506		540406	563298	568049	
0.2192	0.1833		33165	33232	32964		580529	587182	589920	
0.2192	0.0565		28343	29215	29208		612180	614516	636480	
0.9985	0.0837		31976	31696	31762		631840	658770	680361	
0.406	0.9913		40728	40789	38392		646469	620183	560352	
0.3646	0.4071		29377	29339	30242		612091	606413	698470	
0.4993	0.6854		32322	33649	35085		570106	550708	675313	
0.6276	0.936		38721	39531	39448		602476	647160	674004	
0.6218	0.4382		42045	41831	48920		651748	650622	686891	
0.9136	0.4964		41499	41015	41180		673466	684855	705560	
0.2846	0.6144		33953	34202	34131		617507	627350	651162	
0.3384	0.106		28852	29049	29147		686610	693464	723284	
0.8391	0.6873		46237	46231	48037		684307	692082	705564	
0.2383	0.0689		26872	27060	27092		608279	637580	679647	
0.9359	0.5596		47398	47182	46877		622053	644191	667484	
0.1481	0.8875		38357	38100	38285		620271	671860	699301	
0.4618	0.3981		40581	40563	40485		664508	653472	642059	
0.2345	0.5611		40920	41122	43408		562077	565010	677372	
0.2021	0.635		28763	28673	27471		584580	605744	591210	
0.2126	0.2537		36680	34582	36913		603017	554494	649544	
0.6593	0.8797		45270	44721	45352		610622	628316	612100	
0.411	0.8707		46393	46149	47896		626623	652292	663380	
0.7171	0.5572		40251	40359	40356		624880	649899	649544	
0.5301	0.8714		34943	35263	35033		635017	683768	688600	
0.2361	0.8221		37069	36959	37043		672080	667949	691743	
0.2301	0.465		31728	31076	31903		651093	666413	667919	
0.1031	0.6912		35675	35538	34555		651936	634978	588786	
0.8265	0.414		42326	44376	44170		578451	644980	642591	
0.8294	0.7401		42091	41947	42124		627780	644512	642764	
0.4421	0.6154		41142	41248	41256		657071	699331	698742	
0.2285	0.5221		39567	39400	39281		647965	644821	655446	
0.2338	0.8604		32002	32573	32043		689770	688894	673906	
0.5851	0.7254		40171	40301	39262		632976	677520	664914	
0.9523	0.1544		48122	48357	50106		729604	734812	752421	
0.9233	0.7274		40272	40364	40505		653289	661847	684301	
0.3849	0.8811		36785	36320	36671		656360	693517	657270	
0.561	0.9329		45046	44920	45944		685113	670436	624501	
0.7391	0.9637		50394	48867	48834		673037	672282	697324	
0.2306	0.9722		34356	34222	34408		656194	672572	682827	
0.2009	0.299		28931	28893	28854		645755	650481	645485	
0.2836	0.6293		31679	31587	30430		583338	591753	572047	
0.9585	0.6955		36796	38922	38993		534548	634842	672627	
0.8055	0.6763		53794	53762	53656		643372	660243	651758	
0.7118	0.2626		33309	33606	33333		621625	641072	652347	
0.1364	0.1118		25169	23947	24513		577684	595969	595296	
0.3405	0.215		29558	31948	29716		506278	578311	521927	
0.3625	0.6314		43524	41449	43692		583255	533452	603960	
0.5564	0.9614		46452	47244	48731		575962	607855	647812	
0.4364	0.5472		38590	38413	38987		649571	631233	631658	
0.9243	0.6343		55068	53064	53056		692930	587860	584988	
0.6363	0.9766		38696	40020	41008		548832	580813	637070	
0.5548	0.5198		35073	35017	34923		582323	581120	590158	
0.2999	0.1787		37552	37357	37597		623654	643638	658663	
0.1104	0.0879		37686	37654	37682		639514	647947	656455	
0.4652	0.4773		28527	28671	29157		661986	660733	670900	
0.6985	0.7639		45836	46252	46805		667685	676995	675284	
0.652	0.8382		52088	51979	51807		697058	705659	697535	
0.8006	0.2365		35856	35810	35835		652183	656935	677838	
0.8494	0.319		39332	39467	39237		639559	646264	668120	
0.288	0.7418		47004	47154	47292		674162	675166	670839	
0.2395	0.5857		36270	36256	36332		653108	645547	653413	
0.9477	0.6157		43077	42386	48273		620791	579918	584355	
0.5956	0.5609		35137	35208	38845		580123	577993	572822	
0.8057	0.1525		35776	35490	36338		600986	619262	611244	
0.3611	0.491		30402	30596	30491		646395	643529	631408	
0.5239	0.0523		37505	37398	37356		639198	637625	637921	
0.7556	0.0586		29874	27565	27833		628627	543178	559539	
0.2876	0.2264		26978	26857	30789		572263	568602	671251	
0.2544	0.8159		48843	49349	50689		693398	702567	714565	
0.8445	0.1354		39262	39398	39457		663059	655700	656328	
0.5461	0.389		42147	42234	42298		565937	563947	565166	
0.1493	0.5521		33531	34075	33731		636077	638780	672729	
0.9365	0.073		31743	31394	31706		643142	647666	657334	
0.9351	0.3555		50699	50667	50844		622757	635805	619534	
0.9798	0.8983		47186	47626	49028		600924	628483	625297	
0.7302	0.9912		43887	43755	43806		672527	676569	677586	
0.6244	0.1579		30689	30843	30993		677587	678581	672790	
0.488	0.8917		36538	35761	36609		635727	678776	657630	
0.8699	0.4748		40834	41099	41232		664700	670898	667483	
0.5645	0.4405		37209	37214	37388		691880	698263	707063	
0.0718	0.475		43792	43590	43330		622543	652897	669281	
0.2736	0.7649		40489	39810	40515		638798	683537	666183	
0.6807	0.8381		43388	43532	43753		625175	660900	671003	
0.3936	0.841		32750	33057	32723		626853	634412	645110	
0.9893	0.3304		46591	47105	47225		661208	663667	680098	
0.7839	0.4951		32364	32454	32121		616849	617325	603523	
0.1837	0.582		29176	29229	29211		606637	621721	596795	
0.4097	0.8369		42459	42579	42387		636181	626919	662403	
0.0531	0.6029		33437	33416	33359		597130	614003	637368	
0.3923	0.3971		36286	36160	36346		630935	654296	673283	
0.2968	0.9722		35471	35603	36483		605819	621236	644132	
0.1929	0.3028		31829	31664	31792		570293	569578	561792	
0.8405	0.9736		49748	50413	49415		542435	546761	561982	
0.6368	0.6721		45740	43642	45876		624494	632727	677655	
0.127	0.4025		34766	33807	34273		634923	596761	632042	
0.8548	0.3846		43350	44698	44391		572409	575397	573279	
0.7333	0.4597		36128	35547	35594		658324	654610	620647	
0.5577	0.2139		40689	40737	40797		667164	645551	659737	
0.1288	0.2033		35241	35152	34105		676225	638355	602726	
0.1985	0.8542		41732	41338	41522		649103	680465	685637	
0.8639	0.4981		44023	43530	43930		582404	605574	599645	
0.3922	0.8986		36870	37168	37160		543031	562116	567489	
0.3685	0.9734		37324	37495	42821		583126	577589	634416	
0.9448	0.7885		47787	49643	50259		551766	639262	656668	
0.2297	0.1451		30695	30694	30915		639690	662146	670355	
0.5702	0.7768		53186	53642	53373		641476	647161	655741	
0.387	0.5821		29729	29702	32394		553253	539935	621200	
0.9294	0.4177		50825	50504	50707		622719	633753	632980	
0.4931	0.8849		39983	40013	40002		640364	677126	582559	
0.8273	0.6586		38523	38380	38395		566451	600687	590077	
0.7258	0.7039		50745	50752	50803		553558	571336	571771	
0.4441	0.2738		37249	35590	37205		640759	573498	667423	
0.4231	0.5017		35231	35667	33214		614907	638059	543045	
0.6462	0.1183		39583	39320	37983		570316	590168	556703	
0.1649	0.8496		35699	35698	35767		559605	580591	571506	
0.2122	0.4591		27920	29405	29110		557179	585940	583896	
0.6111	0.8184		49267	47263	48886		649839	560814	638290	
0.4032	0.3492		45100	45883	45533		582393	668047	670480	
0.2708	0.5167		42662	42184	42755		630722	662041	658209	
0.4846	0.6861		43580	42492	48821		667305	659948	668513	
0.2194	0.9108		34323	36566	39292		566410	645194	606899	
0.9287	0.8464		42693	44669	44207		605278	675133	619801	
0.275	0.4819		32785	32945	32830		658791	659445	672277	
0.6748	0.0906		38286	38899	38780		629691	656638	665000	
0.5491	0.16		37505	37442	37240		628141	629353	648258	
0.8635	0.9662		48028	48048	48412		658989	635295	662279	
0.2545	0.1939		27140	27233	27183		630630	638291	645157	
0.0666	0.1924		40548	40906	42666		639896	681869	673920	
0.7682	0.172		38736	38893	38671		654027	696477	691890	
0.8747	0.4972		38953	39427	39928		658456	682625	675348	
0.8681	0.34		36760	36675	36657		635187	683544	687320	
0.6713	0.1616		43310	44853	46830		673529	704449	684030	
0.3319	0.8757		46405	43198	47159		634302	661472	607689	
0.5903	0.3274		39849	38644	39546		643021	582611	585607	
0.6771	0.3899		39935	40491	39937		666881	646264	674924	
0.5816	0.6202		40237	39127	45062		670384	616531	680157	
0.5508	0.7562		34961	34837	33739		581284	579560	579512	
0.1587	0.4523		29533	29473	29453		658899	673529	677629	
0.056	0.0661		26123	26182	26207		619932	643248	642002	
0.7262	0.8269		44498	43093	44089		661422	608088	653182	
0.7525	0.5203		39212	39537	39137		619644	627386	648026	
0.72	0.3736		38215	37576	37616		623903	632765	629019	
0.2695	0.8246		40836	40870	38605		661670	662322	565330	
0.8968	0.7858		54196	51987	51871		634816	570386	585268	
0.9838	0.109		32862	32901	37366		598724	597042	601187	
0.8939	0.1635		38504	38864	36731		673128	674767	586158	
0.3387	0.6549		37935	37945	38210		665241	668269	675674	
0.3577	0.219		33929	34118	35778		636667	658067	662982	
0.9369	0.7491		55965	56038	55744		622833	616331	654023	
0.7494	0.2448		31633	31386	31564		670633	661669	688198	
0.4165	0.4604		47110	47046	48717		638723	629601	682886	
0.5754	0.4581		36394	36298	36277		636954	657118	682343	
0.4895	0.0845		29943	29806	29555		661617	658022	647240	
0.5233	0.1156		27764	27808	27689		649563	647027	662010	
0.3531	0.2486		40698	40804	40868		650270	668169	676933	
0.3282	0.5385		48387	48379	48975		657552	689321	690467	
0.724	0.5802		39351	39246	39430		663351	679880	708620	
0.9272	0.9085		41867	43015	42148		607177	624576	609033	
0.3861	0.4577		34923	35006	40138		672833	689896	695105	
0.1347	0.4444		32362	32652	32789		652587	654961	661059	
0.1798	0.5858		38675	37899	37960		655082	602384	606201	
0.1216	0.9016		45960	45956	45832		634955	640690	660537	
0.3573	0.3849		37023	39131	39258		601982	699953	706637	
0.6352	0.7836		43249	43051	43117		688607	691814	699490	
0.777	0.3831		39423	39447	41298		678309	686409	690412	
0.4322	0.2489		31545	31530	32986		612297	625856	633665	
0.984	0.514		42404	42214	42267		669603	657992	672942	
0.8761	0.0719		40537	40670	40696		630749	629970	615093	
0.5378	0.9203		41035	41633	43490		641975	648556	654083	
0.8422	0.7284		50938	51055	51024		642720	649984	682358	
0.4905	0.7642		33402	33556	33337		550539	570677	570944	
0.7378	0.9006		42140	39564	41910		622045	564305	655366	
0.8044	0.3114		35290	32813	38652		633887	594501	662212	
0.9311	0.6558		40178	39755	39251		619203	638210	609336	
0.7634	0.2468		35589	33199	33072		629393	554704	550586	
0.929	0.4404		41589	43383	46039		652325	637114	651867	
0.695	0.4744		37989	35719	37884		629207	556757	646973	
0.3349	0.6687		41226	38243	38661		623794	598235	638636	
0.6451	0.4504		42381	43190	44733		612729	625692	597487	
0.924	0.881		44184	44755	47161		610925	613854	641318	
0.5784	0.2152		34518	32896	38788		663097	568902	639578	
0.908	0.8218		42198	42288	48835		687331	677685	688859	
0.7154	0.6837		39318	39995	40362		609363	608261	617787	
0.4202	0.4815		36336	36611	36422		639812	642339	660272	
0.7897	0.2414		41351	41614	41399		688039	653913	696105	
0.9944	0.949		46698	45646	45573		662688	600227	604074	
0.1545	0.3414		31476	29498	29061		642871	547792	549699	
0.8286	0.7853		48964	49249	47603		677622	682987	589648	
0.2319	0.5173		39482	37107	39725		683461	589321	667677	
0.3723	0.0634		29102	27897	27850		609140	549231	553152	
0.4109	0.2352		30003	28897	28883		610188	567314	577656	
0.2837	0.9225		47657	47460	47458		678332	654731	680786	
0.3234	0.7173		38997	38347	39077		648895	677229	682369	
0.6094	0.6938		39674	39652	41877		684710	696067	666901	
0.397	0.6858		32893	32783	37567		626909	624739	635232	
0.6958	0.5899		38663	38088	38317		628743	612100	620585	
0.3188	0.8652		35967	38286	39309		588904	669013	617211	
0.672	0.2441		27527	28700	28735		561608	591675	592623	
0.5562	0.4111		31502	31355	31442		587013	576590	578780	
0.2815	0.9009		39472	39561	39793		636761	657951	660539	
0.6378	0.3232		37136	37095	38471		640937	687656	679408	
0.4413	0.1646		43519	43273	45287		662635	706000	715200	
0.9804	0.1215		41558	41308	40230		632834	671960	606050	
0.195	0.8835		32843	33740	34908		554532	619848	580994	
0.8006	0.1064		42586	42391	42946		647781	680810	591455	
0.4207	0.7121		43842	43893	41721		657380	635843	573107	
0.5896	0.1009		27738	25531	26066		694584	602188	607668	
0.4384	0.1678		29410	29195	35981		576928	603557	646619	
0.8209	0.7083		41499	41199	41746		698624	700178	683351	
0.1724	0.2686		35167	37040	40081		596344	599868	608668	
0.1976	0.3024		38336	37637	40268		642739	589072	582434	
0.4532	0.9381		40870	40568	40669		632646	655244	665785	
0.7613	0.3091		45717	42974	42475		625246	650271	568552	
0.7553	0.8545		46263	45986	49916		555705	576506	638332	
0.8459	0.5317		41942	42068	40117		683174	675941	591124	
0.3638	0.6271		33218	32880	35257		585081	594787	670981	
0.2876	0.2394		34330	34290	34292		644401	658962	695135	
0.2244	0.3763		33364	33122	33504		690636	662182	650860	
0.8868	0.4466		33524	33432	33525		592404	619327	615576	
0.6653	0.7457		36399	37671	37391		555603	596548	606787	
0.308	0.061		26435	26275	28086		580490	582876	583274	
0.5849	0.78		39356	38932	44887		609503	544610	548880	
0.4386	0.3311		36933	39327	37084		553025	630700	563905	
0.6051	0.2236		32046	29954	30099		634034	567954	566299	
0.3718	0.4728		34699	34268	37914		638651	584476	586405	
0.1157	0.0543		38909	38304	40418		649643	663982	566835	
0.5048	0.7305		46351	46349	46347		645083	624772	652642	
0.8366	0.1447		39305	39327	40280		589461	593347	638647	
0.3187	0.7925		37323	38217	38302		565028	588516	626190	
0.1654	0.3659		27843	27705	27744		605002	634214	626814	
0.2874	0.9353		38083	38210	38121		602988	597269	620187	
0.5646	0.3537		38491	38261	38298		642877	649603	645001	
0.6893	0.052		43956	44262	46740		627987	647694	645341	
0.922	0.281		34724	34564	34524		590915	578272	578136	
0.1139	0.2534		28618	28541	28691		635915	650206	637407	
0.389	0.5766		38105	38442	38206		559730	573121	571827	
0.4432	0.4471		39746	39745	39578		569832	575305	586628	
0.774	0.6481		48717	48614	47167		556524	563914	534458	
0.3019	0.8007		43326	45278	45721		558166	653580	654929	
0.1194	0.4529		32276	30044	30124		620963	538346	537262	
0.2541	0.9337		38452	38228	38205		596074	596737	594862	
0.6954	0.8639		43112	45359	42967		559510	646588	572129	
0.9239	0.4963		33942	33942	34087		558069	575753	571345	
0.925	0.6541		44470	44025	46629		544785	558473	672620	
0.4694	0.9583		38992	39266	36801		677104	675089	573329	
0.5996	0.2592		37406	35094	37415		692235	601904	714395	
0.6641	0.0524		28464	30606	31291		536336	621659	620923	
0.0719	0.7683		36647	36778	36709		634842	635379	630473	
0.2954	0.8924		40620	38826	40751		609515	649413	653302	
0.9396	0.7938		40560	40641	40943		568338	591539	591416	
0.2892	0.4609		33495	35556	35514		588620	672830	667622	
0.4693	0.3704		36291	36394	35439		618800	668351	603314	
0.4656	0.7828		47816	46549	46541		663970	615973	625320	
0.332	0.1384		34489	34220	34411		654007	664184	654325	
0.2004	0.5802		37288	36527	38935		650008	599677	673448	
0.9924	0.2361		32536	32837	34653		636255	664847	671747	
0.7263	0.14		33215	34626	33275		663263	644186	663947	
0.7342	0.5985		39489	38702	41632		628697	590243	650521	
0.6191	0.1758		33093	32934	35185		626992	617871	614363	
0.8036	0.6222		35236	35267	39410		544468	544765	654957	
0.1907	0.6447		45696	43323	47992		608222	535994	616090	
0.7145	0.4419		41634	42542	42719		560144	606236	622850	
0.3675	0.7145		43825	43602	44425		562366	565097	613047	
0.9002	0.8622		51605	53863	53494		534940	609442	594301	
