12	13	
0.5267	0.4673		56653	81239	57972	70189	104544	109431	91506	103170	76356	75412		1177353	1489559	1267012	1442488	1942051	1679686	1501786	1856773	1457238	1425379	
0.9613	0.8401		100820	94783	80093	105245	98593	78591	82556	68861	79093	77274		1523650	1761591	1921163	2109518	1653137	1360194	1511975	1088679	1338128	1527442	
0.4235	0.7157		64610	72512	61566	67230	55361	100207	95154	68396	63121	88130		1310168	1278292	1263475	1075197	1060037	1843390	1591905	1261141	1047925	1310140	
0.841	0.2903		62404	65869	78794	117705	91738	66950	80078	79514	76291	95231		1596145	1204868	1338400	1373239	1969608	1360998	1353959	1543277	1454844	1616988	
0.2983	0.9421		64622	80993	93911	78181	57645	94045	95210	79209	85798	79988		1243161	1479583	1602402	1407914	1236985	1670711	1653894	1212919	1508089	1694909	
0.5035	0.0911		75200	58842	72371	67184	86979	77757	67381	68930	88881	87375		1062408	1049808	1364446	1360146	1480231	1262888	1244655	1309656	1562093	1528587	
0.9571	0.7728		99901	91596	77605	108069	79911	105889	74094	92483	100833	88831		1608229	1511790	1185925	1373479	1176087	1415764	1254025	1395085	1274904	1532960	
0.3137	0.6866		76688	89766	72281	79021	84706	76917	99507	93759	87928	60019		1253326	1353466	1351232	1337194	1594129	1387675	1798852	1675672	1256236	1275361	
0.7961	0.4528		71761	71072	49749	69066	65355	70518	71158	89745	64597	67697		1288947	1357046	1487700	1377862	1258502	1249290	1299902	1392368	1250476	1467093	
0.7031	0.0738		86780	59732	60882	63738	67270	80414	50336	50824	51160	113353		1413332	1237351	1184874	1359880	1254685	1564785	1236729	1107489	1222351	1320495	
0.6753	0.4269		51296	50854	45359	67723	57515	58284	54805	83810	64969	55702		1143438	1311835	1443174	1281778	1298048	1299185	1438778	1606183	1376403	1375859	
0.768	0.2332		49414	79941	58650	57596	57970	65924	65194	69494	92961	76502		1082991	1435150	1276768	1279376	1309609	1305337	1186832	1327508	1515203	1355051	
0.6678	0.8669		103489	106024	86748	100349	105953	68999	99372	100613	71009	86003		1498572	1478554	1417593	1546965	1375206	1029879	1141408	1375411	1171426	1374105	
0.8763	0.4572		74152	93985	61070	60344	68012	83411	61105	74790	95451	97562		1498480	1357743	1290692	1403369	1253590	1260583	1151872	1351245	1523390	1494991	
0.9567	0.1772		66127	64701	56404	58318	71721	73216	56744	66709	68830	87839		1282990	1316255	1211973	1225086	1397098	1354222	1268918	1389663	1569813	1588218	
0.6077	0.1807		56551	66197	48999	59493	66956	73580	68459	67495	72584	82879		1283427	1252610	1053371	1206907	1364829	1281099	1315175	1327967	1585171	1361618	
0.4241	0.8028		81845	84012	100773	75837	81762	65694	58515	64655	82051	70665		1468768	1526070	1648014	1338010	1410422	1445345	1150260	1198182	1305604	1526850	
0.195	0.4003		47441	48584	50880	74333	42135	66347	51273	49194	41210	46756		1144294	1232792	1157409	1170813	1184797	1350111	1197548	1207055	1052461	1272262	
0.4242	0.8244		93210	60581	76877	72460	98507	71904	63994	60029	62248	60315		1335480	1215557	1320100	1404478	1403900	1185302	1134072	1032562	1090637	1016745	
0.8411	0.3289		59659	62983	49361	59536	70155	66661	74164	73576	88593	49279		1343681	1283250	1390907	1209348	1331610	1335074	1542963	1293417	1737198	1266918	
0.2114	0.7382		54214	89958	76946	67952	78089	65861	65420	61693	87446	60999		1119155	1340164	1426025	1248207	1167340	1119862	1282695	1150003	1370814	1153805	
0.7069	0.7162		74603	53675	91175	74086	95305	87946	91464	79666	61360	91753		1300962	1174582	1306207	1329319	1519282	1248813	1595166	1275262	1212918	1682892	
0.1482	0.896		81284	66092	97365	88428	83062	108135	75917	70928	78937	113874		1283891	1095281	1368938	1386379	1279255	1575898	1402152	1206532	1344085	1471497	
0.7236	0.8		92676	80628	99205	96538	70706	84778	67356	62900	57048	80737		1549014	1487250	1558352	1509984	1305041	1331397	1288551	1322500	1166253	1454352	
0.7289	0.5604		68039	91443	62588	76518	76354	78796	63540	69984	61921	63651		1358426	1601527	1455866	1196750	1489321	1317248	1291293	1167139	1281013	1261608	
0.3128	0.8449		61366	99664	67079	61257	84159	98293	74137	59720	98377	67698		1153814	1630466	1248213	1188610	1331203	1609553	1422640	1213469	1334534	1561542	
0.1848	0.0945		58557	82792	82956	63072	70763	60898	52181	56912	73246	88518		1204116	1372837	1341668	1319289	1347341	1182749	1014056	1164147	1339714	1458768	
0.1006	0.0875		62640	49353	67958	62593	58525	56353	49295	66212	86513	97600		1247734	1045212	1138124	1634462	1300258	1188767	1183023	1357574	1685203	1582322	
0.9954	0.4867		64683	64150	85442	77885	50858	86115	81775	62343	72554	55424		1223040	1381571	1395093	1497756	1229356	1681374	1660922	1348110	1282641	1207373	
0.2985	0.6914		93018	90805	68793	65793	61950	55992	87236	78059	77895	64230		1390544	1474518	1333061	1278139	1092947	1088485	1368764	1201157	1363108	1330343	
0.2037	0.2136		60270	47259	58384	49271	62595	55769	55480	54990	61258	52350		1274467	1113288	1474928	1172152	1248092	1147474	1204123	1299002	1364461	1190704	
0.6111	0.1259		71567	71576	64723	87629	72088	78604	83171	104535	70811	83294		1196798	1192183	1214793	1239636	1198204	1382116	1231169	1629270	1144261	1278850	
0.3119	0.9757		55854	59522	77951	53322	53008	67900	88612	76500	59652	65717		1157841	1343521	1601635	1061411	1112394	1681338	1556602	1309851	1346620	1292432	
0.8045	0.6773		72874	79893	102518	99451	101816	75720	84476	72598	76203	83394		1349498	1333908	1630174	1662914	1451150	1359277	1407891	1452283	1294442	1249633	
0.6965	0.0853		89292	74554	82452	92063	94392	90763	76741	91830	70389	108928		1400869	1261791	1348987	1514387	1568410	1492430	1299634	1431657	1437878	1545967	
0.0819	0.972		92168	58020	96915	83776	73779	100227	56482	69794	79968	71884		1521687	1344943	1701558	1554743	1400234	1651068	1459493	1282766	1291166	1278921	
0.5529	0.1402		62806	72113	82432	91748	76392	64193	74388	57893	105925	100081		1124768	1355838	1504167	1278024	1307664	1205947	1330317	1159569	1542908	1366433	
0.1015	0.7695		76082	44242	50182	55920	52247	45740	72321	48655	45921	54627		1447874	1145940	1281432	1358305	1255356	1242150	1514381	1297404	1152944	1254029	
0.7495	0.4206		56380	78697	60058	62045	54615	78045	83770	79640	61781	46828		1226582	1365723	1291609	1278748	1352383	1467056	1693995	1821321	1588994	1230534	
0.7166	0.2493		75837	55823	70665	79255	61171	71691	63269	62643	85908	56401		1393912	1044485	1589804	1492739	1229814	1204049	1333675	1531160	1393682	1200400	
0.1671	0.1036		78461	78048	71003	94571	77144	102426	53954	91462	63060	76641		1482395	1481159	1312601	1397046	1426495	1564680	1314419	1416905	1315103	1336744	
0.856	0.3395		98147	58991	62714	89056	76185	83027	71391	80568	87850	64130		1427242	1173940	1499062	1479469	1120171	1221181	1303474	1409797	1301991	1137106	
0.3528	0.2789		46913	59887	62038	58773	56556	62199	75495	52803	62689	70294		1099476	1642263	1448235	1246813	1275546	1263277	1374738	1190225	1403346	1366329	
0.7011	0.8955		65914	96228	81459	91142	75731	53637	87958	70923	102142	64759		1220252	1326209	1205401	1288083	1297479	1287542	1545330	1311467	1699649	1248524	
0.4411	0.8776		90716	91283	88757	82644	80899	71678	99706	76043	86261	70928		1832172	1529886	1342438	1418568	1666012	1385619	1700188	1466538	1424214	1239635	
0.4129	0.7485		80010	70864	58623	65110	76485	88615	51526	55142	66994	51875		1439399	1115425	1091492	1525418	1410447	1582480	957567	1065182	1316225	1059433	
0.2596	0.9716		84422	60932	87172	58391	85311	84369	84227	67571	82368	84394		1429406	1499140	1731712	1422077	1444754	1501656	1426098	1444138	1431225	1511490	
0.9575	0.8321		96399	88538	71123	79238	63439	94188	91214	77181	80931	81913		1304671	1403149	1196419	1253036	1308740	1683995	1530829	1389316	1443922	1356999	
0.1965	0.8382		65014	98419	91723	81522	92142	69876	85160	64790	67524	103516		1258972	1518887	1490114	1274642	1270973	1244856	1536943	1147749	1386500	1651235	
0.7039	0.3375		62120	51295	81193	81400	76895	56225	59493	68970	56155	66455		1295178	1168836	1532646	1404545	1367737	1411110	1629024	1317442	1238618	1285810	
0.538	0.0662		90646	78499	50728	79837	62342	57003	49540	47491	87694	79346		1427322	1481557	1380054	1754075	1620963	1375482	1078337	1076915	1522884	1481407	
0.3128	0.7057		105420	83778	86855	87514	74769	54830	59158	52319	66560	83070		1657318	1573796	1542035	1404281	1159737	1067000	1203345	1084943	1352824	1486319	
0.6926	0.8063		70351	65249	99765	71891	72969	81453	88336	64805	85986	101269		1296514	1300061	1290330	1139853	1113119	1395117	1370658	1170199	1186335	1278267	
0.2603	0.386		57869	49326	65059	50439	53519	66428	59245	52174	55734	58658		1271231	1179668	1319987	1267162	1238778	1335824	1306074	1134392	1302951	1181508	
0.4665	0.0915		45545	72821	49349	69810	80492	54458	53394	61967	60810	58729		1302156	1317244	1456176	1395016	1576133	1114431	1261653	1282164	1413736	1153568	
0.1112	0.6855		73595	69986	89082	65063	92677	69413	76700	66663	71677	64256		1319718	1280501	1624006	1259945	1487933	1219238	1250293	1102058	1175806	1290602	
0.6479	0.3507		73334	76299	80105	64620	63727	65202	64039	72553	61447	72082		1309145	1457823	1321966	1515789	1314147	1431414	1357108	1686707	1308373	1341752	
0.2278	0.8648		60732	87800	89853	70766	81047	80870	80371	95931	94817	68869		1171021	1339845	1154266	1175416	1495681	1365138	1514065	1542588	1427767	1176618	
0.5057	0.9946		83185	96724	73474	90182	111693	100658	90888	76467	82400	93125		1351656	1291979	1143614	1193578	1313037	1362717	1334885	1376201	1383551	1548398	
0.8557	0.741		80366	72111	81554	73655	65548	71499	75368	99879	74828	77827		1512446	1304307	1653750	1338305	1205087	1244098	1359735	1511175	1259864	1441653	
0.3335	0.2476		62438	48104	41480	69697	47937	54820	40863	47472	40574	42688		1342372	1154514	1210934	1332681	1279296	1353930	1052573	1171004	1163363	1068575	
0.3223	0.1753		64217	44427	62513	49344	48342	74108	47180	52289	54735	55023		1319778	1260393	1467509	1158086	1105245	1347307	1186627	1156842	1209084	1104147	
0.3326	0.5808		74070	75343	60134	42373	63748	51207	78172	56396	59410	51179		1477216	1418195	1148203	1222476	1381768	1197944	1517159	1469415	1404633	1261727	
0.9908	0.324		54942	83388	92999	85647	65048	80130	89276	70660	99503	83232		1155411	1363042	1525159	1472815	1255407	1655179	1522512	1271131	1489660	1447910	
0.9199	0.9961		78002	75807	70446	61175	86820	101240	80748	68067	61253	101850		1333358	1398269	1159923	1209824	1384357	1611977	1387220	1156334	1243086	1568743	
0.1042	0.3335		38051	38540	59552	54775	60585	45725	40137	55857	49390	47646		1084356	1240394	1244059	1341001	1315194	1005923	1041903	1353344	1385049	1198116	
0.8803	0.2561		81138	51306	64054	78356	73849	58220	84343	97639	68871	93272		1402303	1076152	1283552	1493727	1386367	1376311	1376628	1421530	1812620	1584815	
0.5171	0.6486		106438	92864	70544	64468	94281	94155	72020	84181	95446	85523		1502955	1304247	1318869	1357720	1537374	1491923	1306962	1273299	1478353	1322061	
0.0706	0.4303		48412	55752	44491	56482	53271	45265	49869	49935	50939	51979		1529731	1410521	1228276	1301773	1281567	1267072	1344294	1243199	1082476	1401199	
0.7472	0.4196		83283	72435	98106	100930	66630	58907	61700	78302	68660	80425		1545854	1493968	1654578	1700937	1145856	1282058	1187762	1381913	1245430	1498367	
0.148	0.869		81662	81888	59604	81785	59346	74268	76672	55170	63789	84173		1697626	1287814	1429453	1582609	1330016	1637463	1266372	1135450	1310783	1605809	
0.7995	0.7168		100339	92188	87524	111187	106117	91299	90615	99008	117636	80881		1493272	1276523	1081414	1222434	1636854	1430709	1339784	1287968	1593164	1364782	
0.155	0.5721		57651	70200	80962	95064	88142	84571	75440	49168	51420	93382		1253712	1255506	1222524	1652117	1736603	1732599	1545728	1077561	1228476	1558085	
0.2286	0.395		45932	51279	58294	68389	71310	54158	57461	55174	54025	62879		1107676	1307565	1410919	1322599	1659612	1415445	1281262	1310892	1201683	1066155	
0.5459	0.595		82572	58866	57349	48795	64333	82650	57872	61218	64774	64576		1281167	1231471	1121933	997906	1226097	1302312	1255233	1256787	1169921	1227533	
0.8749	0.9068		67916	68645	84464	72787	107376	74013	80926	70016	66440	81144		1217205	1173808	1354493	1248618	1364704	1339830	1296685	1232181	1186379	1271134	
0.0794	0.2019		69441	55801	60052	71469	51491	70271	84824	54143	59605	53545		1177439	1149956	1144352	1264089	1202265	1217681	1467293	1265526	1303930	1127114	
0.9553	0.3502		76430	63085	92672	90142	81007	95258	69961	89831	83729	75482		1322391	1131366	1483229	1594936	1407371	1486977	1531352	1607961	1334333	1666754	
0.5596	0.644		98080	98380	98385	125839	79651	100286	71483	110748	89075	90123		1428338	1242055	1201886	1678825	1271807	1168557	1164396	1549671	1242574	1189247	
0.5064	0.2989		52518	45392	68029	56621	51381	62219	63523	63970	46940	55740		1124656	1075135	1243688	1388518	1100504	1289004	1601546	1594135	1063156	1264308	
0.9111	0.1455		63423	79248	62992	96833	82283	77701	55937	55976	70025	70025		1111568	1412105	1403350	1624241	1290265	1348211	1215631	1127702	1300822	1226294	
0.8941	0.1043		56912	66362	77254	62151	56249	70684	84916	73595	70420	61149		1144577	1309174	1458280	1294475	1174016	1292609	1633650	1308128	1320876	1212130	
0.8652	0.9026		110749	95177	88764	81841	80227	114397	108301	81484	86648	135384		1491525	1563848	1254042	1433944	1433997	1559155	1368524	1158464	1098018	1255345	
0.4937	0.6378		72676	79992	82137	83119	59887	56337	85927	46923	69255	46690		1587862	1378952	1547663	1347259	1288147	1294533	1545688	1056879	1393650	1237905	
0.4515	0.7045		100644	100240	96150	73870	67574	108618	95591	75351	100490	66332		1779974	1581527	1663802	1295151	1198281	1449044	1504272	1726122	1495674	1153862	
0.7832	0.718		72931	72435	53588	65069	63436	62153	60503	60220	67912	78764		1198755	1333671	1180162	1364493	1273972	1208809	1174178	1108357	1287725	1434441	
0.2801	0.1554		65612	55467	80896	54197	68608	63472	55747	68176	58736	81467		1141179	1171007	1477694	1059855	1283439	1178033	1215726	1375561	1221341	1398885	
0.8667	0.9929		76135	98571	100846	80391	79825	99262	107203	70673	71088	84818		1143371	1533848	1317107	1288066	1212764	1488379	1442416	1041083	1134042	1395164	
0.3791	0.5214		74312	61911	79670	70698	102737	69642	84257	70480	64827	93834		1257965	1140107	1533268	1294083	1633557	1428094	1489454	1425927	1654743	1675989	
0.1595	0.8544		52620	61597	48989	60546	50829	77337	59466	50614	51424	57753		1284824	1171475	1243928	1397800	1289803	1168972	1488161	1302246	1379983	1320684	
0.9861	0.0509		86945	84222	67188	66507	88347	75165	76328	60895	62970	89782		1511649	1583319	1292581	1379788	1673297	1401379	1350571	1272149	1405989	1535763	
0.7132	0.4076		68034	59889	71223	56692	64584	62165	70132	68015	68279	84529		1344197	1217098	1329191	1089199	1443341	1260625	1388185	1237024	1349516	1534291	
0.3145	0.3829		87554	89206	99632	98796	95748	73785	98780	76742	58071	90439		1425501	1516972	1698304	1307659	1550804	1409940	1503781	1226631	1066336	1386257	
0.4335	0.1627		86471	66636	70955	61211	62154	84280	68117	67993	104764	59119		1486418	1327084	1280613	1166020	1201337	1508394	1233023	1306137	1685357	1235755	
0.6836	0.1524		87942	55645	50278	69581	65068	55233	76891	90906	60772	49612		1653869	1404840	1191531	1238904	1246951	1057743	1373715	1343820	1252572	1142135	
0.4677	0.764		59378	59389	70697	70037	51022	62561	70076	53986	92850	59522		1185016	1142749	1215928	1118511	1143816	1389353	1248555	1205620	1399374	1197054	
0.4004	0.8983		80418	68200	75034	59355	56340	83690	59256	79431	79361	75547		1376197	1253707	1370102	1096911	1196165	1474650	1141676	1360183	1300539	1292304	
0.4162	0.0501		85783	71570	55777	60433	65616	75251	86979	62416	64853	60787		1308512	1382724	1124235	1234967	1374696	1335793	1463894	1296487	1259020	1253280	
0.8674	0.4051		53204	59384	81541	67513	76037	91755	64536	86575	77204	86140		1191647	1429871	1267520	1388102	1326786	1469004	1255670	1297828	1271999	1378069	
0.4971	0.4937		90384	82566	117341	99267	80595	72749	76334	74948	88993	105096		1393419	1500928	1564748	1811141	1327250	1240575	1341373	1371628	1545854	1786749	
0.0932	0.2927		41098	52303	52472	77939	68316	56095	60197	41880	41422	51183		1094961	1184223	1348811	1414698	1415365	1284104	1346573	1032840	1278416	1507664	
0.2222	0.1284		83860	68029	43283	40651	60025	52697	53401	72091	71355	59062		1528303	1343642	1053553	1061075	1440959	1509112	1579849	1318233	1288099	1576791	
0.1152	0.4008		53941	52067	37948	38757	51612	54467	44778	52148	58562	73151		1735545	1372454	1133190	1012885	1286232	1364887	1198162	1125002	1333201	1369604	
0.1444	0.1545		66409	60269	55603	80537	78947	60510	48168	47061	65643	52820		1456698	1289396	1194521	1480486	1725527	1545109	1186202	1070158	1403251	1222139	
0.6809	0.0813		55023	49400	82639	61934	60248	51927	85431	59237	85080	63637		1271545	1110234	1512733	1310324	1356880	1591728	1517572	1579379	1623002	1264563	
0.8779	0.5205		103303	92288	89808	94928	66557	66573	72839	100050	80700	97516		1456018	1362249	1308095	1586013	1351492	1348042	1447454	1617749	1413947	1446277	
0.5022	0.9051		85147	79049	93260	92299	90456	78881	75172	59828	59199	87784		1354174	1564969	1503793	1744815	1547706	1392034	1360079	1204596	1300800	1406149	
0.7108	0.9536		87344	91287	99868	85934	84863	93097	84776	102277	97017	89520		1289821	1651314	1466545	1404895	1341190	1358768	1360626	1577747	1562098	1440988	
0.9822	0.7272		70478	72554	94349	73992	122417	98885	73666	100569	102052	101737		1213104	1114731	1289434	1150790	1416637	1325366	1249526	1443879	1465202	1486000	
0.0576	0.0974		54859	53597	58659	43765	83378	60602	52590	46163	53065	54935		1316150	1276565	1537837	1308776	1579083	1457300	1297616	1335330	1328779	1436101	
0.1737	0.775		68286	66543	53324	45322	59561	59987	65498	68468	70110	50375		1263505	1383853	1222319	1156569	1254401	1288123	1418389	1290706	1342483	1219958	
0.0718	0.2085		76544	54368	57321	86365	84404	58179	53886	63228	74420	59090		1547334	1290790	1290750	1452861	1557486	1354978	1299669	1465109	1398123	1607761	
0.5769	0.8845		64997	62784	64507	88401	76431	53708	53690	77830	71627	56950		1351122	1409920	1254945	1564367	1302020	1228560	1165303	1455131	1241155	1147526	
0.9452	0.9875		106844	104920	115687	92943	110456	87810	88192	79843	102111	81286		1466232	1372364	1385208	1298887	1764570	1337985	1246918	1202644	1364272	1412414	
0.0745	0.2142		49488	46220	49318	39620	68616	56426	46356	55457	52231	72133		1232281	1136090	1202731	1138400	1322597	1361035	1220078	1407585	1565186	1227289	
0.2415	0.3144		70677	58172	72818	53351	65952	55140	54756	69544	72152	71499		1278778	1089170	1327937	1253747	1250738	1397733	1294526	1164980	1220719	1307665	
0.6849	0.3653		44749	59906	43403	43760	63244	78712	64733	48906	57972	81601		1334282	1328317	1286052	1125948	1498394	1721923	1378576	1280406	1336155	1586428	
0.8913	0.2798		67345	63683	76692	62710	95539	77953	64948	81828	96099	65202		1230996	1282662	1349310	1221420	1500915	1343517	1305558	1361142	1455888	1301002	
0.657	0.8272		79819	84509	86237	105391	109889	100715	68080	72861	108366	97060		1346232	1364863	1396016	1697466	1501295	1288137	1043237	1186923	1447975	1699344	
0.1362	0.7525		88203	65762	90354	84551	87332	63303	49758	54218	41696	58127		1675331	1488507	1220420	1296450	1532625	1402848	1081565	1085186	1038146	1263680	
0.482	0.6852		90546	76794	93775	53791	73138	72171	94332	58008	58956	57545		1362994	1574698	1498788	1138512	1471053	1563861	1728408	1419490	1304598	1267530	
0.4149	0.8766		69907	86716	84695	75284	50016	60043	51664	76922	56583	56674		1401988	1517265	1455488	1254480	983844	1355656	1197518	1394774	1282851	1281782	
0.4363	0.0869		61310	62580	53976	55421	62947	73524	55133	53787	58796	57223		1633713	1407888	1351775	1269498	1450264	1282508	1241392	1186534	1185841	1309112	
0.6556	0.3671		61559	60502	52356	67832	82937	65111	91415	52194	52658	64821		1057209	1109235	1101543	1186411	1232589	1348184	1613663	1225233	1259512	1373949	
0.8068	0.5431		96450	69952	78446	68747	70181	111966	94673	97057	100291	89217		1490486	1287641	1331746	1220836	1196552	1595507	1497310	1403539	1629679	1443824	
0.1708	0.3001		59162	67544	47295	84091	75676	82831	91691	82755	52750	95543		1273204	1385864	1036555	1396850	1586499	1576354	1667661	1517875	1238125	1621061	
0.443	0.9387		101667	72295	80343	79642	80628	89358	80544	73043	76549	73038		1680172	1388738	1366992	1406563	1417322	1441462	1510034	1377661	1329527	1334462	
0.1544	0.727		69897	77218	71290	65413	93414	77178	72327	64026	78172	57099		1345975	1264007	1381200	1430747	1329854	1240386	1362199	1322489	1284196	1184471	
0.2172	0.5639		56445	76173	71995	71103	76743	64385	80299	88275	91136	76875		1073880	1325559	1438233	1335243	1283038	1544615	1231143	1239417	1338686	1470351	
0.3914	0.2104		52548	54616	62674	82114	64072	79011	89822	54380	63588	82770		1374331	1324262	1434909	1781236	1430682	1754025	1596256	1129707	1436938	1693222	
0.8542	0.2135		92429	94299	91094	76843	60208	60562	101223	70814	63383	68445		1504010	1749988	1374095	1482930	1615132	1383090	1481917	1404343	1348891	1412844	
0.6722	0.4199		76869	118849	87935	97449	75414	68228	91461	74496	75664	75218		1323224	1387586	1515432	1362501	1279939	1140135	1359166	1095879	1251439	1223987	
0.305	0.2844		41353	60823	58543	49821	60358	49657	71315	48801	58178	49863		1038548	1499039	1453299	1165451	1331824	1436137	1386024	1257115	1259654	1362307	
0.1642	0.9997		63130	61410	70940	62118	51274	52668	75498	72992	85815	85666		1255252	1137492	1514422	1181530	963948	1174996	1299234	1289601	1539345	1203890	
0.7997	0.3675		94623	75640	68994	55964	64791	82136	63012	58392	67113	76625		1571989	1417019	1248993	1321558	1153332	1362293	1146510	1125929	1273064	1342589	
0.4726	0.8008		61440	73289	100219	95076	72592	76041	62614	80163	62891	82583		1260241	1363219	1657865	1467419	1344456	1180045	1073806	1192227	1085993	1329694	
0.9885	0.2261		92042	76788	82156	64066	67706	68056	51331	60656	50529	67807		1486189	1221929	1302351	1323646	1215007	1217087	1226204	1122671	1154123	1291470	
0.5914	0.5203		89468	68264	97619	75470	59318	59438	60766	85083	58829	66159		1342378	1216996	1246556	1343256	1147752	1259883	1212409	1230021	1025248	1282792	
0.1027	0.7257		73070	60484	83395	70621	72322	75674	54137	69718	77703	74157		1212079	1020732	1261088	1236547	1265496	1270238	981852	1268564	1487683	1286959	
0.8994	0.1341		67036	53634	63708	73212	71776	63617	73744	62929	58098	61443		1361910	1329076	1298291	1436666	1468991	1261715	1334465	1242877	1284696	1324473	
0.1939	0.1015		63195	60897	62982	63859	51318	44136	58545	47719	44774	63763		1516235	1650197	1555639	1541724	1282725	1301265	1407569	1272253	1440464	1520625	
0.6243	0.8438		93769	87285	81944	87385	100590	62626	70887	66672	64229	92366		1451064	1190697	1389339	1384054	1310654	1250695	1293285	1323829	1257160	1562118	
0.824	0.2829		87503	65715	76843	59057	75827	81367	53087	90413	83199	70516		1323485	1202946	1458416	1523948	1383467	1338785	1078497	1728129	1310434	1286401	
0.1461	0.83		70664	73390	65365	77541	52993	57205	80821	80781	54907	67219		1171286	1276670	1204489	1275337	1082429	1232163	1364639	1316233	1022548	1333993	
0.5337	0.6587		66199	58106	93855	56153	76356	71170	77053	74782	93398	65785		1460838	1101366	1386601	1132510	1287180	1361703	1363678	1342776	1669799	1279703	
0.0561	0.2073		52371	52279	55760	93605	70521	69065	86314	79394	51326	50403		1019173	1220724	1237301	1516348	1289578	1441132	1635429	1703496	1195514	1078729	
0.1009	0.8234		54207	101036	74666	52865	64296	67018	67062	76868	84524	78517		1183926	1757413	1321541	1017019	1293050	1243890	1371738	1538700	1277270	1310863	
0.4568	0.7497		90534	98716	87884	99228	83921	100370	83770	98792	91361	92618		1244402	1325168	1263105	1397592	1282108	1297236	1271794	1619777	1330767	1494785	
0.425	0.2325		62118	63299	73186	69931	69128	70503	67061	64285	70468	77031		1178879	1020514	1208656	1200767	1268804	1206034	1337682	1318935	1181997	1243896	
0.7979	0.3705		76739	80530	76557	82893	90520	79681	73762	64561	92642	76819		1456185	1283518	1386276	1443969	1453141	1353064	1530662	1541063	1451379	1445476	
0.1649	0.051		68659	65824	60181	49511	72438	65738	49026	65471	71598	40811		1220034	1465564	1322167	1282567	1465957	1293639	1296768	1508185	1430306	1185109	
0.8866	0.8228		79515	95925	73469	105991	100570	85277	109942	91260	108862	73879		1326923	1486844	1144841	1510147	1503906	1496387	1554435	1370090	1703453	1201190	
0.5198	0.5785		81197	106452	81065	67662	83478	80573	75291	61871	75058	76053		1313042	1706340	1420025	1276583	1221937	1311849	1332111	1195329	1245483	1577029	
0.0605	0.0633		56589	49025	41813	74849	52337	52745	59684	51376	47548	66516		1242980	1305660	1182219	1535463	1454470	1506378	1253122	1447884	1388150	1759561	
0.4861	0.5757		81525	48867	67781	56287	70516	83841	90524	88241	75739	83897		1522789	1032779	1299026	1396684	1432592	1259441	1413474	1456228	1403548	1521700	
0.5877	0.6494		75377	89098	79059	88790	70997	65183	78541	97096	94246	67573		1279697	1471387	1343674	1188987	1228727	1228063	1426520	1470839	1575081	1049474	
0.407	0.4104		75163	108947	70242	104143	104745	69375	97860	84160	74267	99271		1400219	1563473	1203039	1467160	1478050	1255909	1270215	1344030	1278198	1445537	
0.1128	0.1276		67638	73044	63123	87324	89888	70172	86875	91426	65108	104290		1371167	1427126	1227027	1568363	1368437	1277237	1566311	1450506	1358084	1560924	
0.8383	0.2741		68948	72129	98470	78158	97670	67221	100712	107886	74010	98673		1191513	1291797	1604535	1455633	1545025	1374742	1418943	1706156	1413141	1636660	
0.5342	0.3859		73700	84748	87750	76704	63804	89529	69822	89455	85470	80903		1393258	1491736	1727258	1596395	1299088	1469315	1176084	1341761	1253591	1353782	
0.2131	0.4649		90450	58349	68018	64354	80173	61362	72600	67039	79217	52963		1433111	1064065	1316690	1153505	1470079	1382207	1298911	1315017	1412597	1133733	
0.3608	0.7739		69079	65413	55467	60697	81646	83366	68731	67996	56286	82991		1584439	1442026	1353144	1282810	1473801	1525181	1346948	1432961	1294708	1576619	
0.9968	0.553		81000	72063	83014	88916	92242	106621	111032	76753	109509	94231		1207779	1098151	1255069	1287442	1466283	1479746	1367498	1223774	1519372	1308291	
0.314	0.5873		81591	64864	60167	63352	66308	44361	54005	57656	53615	56896		1432994	1540496	1238503	1176776	1068338	1090872	1291627	1424775	1295355	1589216	
0.5549	0.1102		66111	61384	68594	55357	72604	49244	54644	55349	49928	42105		1300028	1358330	1378296	1401284	1391127	1233551	1485114	1358507	1186778	1378370	
0.8823	0.5216		88096	78614	91840	62342	63698	87884	66679	63277	79030	72343		1252765	1597020	1322118	1306489	1426893	1489726	1370628	1284079	1474317	1381778	
0.6784	0.9072		62879	83049	96570	72342	64382	67103	55665	86332	66149	74495		1291452	1406397	1577336	1301138	1200736	1300008	1032465	1268224	1272096	1310225	
0.6135	0.452		68924	90038	63653	66615	83787	66375	95362	56584	59211	65602		1369838	1540990	1234669	1566036	1335565	1531299	1592576	984384	1123053	1261168	
0.3051	0.7953		76118	60009	72502	89547	49737	61480	86986	68005	51895	64890		1357811	1238574	1359308	1491301	1165520	1482451	1690008	1294580	1240285	1396928	
0.8936	0.5478		119128	91053	75448	105603	94280	81547	91391	91948	75879	82335		1537027	1318109	1142776	1421684	1212322	1155937	1227866	1330902	1288692	1264370	
0.0657	0.0826		38446	55936	40579	34328	40821	32006	33079	47765	45513	52844		1216132	1395462	1183476	1168398	1193257	1093961	1097065	1309282	1379503	1556129	
0.1085	0.904		97551	98248	89830	76629	110193	91959	70316	59935	66502	77225		1338087	1670674	1499599	1320125	1285042	1568774	1254886	1137870	1143831	1173097	
0.1481	0.4208		61280	59534	51252	49604	75317	59613	74521	48604	50059	52695		1401648	1235608	1185260	1260601	1449931	1326315	1404016	1193859	1230723	1180328	
0.884	0.527		81670	98614	103721	95564	71443	73291	79350	87980	104121	69299		1393708	1378250	1736430	1744204	1359932	1297707	1528830	1751620	1533736	1315106	
0.3338	0.2958		64948	66760	59982	49156	38935	41433	39737	30960	59011	51568		1602603	1501221	1319057	1240415	1094574	1097684	985420	1137951	1263167	1251933	
0.3341	0.7765		97982	94676	81905	102062	79324	73201	88967	87219	110899	103825		1678359	1368660	1340184	1317339	1075679	1055574	1328574	1429797	1364522	1600231	
0.2256	0.8384		59834	54731	73715	57624	79636	56533	49768	57286	57758	66117		1232983	1209962	1417812	1399576	1623179	1370803	1302285	1433314	1267607	1154832	
0.8783	0.1756		67151	71935	63508	64019	79111	72758	74361	93817	78678	72636		1171088	1205385	1131237	1273692	1447898	1226114	1368664	1514078	1186431	1384337	
0.7977	0.7613		96170	68094	76083	88240	89391	97151	107507	101118	100191	92353		1323097	1206540	1247816	1321670	1414518	1491916	1640218	1653781	1311863	1453465	
0.1207	0.8213		61888	59097	92341	59846	65806	51051	50841	74450	55161	63678		1278403	1347927	1537070	1325230	1332348	1214416	1129493	1461842	1163900	1330853	
0.2161	0.2919		96989	61014	84746	63132	67205	65470	71091	92255	81050	70978		1573957	1237895	1392628	1330448	1498646	1210107	1295220	1462738	1468440	1390299	
0.4884	0.3607		59748	75951	54472	47257	53670	44114	54794	62355	46902	42560		1524400	1739201	1322766	1290853	1265203	1273229	1283688	1368053	1268583	1186141	
0.835	0.6544		83617	79336	70421	92738	88344	73696	98487	104839	102564	75112		1261449	1342434	1166897	1428349	1320063	1199572	1658114	1638431	1453562	1153080	
0.4044	0.3918		63177	63559	56159	58402	64187	88532	55473	63013	71191	89041		1199613	1034398	1140124	1265862	1221449	1437819	1232494	1448766	1220044	1193697	
0.5774	0.6989		74884	69668	55962	63317	72463	55127	85035	67987	48672	70565		1266197	1420401	1286358	1299823	1224491	1176172	1242011	1183253	1351864	1230935	
0.3364	0.2254		65696	68939	83018	56022	59229	46577	80604	57561	78831	85798		1521378	1472797	1604044	1459100	1325045	1117757	1683521	1241960	1250030	1511821	
0.8733	0.578		72376	82647	78045	60533	55949	97465	95596	71455	71975	68414		1228184	1244834	1260993	1065959	1249887	1393447	1701989	1313295	1467062	1343082	
0.9724	0.2339		72843	64628	56038	82912	80682	91247	91576	78857	66522	62879		1339319	1277887	1279551	1365665	1623833	1428000	1436798	1449854	1251074	1468849	
0.3197	0.5476		70938	63171	78324	81844	81530	85422	86491	71801	64256	63737		1265600	1275170	1549680	1561335	1418771	1574017	1338445	1247299	1357899	1324513	
0.5225	0.1097		57710	74862	49023	86609	70735	50244	63030	71027	49830	49242		1195929	1220486	1221597	1493914	1229345	1163321	1538597	1382084	1221822	1222567	
0.4563	0.2247		84530	54865	61674	61572	69506	66997	68162	67038	53680	70219		1550927	1100590	1179046	1259811	1378938	1233951	1274186	1221545	1084151	1144645	
0.3949	0.4767		42665	62215	72665	58262	59091	48170	49724	70920	76490	55404		875825	1214291	1308836	1200984	1209847	1071736	1069143	1277951	1579274	1203401	
0.5895	0.2169		60542	82514	56184	76008	76105	50441	60281	53475	76087	77318		1525718	1518995	1263031	1183344	1612164	1134035	1461629	1217307	1589957	1302478	
0.1295	0.647		57933	47733	63639	85781	76505	54312	78440	57273	61151	62217		1290392	1167810	1304921	1692500	1341139	1213710	1416877	1210087	1356581	1158916	
0.4323	0.0873		51743	47132	75616	90615	88004	61440	56299	75619	77664	60596		1134356	1131273	1362646	1370720	1758613	1347866	1353187	1527473	1518254	1269688	
0.5683	0.7846		82462	95510	82748	85669	78602	83697	67765	108618	84171	84206		1441241	1455725	1396165	1232584	1348426	1419031	1149291	1695890	1615088	1296813	
0.1632	0.2928		79484	71078	76748	88611	100545	69055	83912	79065	83671	59679		1354518	1262566	1195405	1284137	1387987	1358564	1252176	1277416	1532277	1057750	
0.2567	0.7992		97624	63424	62312	55772	64328	70061	56939	69888	70790	83801		1448854	1332360	1291263	1362433	1243733	1271608	1283940	1303690	1345158	1627215	
0.7323	0.3023		66479	73669	68660	69270	54503	66951	92764	65516	79203	62175		1198496	1308354	1333968	1212367	1189985	1346281	1733978	1208996	1550899	1417582	
0.6027	0.8295		80050	60867	63293	78818	63211	86359	58084	57370	60339	56621		1423024	1483086	1209332	1604190	1257731	1618075	1243115	1052563	1213537	1257837	
0.2116	0.9557		98790	100981	82430	81339	65539	68403	72780	74677	99191	82964		1356765	1408056	1376178	1290416	1475870	1367978	1296331	1363974	1473750	1410054	
0.94	0.2085		61919	75002	65840	83516	67083	86413	86597	85932	77563	76194		1320703	1538402	1365070	1296284	1126217	1345923	1410058	1435074	1376189	1442155	
0.7917	0.9678		89715	106061	74014	89943	72631	64206	77660	75731	86237	88340		1455951	1475139	1340362	1444744	1286495	1110101	1341223	1253662	1770723	1690313	
0.5324	0.8307		74196	61011	102273	72021	95905	65956	96877	73352	83256	82875		1498775	1067998	1472238	1260105	1695093	1359865	1429422	1488865	1451129	1418671	
0.8811	0.4554		108304	96106	66957	70749	83544	80876	77533	87313	71134	72905		1618517	1364024	1314757	1306394	1408541	1429587	1257246	1335642	1263659	1309594	
0.5017	0.1759		65098	58648	52526	62805	58411	52731	51318	77249	52623	75824		1411961	1632729	1389734	1570031	1242961	1144179	1532055	1579366	1226409	1354948	
0.8544	0.7429		78185	90906	103231	94942	95871	89112	86032	82800	99777	82817		1198751	1368332	1523849	1344756	1514135	1519884	1346760	1199133	1259545	1287360	
0.6268	0.8131		64944	56721	50192	80378	80088	79607	68177	75597	77209	81808		1243983	947010	827009	1390862	1524947	1471870	1261966	1360996	1303276	1396992	
0.6362	0.3359		43961	61977	52648	51889	59711	61516	44661	43055	62436	65194		1144653	1385906	1315565	1244010	1290126	1334299	1005485	1015527	1569006	1317377	
0.8127	0.0727		71797	94807	92834	76557	77885	65171	69671	89980	66407	85038		1216957	1584294	1572819	1642555	1395731	1394256	1541145	1446983	1496163	1635103	
0.3785	0.6289		101603	85639	71964	77758	60519	86129	71846	66940	76413	64901		1421876	1379853	1449272	1335821	1138595	1367520	1227922	1360381	1223051	1090240	
0.3432	0.8461		89469	59627	90455	86843	103026	109112	111050	84955	88262	89712		1277097	1217287	1214091	1280397	1482534	1724171	1650724	1615520	1354354	1435263	
0.5078	0.1862		80747	57081	58446	79453	82041	89919	59573	60239	69870	70586		1509212	1193205	1219328	1439558	1478748	1316273	1315803	1358121	1301993	1425374	
0.7958	0.5017		59797	60687	86868	56800	94277	77734	58610	69315	63458	77891		1313360	1231615	1311407	1302430	1530765	1450385	1165351	1320057	1407373	1423916	
0.9363	0.3908		60035	70679	60538	64155	89923	68799	79220	106293	75480	73374		1050390	1334277	1077656	986413	1289520	1405449	1419139	1357426	1621165	1266492	
0.497	0.6397		78654	92328	81516	109938	80943	71308	70320	94230	96128	77953		1473730	1431264	1526412	1615672	1290728	1333019	1307422	1478831	1482107	1443862	
0.1301	0.3241		57169	54790	59132	84290	50954	51786	58491	51256	50865	53060		1260466	1184737	1218264	1477858	1144127	1183395	1232463	1253132	1193788	1159672	
0.8107	0.1694		82548	86807	84893	73324	87599	94158	76589	63378	78072	87281		1266756	1406511	1421587	1281087	1486940	1553694	1338335	1204554	1165362	1419332	
0.4821	0.7085		71968	71364	91749	82202	69688	64867	100874	77019	91850	58222		1510597	1324138	1517787	1380658	1444000	1261168	1453908	1317382	1582193	1332970	
0.1928	0.1842		48511	54442	48574	41347	53568	40423	52837	63052	64828	68806		1517865	1173803	1288771	1169794	1254031	1182977	1380900	1445965	1438094	1294945	
0.6667	0.2806		60319	93238	72721	63167	90249	72502	81103	78297	69722	63691		1153918	1234275	1425064	1336827	1647272	1296073	1581064	1414279	1250722	1322720	
0.5746	0.3165		99988	59909	62746	55229	56043	71210	73063	79820	72523	65372		1297251	1063729	1096930	1162497	1077162	1268217	1280545	1287137	1337917	1134159	
0.5039	0.1195		58864	48964	51599	68105	63956	57125	59211	63986	72982	50460		1283179	1195658	1171647	1479153	1266314	1260015	1433202	1362614	1419716	1195961	
0.8766	0.9763		91015	73058	82328	84252	80278	95692	97989	89678	82916	78487		1603021	1350608	1425652	1368043	1326044	1443907	1627934	1441764	1328613	1477177	
0.9473	0.3549		79734	75770	83414	78892	68231	77557	80505	88154	107201	82062		1116995	1253710	1273824	1427417	1372183	1305188	1486475	1520739	1466193	1363026	
0.368	0.418		67566	82253	67875	55925	68552	67553	82049	58669	63731	86349		1418874	1588465	1440104	1319581	1314096	1336122	1653635	1269714	1431608	1464165	
0.743	0.5219		79232	76444	73422	82417	93171	69791	79001	56805	61567	84384		1293959	1207970	1251601	1255689	1439655	1279944	1399200	1153228	1023816	1347509	
0.089	0.2877		73613	53938	49854	37872	61182	59478	71366	59169	70853	50148		1382780	1601401	1241716	1130799	1261615	1249869	1223335	1241554	1324233	1195939	
0.0963	0.2143		47165	46673	41568	51627	40533	71136	40892	48814	54831	74275		1168482	1096014	1043632	1097301	1051324	1238688	1037800	1168551	1123605	1436062	
0.9809	0.2906		92136	87013	96740	90618	107191	98928	87592	69441	86881	86660		1292545	1296402	1371104	1225210	1669371	1314065	1205358	1124560	1308091	1511470	
0.9026	0.3379		63969	63907	91992	60289	75237	69576	71796	67101	89727	83546		1180854	1552226	1558910	1193366	1307632	1300681	1407895	1246217	1433434	1468972	
0.5502	0.983		73588	59157	96760	72352	69091	84523	60859	78820	98793	72842		1294606	976559	1230948	1270750	1170701	1351738	1229723	1509474	1668696	1348153	
0.727	0.6139		70293	86363	63843	86411	74947	57161	74382	74047	61806	84536		1277856	1447153	1236690	1570295	1252646	1183259	1449098	1509858	1199074	1577488	
0.4137	0.3284		62440	55046	40650	55627	46094	49526	54561	60716	54374	75344		1309170	1203510	1019382	1263366	1236261	1192892	1455439	1258251	1425031	1541095	
0.1068	0.2351		52721	51399	79863	66649	54736	55158	51845	49835	58588	53869		1320487	1080981	1733236	1429931	1213035	1215851	1189076	1173744	1246974	1271595	
0.1839	0.2138		44627	71474	46973	64372	67589	43941	38999	54026	44706	52036		1227368	1427685	1365170	1640580	1513456	1183704	1123561	1302452	1240451	1292293	
0.8843	0.7909		85896	101307	92386	78673	86034	89979	100784	79920	100816	79959		1277084	1501368	1256325	1150292	1274425	1342887	1609498	1240883	1205761	1137910	
0.769	0.5153		58906	87324	89257	87528	71639	67719	62004	74229	95421	63023		1375072	1509867	1554950	1593338	1470981	1489640	1321485	1374628	1792460	1283521	
0.3088	0.4177		62835	72248	76542	89246	76120	84993	110168	98534	66227	96297		1183116	1246490	1252307	1360920	1273804	1199138	1343228	1548043	1144455	1505967	
0.8256	0.1212		63039	71268	63212	68138	84050	102281	74076	70652	84298	55494		1168819	1206873	1213630	1158840	1414513	1455684	1327327	1381259	1274637	1240249	
0.7364	0.2896		74628	80014	66860	58199	58358	67854	58432	73739	55993	86717		1330881	1542731	1396267	1118585	1308259	1134399	1212463	1288786	1296291	1332436	
0.5923	0.5974		71232	94107	69552	64350	55676	69040	95915	78508	82968	66066		1210349	1560738	1221464	1230728	1319115	1451516	1382167	1262321	1336396	1300653	
0.7639	0.3329		76473	87759	67188	101542	73773	74351	76432	74608	61155	82464		1327922	1345214	1443444	1460475	1190551	1419813	1332919	1228035	1061159	1367155	
0.3938	0.5282		64886	77863	74427	69156	80700	76437	77470	53093	61980	67570		1467988	1478810	1521983	1428906	1563373	1655566	1456383	1245150	1504519	1401974	
0.4793	0.3494		73420	63753	66007	57091	59647	58622	60993	64800	100701	52169		1272289	1366920	1209978	1120097	1171617	1156082	1028300	1222500	1303069	939259	
0.4084	0.28		51768	80890	77994	66420	72302	56915	63622	74528	59114	90281		1200816	1510750	1354521	1382250	1340352	1298068	1175464	1452700	1459078	1575154	
0.1301	0.6423		80241	64605	55021	76356	81453	54401	63090	76567	80541	53632		1365210	1250883	1294435	1454952	1429546	1237658	1206078	1517105	1537745	1312813	
0.1333	0.4841		76566	56043	41827	37314	39356	43317	62273	50141	53224	48168		1370675	1446677	981907	932202	941377	1189958	1273008	1108433	1467774	1177328	
0.1681	0.9555		75214	78388	70682	83446	77872	69242	81547	109033	100136	85284		1217696	1305670	1226249	1324656	1276215	1258360	1434119	1454817	1483467	1400132	
0.2763	0.406		59238	84449	56536	76610	63678	43978	46895	66015	53423	74023		1259664	1479738	1359404	1371492	1285011	1070201	1027679	1542707	1166276	1482745	
0.2113	0.6161		84564	76563	67668	90832	90219	73092	73674	60263	66142	64804		1359175	1360527	1380952	1313898	1438496	1405512	1326602	988589	1274241	1324784	
0.0582	0.9557		66974	66534	72352	73834	91375	94296	82510	105689	57342	96753		1196783	1238704	1321091	1336869	1576085	1638686	1232484	1510093	1129088	1343010	
0.9133	0.1091		71554	104678	101928	76889	67263	89382	101072	70025	63140	60402		1373323	1447745	1552110	1352476	1052613	1283408	1555806	1238431	1044653	1183303	
0.8899	0.2557		65339	87124	59064	71430	83649	97915	68005	64618	60961	62799		1250333	1201055	1214123	1263858	1305623	1507957	1193503	1039202	1055272	1207799	
0.3456	0.8087		83556	96190	56641	78428	62399	66109	93966	71544	82054	94097		1757487	1481033	1111831	1401764	1244345	1286362	1629623	1342712	1415470	1620328	
0.1992	0.2375		96410	56932	56960	76575	76845	72169	52208	49729	83625	46197		1580878	1295465	1258404	1585556	1465889	1199730	1160964	1173555	1256716	1110852	
0.731	0.4838		61341	60292	71100	54229	83999	72373	64612	71413	85613	64454		1153704	1282050	1318764	1205533	1360234	1227850	1195320	1452807	1560396	1512330	
0.8385	0.7213		63745	59403	73355	65282	71888	80184	72797	70760	64206	69409		1101889	1207209	1185709	1274228	1300533	1352439	1321888	1255627	1163271	1155125	
0.7637	0.6371		102642	96905	104016	120982	92072	102554	100782	90282	75900	74799		1444351	1448041	1579283	1522140	1230229	1490905	1629449	1313637	1285922	1216380	
0.3323	0.929		60938	86828	85915	78268	87202	72687	88684	75203	69559	83579		1153811	1337660	1341219	1250001	1248913	1335210	1454708	1098084	1096431	1443280	
0.948	0.4498		61394	91757	52559	58900	51532	59507	90278	91841	92252	88396		1338440	1601098	1063054	1136929	1218691	1243432	1506269	1375706	1600781	1456339	
0.0795	0.1226		66167	50475	51015	61877	86488	57781	71858	60531	79385	58769		1323258	1117280	1148324	1309011	1278328	1387478	1463042	1244832	1415844	1299408	
0.2713	0.1093		90523	90672	65328	91796	69938	75117	80209	82678	64930	64980		1240702	1551533	1138644	1286435	1486961	1424936	1325626	1232770	1194082	1174762	
0.2863	0.6002		82721	98663	73589	99808	105678	66098	110910	87794	68587	79110		1238457	1393960	1313974	1571538	1536697	1248253	1529913	1234591	1343266	1302348	
0.2587	0.3843		46934	63545	67309	69723	51150	59048	48767	67453	62646	47388		1183154	1298537	1276630	1407804	1303791	1255351	1334328	1248911	1121874	979737	
0.403	0.2111		50865	71963	78535	53436	50850	51563	60121	84975	55503	52053		1219254	1415726	1495792	1182712	1206125	1071699	1256194	1509898	1398522	1192036	
0.0713	0.9952		75313	91752	75193	79029	78130	104891	81707	76718	76071	71795		1265017	1339431	1420239	1445265	1470665	1373869	1112021	1306738	1300417	1281719	
0.1436	0.5586		53641	82722	72261	54487	52136	65269	70949	55542	65913	63137		1458708	1443032	1294749	1130419	1214364	1273046	1216792	1192483	1140618	1459611	
0.0578	0.6479		63310	57830	59258	59779	70732	79637	87960	72777	65983	66895		1425795	1337601	1286168	1339254	1369854	1453064	1574114	1445332	1401557	1342198	
0.9751	0.4438		100903	71620	88270	89713	108924	76905	108739	108586	86121	91387		1467431	1173324	1320980	1400829	1578011	1339711	1772844	1615154	1353399	1553101	
0.8783	0.8359		88529	90148	114041	107322	75798	83565	82920	97169	83951	94613		1287962	1455003	1516885	1638889	1383126	1404037	1451420	1423551	1352709	1399039	
0.6941	0.6803		98423	66403	67670	71542	79077	70355	62546	91423	72357	65756		1380758	1351482	1214801	1438599	1367228	1325394	1568904	1771078	1449371	1256351	
0.2225	0.7052		53261	71146	47879	81625	67742	64839	71143	53190	77980	54405		1158164	1285421	1316089	1557156	1431021	1592933	1320323	1475449	1542172	1183353	
0.9943	0.7574		67691	58699	70523	81736	82445	71042	81094	71875	70746	96383		1250039	1354088	1392229	1394409	1308282	1325653	1575688	1278433	1389247	1293678	
0.1034	0.1141		68595	69498	61636	72256	92880	53049	69162	99594	68936	73001		1334274	1345966	1227049	1292284	1447318	1419827	1567998	1594114	1394798	1531678	
0.6329	0.8474		76117	76326	75893	99765	76696	77355	72073	69433	87882	74900		1440961	1394565	1459883	1663251	1522707	1398627	1444865	1354886	1592151	1615787	
0.5564	0.5395		60488	57489	64098	57906	77576	53183	75747	51530	58274	71756		1185251	1291116	1270629	1223377	1402307	1279186	1387904	1140168	1334928	1299593	
0.7959	0.8808		94953	102392	103344	81243	70753	88242	70312	76991	68875	63106		1506284	1517132	1680344	1369438	1183206	1321041	1165305	1274030	1165304	1078309	
0.9659	0.5661		59373	60533	78393	75083	85869	71412	77995	77332	71112	63223		986275	1004708	1129856	1135729	1275126	1292980	1238407	1232684	1112200	1010727	
0.4617	0.8652		68560	64050	76569	86579	65491	65185	62493	68794	67112	66075		1352857	1326313	1448761	1604516	1315594	1240438	1522363	1349302	1205885	1274019	
0.7625	0.3596		59611	99821	97339	69569	60216	66416	84127	86529	99419	65775		1189980	1648295	1470297	1209291	1064132	1210807	1295384	1448383	1353711	1088952	
0.6789	0.6726		82927	71975	88850	103476	76359	61989	86096	80677	74301	72792		1199417	1337444	1211071	1657204	1257861	1094447	1299148	1411731	1246780	1283834	
0.2176	0.5367		90596	73133	82833	54997	66649	55259	62611	63443	58843	95326		1399747	1339330	1362777	1138831	1290861	1272756	1400541	1291956	1169425	1486770	
0.471	0.6222		79728	85978	95600	88071	73017	102297	83893	102561	74465	99983		1367212	1170072	1347555	1394406	1177524	1710612	1300896	1245585	1224939	1366993	
0.7292	0.3105		50546	47758	49123	48012	93604	70838	85443	70634	54648	58886		992782	977189	1018696	999127	1411438	1371972	1731495	1370949	1136167	1185144	
0.7728	0.4533		73704	70120	93602	79958	65924	75570	84300	74560	68603	93692		1292158	1267191	1558064	1286143	1202659	1271758	1243634	1280655	1420003	1388523	
0.5308	0.7901		74567	82432	85948	97807	67853	105709	93228	114445	72136	109748		1295706	1374728	1404041	1335928	1184949	1646079	1247281	1607298	1233757	1481440	
0.0936	0.5557		67669	80624	91011	93356	88725	66401	53532	54785	86485	86774		1453010	1428967	1487384	1581715	1614188	1187111	1071891	1221049	1437957	1402831	
0.1291	0.4222		56908	77343	68942	59947	56222	75933	62990	66906	65627	64082		1127163	1260330	1331694	1170188	1240509	1490793	1272732	1275907	1269390	1186428	
0.6764	0.891		73876	72621	64740	58488	73197	97583	64216	73684	82310	84540		1226087	1252069	1248961	1163458	1418281	1524277	1114964	1232555	1425469	1275973	
0.5141	0.6123		65761	64517	65646	78654	87276	92937	66383	98920	81083	79381		1151442	1206851	1188898	1210138	1337451	1380990	1272926	1506756	1485776	1613323	
0.3206	0.7841		58730	78059	85012	44512	47449	45245	66134	52919	52070	52890		1326783	1380722	1589892	1176406	1142221	1208695	1415203	1225712	1197154	1223200	
0.8607	0.25		63207	68723	68925	64175	94420	82953	79582	89678	96172	60703		1214469	1335530	1424335	1301235	1522539	1343560	1521756	1420876	1664777	1267823	
0.074	0.7161		48469	48512	48458	52436	62116	57334	47168	68517	71810	55079		1114731	1251048	1216312	1282328	1270609	1251192	1163440	1396135	1431522	1417645	
0.7529	0.1652		70776	71908	68884	73731	79341	61776	61075	66756	84663	65837		1481045	1304434	1410913	1307047	1526378	1283825	1516264	1266192	1331871	1373015	
0.5696	0.8216		62389	65051	71203	73627	82746	74776	88370	65066	92249	80625		1191934	1285512	1310429	1426929	1357134	1506524	1420143	1437762	1390039	1289538	
0.3605	0.6925		45021	46200	60302	59725	78998	59821	78933	64434	80374	46907		1036496	1022745	1266317	1502143	1590423	1467674	1398257	1329884	1575762	1162632	
0.3572	0.6891		66300	53798	67991	79610	81709	84050	54099	67265	68256	79584		1081395	1136947	1220092	1439131	1298186	1409164	1131930	1336482	1337469	1354352	
0.3612	0.6779		45419	63657	62280	74493	76320	49862	74171	85930	53258	66030		1248653	1340974	1363952	1488097	1440827	1271730	1503753	1499021	1365252	1353514	
0.4544	0.0734		70665	74006	68647	98431	83577	80020	79645	96118	69708	79927		1437971	1390798	1304678	1633584	1516113	1317533	1345098	1445999	1329197	1502818	
0.263	0.7357		54679	54989	63310	71911	56174	65814	68370	53037	56787	59735		1137587	1204865	1293886	1212956	1067122	1141867	1107212	1446361	1202848	1209898	
0.199	0.3093		106386	83086	74585	55854	54338	47075	59143	58484	47463	44417		1615190	1564938	1472249	1447637	1286311	1223372	1226794	1397830	1236585	1193628	
0.3261	0.1651		97759	60507	58873	65023	70712	71757	82552	66453	70065	84355		1298511	1091952	1099193	1262583	1274675	1330308	1413209	1183565	1230633	1349933	
0.5552	0.0944		54088	62833	80405	72344	72833	57099	67341	67677	87426	68995		1108145	1310155	1540776	1423569	1369739	1296887	1648795	1472966	1519641	1452020	
0.3678	0.9928		96110	58697	58892	61516	88279	77941	71781	85023	67720	72892		1511376	1231863	1204403	1377230	1431035	1388595	1383904	1573601	1227692	1383893	
0.4268	0.9182		97276	72166	90702	80569	83402	57670	86852	77347	89393	61149		1809676	1381601	1464455	1219947	1308159	1256664	1506484	1197539	1349633	1335408	
0.5925	0.3251		79666	90488	76359	97632	75829	75885	88044	66749	66724	75940		1236499	1513388	1206239	1309320	1321119	1241770	1266335	1154195	1175035	1211845	
0.6594	0.4289		79105	77233	76174	76242	59914	78077	82109	90694	61675	78736		1554331	1242160	1255520	1441583	1111500	1480216	1476328	1316843	1353627	1332986	
0.6495	0.7848		62947	48275	55111	73702	61651	75086	82726	66017	61878	57345		1210616	1154377	1120316	1487161	1285815	1348224	1293010	1248569	1328535	1221497	
0.1115	0.6392		76633	80134	60637	59613	61051	56756	80382	56943	60940	65357		1208310	1702754	1168520	1211569	1484494	1375897	1584112	1292244	1229591	1219533	
0.4615	0.2917		79060	89070	88289	55173	87884	60194	65902	66205	86509	59312		1521893	1651335	1551221	1265588	1659310	1244033	1345681	1443056	1632197	1199195	
0.9396	0.3528		61459	75410	65628	70928	66291	62159	102528	76318	69229	88966		1178855	1449567	1310838	1324654	1267938	1310128	1645799	1505440	1286995	1411417	
0.4142	0.7139		54680	77637	52832	82684	76702	57149	54427	71966	60873	84029		1207706	1294056	1249437	1383191	1554396	1342903	1172419	1668115	1657344	1547817	
0.5421	0.8989		83125	63502	76729	92599	70683	54662	66443	57932	73767	92759		1228862	1165661	1547323	1555599	1294106	1034252	1182508	992309	1393508	1471206	
0.6744	0.3487		89756	80479	86715	76389	83101	82310	72312	105880	74977	81145		1387504	1318279	1381127	1265887	1537821	1352418	1316083	1476368	1237023	1375206	
0.4403	0.5407		60020	52862	51656	56236	58413	62453	49711	49580	68464	64521		1294779	1008184	1063787	1068948	1172729	1246739	992407	990284	1300329	1283163	
0.2172	0.6961		66353	53760	71509	55311	67938	46264	60443	79715	61322	82989		1411087	1253102	1343512	1471090	1403017	1177848	1384998	1556374	1410669	1655649	
0.6502	0.8187		114803	74216	84825	110558	88519	128176	116037	92843	108947	131842		1540150	1225814	1201339	1484782	1309359	1568305	1413947	1271498	1470668	1614889	
0.6494	0.1419		108674	101375	84794	73086	74359	81579	64271	97703	87473	90105		1347704	1372960	1285384	1417246	1329063	1236049	1301725	1457635	1603625	1481740	
0.362	0.2335		55506	56183	59312	50279	83872	101063	62068	70372	55667	62214		1200910	1071235	1179471	980485	1248900	1665729	1220745	1258177	1296789	1049618	
0.0751	0.0892		68243	73960	51253	50367	55278	83145	65528	58885	48209	69304		1396499	1450746	1441220	1211234	1543406	1639848	1449817	1778295	1272145	1186425	
0.5568	0.3758		66132	67027	97597	90841	67681	79399	74145	69593	100508	100752		1263897	1586758	1366151	1533128	1376861	1344055	1483537	1327520	1557825	1581252	
0.5734	0.8373		67611	64452	62232	67340	64065	70741	62727	62754	57250	63729		1188910	1183184	1066419	1038002	1095599	1097857	1112536	1083840	1288888	1330608	
0.8672	0.1403		67057	107322	64581	98747	110192	67145	100707	83959	86049	84036		1474796	1592547	1128479	1341303	1580181	1268462	1587414	1264409	1498749	1542277	
0.5521	0.1029		64189	86480	61741	52155	91676	62748	57057	97687	66922	92670		1192246	1351855	1106357	1029726	1330416	1102327	1035578	1645944	1260310	1378999	
0.0906	0.8605		53811	77465	73113	67039	72875	71948	47251	59042	51727	50555		1276194	1301474	1272236	1383484	1304108	1559696	1259805	1145553	1221343	1173185	
0.6309	0.9763		91023	82014	101627	121457	92635	112542	108854	90324	103093	77250		1184455	1336775	1318917	1461572	1392079	1699164	1343483	1282514	1383755	1428305	
0.0508	0.5526		86368	54135	65916	43426	60171	44613	51423	57417	76162	61741		1576952	1469072	1287771	1228531	1218063	1098351	1206018	1172755	1289662	1271749	
0.9676	0.6813		118076	109869	115887	109472	100071	83313	101166	120196	98910	114859		1484917	1528668	1254112	1371610	1322533	1088026	1159319	1383084	1639122	1650292	
0.2401	0.4254		92886	67186	94437	86011	81755	58907	56467	84543	81048	65767		1413997	1270563	1617623	1639479	1722235	1499525	1295358	1365991	1609347	1600311	
0.2681	0.9133		80382	64632	53756	72929	44951	56995	58662	56582	83231	72872		1553658	1337709	1259029	1378320	1296490	1336419	1252676	1273712	1534015	1727302	
0.8375	0.7802		76764	61456	83333	101022	81065	101170	78236	70254	79842	96333		1424390	1419582	1570089	1646068	1356706	1342174	1472860	1327243	1343379	1417771	
0.3612	0.1193		70901	63975	71386	65323	65691	48830	48416	65556	58240	61855		1442538	1282765	1739997	1679691	1501773	1308772	1246974	1289112	1498294	1728112	
0.3025	0.7572		56469	57446	62422	50778	68343	60770	52412	51785	72398	58222		1255311	1247190	1273649	1154269	1458448	1393485	1252110	1390705	1375366	1324705	
0.9133	0.3905		70579	91158	92671	99389	90910	79018	70356	58088	65599	83185		1207648	1554990	1411581	1536381	1361962	1392044	1450656	1194034	1238132	1418729	
0.0708	0.5548		56184	75918	69515	62282	68501	69471	75758	107284	94780	75600		1110891	1293524	1295365	1290461	1281482	1259626	1265794	1456046	1460760	1451853	
0.8846	0.8407		70735	79197	68638	71997	82588	77268	77199	71479	91009	115813		1188546	1099234	1047122	1012462	996061	1069975	1248379	1121407	1282955	1523782	
0.1037	0.2096		59639	54130	47639	67631	66322	77272	67099	82345	81241	78584		1425958	1123877	1103593	1472511	1327782	1507885	1507222	1502925	1399501	1488837	
0.3055	0.7876		98566	82541	82368	95828	82614	74132	65403	68565	65602	88513		1688414	1380184	1703148	1644696	1309930	1316940	1298313	1167334	1283604	1474754	
0.2992	0.8808		62127	53416	65871	64698	70480	67022	87345	73380	59733	81540		1267682	1191583	1350090	1496326	1583198	1327818	1390807	1361247	1327053	1402279	
0.7231	0.9343		69351	84147	85890	88137	81972	86027	70077	87079	115984	125709		1038299	1196336	1164989	1169905	1167721	1309934	1028094	1248485	1762169	1415095	
0.5441	0.2734		76465	62155	63839	93878	80088	68314	64043	72925	70938	56195		1381514	1141300	1162965	1455555	1342179	1367947	1242362	1245661	1229342	1320652	
0.9884	0.2856		62306	100428	95667	78673	86799	82962	94647	72603	70575	64850		1498716	1699748	1499666	1290978	1379234	1336990	1657374	1379647	1233121	1308150	
0.2178	0.3721		62974	61574	64225	70273	64188	69417	64763	106263	82293	62410		1147839	1121583	1144787	1282528	1155864	1279581	1159367	1642747	1188645	1317120	
0.0806	0.4669		88807	75205	58503	68279	74731	92749	93710	78074	65608	71517		1233440	1092422	1292426	1281484	1162593	1385511	1226722	1230907	1227939	1289481	
0.3106	0.567		55776	58576	61773	78504	55184	63761	51500	58743	67797	85412		1180561	1142443	1063052	1287417	1398468	1383746	1087775	1167706	1226203	1288786	
0.4322	0.4292		70533	64891	70378	87276	71532	109813	84634	87893	76087	73371		1522351	1442146	1637185	1707142	1569106	1664758	1597469	1686027	1601324	1466328	
0.2774	0.1984		56682	57857	75570	60443	73112	76657	102489	86535	78004	73127		1128978	1122126	1236937	1273702	1420053	1236821	1728197	1610058	1475339	1357415	
0.633	0.3616		64175	91459	69094	81482	78261	93990	80082	77734	73656	92345		1163100	1778511	1319661	1331851	1319353	1492941	1329598	1192165	1369713	1224748	
0.3285	0.6762		48139	67697	55271	58755	63178	75968	58010	45639	60691	79333		1309708	1447985	1217955	1301739	1211517	1474070	1231532	1434435	1545979	1477897	
0.6165	0.7486		77523	77560	97219	79534	77653	73057	82044	90684	58110	91690		1318889	1261481	1459446	1445820	1188153	1199333	1386219	1342039	1069136	1421911	
0.3148	0.1458		45862	58535	48913	74337	63382	38058	58220	46200	54251	61754		1196853	1437134	1347316	1614324	1172971	1086706	1301251	1242291	1354369	1385861	
0.3081	0.3934		60705	63273	49614	50539	59360	69950	68109	59593	69484	57860		1276978	1086658	1321150	1405461	1259300	1481599	1409848	1265653	1178942	1335052	
0.5383	0.4352		74673	77573	75108	65298	58658	52483	63312	96841	72600	86424		1425230	1544429	1349405	1228586	1276894	1199436	1327021	1594652	1274573	1629529	
0.3606	0.2618		73358	95032	71483	73724	73449	92132	68482	92664	77251	96343		1349837	1465020	1172081	1252203	1289467	1471348	1196744	1322763	1261197	1533733	
0.4069	0.3185		83400	82496	69973	109588	90604	68707	73440	61592	69122	86106		1429267	1311993	1242383	1551619	1372293	1314815	1313079	1071174	1139783	1490425	
0.9788	0.3634		71138	79593	100144	96282	80464	95258	69042	91864	80680	75234		1231741	1511336	1384489	1456207	1341954	1417953	1355488	1748701	1488170	1252442	
0.5805	0.2035		81880	96156	74095	127721	86376	120913	114834	73049	59990	74593		1332666	1431778	1134014	1369379	1323497	1496621	1560186	1148019	906135	1134006	
0.994	0.4008		74823	73318	71848	84336	59986	77935	67296	66847	63216	60127		1300385	1292080	1347235	1532662	1072152	1348276	1246900	1278908	1111383	1291216	
0.598	0.6952		91254	73782	58228	61279	102394	73108	76332	68160	70444	61194		1362004	1316964	1111932	1203679	1404320	1385065	1340246	1336259	1210432	1192020	
0.6413	0.9559		94392	88086	84812	91238	112875	84607	120957	98645	96563	86279		1355585	1358585	1225485	1184995	1439176	1458554	1436489	1425018	1641258	1501646	
0.1243	0.4467		73453	70391	76788	52133	69520	60191	52217	66722	59294	71068		1307152	1230971	1412929	1210199	1145113	1256193	1264210	1433166	1284799	1588865	
0.5247	0.8938		72563	72611	99446	91880	58196	57329	63290	92509	93078	67438		1786854	1438272	1380573	1770577	1165665	1153467	1172863	1349082	1511021	1221192	
0.1848	0.0555		61709	55695	60399	60724	77772	75175	52576	58700	53949	71017		1243834	1263697	1306151	1348242	1489269	1488186	1240647	1400970	1371119	1378477	
0.3911	0.4154		62585	62599	43989	46587	64631	63601	64983	47546	56095	84695		1259649	1281813	1046385	1102522	1299781	1308589	1357234	1370000	1439070	1720326	
0.3933	0.333		93095	94977	101459	62528	76262	68618	60536	68336	91714	89822		1503471	1447840	1501530	1091331	1337078	1287295	1144965	1242283	1471559	1470417	
0.2328	0.3309		55501	58072	57272	67760	67929	62652	54862	57260	78529	110164		1070707	1604724	1339341	1259379	1316490	1363265	1300553	1289734	1251252	1611334	
0.5538	0.5169		95920	67222	72424	104716	89658	63066	94954	77332	68623	68083		1680225	1315179	1404622	1446712	1382999	1272784	1563210	1370197	1291678	1242139	
0.7512	0.6121		62417	73201	66991	65627	69652	72015	64950	63222	84472	80683		1166771	1210799	1134355	1266452	1316456	1341683	1264577	1410334	1410562	1387639	
0.1773	0.4715		73272	81533	76136	57581	50698	64574	49553	64613	52571	67059		1421303	1454137	1352439	1220821	1434181	1321295	1140517	1387916	1468581	1359104	
0.7783	0.0543		69433	70056	59437	59686	94584	73179	88478	87923	77695	87492		1360896	1334866	1210577	1157322	1295458	1231564	1498558	1348826	1460049	1384682	
0.126	0.266		61325	43944	46854	39689	56031	37555	57835	52731	46893	52870		1231814	1205692	1171517	1032842	1158432	1064839	1173683	1178202	1154693	1258469	
0.5034	0.8345		86538	92734	64838	61389	66114	93055	77325	53955	91798	88143		1415046	1390281	1215264	1231695	1340509	1613838	1541304	1217739	1414412	1653037	
0.2144	0.632		68269	61064	62864	68144	52852	68599	59502	81321	68071	53157		1320753	1225091	1341000	1330075	1238018	1336492	1356138	1628717	1327165	1344316	
0.8128	0.211		79132	69677	61914	85581	59917	53625	73453	52313	57757	85688		1452167	1443186	1256836	1551185	1580497	1524161	1479515	1243142	1272313	1580718	
0.5667	0.309		62103	76062	69474	56864	75481	75787	59368	56637	57167	69432		1403304	1456973	1314145	1244481	1339053	1267110	1334672	1223746	1328198	1336634	
0.4096	0.1255		61991	49133	45917	45779	51191	36972	60027	50585	53702	45792		1276004	1183464	1222386	1384356	1296136	1093548	1330859	1407058	1387494	1270904	
0.1402	0.5127		53869	65796	67760	52043	62942	107673	61699	67581	59795	60605		1219381	1279636	1338544	1256631	1411437	1551639	1182872	1098593	1451367	1307172	
0.938	0.5918		84702	84995	94616	75487	93139	75366	82970	105443	71635	83880		1311408	1433227	1347389	1221463	1314762	1514875	1337726	1550141	1189896	1287564	
0.7475	0.4389		122938	82242	115310	116938	88755	89844	85567	99786	74959	87091		1589500	1553383	1772138	1575651	1332493	1379000	1333415	1363496	1223152	1327507	
0.5649	0.5399		69152	85915	82756	65493	79079	75700	93084	68160	93271	87144		1218200	1468486	1495696	1245626	1351817	1493304	1479271	1355642	1372761	1342725	
0.2536	0.6598		55322	70132	62998	66540	57386	75438	66944	61484	83474	82450		1411595	1489579	1387315	1204034	1329875	1324769	1258284	1134295	1641172	1619962	
0.4846	0.7815		77176	55197	92835	60614	68674	56530	87643	47021	88967	66353		1423029	1304102	1573108	1358921	1370728	1175484	1321962	1186439	1572994	1180675	
0.5694	0.8224		57963	94145	71782	97915	105616	104358	80117	103892	101999	104114		1205462	1405462	1446936	1529305	1552484	1630002	1577977	1388885	1520960	1544222	
0.8835	0.1936		62730	64022	84455	88774	90599	69783	55927	62519	68357	65195		1252782	1222962	1493149	1541792	1555305	1276966	1373776	1291955	1199719	1306371	
0.7034	0.0864		68227	66809	77497	62414	73743	83412	66843	68095	86229	92972		1175463	1140862	1067811	1366334	1325469	1339647	1155924	1463476	1283896	1363242	
0.3564	0.6597		85278	83598	66797	105389	71598	77040	75871	69348	94701	64985		1360999	1458694	1374353	1160969	1347509	1349707	1504689	1536205	1416079	1195448	
0.0809	0.2592		51029	56930	55166	75098	47683	50017	56977	78033	81814	51230		1125204	1142817	1533526	1612562	1429699	1158268	1411034	1621236	1395375	1305843	
0.2341	0.5129		60214	55032	46840	68064	62490	42854	73156	44076	65271	59333		1175155	1142890	1030959	1314682	1181797	1041817	1110779	1138313	1229853	1317397	
0.8629	0.1945		94380	61592	76000	91367	64761	79576	74234	79760	87722	58365		1600380	1158776	1363039	1382847	1126107	1260163	1315307	1454122	1667344	1182510	
0.4593	0.9529		70765	63222	53110	55577	66166	66470	63716	81995	89729	89327		1192764	1162985	1010848	1059179	1382728	1260821	1239831	1266531	1474173	1488575	
0.6692	0.1459		64087	76370	84470	90149	72092	78151	63741	55507	71649	66305		1149353	1375743	1532182	1389105	1300613	1249830	1207546	1323022	1451364	1286260	
0.5145	0.8007		75287	50426	85510	80852	87422	63391	58256	86657	58517	56648		1381673	1115472	1567294	1225727	1320979	1306737	1194137	1563765	1264770	1130790	
0.2755	0.5359		70374	73742	76005	84642	60298	56769	58057	64009	59878	70268		1433681	1357791	1592988	1514402	1339608	1350861	1164356	1259349	1311559	1319020	
0.4266	0.8796		59615	66274	89380	66612	61587	87960	85569	77224	85261	95793		1230732	1180485	1356296	1123334	1034277	1467441	1305510	1297954	1290332	1505911	
0.6396	0.224		101177	76457	99567	92303	75882	71222	68305	66687	78530	83909		1455003	1177730	1372152	1257252	1178973	1438283	1213099	1398876	1369607	1598475	
0.927	0.9328		91475	100080	78128	80649	73258	115518	83121	73847	105816	71937		1295711	1481966	1480048	1261418	1186220	1632995	1295533	1136945	1502335	1334494	
0.2436	0.6331		49734	61347	60012	53828	53787	55649	54526	77932	53874	81778		1209526	1444058	1630899	1278283	1246750	1254252	1271902	1276425	1242445	1528259	
0.1225	0.1065		53920	68330	82362	52881	66543	59964	88011	86549	60013	60180		1464846	1433259	1367567	1500599	1589752	1379147	1432628	1447700	1319169	1285481	
0.3407	0.1419		56518	68618	85456	56419	76077	73379	63343	73124	75999	49060		1283327	1400428	1535928	1237170	1242208	1370856	1529078	1510642	1253209	1050480	
0.7073	0.6256		109644	92436	103903	71614	76682	83610	100613	63082	64563	69823		1431096	1317714	1431616	1227576	1259563	1271016	1429650	1156567	1172659	1291139	
0.6691	0.9029		115386	94340	90662	90725	70327	100240	95595	84577	114167	82371		1546141	1152974	1436660	1392717	1227605	1468994	1313312	1420283	1398792	1336372	
0.4814	0.8718		80615	102285	111825	110705	84422	82579	104998	87574	105590	73302		1221046	1566033	1334465	1608435	1302130	1280222	1477649	1442505	1346439	1116150	
0.4797	0.612		87501	60942	93468	60132	60763	72951	74322	67321	66753	86519		1508454	1286831	1491768	1370788	1266885	1376268	1596434	1423746	1457015	1536125	
0.8137	0.7568		69122	57201	94569	93942	80145	56604	69870	71786	87723	64137		1231317	1118335	1439287	1296310	1376991	1292288	1285964	1350269	1530945	1607300	
0.3356	0.8997		60378	91410	58974	68765	62596	66789	68695	62476	89204	68264		1483728	1485668	1178140	1279937	1238458	1282419	1118348	1287905	1320576	1329099	
0.1759	0.1701		70898	85697	83256	54708	59355	52332	51516	60605	51627	60719		1329447	1577351	1403576	1059852	1324175	1165229	1227796	1079785	1277958	1483291	
0.2908	0.8917		51243	75710	63646	57319	70667	97791	49408	49077	50357	66554		1038567	1614025	1198442	1233951	1405811	1374314	1161463	1061644	1069479	1224296	
0.6199	0.7115		70987	60568	94174	65107	69994	71883	118535	70241	101221	72908		1337170	1157219	1450815	1334396	1372866	1495211	1501900	1228958	1499660	1347318	
0.0957	0.626		75013	76381	99125	61996	58406	77060	65611	73298	100393	76924		1364690	1311938	1508711	1113243	1058973	1213766	1320032	1242832	1600413	1186822	
0.8803	0.8089		94582	106995	83325	74307	88147	111005	82631	106784	110202	107921		1558836	1718063	1348630	1280718	1294776	1444480	1366242	1442359	1690564	1353676	
0.9255	0.6031		79258	80342	80697	120187	102051	78593	115569	81390	66869	109031		1263952	1294264	1303790	1746087	1374582	1252327	1411792	1191842	1134208	1430311	
0.1774	0.0816		47999	79082	92204	79256	54870	80969	50351	59680	66647	82936		1178338	1319298	1432348	1430733	1206887	1398964	1028308	1252622	1471672	1563052	
0.3878	0.3156		47095	74734	73970	69169	63537	76085	53611	64513	43385	56097		1209021	1288131	1409405	1394011	1512574	1445404	1314215	1402997	1106858	1352621	
0.7659	0.781		73349	73604	97501	72974	55089	78545	67813	64490	49274	64598		1222967	1551112	1670642	1204318	1194792	1293737	1327627	1223822	1038144	1135462	
0.9795	0.349		89404	78203	113157	115603	54477	87694	78353	61071	80180	113575		1315477	1304863	1696487	1391052	851545	1511925	1326664	1065664	1246384	1354829	
0.2494	0.6819		68446	57125	63076	64338	92759	75152	71811	74375	64332	65499		1170625	1011744	1227059	1290875	1461861	1270128	1288137	1431932	1346455	1215030	
0.8066	0.7222		65609	65078	63961	103963	110307	67291	64164	74301	69947	65045		1310767	1200669	1213274	1548960	1542969	1141346	1241832	1324692	1307882	1261919	
0.566	0.0553		61642	70905	73251	78187	58092	75230	73128	61174	68139	62238		1333193	1327623	1421005	1342625	1255274	1182931	1364215	1314858	1448158	1307639	
0.2467	0.1282		43729	51862	81097	52447	56237	43300	50688	66008	70472	54466		1108780	1329265	1356093	1352315	1313126	1203400	1178112	1240676	1234930	1283514	
0.4322	0.3031		66262	64265	66903	65622	70443	84457	68943	62792	59639	72165		1299355	1270565	1341626	1496734	1299741	1516433	1298851	1244214	1247201	1358174	
0.1586	0.5077		66619	50716	75988	61157	50252	70349	65840	83419	57140	56499		1275754	1158261	1450398	1334415	1240838	1390334	1359796	1638615	1416409	1387152	
0.711	0.1962		78448	58316	68343	55496	59469	70667	49798	80704	65083	81226		1310326	1422809	1301696	1210672	1298228	1519931	1199015	1333334	1339759	1503526	
0.9571	0.4075		75752	68244	74595	94279	77560	73747	78992	71173	64417	91733		1301566	1228924	1427574	1429277	1513540	1670067	1209159	1173486	1273326	1675486	
0.3071	0.8678		62499	52904	67004	64944	62283	83434	52328	54398	61531	68988		1297493	1150499	1240916	1377450	1336802	1486478	1245232	1228785	1280540	1404397	
0.5796	0.1966		46397	52167	52079	50992	62967	53995	62044	44818	53229	74284		1196946	1081841	1169765	1180244	1230482	1213716	1146499	1087644	1028248	1216710	
0.3937	0.1631		74530	67084	52615	80280	65452	92417	58666	77878	50144	59830		1344392	1250764	1207888	1503525	1246911	1497294	1200893	1311393	1157169	1205547	
0.0706	0.3628		42147	64195	78718	54046	50453	54369	51004	68810	56300	79190		1196003	1284506	1586040	1511558	1247556	1265724	1291965	1411796	1415638	1624943	
0.6398	0.5148		64258	80560	56441	52165	56575	64005	55919	76355	50672	55437		1465537	1386658	1178321	989945	1099813	1306299	1209909	1419124	1164607	1188123	
0.5704	0.4342		66116	99330	70349	56138	65199	60626	59582	73816	59783	86647		1366124	1472718	1338123	1175136	1400236	1125222	1020796	1303672	1174136	1476180	
0.0872	0.2787		80257	73969	45002	54453	60331	79727	67239	54737	66864	89364		1533275	1357125	969365	1136382	1329170	1360309	1368654	1334975	1399467	1384652	
0.3839	0.5874		96614	74299	69831	79662	84418	57406	59300	58287	64254	62562		1519106	1394067	1419877	1406567	1378987	1396145	1326477	1207396	1182432	1153762	
0.4908	0.7892		60116	61714	68653	82976	94841	93460	76060	80100	72216	67072		1175172	1145667	1241974	1626855	1459235	1706640	1485590	1561884	1392892	1086849	
0.6709	0.7164		73944	98036	61935	82524	57511	65499	57347	64232	80222	67337		1505023	1679502	1255379	1440536	1337621	1177222	1186001	1369183	1437075	1546682	
0.3452	0.3841		71698	72861	63269	87388	65658	60046	58207	51936	73582	100930		1225434	1346369	1277651	1480365	1241741	1286204	1213615	1426605	1406975	1639800	
0.958	0.8216		103628	106331	95230	110638	65058	67910	74430	90049	65645	78385		1578114	1680059	1271584	1555994	1048822	1076510	1270586	1573293	1052698	1282197	
0.5652	0.4927		65685	56885	67459	81838	96307	79266	96027	75331	76605	97837		1202195	1098645	1132434	1579734	1550235	1232030	1435586	1247381	1291892	1449513	
0.6801	0.9001		61477	74766	61938	88746	92211	68866	69442	62802	69738	80145		1196454	1310281	1142143	1320306	1523883	1328686	1439823	1514086	1431936	1226800	
0.3075	0.6026		76887	60079	82871	93822	95481	63156	66318	61680	78544	54512		1352008	1433365	1374647	1624159	1532806	1253734	1358186	1283786	1518657	1205162	
0.2708	0.2897		83113	66743	95236	65360	69687	74010	70744	80966	65192	66538		1360600	1707618	1599169	1209002	1318305	1327879	1214932	1435629	1221090	1300333	
0.972	0.9843		74966	83145	84282	108231	68159	101707	106096	78616	72422	100838		1252383	1328928	1146707	1623989	1175016	1611111	1443885	1239844	1289714	1269442	
0.9634	0.4683		93614	64309	81559	104598	72247	89405	69681	82956	99768	80483		1487393	1254175	1222061	1394482	1465241	1231761	1065521	1206791	1293572	1131367	
0.4413	0.2362		86157	56602	89522	73763	63445	85540	58493	85773	71145	86682		1666314	1206492	1496606	1354162	1305306	1529168	1536113	1591336	1481515	1750885	
0.7433	0.453		57917	79255	57704	89681	66957	69115	74759	81936	74272	53977		1204845	1265299	1187056	1513619	1372385	1216577	1261924	1435199	1505884	1216401	
0.1413	0.1444		52265	52756	70214	54088	58135	59888	58295	64336	59634	60911		1322849	1231473	1600078	1153333	1129633	1126940	1170710	1315200	1154683	1291859	
0.1135	0.2145		63849	56215	47325	55907	66359	65983	65468	57116	72425	58776		1170189	1536260	1109690	1208729	1235482	1378038	1548434	1246528	1366509	1403810	
0.0592	0.4482		67166	63938	66915	50730	67146	69833	61562	55621	79762	84742		1269385	1390262	1369539	1062925	1233333	1280230	1245495	1201959	1337897	1402505	
0.66	0.7252		96660	67775	101246	75416	73208	87053	74702	82573	76912	102616		1435979	1334538	1432932	1283058	1241496	1337809	1132586	1367823	1331975	1367361	
0.8774	0.5707		100956	78389	62856	63671	83756	74329	73885	79844	69012	78630		1659291	1249626	1206673	1167219	1302049	1241666	1272996	1350198	1273234	1349110	
0.4926	0.7024		65106	59567	65367	56510	71903	53474	91937	86743	82142	65541		1312138	1069383	1340296	1271079	1466843	1120006	1581299	1489253	1382380	1308436	
0.4491	0.9955		84496	57013	58894	58917	86916	54341	73225	82726	66401	58593		1552249	1178245	1191558	1045793	1510863	1162386	1439027	1292384	1554297	1434402	
0.8907	0.3037		61241	65157	82849	66285	56357	72665	67596	73768	66382	61489		1224051	1547484	1215735	1327670	1063492	1304443	1613579	1204055	1149408	1065321	
0.7196	0.1277		45853	73617	100888	54067	66182	54398	94998	79409	81742	64594		1081530	1328024	1383966	1187769	1372891	1273711	1652222	1353616	1535819	1245995	
0.235	0.128		75150	51707	75896	56195	63337	45797	57168	76270	62370	66538		1330491	1161077	1312033	1247935	1258677	1029602	1575812	1489224	1387437	1526291	
0.093	0.8855		66917	54791	50387	55754	55819	48793	71054	70343	59241	73578		1335785	1147937	1113568	1254133	1282050	1122073	1292916	1351476	1147435	1363610	
0.0544	0.9246		68236	49741	60309	66051	44751	63066	52445	58691	54724	50836		1334524	1143069	1157678	1306896	1057604	1209608	1143843	1171161	1126315	1109405	
0.7177	0.6262		79295	84215	97764	78321	61552	94839	85991	80860	97393	75354		1496178	1390903	1784204	1599405	1563310	1480001	1447765	1350588	1381886	1431736	
0.2119	0.9417		90171	75171	83243	104409	73878	97992	95286	82194	69732	74277		1354826	1215930	1221000	1521489	1195010	1392117	1450102	1392249	1209324	1363774	
0.2406	0.9685		66807	72605	61581	64242	79507	85837	64152	69375	63330	70544		1200018	1579667	1310505	1327183	1199597	1306420	1214594	1157995	1241622	1380450	
0.4602	0.5798		77251	80875	69416	80119	70836	74106	72595	73800	86556	75791		1245467	1352511	1283985	1529472	1202729	1272128	1268523	1325668	1694773	1423124	
0.4371	0.382		64607	55462	87270	57701	51270	74662	61407	69404	76678	74969		1286835	1232570	1340056	1141980	1055796	1245815	1208864	1253771	1319433	1358342	
0.5152	0.1363		75438	74506	71844	82833	69889	83385	84074	86360	67087	105721		1329456	1211350	1110224	1065207	1135567	1377030	1452125	1469006	1291571	1285602	
0.822	0.7311		59495	45377	45077	90410	90999	66192	57569	59459	64087	87256		1064778	798678	1042136	1457652	1281408	1193509	1136818	1290280	1434444	1374723	
0.9516	0.522		83584	92945	69191	85886	66568	92057	78908	68483	109720	77904		1283983	1232865	1290276	1429321	1274872	1203707	1187181	1229413	1667962	1120384	
0.4595	0.865		59601	61742	58666	98926	65828	64821	69531	67693	84020	68880		1243176	1118174	1117953	1458104	1209112	1262876	1302364	1375394	1422094	1237553	
0.341	0.4089		69736	76640	70892	49946	51093	63140	67605	47220	54508	56564		1224756	1303215	1263303	1137229	1252499	1400683	1175788	1050626	1180009	1374154	
0.7627	0.243		71236	89504	85883	76272	83456	91368	53722	62398	70491	76172		1334041	1334225	1443160	1333018	1451286	1337098	1135835	1096071	1307715	1460569	
0.5717	0.3739		83957	63864	70510	81333	58451	60181	80893	50403	79344	56599		1658025	1208301	1153273	1446911	1219277	1419491	1269041	1104101	1403851	1198798	
0.2822	0.5946		66829	84809	73281	63915	58177	83262	89607	80411	70157	93150		1272763	1283239	1123716	1151689	1352477	1490409	1227285	1336992	1259317	1543200	
0.6829	0.9402		77775	89619	92133	72054	93999	110688	89834	109904	83175	107356		1229162	1357334	1384288	1341454	1413719	1488199	1440675	1610906	1380175	1395227	
0.6401	0.1053		103674	67427	60568	78931	70668	107543	102374	59768	68142	87529		1320327	1326651	1186171	1672844	1654618	1821741	1655523	1136265	1304260	1352169	
0.5853	0.0977		49401	48474	48194	57717	58588	72459	80442	86786	56975	55472		1437349	1180965	1262898	1390312	1318825	1457128	1556737	1541368	1311830	1319448	
0.177	0.482		52264	74365	55462	75572	80254	42452	50975	54304	41078	60503		1399479	1655648	1349644	1549465	1575688	1221292	1213752	1301896	1253899	1372271	
0.3894	0.212		55373	48932	61035	54927	54672	68982	74495	51320	48088	78266		1080958	1067052	1288638	1171815	1326422	1253686	1169951	1053044	1220749	1346256	
0.9039	0.2131		76025	79223	76979	71622	83521	48550	106143	73737	65046	53816		1849981	1587008	1535058	1472532	1498784	1235435	1660346	1539343	1325895	1103127	
0.7003	0.3052		72210	71967	68195	96986	63475	68868	62371	94780	94991	63988		1446752	1190958	1426085	1403480	1209382	1242362	1285019	1557845	1510269	1061176	
0.1529	0.7572		51972	69664	54887	59575	61113	54252	56689	55273	64327	77030		1045005	1266289	1107325	1258152	1323444	1278461	1199815	1206970	1396329	1412428	
0.2537	0.9189		71414	88856	91036	74214	101136	97531	68688	88005	79314	106937		1478633	1297428	1481937	1455792	1568853	1592638	1295754	1247926	1385114	1849741	
0.5237	0.0829		61636	78287	77176	62121	69042	48400	46054	43119	79867	51702		1398222	1581651	1414853	1241699	1568546	1301175	1123290	1138002	1503489	1204653	
0.3972	0.3895		53297	43111	61612	65641	51881	80964	48639	36403	61724	68588		1241974	1223995	1261715	1281797	1378464	1602900	1167047	1098755	1477636	1287160	
0.4737	0.9435		107973	70122	76980	96793	78762	80457	94995	84889	93098	86983		1527018	1293582	1476965	1425222	1329781	1421796	1484085	1600882	1486779	1227564	
0.3367	0.7372		87725	68418	86536	77038	70790	55283	85456	56544	74407	62423		1593098	1361882	1469984	1499552	1294633	1374373	1498058	1475650	1426962	1235165	
0.83	0.7951		77911	71124	72908	78129	85053	103860	103615	101646	88040	85347		1297594	1260822	1278486	1315091	1400723	1559552	1637691	1597871	1358802	1420438	
0.905	0.8115		73009	79610	109558	110767	102005	101158	95087	100641	87246	87623		1145583	1247352	1439525	1639447	1504337	1511131	1370075	1361740	1358749	1347145	
0.6887	0.0964		56912	63679	86700	70186	54280	79384	56503	65714	55683	71746		1182743	1298053	1633991	1608538	1202523	1480925	1225864	1213838	1152619	1223890	
0.7014	0.2198		85114	99297	103410	99973	71907	86261	93563	70941	70494	64691		1281433	1574883	1671735	1343122	1389234	1257533	1341545	1200603	1100437	1053857	
0.2873	0.7937		68833	65309	61298	97143	97752	72111	65104	68375	62134	62169		1296291	1230923	1253296	1601856	1469995	1463271	1371392	1417511	1175876	1178871	
0.4642	0.643		55949	93049	80712	67406	70844	68925	74189	64705	69916	96605		1046758	1451778	1160921	1225149	1236342	1270432	1319173	1196070	1351892	1606051	
0.7874	0.578		92158	96154	116123	116416	121220	105750	94515	114424	120939	136719		1229446	1498300	1541736	1437371	1526191	1281798	1315358	1397412	1477509	1598182	
0.2252	0.4684		79411	53852	59447	49002	54473	52074	90465	92752	57419	61192		1242935	1033000	1266257	1037045	1282040	1176618	1376243	1248286	1107213	1191569	
0.6961	0.7754		60639	77168	61953	68013	65218	70169	70998	92458	109507	69041		1125159	1327785	1144705	1037222	1174715	1218769	1272013	1361500	1380260	1262436	
0.9678	0.4421		69483	77478	64434	83654	99533	78534	54808	61235	95145	87657		1258029	1328562	1263182	1407901	1621049	1329967	1058837	1472913	1500571	1358029	
0.2659	0.5891		87785	58962	67911	55498	67991	91506	66811	66953	52966	70266		1461606	1205228	1167829	1148719	1307467	1626424	1366166	1466873	1419923	1473439	
0.938	0.1692		69108	116465	77269	89959	90179	100924	89523	115620	82614	88558		1130528	1355472	1148331	1264886	1325776	1337714	1415157	1739287	1216615	1225239	
0.4325	0.0564		51508	59862	65645	87486	64589	78524	64304	73028	73370	69064		1029574	1282626	1286763	1612528	1157174	1372654	1316140	1396483	1266908	1237946	
0.9654	0.2841		68588	67430	62714	63053	64660	76366	85384	70202	82347	69738		1205382	1297400	1214096	1291016	1180527	1146313	1389192	1282760	1301555	1352505	
0.2107	0.7541		67006	56461	76443	76641	54848	61637	45427	66472	65064	84353		1369830	1337511	1391066	1479141	1245443	1135916	1103563	1304197	1417305	1455524	
0.6769	0.8547		80334	76771	80135	93379	76390	88702	68829	89062	78835	72832		1301680	1084168	1307743	1436467	1329525	1286050	1368350	1507156	1264047	1291657	
0.4734	0.5555		49639	65460	74809	80739	86736	84397	67251	80613	51124	60747		1199372	1224597	1276464	1419133	1508274	1313916	1158019	1334801	1100373	1199773	
0.5306	0.3235		81066	79925	71017	87011	58614	78168	102979	89803	59234	59003		1491571	1430130	1402234	1510820	1373422	1537686	1599742	1544756	1593755	1505648	
