35	36	37	
0.3943	0.9346	0.2996		57883	68897	69566	75967	114372	68024	105483	69467	92670	65659		1177353	1489559	1267012	1442488	1942051	1679686	1501786	1856773	1457238	1425379	
0.7819	0.5782	0.3638		80844	68407	70545	114010	91275	62197	59362	57375	70256	67791		1523650	1761591	1921163	2109518	1653137	1360194	1511975	1088679	1338128	1527442	
0.2361	0.7195	0.7878		79143	70639	67558	52365	66630	92534	67855	55526	61472	108754		1310168	1278292	1263475	1075197	1060037	1843390	1591905	1261141	1047925	1310140	
0.7623	0.6085	0.742		72533	90981	76487	66081	81094	79113	81346	129776	71446	101056		1596145	1204868	1338400	1373239	1969608	1360998	1353959	1543277	1454844	1616988	
0.4628	0.9289	0.4625		73771	72689	82117	60519	72926	70839	71521	74188	80694	101950		1243161	1479583	1602402	1407914	1236985	1670711	1653894	1212919	1508089	1694909	
0.8315	0.3847	0.4236		55200	63684	77579	91371	70213	68062	63079	93745	68097	76604		1062408	1049808	1364446	1360146	1480231	1262888	1244655	1309656	1562093	1528587	
0.6495	0.5347	0.1432		78966	67563	68679	61621	59041	60036	92662	63740	51981	68730		1608229	1511790	1185925	1373479	1176087	1415764	1254025	1395085	1274904	1532960	
0.5262	0.8694	0.6524		72172	90613	99887	73196	79931	109138	114311	97295	74348	92951		1253326	1353466	1351232	1337194	1594129	1387675	1798852	1675672	1256236	1275361	
0.1864	0.1257	0.9651		75254	56275	72241	63846	68425	55444	55068	67165	69449	58709		1288947	1357046	1487700	1377862	1258502	1249290	1299902	1392368	1250476	1467093	
0.9783	0.7943	0.9827		83383	85026	72333	85166	91278	95304	82836	79354	92365	99573		1413332	1237351	1184874	1359880	1254685	1564785	1236729	1107489	1222351	1320495	
0.431	0.5665	0.8834		66972	69350	93816	82473	69881	98769	78774	73221	76837	77768		1143438	1311835	1443174	1281778	1298048	1299185	1438778	1606183	1376403	1375859	
0.103	0.1255	0.5558		48439	83655	70951	52132	53044	42606	57069	65273	57203	49410		1082991	1435150	1276768	1279376	1309609	1305337	1186832	1327508	1515203	1355051	
0.9854	0.7838	0.8607		85255	93885	97925	74489	93305	70303	78113	96465	115469	85573		1498572	1478554	1417593	1546965	1375206	1029879	1141408	1375411	1171426	1374105	
0.5684	0.9542	0.5872		72832	76067	75627	80288	74523	75199	67214	95610	85100	64625		1498480	1357743	1290692	1403369	1253590	1260583	1151872	1351245	1523390	1494991	
0.3834	0.4065	0.8583		78694	72640	55417	63452	65328	66269	64632	72851	79317	64790		1282990	1316255	1211973	1225086	1397098	1354222	1268918	1389663	1569813	1588218	
0.796	0.835	0.7352		62939	84323	74375	79210	88023	77234	90804	77181	79610	78045		1283427	1252610	1053371	1206907	1364829	1281099	1315175	1327967	1585171	1361618	
0.6309	0.988	0.6875		76460	78300	77395	81592	98178	124956	75031	73998	91091	74573		1468768	1526070	1648014	1338010	1410422	1445345	1150260	1198182	1305604	1526850	
0.1217	0.1553	0.1047		46377	46707	48967	38007	47400	54171	46658	54614	45292	43180		1144294	1232792	1157409	1170813	1184797	1350111	1197548	1207055	1052461	1272262	
0.8246	0.6254	0.9063		111937	114821	76333	77198	77102	63516	82605	64413	65675	77533		1335480	1215557	1320100	1404478	1403900	1185302	1134072	1032562	1090637	1016745	
0.0873	0.4993	0.3557		60927	49156	48233	48138	53827	51799	47348	57589	83731	49959		1343681	1283250	1390907	1209348	1331610	1335074	1542963	1293417	1737198	1266918	
0.4148	0.1969	0.2821		65516	56449	68322	68793	58167	51680	56401	56475	55942	60562		1119155	1340164	1426025	1248207	1167340	1119862	1282695	1150003	1370814	1153805	
0.1085	0.2727	0.0897		39898	44616	45797	47913	57168	47490	45935	49577	57472	48249		1300962	1174582	1306207	1329319	1519282	1248813	1595166	1275262	1212918	1682892	
0.1864	0.235	0.1161		50069	59725	59896	52983	46153	78241	44687	46514	53191	50680		1283891	1095281	1368938	1386379	1279255	1575898	1402152	1206532	1344085	1471497	
0.5449	0.5789	0.4552		68838	82875	68682	67080	84098	102390	107003	67719	92324	81915		1549014	1487250	1558352	1509984	1305041	1331397	1288551	1322500	1166253	1454352	
0.8098	0.1093	0.8543		73746	78375	62228	62405	159027	64607	75416	61725	62498	70462		1358426	1601527	1455866	1196750	1489321	1317248	1291293	1167139	1281013	1261608	
0.6485	0.4088	0.448		75090	67627	53721	71259	65756	66435	59948	74580	93607	70189		1153814	1630466	1248213	1188610	1331203	1609553	1422640	1213469	1334534	1561542	
0.8354	0.7126	0.5512		84540	65354	74567	73495	82852	61929	60464	71710	70830	82494		1204116	1372837	1341668	1319289	1347341	1182749	1014056	1164147	1339714	1458768	
0.0861	0.9029	0.0553		47994	39387	41023	81821	49302	40169	48736	56093	54208	60158		1247734	1045212	1138124	1634462	1300258	1188767	1183023	1357574	1685203	1582322	
0.9878	0.1702	0.9035		61363	68625	71742	61405	70381	101050	90867	88126	65683	105692		1223040	1381571	1395093	1497756	1229356	1681374	1660922	1348110	1282641	1207373	
0.9332	0.8702	0.6566		82174	72590	103158	88323	73037	77263	77020	70427	84078	82192		1390544	1474518	1333061	1278139	1092947	1088485	1368764	1201157	1363108	1330343	
0.6779	0.9835	0.1023		67356	68171	82508	69482	66631	66668	73272	92398	81732	61093		1274467	1113288	1474928	1172152	1248092	1147474	1204123	1299002	1364461	1190704	
0.8223	0.7042	0.7231		74696	72469	90175	61462	72857	76335	85817	114035	74586	79509		1196798	1192183	1214793	1239636	1198204	1382116	1231169	1629270	1144261	1278850	
0.1369	0.3922	0.3518		60389	53889	43818	44374	51214	93364	54867	49820	93907	60161		1157841	1343521	1601635	1061411	1112394	1681338	1556602	1309851	1346620	1292432	
0.89	0.4812	0.4099		96493	71586	70601	67966	76737	71653	74214	102678	66928	68669		1349498	1333908	1630174	1662914	1451150	1359277	1407891	1452283	1294442	1249633	
0.2028	0.5094	0.6698		48328	58047	65517	57196	67680	59216	58354	54654	71118	57592		1400869	1261791	1348987	1514387	1568410	1492430	1299634	1431657	1437878	1545967	
0.9952	0.8619	0.5974		74405	88765	123739	81610	121147	81779	80052	77425	87169	79957		1521687	1344943	1701558	1554743	1400234	1651068	1459493	1282766	1291166	1278921	
0.7929	0.1433	0.1538		48507	69883	58534	71725	58704	55797	65764	57840	58106	73527		1124768	1355838	1504167	1278024	1307664	1205947	1330317	1159569	1542908	1366433	
0.8914	0.8233	0.7208		85993	87343	105473	86846	89528	99081	77611	90274	81000	67251		1447874	1145940	1281432	1358305	1255356	1242150	1514381	1297404	1152944	1254029	
0.9474	0.9342	0.2999		81715	68658	107060	65633	95789	85232	91445	103661	87136	84226		1226582	1365723	1291609	1278748	1352383	1467056	1693995	1821321	1588994	1230534	
0.8735	0.6613	0.7939		89831	61750	111127	88001	78943	67145	91795	81410	90213	109737		1393912	1044485	1589804	1492739	1229814	1204049	1333675	1531160	1393682	1200400	
0.5972	0.8778	0.9169		83341	69082	81526	92519	98646	78561	81995	80896	97541	77089		1482395	1481159	1312601	1397046	1426495	1564680	1314419	1416905	1315103	1336744	
0.6067	0.7921	0.454		61370	72316	103118	89700	58865	66045	100955	86543	67971	81800		1427242	1173940	1499062	1479469	1120171	1221181	1303474	1409797	1301991	1137106	
0.6642	0.3219	0.6975		64762	102349	68546	78117	79574	68146	67418	64230	66081	67919		1099476	1642263	1448235	1246813	1275546	1263277	1374738	1190225	1403346	1366329	
0.9904	0.7369	0.2909		72831	72049	68651	77294	65462	88054	93951	76129	82133	75863		1220252	1326209	1205401	1288083	1297479	1287542	1545330	1311467	1699649	1248524	
0.7826	0.9799	0.3798		123465	95598	74719	77143	77939	81052	78689	104511	82164	71848		1832172	1529886	1342438	1418568	1666012	1385619	1700188	1466538	1424214	1239635	
0.9308	0.3222	0.2876		64450	56109	64302	75252	67922	55298	56368	74267	69692	97291		1439399	1115425	1091492	1525418	1410447	1582480	957567	1065182	1316225	1059433	
0.7816	0.3817	0.2283		60101	103416	73115	62962	60293	61404	61135	69543	60446	58915		1429406	1499140	1731712	1422077	1444754	1501656	1426098	1444138	1431225	1511490	
0.161	0.8463	0.1934		60318	67068	57836	55771	61341	67501	66061	70922	73220	68955		1304671	1403149	1196419	1253036	1308740	1683995	1530829	1389316	1443922	1356999	
0.1443	0.9637	0.8468		77969	66424	67110	70275	69808	65534	73335	58079	93436	64412		1258972	1518887	1490114	1274642	1270973	1244856	1536943	1147749	1386500	1651235	
0.1887	0.0755	0.2891		40840	49666	49461	47701	54777	49063	78826	54795	53109	49579		1295178	1168836	1532646	1404545	1367737	1411110	1629024	1317442	1238618	1285810	
0.2153	0.7415	0.2312		72691	58195	70516	62799	56707	66761	47627	60833	60991	66422		1427322	1481557	1380054	1754075	1620963	1375482	1078337	1076915	1522884	1481407	
0.9201	0.3101	0.9206		111451	79324	72605	75203	63550	61832	98467	85812	88608	92627		1657318	1573796	1542035	1404281	1159737	1067000	1203345	1084943	1352824	1486319	
0.5478	0.3425	0.4939		55355	63415	64865	62777	63747	82681	66959	101874	68422	51525		1296514	1300061	1290330	1139853	1113119	1395117	1370658	1170199	1186335	1278267	
0.752	0.7297	0.6913		77692	83842	61584	75081	81854	83633	80805	60813	100294	62364		1271231	1179668	1319987	1267162	1238778	1335824	1306074	1134392	1302951	1181508	
0.9157	0.1287	0.9002		83222	70787	72521	65258	62506	56625	86280	69037	77136	71010		1302156	1317244	1456176	1395016	1576133	1114431	1261653	1282164	1413736	1153568	
0.1759	0.7049	0.1732		73649	61453	51980	51149	53363	53421	51743	49927	52548	75494		1319718	1280501	1624006	1259945	1487933	1219238	1250293	1102058	1175806	1290602	
0.7105	0.6192	0.9027		70693	74896	82597	81819	121024	98884	91115	84021	85907	84667		1309145	1457823	1321966	1515789	1314147	1431414	1357108	1686707	1308373	1341752	
0.2058	0.5147	0.7463		68809	59098	65345	53260	59235	69347	92957	63624	67570	55359		1171021	1339845	1154266	1175416	1495681	1365138	1514065	1542588	1427767	1176618	
0.5881	0.9683	0.3885		66347	58749	65156	59184	76179	73171	70883	83331	82669	71239		1351656	1291979	1143614	1193578	1313037	1362717	1334885	1376201	1383551	1548398	
0.328	0.9058	0.7488		111104	71131	77374	68238	59306	57409	100106	71212	67907	56686		1512446	1304307	1653750	1338305	1205087	1244098	1359735	1511175	1259864	1441653	
0.2959	0.3168	0.165		54710	50622	60594	52297	63914	45394	63697	52542	53907	47612		1342372	1154514	1210934	1332681	1279296	1353930	1052573	1171004	1163363	1068575	
0.0679	0.9736	0.6067		76082	76157	60448	62196	60386	60558	63604	62595	67385	53431		1319778	1260393	1467509	1158086	1105245	1347307	1186627	1156842	1209084	1104147	
0.3538	0.4727	0.075		58587	53684	40490	68106	53129	53735	44720	60525	78124	65581		1477216	1418195	1148203	1222476	1381768	1197944	1517159	1469415	1404633	1261727	
0.6026	0.616	0.1957		71726	62380	71679	64327	75375	63245	66323	87729	62958	79388		1155411	1363042	1525159	1472815	1255407	1655179	1522512	1271131	1489660	1447910	
0.7609	0.8874	0.3302		73789	72116	59455	85516	72736	73355	80273	74266	81357	71360		1333358	1398269	1159923	1209824	1384357	1611977	1387220	1156334	1243086	1568743	
0.8434	0.8121	0.5249		81962	83932	80247	81054	72360	53342	68519	85888	82006	77468		1084356	1240394	1244059	1341001	1315194	1005923	1041903	1353344	1385049	1198116	
0.4834	0.4122	0.6346		66543	81625	61695	72529	79409	69647	64962	72107	96974	62330		1402303	1076152	1283552	1493727	1386367	1376311	1376628	1421530	1812620	1584815	
0.5687	0.2664	0.3088		60912	62248	95830	59650	60558	67752	66097	68624	79669	59826		1502955	1304247	1318869	1357720	1537374	1491923	1306962	1273299	1478353	1322061	
0.0686	0.8414	0.3252		58971	75201	56211	64522	53951	61649	56935	56826	46301	55707		1529731	1410521	1228276	1301773	1281567	1267072	1344294	1243199	1082476	1401199	
0.6656	0.8555	0.3342		69005	72209	78251	67572	58640	57215	74001	129168	73111	78777		1545854	1493968	1654578	1700937	1145856	1282058	1187762	1381913	1245430	1498367	
0.8296	0.4272	0.9516		99403	76089	87165	85100	76573	88699	62856	64640	82567	74468		1697626	1287814	1429453	1582609	1330016	1637463	1266372	1135450	1310783	1605809	
0.3551	0.1735	0.1845		55179	49586	41248	42689	64276	49249	56900	49502	55273	50580		1493272	1276523	1081414	1222434	1636854	1430709	1339784	1287968	1593164	1364782	
0.5824	0.8692	0.7306		71989	70149	55762	76690	110456	113921	75242	64323	84061	95940		1253712	1255506	1222524	1652117	1736603	1732599	1545728	1077561	1228476	1558085	
0.2895	0.4286	0.4294		56873	55497	61475	66739	105105	58232	78527	62629	47346	47649		1107676	1307565	1410919	1322599	1659612	1415445	1281262	1310892	1201683	1066155	
0.7462	0.32	0.4309		84876	67585	54569	49415	79294	63829	85323	56455	73578	73416		1281167	1231471	1121933	997906	1226097	1302312	1255233	1256787	1169921	1227533	
0.4319	0.5287	0.7294		67678	66344	73353	63455	54134	67486	82525	66710	72556	61599		1217205	1173808	1354493	1248618	1364704	1339830	1296685	1232181	1186379	1271134	
0.4531	0.6766	0.9168		58774	61481	68897	71825	68880	112473	74114	82177	71433	60921		1177439	1149956	1144352	1264089	1202265	1217681	1467293	1265526	1303930	1127114	
0.4616	0.171	0.7404		59741	56238	86221	78776	60965	98642	63643	55421	97517	82185		1322391	1131366	1483229	1594936	1407371	1486977	1531352	1607961	1334333	1666754	
0.8282	0.2021	0.3668		70437	72247	60274	107767	53242	52188	106783	74930	71191	65336		1428338	1242055	1201886	1678825	1271807	1168557	1164396	1549671	1242574	1189247	
0.062	0.9825	0.7698		53399	57901	66419	60719	53606	63733	96720	65511	68073	60287		1124656	1075135	1243688	1388518	1100504	1289004	1601546	1594135	1063156	1264308	
0.6783	0.9861	0.6892		64977	96598	80821	82239	80647	93308	68974	65394	78882	93226		1111568	1412105	1403350	1624241	1290265	1348211	1215631	1127702	1300822	1226294	
0.2542	0.208	0.2149		47729	68545	55271	61930	48760	53194	48765	63883	48712	47433		1144577	1309174	1458280	1294475	1174016	1292609	1633650	1308128	1320876	1212130	
0.5302	0.1682	0.7714		58129	92198	66513	63261	107750	63220	92708	50958	66618	71224		1491525	1563848	1254042	1433944	1433997	1559155	1368524	1158464	1098018	1255345	
0.7079	0.8075	0.953		125358	80495	83189	83510	66881	104525	75085	80835	124581	77216		1587862	1378952	1547663	1347259	1288147	1294533	1545688	1056879	1393650	1237905	
0.4586	0.434	0.1002		103228	65588	80285	52557	62631	86864	59229	101658	56957	72585		1779974	1581527	1663802	1295151	1198281	1449044	1504272	1726122	1495674	1153862	
0.8768	0.4652	0.7802		69368	80499	71427	69410	76235	74751	98872	74398	84000	100103		1198755	1333671	1180162	1364493	1273972	1208809	1174178	1108357	1287725	1434441	
0.7364	0.1604	0.4997		57640	64722	57221	59108	63452	53424	48417	58553	59201	63226		1141179	1171007	1477694	1059855	1283439	1178033	1215726	1375561	1221341	1398885	
0.098	0.1149	0.7887		55214	56666	59199	59037	48552	60161	45229	52351	44487	60644		1143371	1533848	1317107	1288066	1212764	1488379	1442416	1041083	1134042	1395164	
0.1629	0.5934	0.7907		63544	63241	113639	60800	62720	77284	93961	67686	76646	61655		1257965	1140107	1533268	1294083	1633557	1428094	1489454	1425927	1654743	1675989	
0.614	0.4384	0.7618		61262	58597	111843	68874	76806	69172	75381	78116	72562	77990		1284824	1171475	1243928	1397800	1289803	1168972	1488161	1302246	1379983	1320684	
0.4995	0.8155	0.6399		70050	89129	69744	79236	78962	61809	66027	70094	78614	73444		1511649	1583319	1292581	1379788	1673297	1401379	1350571	1272149	1405989	1535763	
0.2039	0.3417	0.6671		56306	70922	58628	47568	66661	67948	56747	54222	87804	53308		1344197	1217098	1329191	1089199	1443341	1260625	1388185	1237024	1349516	1534291	
0.8917	0.8707	0.199		78201	117092	81053	101987	77808	74485	73100	80294	69813	98585		1425501	1516972	1698304	1307659	1550804	1409940	1503781	1226631	1066336	1386257	
0.3732	0.5112	0.1036		53537	65520	56888	53154	62907	64498	55922	58027	68705	55296		1486418	1327084	1280613	1166020	1201337	1508394	1233023	1306137	1685357	1235755	
0.3995	0.4802	0.7099		72605	63157	65157	61005	62298	81037	61671	51806	61950	59689		1653869	1404840	1191531	1238904	1246951	1057743	1373715	1343820	1252572	1142135	
0.3041	0.1584	0.4083		50036	51699	50962	41105	58974	51158	59535	59583	56179	72231		1185016	1142749	1215928	1118511	1143816	1389353	1248555	1205620	1399374	1197054	
0.5792	0.9559	0.9645		89282	78857	74694	77794	85847	73563	77709	79828	81433	81472		1376197	1253707	1370102	1096911	1196165	1474650	1141676	1360183	1300539	1292304	
0.5951	0.4075	0.3577		66928	90220	53858	66629	62631	57736	83149	74887	74959	73225		1308512	1382724	1124235	1234967	1374696	1335793	1463894	1296487	1259020	1253280	
0.8517	0.2025	0.5895		72489	73443	68978	72260	79785	60854	64986	54075	65006	67796		1191647	1429871	1267520	1388102	1326786	1469004	1255670	1297828	1271999	1378069	
0.7274	0.5848	0.5669		79761	82973	90627	109871	96410	70647	70953	76826	70130	112201		1393419	1500928	1564748	1811141	1327250	1240575	1341373	1371628	1545854	1786749	
0.2674	0.5158	0.7796		68951	60640	60664	60764	69898	70548	61914	52818	73454	64474		1094961	1184223	1348811	1414698	1415365	1284104	1346573	1032840	1278416	1507664	
0.6985	0.9405	0.7981		89167	67024	74186	97817	88921	86773	88286	81678	83458	93668		1528303	1343642	1053553	1061075	1440959	1509112	1579849	1318233	1288099	1576791	
0.8194	0.2024	0.3548		85033	70838	72505	50487	63123	71696	70494	61274	61567	69731		1735545	1372454	1133190	1012885	1286232	1364887	1198162	1125002	1333201	1369604	
0.3659	0.3033	0.6282		73475	67329	67207	60999	98505	58367	53913	57062	90056	60809		1456698	1289396	1194521	1480486	1725527	1545109	1186202	1070158	1403251	1222139	
0.3971	0.3705	0.9613		64102	70854	84944	79884	68930	72577	63582	68251	54635	70900		1271545	1110234	1512733	1310324	1356880	1591728	1517572	1579379	1623002	1264563	
0.7276	0.3825	0.3309		61602	72676	62571	67779	57190	63435	75287	62580	61613	62890		1456018	1362249	1308095	1586013	1351492	1348042	1447454	1617749	1413947	1446277	
0.6466	0.5526	0.6089		85699	86498	108454	99955	80890	68971	82758	69494	80684	66729		1354174	1564969	1503793	1744815	1547706	1392034	1360079	1204596	1300800	1406149	
0.6053	0.5141	0.5508		68484	85167	68976	67548	83116	67582	88999	60063	84516	71661		1289821	1651314	1466545	1404895	1341190	1358768	1360626	1577747	1562098	1440988	
0.1186	0.6268	0.4777		65575	50099	67685	63018	72065	61180	58373	61428	59759	58429		1213104	1114731	1289434	1150790	1416637	1325366	1249526	1443879	1465202	1486000	
0.5725	0.4907	0.3326		83470	74328	63248	62658	64333	81184	62157	79443	61758	62647		1316150	1276565	1537837	1308776	1579083	1457300	1297616	1335330	1328779	1436101	
0.7195	0.9247	0.336		91549	87167	65021	77196	105252	69589	67826	69934	83094	77419		1263505	1383853	1222319	1156569	1254401	1288123	1418389	1290706	1342483	1219958	
0.4875	0.9275	0.0617		57404	76876	78497	60171	62717	60162	82126	51798	90068	85564		1547334	1290790	1290750	1452861	1557486	1354978	1299669	1465109	1398123	1607761	
0.1803	0.2574	0.2405		62082	59788	51436	53221	53578	51667	68218	74713	48018	63899		1351122	1409920	1254945	1564367	1302020	1228560	1165303	1455131	1241155	1147526	
0.8471	0.6265	0.5506		95460	83864	73120	69094	113556	70423	69406	72464	70710	96170		1466232	1372364	1385208	1298887	1764570	1337985	1246918	1202644	1364272	1412414	
0.5892	0.9103	0.4982		77438	67976	59306	71245	60193	77739	89613	81587	82000	60071		1232281	1136090	1202731	1138400	1322597	1361035	1220078	1407585	1565186	1227289	
0.7551	0.2936	0.5621		64467	53501	63197	74665	61757	64914	75023	55133	62551	65570		1278778	1089170	1327937	1253747	1250738	1397733	1294526	1164980	1220719	1307665	
0.9592	0.1683	0.5427		80936	75910	59221	69741	68024	100258	109884	60435	81932	68869		1334282	1328317	1286052	1125948	1498394	1721923	1378576	1280406	1336155	1586428	
0.4236	0.641	0.8735		70023	60230	66952	70556	66714	70416	70694	74816	70863	70258		1230996	1282662	1349310	1221420	1500915	1343517	1305558	1361142	1455888	1301002	
0.4199	0.6629	0.8479		73977	69365	65927	100899	76591	82134	57928	94218	87642	77986		1346232	1364863	1396016	1697466	1501295	1288137	1043237	1186923	1447975	1699344	
0.9054	0.7396	0.2124		79034	69014	69606	70357	74933	61767	73801	47485	79207	79221		1675331	1488507	1220420	1296450	1532625	1402848	1081565	1085186	1038146	1263680	
0.1251	0.9605	0.4594		59150	99085	62744	49857	58545	67526	60072	69155	58662	74405		1362994	1574698	1498788	1138512	1471053	1563861	1728408	1419490	1304598	1267530	
0.9219	0.8597	0.5609		74293	77117	74729	75755	70888	78094	83342	82396	78103	87625		1401988	1517265	1455488	1254480	983844	1355656	1197518	1394774	1282851	1281782	
0.2282	0.8932	0.9133		73843	71698	80372	70594	72536	70258	71998	74685	85096	82781		1633713	1407888	1351775	1269498	1450264	1282508	1241392	1186534	1185841	1309112	
0.0748	0.7096	0.1372		55323	42502	61484	52299	43035	63082	50747	61592	57947	52285		1057209	1109235	1101543	1186411	1232589	1348184	1613663	1225233	1259512	1373949	
0.1826	0.9364	0.1311		57454	56651	56282	46656	57465	60940	54259	57522	78358	112747		1490486	1287641	1331746	1220836	1196552	1595507	1497310	1403539	1629679	1443824	
0.4101	0.1363	0.4298		54267	57672	44880	97597	65992	55884	65684	64118	56548	66425		1273204	1385864	1036555	1396850	1586499	1576354	1667661	1517875	1238125	1621061	
0.8982	0.4151	0.4833		95728	90576	95570	69635	71644	110572	88166	79609	71159	74573		1680172	1388738	1366992	1406563	1417322	1441462	1510034	1377661	1329527	1334462	
0.802	0.4001	0.9964		74273	82999	79205	77557	90310	79965	69513	77951	83192	79654		1345975	1264007	1381200	1430747	1329854	1240386	1362199	1322489	1284196	1184471	
0.7754	0.0664	0.5732		69621	69930	67624	69980	49330	90558	66023	62374	69181	80070		1073880	1325559	1438233	1335243	1283038	1544615	1231143	1239417	1338686	1470351	
0.6215	0.7834	0.1373		64433	66328	109315	72748	67512	64048	61312	51160	75046	93454		1374331	1324262	1434909	1781236	1430682	1754025	1596256	1129707	1436938	1693222	
0.3928	0.8874	0.46		78270	68113	81529	77435	106791	69495	76966	72397	77492	67767		1504010	1749988	1374095	1482930	1615132	1383090	1481917	1404343	1348891	1412844	
0.6509	0.108	0.9869		65233	74639	77677	61804	72519	75252	77027	78009	59771	79631		1323224	1387586	1515432	1362501	1279939	1140135	1359166	1095879	1251439	1223987	
0.7802	0.1834	0.6682		65195	96884	74345	61354	62516	78442	62102	64372	79088	68376		1038548	1499039	1453299	1165451	1331824	1436137	1386024	1257115	1259654	1362307	
0.0979	0.9691	0.3818		64695	47358	71839	44507	54905	58246	50201	58518	62271	44804		1255252	1137492	1514422	1181530	963948	1174996	1299234	1289601	1539345	1203890	
0.7743	0.9632	0.4964		74966	76599	65427	79226	63444	70589	77545	73520	78265	89324		1571989	1417019	1248993	1321558	1153332	1362293	1146510	1125929	1273064	1342589	
0.5743	0.0974	0.3105		68801	56999	83848	52874	56119	69787	46356	53957	55849	62900		1260241	1363219	1657865	1467419	1344456	1180045	1073806	1192227	1085993	1329694	
0.3714	0.1596	0.1919		50630	51391	54345	53548	69907	44396	41433	70982	54393	47409		1486189	1221929	1302351	1323646	1215007	1217087	1226204	1122671	1154123	1291470	
0.1082	0.89	0.4597		51172	59227	59989	56903	56307	56577	54187	62513	44631	68305		1342378	1216996	1246556	1343256	1147752	1259883	1212409	1230021	1025248	1282792	
0.172	0.2574	0.5183		53697	45628	67723	62933	54602	67528	53950	54897	55146	72304		1212079	1020732	1261088	1236547	1265496	1270238	981852	1268564	1487683	1286959	
0.6721	0.8745	0.8146		86704	74467	67461	92981	127792	104164	69407	71794	71478	93641		1361910	1329076	1298291	1436666	1468991	1261715	1334465	1242877	1284696	1324473	
0.1513	0.731	0.6721		75755	94860	90636	59214	58182	59805	58189	57287	58703	59610		1516235	1650197	1555639	1541724	1282725	1301265	1407569	1272253	1440464	1520625	
0.7434	0.5945	0.1719		62086	50608	72703	61078	51242	77958	62054	82046	50992	64992		1451064	1190697	1389339	1384054	1310654	1250695	1293285	1323829	1257160	1562118	
0.0831	0.9393	0.6809		77279	74309	90100	64006	79671	65913	67267	107135	69678	74028		1323485	1202946	1458416	1523948	1383467	1338785	1078497	1728129	1310434	1286401	
0.6652	0.6361	0.7657		78114	79180	75849	77854	79571	76097	81447	70486	88630	68922		1171286	1276670	1204489	1275337	1082429	1232163	1364639	1316233	1022548	1333993	
0.5906	0.4937	0.1846		92603	40724	78180	51125	62091	62307	85643	73948	87834	61477		1460838	1101366	1386601	1132510	1287180	1361703	1363678	1342776	1669799	1279703	
0.2278	0.9476	0.7857		58363	67413	77688	81611	76307	79330	107418	86208	81408	58243		1019173	1220724	1237301	1516348	1289578	1441132	1635429	1703496	1195514	1078729	
0.1575	0.1224	0.0774		53832	81485	48573	36948	54330	59761	53915	51155	44525	58743		1183926	1757413	1321541	1017019	1293050	1243890	1371738	1538700	1277270	1310863	
0.6236	0.2389	0.1198		57556	60446	61888	81216	61479	65518	56452	86846	68167	67539		1244402	1325168	1263105	1397592	1282108	1297236	1271794	1619777	1330767	1494785	
0.2474	0.91	0.6035		63207	64135	70519	63414	70033	63921	69663	62362	62930	71005		1178879	1020514	1208656	1200767	1268804	1206034	1337682	1318935	1181997	1243896	
0.7362	0.6677	0.2513		87629	59469	65369	71801	74464	62094	99187	96521	67049	94916		1456185	1283518	1386276	1443969	1453141	1353064	1530662	1541063	1451379	1445476	
0.4656	0.9567	0.4989		65882	85969	74656	67373	67442	71910	83645	77385	62397	74620		1220034	1465564	1322167	1282567	1465957	1293639	1296768	1508185	1430306	1185109	
0.1846	0.4628	0.2876		74965	56134	54155	44841	62483	54249	45107	63319	67934	66242		1326923	1486844	1144841	1510147	1503906	1496387	1554435	1370090	1703453	1201190	
0.4483	0.3973	0.1569		63388	85392	86540	79680	67142	52759	56228	64355	45464	86932		1313042	1706340	1420025	1276583	1221937	1311849	1332111	1195329	1245483	1577029	
0.5658	0.8131	0.991		64392	72061	80212	75104	113331	86796	84984	81245	97812	125962		1242980	1305660	1182219	1535463	1454470	1506378	1253122	1447884	1388150	1759561	
0.4673	0.5124	0.142		67334	50247	73986	68918	57032	60831	67034	62309	58489	59391		1522789	1032779	1299026	1396684	1432592	1259441	1413474	1456228	1403548	1521700	
0.4155	0.3499	0.3455		65209	63897	57397	54919	62628	63403	81053	57821	64369	69304		1279697	1471387	1343674	1188987	1228727	1228063	1426520	1470839	1575081	1049474	
0.9972	0.477	0.16		82250	75564	71459	68830	71095	87423	69311	68945	68086	113243		1400219	1563473	1203039	1467160	1478050	1255909	1270215	1344030	1278198	1445537	
0.5288	0.9833	0.6024		92936	89220	82208	76733	72862	78291	74442	94618	79252	77745		1371167	1427126	1227027	1568363	1368437	1277237	1566311	1450506	1358084	1560924	
0.4162	0.2933	0.4583		53298	55801	88428	63250	55724	57215	66120	90587	55718	62452		1191513	1291797	1604535	1455633	1545025	1374742	1418943	1706156	1413141	1636660	
0.7616	0.763	0.2942		123646	72668	104995	67445	70579	84750	61034	61232	65695	63389		1393258	1491736	1727258	1596395	1299088	1469315	1176084	1341761	1253591	1353782	
0.3813	0.3519	0.3025		57748	59943	59997	56522	51024	74004	68376	59401	66687	65294		1433111	1064065	1316690	1153505	1470079	1382207	1298911	1315017	1412597	1133733	
0.3045	0.547	0.612		85982	62439	55958	84773	67177	71675	60805	59960	93610	65983		1584439	1442026	1353144	1282810	1473801	1525181	1346948	1432961	1294708	1576619	
0.6106	0.9326	0.4935		71447	58980	72991	79604	68998	94418	77665	77635	101181	79607		1207779	1098151	1255069	1287442	1466283	1479746	1367498	1223774	1519372	1308291	
0.3872	0.2769	0.9714		66366	70055	65091	75258	54144	75550	68021	69740	65404	67715		1432994	1540496	1238503	1176776	1068338	1090872	1291627	1424775	1295355	1589216	
0.5828	0.6356	0.1353		62377	69022	59177	60128	73253	62101	62402	87225	71358	90886		1300028	1358330	1378296	1401284	1391127	1233551	1485114	1358507	1186778	1378370	
0.9231	0.4724	0.2724		70972	78416	69735	66331	76724	85463	79510	71714	90248	70766		1252765	1597020	1322118	1306489	1426893	1489726	1370628	1284079	1474317	1381778	
0.5433	0.0774	0.7761		62673	76032	69811	61584	53792	58195	58793	65295	65006	68284		1291452	1406397	1577336	1301138	1200736	1300008	1032465	1268224	1272096	1310225	
0.5001	0.1725	0.6282		72596	66414	57668	73106	62106	92644	54985	48615	65302	86925		1369838	1540990	1234669	1566036	1335565	1531299	1592576	984384	1123053	1261168	
0.4123	0.3736	0.411		64584	59062	67824	62320	59339	68053	67355	70311	69898	67726		1357811	1238574	1359308	1491301	1165520	1482451	1690008	1294580	1240285	1396928	
0.5174	0.1462	0.6351		50162	65338	57436	55867	57730	55243	68061	68037	61171	57362		1537027	1318109	1142776	1421684	1212322	1155937	1227866	1330902	1288692	1264370	
0.4657	0.5195	0.8065		102537	67088	63986	71610	64465	66411	66356	77830	81215	109305		1216132	1395462	1183476	1168398	1193257	1093961	1097065	1309282	1379503	1556129	
0.4874	0.7322	0.8659		71363	87111	86127	69759	72259	84448	76752	73883	69365	71034		1338087	1670674	1499599	1320125	1285042	1568774	1254886	1137870	1143831	1173097	
0.8292	0.0666	0.6994		93441	56962	59405	69900	68041	59281	58512	50191	76047	55863		1401648	1235608	1185260	1260601	1449931	1326315	1404016	1193859	1230723	1180328	
0.858	0.6741	0.9363		98313	116523	86669	107845	83886	76663	79746	122965	68441	97874		1393708	1378250	1736430	1744204	1359932	1297707	1528830	1751620	1533736	1315106	
0.7068	0.7968	0.6573		110412	78838	70486	65530	74022	67956	48931	81882	60911	75943		1602603	1501221	1319057	1240415	1094574	1097684	985420	1137951	1263167	1251933	
0.3535	0.1852	0.9064		58447	59008	71763	61692	50102	68670	57018	76333	62908	73281		1678359	1368660	1340184	1317339	1075679	1055574	1328574	1429797	1364522	1600231	
0.7479	0.0848	0.5744		70897	60868	69652	63850	69110	91848	69318	65295	51756	50689		1232983	1209962	1417812	1399576	1623179	1370803	1302285	1433314	1267607	1154832	
0.2579	0.4816	0.7291		79451	50136	55665	63579	63663	58220	80042	66805	58423	59330		1171088	1205385	1131237	1273692	1447898	1226114	1368664	1514078	1186431	1384337	
0.1615	0.6778	0.9498		63739	59328	62897	71040	70352	62926	89885	64731	67314	61379		1323097	1206540	1247816	1321670	1414518	1491916	1640218	1653781	1311863	1453465	
0.0677	0.4883	0.5081		64127	57342	66058	75444	74161	67926	53376	44914	63671	55400		1278403	1347927	1537070	1325230	1332348	1214416	1129493	1461842	1163900	1330853	
0.0965	0.6407	0.7447		88291	67775	80052	70273	103851	52205	60472	74524	69158	56454		1573957	1237895	1392628	1330448	1498646	1210107	1295220	1462738	1468440	1390299	
0.5119	0.2441	0.5735		66430	70935	67596	70497	84980	64335	52621	71016	62333	63271		1524400	1739201	1322766	1290853	1265203	1273229	1283688	1368053	1268583	1186141	
0.5527	0.6828	0.437		69336	69395	88715	68671	73959	67008	92752	102150	60098	62849		1261449	1342434	1166897	1428349	1320063	1199572	1658114	1638431	1453562	1153080	
0.1317	0.8778	0.7349		62605	63076	79148	55257	67105	55183	73095	83546	54511	73541		1199613	1034398	1140124	1265862	1221449	1437819	1232494	1448766	1220044	1193697	
0.7258	0.3259	0.4374		67356	70740	81197	73226	60080	62869	75837	51156	60112	70751		1266197	1420401	1286358	1299823	1224491	1176172	1242011	1183253	1351864	1230935	
0.2257	0.0567	0.3475		51831	49865	51195	50084	54934	48842	61486	51930	47558	45556		1521378	1472797	1604044	1459100	1325045	1117757	1683521	1241960	1250030	1511821	
0.8669	0.7561	0.3257		84453	71122	73495	54589	75830	79150	90554	76511	85036	69734		1228184	1244834	1260993	1065959	1249887	1393447	1701989	1313295	1467062	1343082	
0.1691	0.2969	0.1916		48568	59936	46657	48851	75847	46623	46328	54560	44873	81625		1339319	1277887	1279551	1365665	1623833	1428000	1436798	1449854	1251074	1468849	
0.6036	0.4741	0.0674		53958	59198	81777	98653	63318	71364	62687	62241	55339	57884		1265600	1275170	1549680	1561335	1418771	1574017	1338445	1247299	1357899	1324513	
0.818	0.9903	0.711		77660	86708	79933	90312	65269	81534	115406	80274	88043	96360		1195929	1220486	1221597	1493914	1229345	1163321	1538597	1382084	1221822	1222567	
0.2885	0.2684	0.5213		45214	54170	64496	59676	53536	56294	98964	48112	55348	50625		1550927	1100590	1179046	1259811	1378938	1233951	1274186	1221545	1084151	1144645	
0.1995	0.3695	0.3895		63019	62408	54044	52603	58528	53215	60316	55905	64627	61313		875825	1214291	1308836	1200984	1209847	1071736	1069143	1277951	1579274	1203401	
0.2416	0.9974	0.7751		67340	77473	70447	69543	109731	66708	75490	70173	102487	81130		1525718	1518995	1263031	1183344	1612164	1134035	1461629	1217307	1589957	1302478	
0.8872	0.9097	0.2693		86684	77285	76120	101095	64433	96493	111304	102334	76351	64943		1290392	1167810	1304921	1692500	1341139	1213710	1416877	1210087	1356581	1158916	
0.674	0.4355	0.1082		60745	61444	79493	72364	78136	75874	81648	114061	62395	79430		1134356	1131273	1362646	1370720	1758613	1347866	1353187	1527473	1518254	1269688	
0.8645	0.8015	0.9256		102386	77912	80681	88615	84693	102475	83272	86574	130367	87739		1441241	1455725	1396165	1232584	1348426	1419031	1149291	1695890	1615088	1296813	
0.185	0.8225	0.3049		54345	60443	59202	54735	58028	66244	71984	75181	82046	51058		1354518	1262566	1195405	1284137	1387987	1358564	1252176	1277416	1532277	1057750	
0.6568	0.5139	0.569		84230	78334	93940	78096	64248	74871	73888	70561	67895	65445		1448854	1332360	1291263	1362433	1243733	1271608	1283940	1303690	1345158	1627215	
0.2583	0.4257	0.7234		61058	83517	68436	69079	70478	70723	61160	75970	69862	70144		1198496	1308354	1333968	1212367	1189985	1346281	1733978	1208996	1550899	1417582	
0.913	0.0786	0.5971		67566	60936	62198	61607	59769	76754	84361	50134	59822	62651		1423024	1483086	1209332	1604190	1257731	1618075	1243115	1052563	1213537	1257837	
0.341	0.8717	0.3306		60861	72801	62761	59387	73814	69080	69880	79870	98474	66038		1356765	1408056	1376178	1290416	1475870	1367978	1296331	1363974	1473750	1410054	
0.8312	0.0768	0.1135		65744	68085	73394	46898	59952	49572	68954	58624	59772	72051		1320703	1538402	1365070	1296284	1126217	1345923	1410058	1435074	1376189	1442155	
0.7539	0.8158	0.6816		73272	81975	99715	73990	69191	59828	82875	68912	81966	67955		1455951	1475139	1340362	1444744	1286495	1110101	1341223	1253662	1770723	1690313	
0.5058	0.3111	0.815		51232	64520	61215	63284	81047	103891	61081	105318	70296	80090		1498775	1067998	1472238	1260105	1695093	1359865	1429422	1488865	1451129	1418671	
0.8606	0.2295	0.788		74124	67259	69714	79400	81795	90419	68074	69000	66114	59111		1618517	1364024	1314757	1306394	1408541	1429587	1257246	1335642	1263659	1309594	
0.7814	0.6269	0.3796		76584	109551	81251	71272	76208	69423	110855	76116	82603	80460		1411961	1632729	1389734	1570031	1242961	1144179	1532055	1579366	1226409	1354948	
0.5115	0.2084	0.8605		62399	80234	67361	78812	67418	100114	68323	68080	68332	73346		1198751	1368332	1523849	1344756	1514135	1519884	1346760	1199133	1259545	1287360	
0.9222	0.0693	0.107		74332	36622	36438	70160	49687	58777	60543	61087	67496	66833		1243983	947010	827009	1390862	1524947	1471870	1261966	1360996	1303276	1396992	
0.5107	0.5955	0.1243		56567	68616	63708	58563	60848	54426	49225	48519	77146	54938		1144653	1385906	1315565	1244010	1290126	1334299	1005485	1015527	1569006	1317377	
0.1574	0.9001	0.7108		63011	65643	65380	75419	65069	80321	82758	102459	84325	88467		1216957	1584294	1572819	1642555	1395731	1394256	1541145	1446983	1496163	1635103	
0.2435	0.4887	0.5653		66229	57531	62996	59047	72569	48742	57846	51783	56850	47655		1421876	1379853	1449272	1335821	1138595	1367520	1227922	1360381	1223051	1090240	
0.2587	0.6313	0.3588		67622	54760	61793	54954	55908	92181	72504	58791	57712	63167		1277097	1217287	1214091	1280397	1482534	1724171	1650724	1615520	1354354	1435263	
0.3603	0.1598	0.1103		68379	48536	44133	74966	50077	49660	58797	78361	58835	52076		1509212	1193205	1219328	1439558	1478748	1316273	1315803	1358121	1301993	1425374	
0.5293	0.5631	0.7298		84034	89656	80292	74663	79122	78257	60689	88932	111686	70091		1313360	1231615	1311407	1302430	1530765	1450385	1165351	1320057	1407373	1423916	
0.3384	0.7813	0.9926		77601	97081	60077	57019	93767	118190	77313	72216	109087	79334		1050390	1334277	1077656	986413	1289520	1405449	1419139	1357426	1621165	1266492	
0.0577	0.7925	0.4767		61139	62452	81006	60140	57406	56814	64391	62659	59111	62213		1473730	1431264	1526412	1615672	1290728	1333019	1307422	1478831	1482107	1443862	
0.6146	0.4228	0.6577		93230	65584	64652	87751	79428	68030	68285	67560	63896	72202		1260466	1184737	1218264	1477858	1144127	1183395	1232463	1253132	1193788	1159672	
0.291	0.2903	0.1947		54225	56228	44145	53791	56983	59572	53588	44807	52647	51697		1266756	1406511	1421587	1281087	1486940	1553694	1338335	1204554	1165362	1419332	
0.8533	0.214	0.6697		57856	76572	72483	66110	62994	61728	77311	68766	59839	65190		1510597	1324138	1517787	1380658	1444000	1261168	1453908	1317382	1582193	1332970	
0.5152	0.055	0.8686		71547	50629	50135	65641	77031	71471	92709	71579	59169	58916		1517865	1173803	1288771	1169794	1254031	1182977	1380900	1445965	1438094	1294945	
0.7134	0.4217	0.4495		54271	71745	61365	97992	66654	64793	67328	66295	68850	74879		1153918	1234275	1425064	1336827	1647272	1296073	1581064	1414279	1250722	1322720	
0.5349	0.5263	0.3531		64033	53790	54104	61556	70359	71622	65633	64656	65528	55126		1297251	1063729	1096930	1162497	1077162	1268217	1280545	1287137	1337917	1134159	
0.6993	0.3208	0.3684		57428	70567	64816	68943	51302	64124	68358	106145	73486	85017		1283179	1195658	1171647	1479153	1266314	1260015	1433202	1362614	1419716	1195961	
0.161	0.3954	0.1108		49736	59697	50269	59057	55269	50717	52124	49493	59540	48487		1603021	1350608	1425652	1368043	1326044	1443907	1627934	1441764	1328613	1477177	
0.5342	0.2983	0.3198		54126	57362	50215	75485	53951	82284	83091	60583	74853	56605		1116995	1253710	1273824	1427417	1372183	1305188	1486475	1520739	1466193	1363026	
0.2708	0.9133	0.259		59515	58247	58547	82614	49777	65695	62800	51702	63965	68799		1418874	1588465	1440104	1319581	1314096	1336122	1653635	1269714	1431608	1464165	
0.3965	0.3466	0.1111		59085	53732	53433	54214	64436	59321	76224	44480	42717	50886		1293959	1207970	1251601	1255689	1439655	1279944	1399200	1153228	1023816	1347509	
0.9841	0.6415	0.6233		73531	101651	64190	74634	74079	86790	73107	75660	68121	72044		1382780	1601401	1241716	1130799	1261615	1249869	1223335	1241554	1324233	1195939	
0.8519	0.884	0.4287		68786	60848	62285	74407	83999	75360	80540	78933	71399	86586		1168482	1096014	1043632	1097301	1051324	1238688	1037800	1168551	1123605	1436062	
0.3697	0.0654	0.5721		65096	45014	55643	61294	74332	66569	42980	53503	60292	56931		1292545	1296402	1371104	1225210	1669371	1314065	1205358	1124560	1308091	1511470	
0.282	0.7655	0.6583		63900	96105	78999	64968	74155	67038	76772	53668	70512	68766		1180854	1552226	1558910	1193366	1307632	1300681	1407895	1246217	1433434	1468972	
0.3977	0.8169	0.9177		77008	60596	80352	69476	68456	67083	69369	111012	105751	88539		1294606	976559	1230948	1270750	1170701	1351738	1229723	1509474	1668696	1348153	
0.4218	0.9017	0.2892		61471	61608	62154	74821	65909	64236	70230	55473	62681	93105		1277856	1447153	1236690	1570295	1252646	1183259	1449098	1509858	1199074	1577488	
0.5638	0.1679	0.4557		61627	49078	55703	63729	58944	73433	53213	65359	93402	60526		1309170	1203510	1019382	1263366	1236261	1192892	1455439	1258251	1425031	1541095	
0.7128	0.3088	0.8992		69987	65324	107054	82802	64705	72140	70578	66732	91926	68076		1320487	1080981	1733236	1429931	1213035	1215851	1189076	1173744	1246974	1271595	
0.4168	0.9615	0.358		65226	65038	71589	86683	79488	59866	77267	108263	65415	64917		1227368	1427685	1365170	1640580	1513456	1183704	1123561	1302452	1240451	1292293	
0.0845	0.1505	0.5466		58948	71583	48539	51745	83061	48243	55309	59665	39531	46956		1277084	1501368	1256325	1150292	1274425	1342887	1609498	1240883	1205761	1137910	
0.6573	0.645	0.5265		71368	76118	81054	73600	88199	87464	63123	113945	66247	72487		1375072	1509867	1554950	1593338	1470981	1489640	1321485	1374628	1792460	1283521	
0.9832	0.0823	0.8052		78452	70454	59621	71164	64124	66252	65937	75240	70314	69393		1183116	1246490	1252307	1360920	1273804	1199138	1343228	1548043	1144455	1505967	
0.6605	0.8275	0.2379		80958	58059	71523	66071	82986	75970	86621	96625	75765	83510		1168819	1206873	1213630	1158840	1414513	1455684	1327327	1381259	1274637	1240249	
0.2598	0.3293	0.7065		55429	80843	57946	56495	85505	57008	65122	57816	83150	60328		1330881	1542731	1396267	1118585	1308259	1134399	1212463	1288786	1296291	1332436	
0.0921	0.8729	0.5309		59073	70550	61403	68194	75632	61841	69924	68239	62010	59284		1210349	1560738	1221464	1230728	1319115	1451516	1382167	1262321	1336396	1300653	
0.3928	0.6287	0.2067		55355	60977	55206	54186	54613	71371	62102	56953	53706	64330		1327922	1345214	1443444	1460475	1190551	1419813	1332919	1228035	1061159	1367155	
0.8677	0.6098	0.4667		84615	67090	72552	91510	73783	93746	76979	85346	100283	83712		1467988	1478810	1521983	1428906	1563373	1655566	1456383	1245150	1504519	1401974	
0.191	0.2316	0.8833		63984	59730	63188	55100	52721	66393	52794	55228	47846	54722		1272289	1366920	1209978	1120097	1171617	1156082	1028300	1222500	1303069	939259	
0.4925	0.5215	0.4014		58795	68485	63029	65833	65735	61544	51921	98239	78050	98516		1200816	1510750	1354521	1382250	1340352	1298068	1175464	1452700	1459078	1575154	
0.4469	0.6227	0.8002		65257	56477	65391	65003	68040	55809	65995	66624	87626	74768		1365210	1250883	1294435	1454952	1429546	1237658	1206078	1517105	1537745	1312813	
0.3552	0.1229	0.3262		48836	77757	47793	41057	41895	49988	39192	56394	51459	49753		1370675	1446677	981907	932202	941377	1189958	1273008	1108433	1467774	1177328	
0.1944	0.5731	0.3577		64466	48991	58143	47259	84460	60282	66758	56759	57224	60785		1217696	1305670	1226249	1324656	1276215	1258360	1434119	1454817	1483467	1400132	
0.6522	0.4539	0.2179		71126	60346	67948	57667	67294	60026	51099	62747	49903	64650		1259664	1479738	1359404	1371492	1285011	1070201	1027679	1542707	1166276	1482745	
0.7251	0.5236	0.2273		106683	61850	67026	76112	74894	61190	54403	59740	97340	67509		1359175	1360527	1380952	1313898	1438496	1405512	1326602	988589	1274241	1324784	
0.4903	0.8596	0.9888		74190	82671	77480	72246	116969	74797	74277	76222	81398	85622		1196783	1238704	1321091	1336869	1576085	1638686	1232484	1510093	1129088	1343010	
0.2188	0.1427	0.2615		51278	50202	59099	40929	48736	53759	49276	49838	41121	53195		1373323	1447745	1552110	1352476	1052613	1283408	1555806	1238431	1044653	1183303	
0.0559	0.216	0.4658		41607	53433	53729	47204	47632	40448	44895	45452	54733	60380		1250333	1201055	1214123	1263858	1305623	1507957	1193503	1039202	1055272	1207799	
0.4142	0.3385	0.5591		75970	71386	57318	61384	49744	55708	80849	62801	63464	71865		1757487	1481033	1111831	1401764	1244345	1286362	1629623	1342712	1415470	1620328	
0.5388	0.1277	0.2952		62300	60506	82876	54975	77626	47901	57267	61587	52217	76225		1580878	1295465	1258404	1585556	1465889	1199730	1160964	1173555	1256716	1110852	
0.303	0.928	0.144		57495	60806	64980	63881	65831	52674	60406	53767	70258	67947		1153704	1282050	1318764	1205533	1360234	1227850	1195320	1452807	1560396	1512330	
0.8822	0.57	0.0728		65278	74714	57431	76386	78991	87169	75460	60399	87369	59183		1101889	1207209	1185709	1274228	1300533	1352439	1321888	1255627	1163271	1155125	
0.1656	0.8796	0.9064		79751	81446	77532	69998	59995	81305	76614	65850	63728	57905		1444351	1448041	1579283	1522140	1230229	1490905	1629449	1313637	1285922	1216380	
0.8047	0.8485	0.14		71370	67586	56352	74188	67233	73367	69817	57928	59637	128121		1153811	1337660	1341219	1250001	1248913	1335210	1454708	1098084	1096431	1443280	
0.6032	0.4698	0.7156		68785	70067	57490	57389	86290	69644	70602	65778	100536	66358		1338440	1601098	1063054	1136929	1218691	1243432	1506269	1375706	1600781	1456339	
0.1225	0.7465	0.5472		61953	60143	61740	68906	50317	72302	70385	61976	72033	61189		1323258	1117280	1148324	1309011	1278328	1387478	1463042	1244832	1415844	1299408	
0.8267	0.1279	0.2347		101454	54846	61247	56152	61479	58568	55681	89674	56223	57160		1240702	1551533	1138644	1286435	1486961	1424936	1325626	1232770	1194082	1174762	
0.5364	0.4307	0.5505		53397	71504	71744	102969	61014	70635	61178	60468	62126	69290		1238457	1393960	1313974	1571538	1536697	1248253	1529913	1234591	1343266	1302348	
0.2653	0.4073	0.5046		69194	58152	51256	56357	54362	55994	61450	60270	45585	45368		1183154	1298537	1276630	1407804	1303791	1255351	1334328	1248911	1121874	979737	
0.7533	0.0803	0.7048		58813	74472	75241	64429	62675	50496	68479	87636	108373	61871		1219254	1415726	1495792	1182712	1206125	1071699	1256194	1509898	1398522	1192036	
0.5518	0.4548	0.7075		77787	77228	70224	91044	71361	54200	64828	69423	67662	75130		1265017	1339431	1420239	1445265	1470665	1373869	1112021	1306738	1300417	1281719	
0.6253	0.7023	0.7954		110350	57927	73948	68602	95778	66929	67753	101201	61735	74477		1458708	1443032	1294749	1130419	1214364	1273046	1216792	1192483	1140618	1459611	
0.2751	0.9991	0.8312		72275	72890	85078	83585	63310	81951	76847	81611	81641	62651		1425795	1337601	1286168	1339254	1369854	1453064	1574114	1445332	1401557	1342198	
0.6039	0.4757	0.983		77491	105597	60873	83900	71437	65256	101027	73874	71786	84897		1467431	1173324	1320980	1400829	1578011	1339711	1772844	1615154	1353399	1553101	
0.0959	0.4966	0.6425		72146	51111	71114	55108	67720	69039	65100	61088	57160	61701		1287962	1455003	1516885	1638889	1383126	1404037	1451420	1423551	1352709	1399039	
0.5574	0.92	0.9936		75601	69360	94916	105292	82478	80472	127711	119660	71649	101170		1380758	1351482	1214801	1438599	1367228	1325394	1568904	1771078	1449371	1256351	
0.0717	0.5554	0.0953		44187	43653	66851	50128	52245	64299	51709	53591	54299	53045		1158164	1285421	1316089	1557156	1431021	1592933	1320323	1475449	1542172	1183353	
0.2721	0.6514	0.6016		61190	102659	69521	74797	61171	82545	61778	60435	60569	60384		1250039	1354088	1392229	1394409	1308282	1325653	1575688	1278433	1389247	1293678	
0.0817	0.2801	0.177		49739	47254	51549	57578	48577	59797	49142	56802	48117	50042		1334274	1345966	1227049	1292284	1447318	1419827	1567998	1594114	1394798	1531678	
0.3056	0.551	0.7051		67127	63617	61531	61517	74018	71732	116237	91189	60659	63052		1440961	1394565	1459883	1663251	1522707	1398627	1444865	1354886	1592151	1615787	
0.3802	0.2453	0.5092		56287	79838	47100	62179	52918	67446	57710	66119	59669	58259		1185251	1291116	1270629	1223377	1402307	1279186	1387904	1140168	1334928	1299593	
0.6632	0.3985	0.5206		75711	90790	103587	61433	65311	68402	60494	71180	55049	61210		1506284	1517132	1680344	1369438	1183206	1321041	1165305	1274030	1165304	1078309	
0.2146	0.8242	0.4204		56602	46699	53364	62414	66814	67641	60223	61160	50070	50035		986275	1004708	1129856	1135729	1275126	1292980	1238407	1232684	1112200	1010727	
0.7686	0.8286	0.7772		90051	78157	105147	76364	77474	69107	86464	69251	80974	84088		1352857	1326313	1448761	1604516	1315594	1240438	1522363	1349302	1205885	1274019	
0.9805	0.159	0.4828		62953	97818	65248	63425	53806	70846	63998	70078	64255	55885		1189980	1648295	1470297	1209291	1064132	1210807	1295384	1448383	1353711	1088952	
0.1796	0.8291	0.5964		65985	57671	63101	83144	62933	62472	72363	67307	55743	70502		1199417	1337444	1211071	1657204	1257861	1094447	1299148	1411731	1246780	1283834	
0.3335	0.6168	0.7285		66865	73370	66170	64936	68762	86778	60087	62846	54934	70755		1399747	1339330	1362777	1138831	1290861	1272756	1400541	1291956	1169425	1486770	
0.7637	0.9492	0.2639		122854	69197	76032	82267	76915	71046	86000	71887	75457	81704		1367212	1170072	1347555	1394406	1177524	1710612	1300896	1245585	1224939	1366993	
0.0782	0.0634	0.8152		40769	41715	40341	39989	63318	48513	87914	49980	48952	49198		992782	977189	1018696	999127	1411438	1371972	1731495	1370949	1136167	1185144	
0.0914	0.8809	0.8223		63784	66150	73281	67211	73215	60829	66054	65648	105647	83446		1292158	1267191	1558064	1286143	1202659	1271758	1243634	1280655	1420003	1388523	
0.4824	0.4464	0.5074		84251	70516	75717	74964	69549	66917	69619	74802	70084	63183		1295706	1374728	1404041	1335928	1184949	1646079	1247281	1607298	1233757	1481440	
0.5756	0.931	0.4708		78303	83559	104089	91135	83265	61201	80383	99250	76503	77278		1453010	1428967	1487384	1581715	1614188	1187111	1071891	1221049	1437957	1402831	
0.8426	0.4196	0.1421		99575	64039	73412	64112	83016	64535	72617	99109	55494	57552		1127163	1260330	1331694	1170188	1240509	1490793	1272732	1275907	1269390	1186428	
0.4758	0.8203	0.8093		64839	72949	78218	78803	72923	70325	70859	76309	76285	78557		1226087	1252069	1248961	1163458	1418281	1524277	1114964	1232555	1425469	1275973	
0.6588	0.524	0.5905		76610	71286	104323	79586	75479	69232	70651	107101	97319	125384		1151442	1206851	1188898	1210138	1337451	1380990	1272926	1506756	1485776	1613323	
0.9529	0.4553	0.2021		110543	72834	68656	92569	70180	74935	74344	65854	66864	88951		1326783	1380722	1589892	1176406	1142221	1208695	1415203	1225712	1197154	1223200	
0.4976	0.3755	0.5466		63531	74518	66152	61530	64792	65461	68837	66796	67279	65714		1214469	1335530	1424335	1301235	1522539	1343560	1521756	1420876	1664777	1267823	
0.3092	0.5878	0.6537		67457	61018	73944	74995	64213	78890	66354	76725	64808	67047		1114731	1251048	1216312	1282328	1270609	1251192	1163440	1396135	1431522	1417645	
0.5412	0.2671	0.3093		89350	86460	81706	71311	69362	65142	78903	66866	66267	59584		1481045	1304434	1410913	1307047	1526378	1283825	1516264	1266192	1331871	1373015	
0.61	0.1118	0.1243		52914	87822	60205	55806	69794	68471	56705	88380	57581	57810		1191934	1285512	1310429	1426929	1357134	1506524	1420143	1437762	1390039	1289538	
0.2882	0.7412	0.3635		58873	66622	71225	70139	60979	65667	58351	56840	61667	64860		1036496	1022745	1266317	1502143	1590423	1467674	1398257	1329884	1575762	1162632	
0.9659	0.8746	0.4763		69726	87709	86056	77483	102557	82529	79070	91848	84678	84014		1081395	1136947	1220092	1439131	1298186	1409164	1131930	1336482	1337469	1354352	
0.1326	0.0647	0.7436		44927	56254	52861	49677	76992	57318	50117	49483	68662	54346		1248653	1340974	1363952	1488097	1440827	1271730	1503753	1499021	1365252	1353514	
0.9435	0.7159	0.9092		110566	101532	87130	121881	109195	86723	99537	80547	89334	81761		1437971	1390798	1304678	1633584	1516113	1317533	1345098	1445999	1329197	1502818	
0.8223	0.2739	0.2519		65874	72480	76893	58760	52917	56744	77766	75444	63706	53664		1137587	1204865	1293886	1212956	1067122	1141867	1107212	1446361	1202848	1209898	
0.0973	0.8337	0.6526		75361	69377	66178	77959	93105	61534	68921	74047	83843	65631		1615190	1564938	1472249	1447637	1286311	1223372	1226794	1397830	1236585	1193628	
0.9276	0.6567	0.3663		70255	65638	88031	72438	79431	72570	73257	82143	60711	122916		1298511	1091952	1099193	1262583	1274675	1330308	1413209	1183565	1230633	1349933	
0.4962	0.1303	0.646		49792	59275	75456	55941	79916	61223	69120	63310	62222	63248		1108145	1310155	1540776	1423569	1369739	1296887	1648795	1472966	1519641	1452020	
0.3074	0.7129	0.8584		69986	87548	68808	77606	73327	73010	107481	86496	73390	83182		1511376	1231863	1204403	1377230	1431035	1388595	1383904	1573601	1227692	1383893	
0.9041	0.0943	0.9439		106062	69170	89025	68601	68151	68686	77348	84700	71778	64579		1809676	1381601	1464455	1219947	1308159	1256664	1506484	1197539	1349633	1335408	
0.4962	0.3823	0.7773		64002	76001	62982	64703	97063	69487	57251	88932	92774	63921		1236499	1513388	1206239	1309320	1321119	1241770	1266335	1154195	1175035	1211845	
0.7509	0.6486	0.4787		88603	94548	66782	66352	66954	69892	81317	78907	92185	71950		1554331	1242160	1255520	1441583	1111500	1480216	1476328	1316843	1353627	1332986	
0.2828	0.8985	0.3923		51384	62733	71975	66128	90192	63780	90669	74528	98019	100200		1210616	1154377	1120316	1487161	1285815	1348224	1293010	1248569	1328535	1221497	
0.6939	0.6227	0.2736		61133	92982	59516	60912	102288	102020	68308	72009	62389	68223		1208310	1702754	1168520	1211569	1484494	1375897	1584112	1292244	1229591	1219533	
0.6872	0.7933	0.9536		96686	83579	87435	93898	104798	90738	80726	114216	93748	63993		1521893	1651335	1551221	1265588	1659310	1244033	1345681	1443056	1632197	1199195	
0.0726	0.5593	0.3367		47186	73879	51630	43881	52315	54643	85441	57424	54697	62008		1178855	1449567	1310838	1324654	1267938	1310128	1645799	1505440	1286995	1411417	
0.4341	0.6008	0.5682		77051	58560	66490	54189	72021	82368	59022	81207	79441	62521		1207706	1294056	1249437	1383191	1554396	1342903	1172419	1668115	1657344	1547817	
0.3644	0.3038	0.8911		65958	60112	58347	66876	59211	59107	52547	45536	64526	66768		1228862	1165661	1547323	1555599	1294106	1034252	1182508	992309	1393508	1471206	
0.3039	0.0722	0.4422		60971	62208	63144	55757	63909	63299	63196	57760	56791	46769		1387504	1318279	1381127	1265887	1537821	1352418	1316083	1476368	1237023	1375206	
0.4831	0.575	0.5527		96196	54840	53240	61048	76765	83316	52404	68198	61764	65733		1294779	1008184	1063787	1068948	1172729	1246739	992407	990284	1300329	1283163	
0.5599	0.7381	0.7124		72455	61255	90260	72764	62707	70015	93202	88628	76355	79806		1411087	1253102	1343512	1471090	1403017	1177848	1384998	1556374	1410669	1655649	
0.5718	0.7995	0.6263		66478	76005	76161	91781	86119	72378	77549	80033	74372	77951		1540150	1225814	1201339	1484782	1309359	1568305	1413947	1271498	1470668	1614889	
0.1783	0.2039	0.7934		75060	65395	58747	58152	48775	64132	67173	78510	81049	67431		1347704	1372960	1285384	1417246	1329063	1236049	1301725	1457635	1603625	1481740	
0.516	0.2039	0.634		62922	48039	49321	49952	69371	92026	64292	58994	73275	60327		1200910	1071235	1179471	980485	1248900	1665729	1220745	1258177	1296789	1049618	
0.3777	0.5298	0.2399		54367	57976	69528	73495	55495	88284	71130	100829	62209	65737		1396499	1450746	1441220	1211234	1543406	1639848	1449817	1778295	1272145	1186425	
0.7121	0.4271	0.8976		93725	116112	78008	82752	86160	68215	74626	85534	83554	97939		1263897	1586758	1366151	1533128	1376861	1344055	1483537	1327520	1557825	1581252	
0.1096	0.1523	0.2053		47977	44031	44079	34782	60371	35966	45643	54241	55598	50840		1188910	1183184	1066419	1038002	1095599	1097857	1112536	1083840	1288888	1330608	
0.2398	0.8625	0.3637		103826	61070	58465	64247	69803	73121	76336	63786	64701	66641		1474796	1592547	1128479	1341303	1580181	1268462	1587414	1264409	1498749	1542277	
0.4415	0.0703	0.2784		51762	42800	41801	60090	43317	47822	48303	54707	65081	60392		1192246	1351855	1106357	1029726	1330416	1102327	1035578	1645944	1260310	1378999	
0.5289	0.7781	0.6403		84371	74903	78427	90518	82482	77661	74491	83227	100944	79651		1276194	1301474	1272236	1383484	1304108	1559696	1259805	1145553	1221343	1173185	
0.7361	0.5216	0.6571		64222	114927	83558	74168	86900	79244	76428	77476	85833	82496		1184455	1336775	1318917	1461572	1392079	1699164	1343483	1282514	1383755	1428305	
0.3175	0.5022	0.6125		74473	66044	80781	60731	63317	64147	63954	64929	61791	66004		1576952	1469072	1287771	1228531	1218063	1098351	1206018	1172755	1289662	1271749	
0.0822	0.5753	0.8886		57634	74683	57380	65251	59578	58852	56667	62916	107894	69682		1484917	1528668	1254112	1371610	1322533	1088026	1159319	1383084	1639122	1650292	
0.0529	0.1856	0.3739		60206	41206	49156	47864	50948	53877	50915	54098	53381	48978		1413997	1270563	1617623	1639479	1722235	1499525	1295358	1365991	1609347	1600311	
0.2619	0.3701	0.1766		50728	50708	58678	68323	64926	52097	51404	64852	50352	74932		1553658	1337709	1259029	1378320	1296490	1336419	1252676	1273712	1534015	1727302	
0.8599	0.8913	0.787		98158	82086	114799	120825	80024	84474	86240	90793	92203	131141		1424390	1419582	1570089	1646068	1356706	1342174	1472860	1327243	1343379	1417771	
0.2714	0.7314	0.0781		56796	53105	84270	52749	52168	66381	47823	50038	57331	83250		1442538	1282765	1739997	1679691	1501773	1308772	1246974	1289112	1498294	1728112	
0.3371	0.1905	0.2797		49943	50139	79727	54106	50108	84943	54227	66532	63062	58038		1255311	1247190	1273649	1154269	1458448	1393485	1252110	1390705	1375366	1324705	
0.5815	0.2094	0.9078		60006	69559	80989	69161	81162	79842	77381	66517	77645	54390		1207648	1554990	1411581	1536381	1361962	1392044	1450656	1194034	1238132	1418729	
0.7604	0.8077	0.3992		76994	75561	67752	84932	73364	67698	71458	71787	74236	96512		1110891	1293524	1295365	1290461	1281482	1259626	1265794	1456046	1460760	1451853	
0.785	0.538	0.4877		65438	58151	60373	60193	49980	61721	78876	79876	102711	91559		1188546	1099234	1047122	1012462	996061	1069975	1248379	1121407	1282955	1523782	
0.6318	0.1196	0.6466		73129	54877	63967	75228	62405	57365	90396	51250	64201	75396		1425958	1123877	1103593	1472511	1327782	1507885	1507222	1502925	1399501	1488837	
0.2175	0.6439	0.6956		67287	64557	99881	63754	66290	69596	61961	69042	64963	66839		1688414	1380184	1703148	1644696	1309930	1316940	1298313	1167334	1283604	1474754	
0.6256	0.337	0.4059		82465	71309	63809	92372	58799	60448	60302	56879	61684	77170		1267682	1191583	1350090	1496326	1583198	1327818	1390807	1361247	1327053	1402279	
0.1473	0.528	0.7164		48908	55344	57195	51453	59363	62794	61063	75971	68556	64067		1038299	1196336	1164989	1169905	1167721	1309934	1028094	1248485	1762169	1415095	
0.1817	0.8994	0.5121		59229	62161	65064	65513	70806	60758	64341	66886	58649	59602		1381514	1141300	1162965	1455555	1342179	1367947	1242362	1245661	1229342	1320652	
0.5568	0.8577	0.4134		68215	109310	76408	79766	68280	85993	73693	84966	59360	70782		1498716	1699748	1499666	1290978	1379234	1336990	1657374	1379647	1233121	1308150	
0.5782	0.314	0.5658		67339	63238	68453	57779	78034	66822	58601	74907	68975	89109		1147839	1121583	1144787	1282528	1155864	1279581	1159367	1642747	1188645	1317120	
0.0972	0.0995	0.4911		59445	41673	57941	54816	51812	46896	46791	42887	48878	45940		1233440	1092422	1292426	1281484	1162593	1385511	1226722	1230907	1227939	1289481	
0.8751	0.469	0.9873		90827	76047	62589	75011	75075	70744	74350	107330	71502	82125		1180561	1142443	1063052	1287417	1398468	1383746	1087775	1167706	1226203	1288786	
0.1836	0.6961	0.6628		68012	75761	62026	83248	70166	63961	61168	61978	78384	66858		1522351	1442146	1637185	1707142	1569106	1664758	1597469	1686027	1601324	1466328	
0.8562	0.6731	0.9342		75202	80755	84227	127412	79157	77472	116001	72702	117542	76031		1128978	1122126	1236937	1273702	1420053	1236821	1728197	1610058	1475339	1357415	
0.9333	0.1001	0.7388		66405	117191	69504	67624	72686	67955	81420	58084	89155	66985		1163100	1778511	1319661	1331851	1319353	1492941	1329598	1192165	1369713	1224748	
0.216	0.4303	0.1808		63734	49792	52806	48828	55637	47198	50793	79672	85894	57098		1309708	1447985	1217955	1301739	1211517	1474070	1231532	1434435	1545979	1477897	
0.6516	0.1798	0.8533		65582	61361	76498	65562	64531	66632	80329	66189	77009	72240		1318889	1261481	1459446	1445820	1188153	1199333	1386219	1342039	1069136	1421911	
0.1819	0.0749	0.1681		45271	49156	43021	66859	40114	37549	48748	51451	47556	48455		1196853	1437134	1347316	1614324	1172971	1086706	1301251	1242291	1354369	1385861	
0.2377	0.2554	0.4471		58115	56712	74488	48734	78502	58872	57304	43437	52405	56093		1276978	1086658	1321150	1405461	1259300	1481599	1409848	1265653	1178942	1335052	
0.9665	0.8144	0.6228		81226	88808	92862	71119	88855	83619	81002	82409	79363	123104		1425230	1544429	1349405	1228586	1276894	1199436	1327021	1594652	1274573	1629529	
0.1538	0.8183	0.1058		63532	50969	47035	77329	56715	50628	59068	56287	62704	66082		1349837	1465020	1172081	1252203	1289467	1471348	1196744	1322763	1261197	1533733	
0.9138	0.9189	0.5727		129051	84767	77061	90865	80221	87894	93422	76122	105540	83615		1429267	1311993	1242383	1551619	1372293	1314815	1313079	1071174	1139783	1490425	
0.7441	0.9662	0.0591		61208	64864	72024	72194	67119	74150	70667	108632	70073	75348		1231741	1511336	1384489	1456207	1341954	1417953	1355488	1748701	1488170	1252442	
0.8058	0.8512	0.218		74504	68124	69389	70099	72550	74840	68971	55729	85482	72161		1332666	1431778	1134014	1369379	1323497	1496621	1560186	1148019	906135	1134006	
0.6692	0.5028	0.8395		80753	79373	101250	69410	67776	79116	88619	80664	66744	82266		1300385	1292080	1347235	1532662	1072152	1348276	1246900	1278908	1111383	1291216	
0.0901	0.9394	0.1048		58413	40159	50933	76684	71032	52357	60864	66375	43341	54077		1362004	1316964	1111932	1203679	1404320	1385065	1340246	1336259	1210432	1192020	
0.3603	0.4331	0.1881		49888	58852	54449	52151	55681	67772	58908	60500	68642	55594		1355585	1358585	1225485	1184995	1439176	1458554	1436489	1425018	1641258	1501646	
0.1819	0.6477	0.4869		73120	61903	72556	62259	50171	82884	73515	88868	63755	67903		1307152	1230971	1412929	1210199	1145113	1256193	1264210	1433166	1284799	1588865	
0.1223	0.4489	0.8479		85940	67505	86905	92808	70488	69097	62442	58981	62979	51551		1786854	1438272	1380573	1770577	1165665	1153467	1172863	1349082	1511021	1221192	
0.3995	0.365	0.5265		65021	72714	63159	63598	81369	51115	67160	90670	62424	67960		1243834	1263697	1306151	1348242	1489269	1488186	1240647	1400970	1371119	1378477	
0.5125	0.6104	0.2984		58067	72410	51583	64002	81774	63324	66891	76183	68516	108291		1259649	1281813	1046385	1102522	1299781	1308589	1357234	1370000	1439070	1720326	
0.115	0.1274	0.7182		70626	86723	52434	54151	71033	65447	53984	72024	50522	51833		1503471	1447840	1501530	1091331	1337078	1287295	1144965	1242283	1471559	1470417	
0.6268	0.7421	0.3326		63424	74605	101434	66969	60332	70618	78926	64520	81136	80353		1070707	1604724	1339341	1259379	1316490	1363265	1300553	1289734	1251252	1611334	
0.4234	0.3574	0.3826		67987	72123	58759	60205	60129	75224	56663	63747	56052	69995		1680225	1315179	1404622	1446712	1382999	1272784	1563210	1370197	1291678	1242139	
0.0606	0.7016	0.7724		62515	51117	70373	59003	63395	51663	62805	64408	67350	63795		1166771	1210799	1134355	1266452	1316456	1341683	1264577	1410334	1410562	1387639	
0.174	0.1062	0.794		57339	49729	58029	53616	55792	54744	46140	81822	92128	63387		1421303	1454137	1352439	1220821	1434181	1321295	1140517	1387916	1468581	1359104	
0.2488	0.513	0.479		74245	59786	87426	69571	59203	66528	59934	62895	64799	68612		1360896	1334866	1210577	1157322	1295458	1231564	1498558	1348826	1460049	1384682	
0.2667	0.1118	0.5956		58040	52434	40224	90339	53940	56083	58399	55406	57346	66109		1231814	1205692	1171517	1032842	1158432	1064839	1173683	1178202	1154693	1258469	
0.8832	0.3755	0.844		70663	83130	78415	72115	112089	87322	72384	89990	82004	121484		1415046	1390281	1215264	1231695	1340509	1613838	1541304	1217739	1414412	1653037	
0.8145	0.4903	0.8507		97191	64118	80131	76884	91753	108703	102191	69969	86259	93866		1320753	1225091	1341000	1330075	1238018	1336492	1356138	1628717	1327165	1344316	
0.6946	0.9414	0.783		81911	94420	83565	88317	120783	114293	119350	77090	91576	90131		1452167	1443186	1256836	1551185	1580497	1524161	1479515	1243142	1272313	1580718	
0.9984	0.417	0.1437		68396	62985	61177	61549	59710	52869	71148	65298	66263	76300		1403304	1456973	1314145	1244481	1339053	1267110	1334672	1223746	1328198	1336634	
0.6664	0.2648	0.3852		76139	49955	74758	81706	54840	72871	68288	72057	69989	64111		1276004	1183464	1222386	1384356	1296136	1093548	1330859	1407058	1387494	1270904	
0.4255	0.0559	0.6116		63062	64486	55987	56456	90363	81017	47911	62683	62187	71890		1219381	1279636	1338544	1256631	1411437	1551639	1182872	1098593	1451367	1307172	
0.0952	0.9421	0.128		55480	68761	43949	75397	44054	66351	66701	65955	45919	55331		1311408	1433227	1347389	1221463	1314762	1514875	1337726	1550141	1189896	1287564	
0.0934	0.3556	0.9058		57882	58040	77138	66850	58141	63637	58414	55621	81675	65396		1589500	1553383	1772138	1575651	1332493	1379000	1333415	1363496	1223152	1327507	
0.5964	0.0849	0.9975		67086	76406	64366	80868	67697	82574	72001	66232	83564	74857		1218200	1468486	1495696	1245626	1351817	1493304	1479271	1355642	1372761	1342725	
0.6741	0.4017	0.7281		70902	91729	67974	72124	89126	73168	73276	60780	112518	81306		1411595	1489579	1387315	1204034	1329875	1324769	1258284	1134295	1641172	1619962	
0.7685	0.2232	0.1999		55716	59203	58480	66127	57140	79725	59966	73987	69116	70470		1423029	1304102	1573108	1358921	1370728	1175484	1321962	1186439	1572994	1180675	
0.2904	0.5279	0.5558		72801	73981	66063	67556	50499	90996	65756	62113	72096	68452		1205462	1405462	1446936	1529305	1552484	1630002	1577977	1388885	1520960	1544222	
0.3168	0.9671	0.3789		65374	65360	68524	67248	74108	68341	75524	76234	56361	63482		1252782	1222962	1493149	1541792	1555305	1276966	1373776	1291955	1199719	1306371	
0.3559	0.4342	0.1869		38837	58222	51596	66505	80887	67724	54921	92209	70786	47352		1175463	1140862	1067811	1366334	1325469	1339647	1155924	1463476	1283896	1363242	
0.7787	0.9833	0.5747		110448	83470	89916	68543	82443	102158	75922	83931	97406	83446		1360999	1458694	1374353	1160969	1347509	1349707	1504689	1536205	1416079	1195448	
0.9268	0.6953	0.8678		79785	70144	120790	84430	112032	78375	81159	86660	88466	76460		1125204	1142817	1533526	1612562	1429699	1158268	1411034	1621236	1395375	1305843	
0.2436	0.9522	0.1383		56333	54650	52072	60869	50405	54684	48513	56460	62990	82849		1175155	1142890	1030959	1314682	1181797	1041817	1110779	1138313	1229853	1317397	
0.201	0.3558	0.3549		84772	56199	67858	52843	67055	61454	57964	67371	55016	63406		1600380	1158776	1363039	1382847	1126107	1260163	1315307	1454122	1667344	1182510	
0.1815	0.2486	0.358		52840	50394	43307	49450	50287	50098	52239	52655	48360	51931		1192764	1162985	1010848	1059179	1382728	1260821	1239831	1266531	1474173	1488575	
0.5918	0.8954	0.6915		64773	60168	80353	86239	82113	70301	72600	90008	87915	80255		1149353	1375743	1532182	1389105	1300613	1249830	1207546	1323022	1451364	1286260	
0.5577	0.2301	0.1843		68513	76188	52351	61183	57438	52202	58431	48735	57605	57565		1381673	1115472	1567294	1225727	1320979	1306737	1194137	1563765	1264770	1130790	
0.6434	0.9548	0.9085		94257	86920	97375	84174	87646	84634	85749	87066	123794	69333		1433681	1357791	1592988	1514402	1339608	1350861	1164356	1259349	1311559	1319020	
0.3096	0.4383	0.6979		71457	53184	76450	50341	51116	73732	64484	77129	63769	54671		1230732	1180485	1356296	1123334	1034277	1467441	1305510	1297954	1290332	1505911	
0.0862	0.6474	0.7475		70592	65214	51349	63965	56622	80686	60148	59587	56129	87084		1455003	1177730	1372152	1257252	1178973	1438283	1213099	1398876	1369607	1598475	
0.9088	0.605	0.8831		66134	83145	81850	74446	76505	82167	86786	105725	85111	110242		1295711	1481966	1480048	1261418	1186220	1632995	1295533	1136945	1502335	1334494	
0.9702	0.8823	0.8212		83051	106818	93980	87197	99909	84565	97608	97776	121473	119130		1209526	1444058	1630899	1278283	1246750	1254252	1271902	1276425	1242445	1528259	
0.3646	0.6047	0.922		107755	78727	71573	110144	78807	78803	81272	82543	75465	77883		1464846	1433259	1367567	1500599	1589752	1379147	1432628	1447700	1319169	1285481	
0.7684	0.6756	0.6601		96761	109108	77337	74250	76883	78048	90190	83284	79416	85348		1283327	1400428	1535928	1237170	1242208	1370856	1529078	1510642	1253209	1050480	
0.9581	0.9665	0.9044		120701	88913	99611	91370	89989	81172	98573	94711	101205	88894		1431096	1317714	1431616	1227576	1259563	1271016	1429650	1156567	1172659	1291139	
0.3194	0.8193	0.2341		50007	57220	72188	62179	63325	73076	66096	68298	64473	93734		1546141	1152974	1436660	1392717	1227605	1468994	1313312	1420283	1398792	1336372	
0.9742	0.6419	0.8493		79698	75498	76921	75692	74203	101277	128203	79853	83659	81368		1221046	1566033	1334465	1608435	1302130	1280222	1477649	1442505	1346439	1116150	
0.619	0.9355	0.7257		82830	79271	106398	88074	64083	106901	99670	96407	88628	87171		1508454	1286831	1491768	1370788	1266885	1376268	1596434	1423746	1457015	1536125	
0.3001	0.4892	0.9274		78908	66005	67194	66068	66281	65350	77018	81339	63700	100670		1231317	1118335	1439287	1296310	1376991	1292288	1285964	1350269	1530945	1607300	
0.5845	0.9588	0.59		134941	85138	81375	83792	108922	65979	74695	77107	80433	65444		1483728	1485668	1178140	1279937	1238458	1282419	1118348	1287905	1320576	1329099	
0.4539	0.364	0.9865		68403	92333	76926	75957	76498	66777	105816	66527	84627	78186		1329447	1577351	1403576	1059852	1324175	1165229	1227796	1079785	1277958	1483291	
0.35	0.5147	0.7654		53653	64313	54781	79131	74170	96561	73125	55784	56121	65146		1038567	1614025	1198442	1233951	1405811	1374314	1161463	1061644	1069479	1224296	
0.7549	0.0551	0.8495		86942	71121	61085	105839	59028	82427	63760	71882	75625	63105		1337170	1157219	1450815	1334396	1372866	1495211	1501900	1228958	1499660	1347318	
0.2126	0.699	0.0518		52648	54249	44321	59722	48091	55282	74479	63959	60913	44099		1364690	1311938	1508711	1113243	1058973	1213766	1320032	1242832	1600413	1186822	
0.3529	0.0882	0.878		76597	64943	61539	58851	46709	53800	63478	58954	49232	67475		1558836	1718063	1348630	1280718	1294776	1444480	1366242	1442359	1690564	1353676	
0.6262	0.6451	0.197		65391	98771	64315	89799	74207	62024	74794	64627	65385	74061		1263952	1294264	1303790	1746087	1374582	1252327	1411792	1191842	1134208	1430311	
0.4384	0.0741	0.1241		58174	52719	47819	47177	46318	47933	39754	43764	63308	56489		1178338	1319298	1432348	1430733	1206887	1398964	1028308	1252622	1471672	1563052	
0.1014	0.1602	0.5505		55049	53353	53274	53990	59738	68290	54778	47631	80884	66668		1209021	1288131	1409405	1394011	1512574	1445404	1314215	1402997	1106858	1352621	
0.3798	0.5265	0.0663		53963	55115	57185	49420	51268	52138	52147	45010	61013	56781		1222967	1551112	1670642	1204318	1194792	1293737	1327627	1223822	1038144	1135462	
0.5821	0.4255	0.4614		60224	74488	71523	63180	46089	80098	93782	53534	72854	61532		1315477	1304863	1696487	1391052	851545	1511925	1326664	1065664	1246384	1354829	
0.9068	0.843	0.2809		76638	60162	71550	115499	72375	64239	87509	127718	113632	65208		1170625	1011744	1227059	1290875	1461861	1270128	1288137	1431932	1346455	1215030	
0.6965	0.2679	0.5168		64064	64563	56842	75675	66999	67061	72881	69730	73398	68759		1310767	1200669	1213274	1548960	1542969	1141346	1241832	1324692	1307882	1261919	
0.756	0.7136	0.2716		73943	57699	57351	57011	68873	56523	92310	72350	80923	68217		1333193	1327623	1421005	1342625	1255274	1182931	1364215	1314858	1448158	1307639	
0.062	0.2655	0.6005		71911	70473	65086	93079	62894	60654	66540	66824	51540	45228		1108780	1329265	1356093	1352315	1313126	1203400	1178112	1240676	1234930	1283514	
0.0641	0.4628	0.9569		73093	66321	66901	59325	59784	69194	66800	58733	74084	59706		1299355	1270565	1341626	1496734	1299741	1516433	1298851	1244214	1247201	1358174	
0.7437	0.6323	0.1812		61323	48186	79863	64764	67714	83844	77577	66092	72734	70942		1275754	1158261	1450398	1334415	1240838	1390334	1359796	1638615	1416409	1387152	
0.3488	0.7025	0.2448		59881	69102	66725	83059	58354	67327	59813	60481	62566	60728		1310326	1422809	1301696	1210672	1298228	1519931	1199015	1333334	1339759	1503526	
0.668	0.578	0.2808		65143	53833	61690	76280	65138	102417	54573	76323	73064	74580		1301566	1228924	1427574	1429277	1513540	1670067	1209159	1173486	1273326	1675486	
0.9238	0.5209	0.4232		76446	61833	73928	73573	78721	74616	74104	73699	83997	79932		1297493	1150499	1240916	1377450	1336802	1486478	1245232	1228785	1280540	1404397	
0.083	0.1406	0.6321		49783	54261	50306	53200	55175	52907	44821	52613	46953	61428		1196946	1081841	1169765	1180244	1230482	1213716	1146499	1087644	1028248	1216710	
0.1825	0.7854	0.5891		84070	52738	74160	63143	66062	66466	85132	76627	72689	72614		1344392	1250764	1207888	1503525	1246911	1497294	1200893	1311393	1157169	1205547	
0.4032	0.4781	0.214		58882	59089	62058	61424	57173	62522	66563	57668	75667	86167		1196003	1284506	1586040	1511558	1247556	1265724	1291965	1411796	1415638	1624943	
0.5432	0.2075	0.5807		72231	69622	50357	56793	71175	79087	56460	61277	55977	60611		1465537	1386658	1178321	989945	1099813	1306299	1209909	1419124	1164607	1188123	
0.3328	0.9701	0.5523		75981	69474	73158	75301	81832	56758	57794	66531	69025	71031		1366124	1472718	1338123	1175136	1400236	1125222	1020796	1303672	1174136	1476180	
0.4388	0.3937	0.3235		77077	80576	48749	83618	62671	63891	70611	72718	103704	66242		1533275	1357125	969365	1136382	1329170	1360309	1368654	1334975	1399467	1384652	
0.0695	0.465	0.1557		41025	54591	50356	50009	73886	53743	61379	49875	52609	50590		1519106	1394067	1419877	1406567	1378987	1396145	1326477	1207396	1182432	1153762	
0.8331	0.1261	0.308		65277	60865	50561	83577	65506	102024	72774	75850	79572	54706		1175172	1145667	1241974	1626855	1459235	1706640	1485590	1561884	1392892	1086849	
0.6244	0.1538	0.6425		55578	103474	65060	64554	76394	51895	66783	86146	100726	50799		1505023	1679502	1255379	1440536	1337621	1177222	1186001	1369183	1437075	1546682	
0.5266	0.447	0.3075		78899	78066	71461	58680	62153	64622	54322	70924	64581	68208		1225434	1346369	1277651	1480365	1241741	1286204	1213615	1426605	1406975	1639800	
0.5403	0.2298	0.1714		58896	66469	48793	73232	57102	58254	69028	66334	48356	73209		1578114	1680059	1271584	1555994	1048822	1076510	1270586	1573293	1052698	1282197	
0.5991	0.9196	0.2095		55871	69400	70611	104487	69759	68039	67023	61331	66317	81565		1202195	1098645	1132434	1579734	1550235	1232030	1435586	1247381	1291892	1449513	
0.8146	0.486	0.071		69177	62700	51679	68936	106007	60779	61246	62165	61835	50779		1196454	1310281	1142143	1320306	1523883	1328686	1439823	1514086	1431936	1226800	
0.8969	0.816	0.8292		73154	85343	131879	78941	91698	87308	126151	133291	73303	82578		1352008	1433365	1374647	1624159	1532806	1253734	1358186	1283786	1518657	1205162	
0.2502	0.1584	0.6463		63771	85278	52779	50456	86967	55984	67409	53623	56606	70987		1360600	1707618	1599169	1209002	1318305	1327879	1214932	1435629	1221090	1300333	
0.6899	0.4357	0.2205		74318	74230	61558	76743	73920	78972	66407	58967	58911	60850		1252383	1328928	1146707	1623989	1175016	1611111	1443885	1239844	1289714	1269442	
0.3194	0.1202	0.3605		73928	64577	54093	56740	61449	57152	43818	60695	55776	46215		1487393	1254175	1222061	1394482	1465241	1231761	1065521	1206791	1293572	1131367	
0.5222	0.184	0.7125		67678	95577	69961	63592	60294	61393	69957	77745	66914	107329		1666314	1206492	1496606	1354162	1305306	1529168	1536113	1591336	1481515	1750885	
0.1116	0.2083	0.9756		44373	53467	55134	65388	57807	54384	55457	54524	86348	54839		1204845	1265299	1187056	1513619	1372385	1216577	1261924	1435199	1505884	1216401	
0.4999	0.8685	0.1855		83374	63287	100731	73046	60709	53357	58997	69642	79323	70970		1322849	1231473	1600078	1153333	1129633	1126940	1170710	1315200	1154683	1291859	
0.2405	0.2049	0.752		67886	54975	47659	49738	56590	57440	65811	64817	86701	57995		1170189	1536260	1109690	1208729	1235482	1378038	1548434	1246528	1366509	1403810	
0.1747	0.629	0.6456		63747	66411	87445	58703	65854	60988	76932	60149	76855	61193		1269385	1390262	1369539	1062925	1233333	1280230	1245495	1201959	1337897	1402505	
0.882	0.2484	0.2585		57746	73218	62407	55962	64230	52995	63882	68951	72542	62676		1435979	1334538	1432932	1283058	1241496	1337809	1132586	1367823	1331975	1367361	
0.8368	0.2495	0.4376		81106	65154	63853	68193	63847	78743	64473	77248	65444	93685		1659291	1249626	1206673	1167219	1302049	1241666	1272996	1350198	1273234	1349110	
0.3074	0.8799	0.264		60446	56184	59649	75986	62029	70046	61741	50338	60834	63296		1312138	1069383	1340296	1271079	1466843	1120006	1581299	1489253	1382380	1308436	
0.1136	0.3607	0.444		49713	50738	45510	41958	42421	53738	61028	50068	78086	63711		1552249	1178245	1191558	1045793	1510863	1162386	1439027	1292384	1554297	1434402	
0.1963	0.8841	0.6573		73016	72188	69258	65185	75009	66913	110551	52584	59900	76149		1224051	1547484	1215735	1327670	1063492	1304443	1613579	1204055	1149408	1065321	
0.6528	0.5116	0.5107		64685	81998	71535	71126	64677	67899	76118	68365	58876	64630		1081530	1328024	1383966	1187769	1372891	1273711	1652222	1353616	1535819	1245995	
0.6474	0.1353	0.3673		55048	61117	62805	54658	68930	47151	91657	56568	121402	62755		1330491	1161077	1312033	1247935	1258677	1029602	1575812	1489224	1387437	1526291	
0.8934	0.0505	0.7977		65817	53224	75916	67955	75229	55456	69507	64977	55421	74514		1335785	1147937	1113568	1254133	1282050	1122073	1292916	1351476	1147435	1363610	
0.9469	0.1782	0.2074		60776	60570	62816	67582	56967	75845	61480	63025	66818	57290		1334524	1143069	1157678	1306896	1057604	1209608	1143843	1171161	1126315	1109405	
0.6294	0.3742	0.6666		54145	75349	111224	63757	82007	80542	79847	66344	78871	71329		1496178	1390903	1784204	1599405	1563310	1480001	1447765	1350588	1381886	1431736	
0.9269	0.371	0.4176		70692	65378	62655	68104	69431	67651	71505	79358	66916	77386		1354826	1215930	1221000	1521489	1195010	1392117	1450102	1392249	1209324	1363774	
0.6342	0.8321	0.1901		63133	90459	63004	66419	65861	56431	73082	74231	64488	85178		1200018	1579667	1310505	1327183	1199597	1306420	1214594	1157995	1241622	1380450	
0.9538	0.1399	0.7549		79164	57072	64792	76556	72981	56362	73821	75508	114647	71035		1245467	1352511	1283985	1529472	1202729	1272128	1268523	1325668	1694773	1423124	
0.628	0.2484	0.2248		56329	65369	53611	50452	56492	46882	62195	58783	60353	60442		1286835	1232570	1340056	1141980	1055796	1245815	1208864	1253771	1319433	1358342	
0.2755	0.9451	0.8457		98129	62659	60141	60664	74241	80919	72471	113443	88045	68662		1329456	1211350	1110224	1065207	1135567	1377030	1452125	1469006	1291571	1285602	
0.2404	0.357	0.4279		42738	35105	60496	58007	57047	68780	52673	91168	55860	63468		1064778	798678	1042136	1457652	1281408	1193509	1136818	1290280	1434444	1374723	
0.2696	0.7013	0.3145		69497	56524	70047	69484	56661	50482	63014	88933	56759	64460		1283983	1232865	1290276	1429321	1274872	1203707	1187181	1229413	1667962	1120384	
0.4947	0.6103	0.178		66806	54380	70949	61698	60114	86959	63438	66788	69354	78254		1243176	1118174	1117953	1458104	1209112	1262876	1302364	1375394	1422094	1237553	
0.07	0.3493	0.2597		52538	52424	52499	52498	67004	72204	61671	42258	53379	91226		1224756	1303215	1263303	1137229	1252499	1400683	1175788	1050626	1180009	1374154	
0.2826	0.8655	0.9831		84072	75459	101625	71936	80833	93253	60576	93843	73903	86352		1334041	1334225	1443160	1333018	1451286	1337098	1135835	1096071	1307715	1460569	
0.3214	0.4028	0.4028		54250	54343	54783	55832	55061	55209	56217	55747	66582	72198		1658025	1208301	1153273	1446911	1219277	1419491	1269041	1104101	1403851	1198798	
0.8923	0.9085	0.1897		82384	77389	61436	78021	90691	79073	81030	61649	83204	69398		1272763	1283239	1123716	1151689	1352477	1490409	1227285	1336992	1259317	1543200	
0.8537	0.8533	0.3748		62376	75230	72919	70291	71486	79713	88451	81210	77786	82890		1229162	1357334	1384288	1341454	1413719	1488199	1440675	1610906	1380175	1395227	
0.329	0.7698	0.2559		67928	62269	72429	88864	94936	92763	76010	68203	70612	68963		1320327	1326651	1186171	1672844	1654618	1821741	1655523	1136265	1304260	1352169	
0.3707	0.6773	0.9556		71763	64380	71118	87879	91594	72689	82695	68732	95211	63898		1437349	1180965	1262898	1390312	1318825	1457128	1556737	1541368	1311830	1319448	
0.147	0.1604	0.607		94037	54844	56173	56654	52115	55876	56220	54572	56780	46019		1399479	1655648	1349644	1549465	1575688	1221292	1213752	1301896	1253899	1372271	
0.3754	0.7429	0.9205		57482	65135	87850	77192	73277	69573	76203	65660	83266	71531		1080958	1067052	1288638	1171815	1326422	1253686	1169951	1053044	1220749	1346256	
0.2992	0.5556	0.5429		112613	56587	81440	73806	92769	76338	81939	68581	57167	104846		1849981	1587008	1535058	1472532	1498784	1235435	1660346	1539343	1325895	1103127	
0.8307	0.61	0.9802		121684	69513	86203	73030	79520	73862	84619	97952	67528	67778		1446752	1190958	1426085	1403480	1209382	1242362	1285019	1557845	1510269	1061176	
0.3078	0.3961	0.5182		46076	54263	54566	55219	87977	64217	59188	48844	86164	71579		1045005	1266289	1107325	1258152	1323444	1278461	1199815	1206970	1396329	1412428	
0.6208	0.1818	0.2974		77471	57311	77165	60652	73952	59608	60103	60976	65625	71057		1478633	1297428	1481937	1455792	1568853	1592638	1295754	1247926	1385114	1849741	
0.1901	0.1255	0.6712		54198	49375	67451	55987	63059	57989	53546	54763	56234	64409		1398222	1581651	1414853	1241699	1568546	1301175	1123290	1138002	1503489	1204653	
0.5897	0.0915	0.7777		65157	92693	63275	62862	67565	70534	55528	95074	88633	77217		1241974	1223995	1261715	1281797	1378464	1602900	1167047	1098755	1477636	1287160	
0.7926	0.9698	0.3872		76173	92309	83376	93928	78730	95547	102759	84511	105871	73421		1527018	1293582	1476965	1425222	1329781	1421796	1484085	1600882	1486779	1227564	
0.2098	0.1981	0.2109		87978	58564	50515	60207	58473	50471	51638	58380	64168	49194		1593098	1361882	1469984	1499552	1294633	1374373	1498058	1475650	1426962	1235165	
0.2273	0.4898	0.1892		61737	70260	66099	51086	57071	58986	84477	58427	54209	62807		1297594	1260822	1278486	1315091	1400723	1559552	1637691	1597871	1358802	1420438	
0.3524	0.9602	0.3723		69855	62132	63488	108889	83491	74135	72896	63780	71064	80945		1145583	1247352	1439525	1639447	1504337	1511131	1370075	1361740	1358749	1347145	
0.5639	0.1293	0.1322		43274	57705	65864	61801	52990	60419	51580	60710	58492	50269		1182743	1298053	1633991	1608538	1202523	1480925	1225864	1213838	1152619	1223890	
0.7397	0.9945	0.3912		74360	73403	100703	72957	88190	77846	76582	75168	64858	72919		1281433	1574883	1671735	1343122	1389234	1257533	1341545	1200603	1100437	1053857	
0.4682	0.1157	0.4725		58695	60686	64039	59863	56773	58636	70894	58469	52985	66135		1296291	1230923	1253296	1601856	1469995	1463271	1371392	1417511	1175876	1178871	
0.0611	0.4511	0.0648		38625	58868	47578	47031	45673	48284	38826	51935	56331	57124		1046758	1451778	1160921	1225149	1236342	1270432	1319173	1196070	1351892	1606051	
0.2579	0.2633	0.4564		54884	77369	53676	70393	55818	46235	63452	59241	64013	70305		1229446	1498300	1541736	1437371	1526191	1281798	1315358	1397412	1477509	1598182	
0.8683	0.6092	0.833		63699	71346	79143	72836	99854	128028	94853	91374	78439	78017		1242935	1033000	1266257	1037045	1282040	1176618	1376243	1248286	1107213	1191569	
0.0972	0.4152	0.7243		65776	68857	67888	55574	56149	60120	67592	62539	57921	62607		1125159	1327785	1144705	1037222	1174715	1218769	1272013	1361500	1380260	1262436	
0.14	0.8077	0.1641		53415	55367	85150	51972	53427	43320	54014	90319	54157	72173		1258029	1328562	1263182	1407901	1621049	1329967	1058837	1472913	1500571	1358029	
0.3323	0.9357	0.5297		67371	65682	55592	88194	80837	69641	74581	75820	93033	75211		1461606	1205228	1167829	1148719	1307467	1626424	1366166	1466873	1419923	1473439	
0.6252	0.4484	0.6001		93129	76459	69414	69617	59142	89199	116565	69427	65911	88495		1130528	1355472	1148331	1264886	1325776	1337714	1415157	1739287	1216615	1225239	
0.1384	0.1226	0.913		45854	53654	63000	53842	42548	55162	73533	55546	52344	43950		1029574	1282626	1286763	1612528	1157174	1372654	1316140	1396483	1266908	1237946	
0.3905	0.7285	0.7042		78365	69529	76637	87626	75886	57736	78965	84243	93528	83396		1205382	1297400	1214096	1291016	1180527	1146313	1389192	1282760	1301555	1352505	
0.4272	0.3022	0.3936		65674	57667	65441	78830	53553	48419	72019	63429	66597	60276		1369830	1337511	1391066	1479141	1245443	1135916	1103563	1304197	1417305	1455524	
0.5362	0.1303	0.3541		61170	45129	61124	70750	57776	65007	67862	70079	73584	62709		1301680	1084168	1307743	1436467	1329525	1286050	1368350	1507156	1264047	1291657	
0.3377	0.1766	0.9461		65587	52762	68533	57725	59701	69452	68346	75120	63282	75706		1199372	1224597	1276464	1419133	1508274	1313916	1158019	1334801	1100373	1199773	
0.5432	0.6882	0.4619		75593	127242	67144	70590	92032	70040	69435	67528	71524	63775		1491571	1430130	1402234	1510820	1373422	1537686	1599742	1544756	1593755	1505648	
