32	33	34	
0.3324	0.2208	0.4142		44266	72832	67626	74181	84640	72064	88805	60827	78332	53820		1177353	1489559	1267012	1442488	1942051	1679686	1501786	1856773	1457238	1425379	
0.3331	0.7906	0.764		107381	67911	70521	110009	99511	72430	60301	57125	68452	72573		1523650	1761591	1921163	2109518	1653137	1360194	1511975	1088679	1338128	1527442	
0.5167	0.09	0.4895		76425	66214	56000	45514	58913	79664	60875	45854	50638	68511		1310168	1278292	1263475	1075197	1060037	1843390	1591905	1261141	1047925	1310140	
0.3669	0.0845	0.1452		51385	51855	48942	54212	58351	60405	61785	76157	48023	51021		1596145	1204868	1338400	1373239	1969608	1360998	1353959	1543277	1454844	1616988	
0.808	0.4178	0.9187		84786	74145	81329	65261	94823	83179	74660	64666	81265	102809		1243161	1479583	1602402	1407914	1236985	1670711	1653894	1212919	1508089	1694909	
0.8398	0.3221	0.1847		48106	58679	73722	63700	67130	68628	59460	72282	62254	64001		1062408	1049808	1364446	1360146	1480231	1262888	1244655	1309656	1562093	1528587	
0.5542	0.4564	0.5574		81886	69929	72828	64475	62984	70325	88773	61662	57511	70619		1608229	1511790	1185925	1373479	1176087	1415764	1254025	1395085	1274904	1532960	
0.4864	0.432	0.4752		67194	66669	63549	62536	72687	88801	101755	68640	66822	62909		1253326	1353466	1351232	1337194	1594129	1387675	1798852	1675672	1256236	1275361	
0.8536	0.1917	0.175		66261	59113	85456	60954	63763	56514	63889	84208	62370	69627		1288947	1357046	1487700	1377862	1258502	1249290	1299902	1392368	1250476	1467093	
0.73	0.9441	0.3523		71166	69871	57424	83846	68438	69863	73444	68883	76791	77286		1413332	1237351	1184874	1359880	1254685	1564785	1236729	1107489	1222351	1320495	
0.7869	0.4381	0.152		60582	64443	84392	65055	62774	53260	66278	64845	72040	61827		1143438	1311835	1443174	1281778	1298048	1299185	1438778	1606183	1376403	1375859	
0.8229	0.3236	0.391		79119	105808	78278	65843	75264	70709	75543	65846	98744	62123		1082991	1435150	1276768	1279376	1309609	1305337	1186832	1327508	1515203	1355051	
0.7316	0.8128	0.4435		76573	84966	74313	68740	96309	60533	86617	97888	79105	86115		1498572	1478554	1417593	1546965	1375206	1029879	1141408	1375411	1171426	1374105	
0.8821	0.5741	0.4971		78914	72232	71127	93589	71615	69039	88697	80887	85161	75967		1498480	1357743	1290692	1403369	1253590	1260583	1151872	1351245	1523390	1494991	
0.638	0.3134	0.4029		71959	71637	51537	61198	62012	61185	59622	69537	83203	67440		1282990	1316255	1211973	1225086	1397098	1354222	1268918	1389663	1569813	1588218	
0.8565	0.2813	0.936		88967	75189	66512	71120	71246	73752	87504	71695	71580	70757		1283427	1252610	1053371	1206907	1364829	1281099	1315175	1327967	1585171	1361618	
0.7255	0.8528	0.4721		70667	72062	77189	70600	80851	91096	68961	72350	80688	70586		1468768	1526070	1648014	1338010	1410422	1445345	1150260	1198182	1305604	1526850	
0.9335	0.8512	0.725		80371	90486	88384	66993	81456	101462	82170	97595	78311	90425		1144294	1232792	1157409	1170813	1184797	1350111	1197548	1207055	1052461	1272262	
0.9605	0.3524	0.8173		68909	97125	76840	77836	70614	59525	71216	59610	61271	64064		1335480	1215557	1320100	1404478	1403900	1185302	1134072	1032562	1090637	1016745	
0.7776	0.968	0.7537		75070	63909	80169	77243	87104	79609	74394	92222	114344	84945		1343681	1283250	1390907	1209348	1331610	1335074	1542963	1293417	1737198	1266918	
0.1745	0.6276	0.7146		69620	60957	74457	63503	71377	64749	64361	65941	63433	54113		1119155	1340164	1426025	1248207	1167340	1119862	1282695	1150003	1370814	1153805	
0.7318	0.3291	0.4576		65138	60687	63786	88599	73770	64073	61859	63807	72970	69383		1300962	1174582	1306207	1329319	1519282	1248813	1595166	1275262	1212918	1682892	
0.3526	0.6568	0.4386		69381	63923	61680	74184	60171	92218	59336	59742	65362	69726		1283891	1095281	1368938	1386379	1279255	1575898	1402152	1206532	1344085	1471497	
0.9794	0.5201	0.7933		87855	98282	77867	83615	87361	89891	82669	76834	85082	78033		1549014	1487250	1558352	1509984	1305041	1331397	1288551	1322500	1166253	1454352	
0.845	0.8657	0.2263		69524	84667	90133	67772	83748	72843	85096	75579	67412	72036		1358426	1601527	1455866	1196750	1489321	1317248	1291293	1167139	1281013	1261608	
0.498	0.7241	0.0821		79846	64032	49408	67021	62414	60024	57063	69169	62278	61513		1153814	1630466	1248213	1188610	1331203	1609553	1422640	1213469	1334534	1561542	
0.9498	0.6745	0.0552		75222	56440	65721	69861	71361	58640	54567	64683	68013	65753		1204116	1372837	1341668	1319289	1347341	1182749	1014056	1164147	1339714	1458768	
0.1283	0.7125	0.931		60999	51352	52738	96964	63115	50956	59910	61225	75618	62551		1247734	1045212	1138124	1634462	1300258	1188767	1183023	1357574	1685203	1582322	
0.9615	0.2078	0.7905		62988	73569	64519	58713	73531	100117	83536	79209	91200	98269		1223040	1381571	1395093	1497756	1229356	1681374	1660922	1348110	1282641	1207373	
0.7509	0.2155	0.98		64379	71501	77150	81199	75594	64019	64044	57799	67185	68088		1390544	1474518	1333061	1278139	1092947	1088485	1368764	1201157	1363108	1330343	
0.3932	0.096	0.8845		59440	57394	65579	58464	58607	56890	58545	75708	59757	53837		1274467	1113288	1474928	1172152	1248092	1147474	1204123	1299002	1364461	1190704	
0.6288	0.1642	0.5175		55700	56739	67729	52564	53192	66185	64630	72195	58233	56022		1196798	1192183	1214793	1239636	1198204	1382116	1231169	1629270	1144261	1278850	
0.6293	0.8547	0.92		81584	97100	68993	65540	71510	119909	89209	82501	125392	76418		1157841	1343521	1601635	1061411	1112394	1681338	1556602	1309851	1346620	1292432	
0.0629	0.0678	0.6309		63018	46260	44880	47903	46760	47213	44928	77799	44880	45102		1349498	1333908	1630174	1662914	1451150	1359277	1407891	1452283	1294442	1249633	
0.3664	0.7294	0.6703		50688	67441	76193	61409	69806	62178	67076	75925	100369	63373		1400869	1261791	1348987	1514387	1568410	1492430	1299634	1431657	1437878	1545967	
0.8943	0.4346	0.3645		66166	104870	102178	66228	106299	68263	65787	68658	72191	59388		1521687	1344943	1701558	1554743	1400234	1651068	1459493	1282766	1291166	1278921	
0.1328	0.4291	0.0816		42343	51836	49327	56066	49090	45938	58439	46764	50694	61916		1124768	1355838	1504167	1278024	1307664	1205947	1330317	1159569	1542908	1366433	
0.5843	0.9313	0.9758		81057	87018	89384	91352	82552	88331	78487	80611	77108	73162		1447874	1145940	1281432	1358305	1255356	1242150	1514381	1297404	1152944	1254029	
0.277	0.5715	0.2788		59477	51077	58513	52679	79651	60952	69585	95267	66099	56888		1226582	1365723	1291609	1278748	1352383	1467056	1693995	1821321	1588994	1230534	
0.7291	0.0963	0.5956		66612	48974	93144	56980	62046	50725	75820	82024	52812	66048		1393912	1044485	1589804	1492739	1229814	1204049	1333675	1531160	1393682	1200400	
0.2837	0.677	0.1322		76326	48036	60095	69888	60998	61055	55195	62206	62441	55066		1482395	1481159	1312601	1397046	1426495	1564680	1314419	1416905	1315103	1336744	
0.4992	0.0685	0.348		50656	67507	83100	100569	43770	51441	83966	63035	53182	51903		1427242	1173940	1499062	1479469	1120171	1221181	1303474	1409797	1301991	1137106	
0.5238	0.2137	0.1303		59149	92084	64471	63556	61697	54754	55117	54143	66359	61419		1099476	1642263	1448235	1246813	1275546	1263277	1374738	1190225	1403346	1366329	
0.788	0.346	0.0836		63958	64402	56152	63821	54324	65163	81477	65823	85325	58069		1220252	1326209	1205401	1288083	1297479	1287542	1545330	1311467	1699649	1248524	
0.8999	0.737	0.9883		123146	83994	82027	96271	92038	86998	88504	105643	82135	78017		1832172	1529886	1342438	1418568	1666012	1385619	1700188	1466538	1424214	1239635	
0.1854	0.3588	0.2621		58346	41556	51524	62537	54358	54384	42273	53791	59102	59640		1439399	1115425	1091492	1525418	1410447	1582480	957567	1065182	1316225	1059433	
0.4141	0.3243	0.7283		58491	83772	88740	62325	57891	63069	59553	66031	57561	58013		1429406	1499140	1731712	1422077	1444754	1501656	1426098	1444138	1431225	1511490	
0.6771	0.3495	0.2557		53062	73011	60871	68344	73455	72579	63184	62330	70241	72614		1304671	1403149	1196419	1253036	1308740	1683995	1530829	1389316	1443922	1356999	
0.7618	0.3791	0.5037		75470	63207	65391	73114	62077	64048	69797	53771	75326	63786		1258972	1518887	1490114	1274642	1270973	1244856	1536943	1147749	1386500	1651235	
0.1785	0.3294	0.2782		46914	50466	51273	50445	57784	53704	80459	59201	59534	50154		1295178	1168836	1532646	1404545	1367737	1411110	1629024	1317442	1238618	1285810	
0.5298	0.1489	0.7093		63719	61294	70174	64855	61378	69065	49101	74451	68362	70152		1427322	1481557	1380054	1754075	1620963	1375482	1078337	1076915	1522884	1481407	
0.0678	0.8381	0.2905		89646	61346	54333	58520	44730	42782	53308	60899	66714	53802		1657318	1573796	1542035	1404281	1159737	1067000	1203345	1084943	1352824	1486319	
0.4236	0.3464	0.7082		53640	63954	90261	60553	64444	64522	62814	79056	66531	52959		1296514	1300061	1290330	1139853	1113119	1395117	1370658	1170199	1186335	1278267	
0.6346	0.1497	0.1742		56753	64544	45994	56574	60476	55909	54697	44934	65720	46397		1271231	1179668	1319987	1267162	1238778	1335824	1306074	1134392	1302951	1181508	
0.1505	0.8188	0.0811		64099	61497	55151	55375	56770	42484	71840	46716	52704	49715		1302156	1317244	1456176	1395016	1576133	1114431	1261653	1282164	1413736	1153568	
0.972	0.1072	0.0957		69370	66450	59361	56051	56815	58969	65789	46189	72637	74209		1319718	1280501	1624006	1259945	1487933	1219238	1250293	1102058	1175806	1290602	
0.9605	0.2943	0.0876		60809	66198	63900	77432	68800	62519	65423	72665	68085	69929		1309145	1457823	1321966	1515789	1314147	1431414	1357108	1686707	1308373	1341752	
0.0753	0.2661	0.4827		51198	54931	56841	45340	58460	52624	79600	66345	48778	43761		1171021	1339845	1154266	1175416	1495681	1365138	1514065	1542588	1427767	1176618	
0.7037	0.5904	0.5778		68105	67967	63486	58921	69771	69409	67339	74196	73312	70251		1351656	1291979	1143614	1193578	1313037	1362717	1334885	1376201	1383551	1548398	
0.6162	0.4319	0.7997		110061	69137	81872	66091	63455	57859	76048	84400	78693	61554		1512446	1304307	1653750	1338305	1205087	1244098	1359735	1511175	1259864	1441653	
0.7381	0.8647	0.526		84691	77421	81296	73119	86268	64772	88960	74033	72360	60811		1342372	1154514	1210934	1332681	1279296	1353930	1052573	1171004	1163363	1068575	
0.0515	0.2222	0.8108		65064	60357	55426	49649	49491	49331	58463	51672	58399	41165		1319778	1260393	1467509	1158086	1105245	1347307	1186627	1156842	1209084	1104147	
0.8299	0.44	0.1023		59281	75008	47522	70981	61384	59479	53747	67074	88853	63589		1477216	1418195	1148203	1222476	1381768	1197944	1517159	1469415	1404633	1261727	
0.668	0.4367	0.1586		69205	59955	69383	59314	75684	83882	56950	82867	66962	103806		1155411	1363042	1525159	1472815	1255407	1655179	1522512	1271131	1489660	1447910	
0.4799	0.7072	0.1959		62992	77583	54146	81868	63391	61467	77510	47791	69612	64336		1333358	1398269	1159923	1209824	1384357	1611977	1387220	1156334	1243086	1568743	
0.6147	0.2684	0.3747		50049	65857	64977	72207	57251	40518	61113	68082	60023	61708		1084356	1240394	1244059	1341001	1315194	1005923	1041903	1353344	1385049	1198116	
0.9242	0.482	0.8307		78386	63545	71536	88800	87248	86734	88928	87884	111127	74456		1402303	1076152	1283552	1493727	1386367	1376311	1376628	1421530	1812620	1584815	
0.7781	0.896	0.3205		72304	70716	88731	69157	70943	72230	82442	95998	73331	74137		1502955	1304247	1318869	1357720	1537374	1491923	1306962	1273299	1478353	1322061	
0.6572	0.7711	0.9855		79982	96646	75249	89183	65500	84747	66513	75533	64262	79568		1529731	1410521	1228276	1301773	1281567	1267072	1344294	1243199	1082476	1401199	
0.9663	0.6951	0.8412		80445	82886	101247	79206	68589	66852	85110	97988	74770	82094		1545854	1493968	1654578	1700937	1145856	1282058	1187762	1381913	1245430	1498367	
0.9082	0.5669	0.3023		116746	70725	81051	70532	76446	87768	63912	61474	78549	72528		1697626	1287814	1429453	1582609	1330016	1637463	1266372	1135450	1310783	1605809	
0.3473	0.122	0.5676		57910	51855	42045	41937	85907	51583	56139	54573	59267	53445		1493272	1276523	1081414	1222434	1636854	1430709	1339784	1287968	1593164	1364782	
0.3431	0.4247	0.8576		60986	59567	39403	74885	94978	100450	93210	53290	84275	84879		1253712	1255506	1222524	1652117	1736603	1732599	1545728	1077561	1228476	1558085	
0.8539	0.8637	0.3327		68408	73762	71831	72976	129111	70130	78370	75176	62217	57753		1107676	1307565	1410919	1322599	1659612	1415445	1281262	1310892	1201683	1066155	
0.467	0.2994	0.8257		59968	61533	59093	66260	73901	65329	75061	61192	78152	71587		1281167	1231471	1121933	997906	1226097	1302312	1255233	1256787	1169921	1227533	
0.1232	0.2082	0.3234		50707	50714	54133	54599	37282	45615	60068	45300	52612	41405		1217205	1173808	1354493	1248618	1364704	1339830	1296685	1232181	1186379	1271134	
0.7997	0.2361	0.5584		51039	56454	61568	68722	63497	55884	65137	72979	63922	53459		1177439	1149956	1144352	1264089	1202265	1217681	1467293	1265526	1303930	1127114	
0.3005	0.6887	0.5335		61607	50489	89073	72951	62438	109289	66160	62582	96440	86019		1322391	1131366	1483229	1594936	1407371	1486977	1531352	1607961	1334333	1666754	
0.4322	0.7016	0.8014		85221	82667	66985	117138	59034	57517	108662	73688	75167	78674		1428338	1242055	1201886	1678825	1271807	1168557	1164396	1549671	1242574	1189247	
0.9954	0.7226	0.4471		76770	70286	84417	77946	62856	74763	106407	104997	87877	75455		1124656	1075135	1243688	1388518	1100504	1289004	1601546	1594135	1063156	1264308	
0.9188	0.8406	0.8699		73207	113262	90189	93759	81452	82235	69528	72050	81007	69473		1111568	1412105	1403350	1624241	1290265	1348211	1215631	1127702	1300822	1226294	
0.308	0.4552	0.8725		61347	69794	71189	66428	63269	61265	61753	60264	59514	59066		1144577	1309174	1458280	1294475	1174016	1292609	1633650	1308128	1320876	1212130	
0.082	0.7773	0.1787		49659	71269	51380	49011	87072	53085	59802	42219	52820	50609		1491525	1563848	1254042	1433944	1433997	1559155	1368524	1158464	1098018	1255345	
0.6733	0.0822	0.794		99574	62979	65496	63106	54953	75326	71363	62144	99232	58129		1587862	1378952	1547663	1347259	1288147	1294533	1545688	1056879	1393650	1237905	
0.4885	0.6241	0.0869		97856	55460	86271	55245	70246	58773	60780	96617	59518	59665		1779974	1581527	1663802	1295151	1198281	1449044	1504272	1726122	1495674	1153862	
0.6404	0.5002	0.3525		55021	68794	67777	59827	69556	59979	84123	50185	77113	91528		1198755	1333671	1180162	1364493	1273972	1208809	1174178	1108357	1287725	1434441	
0.3072	0.4607	0.2129		53138	58577	46799	53285	49344	47814	47232	52441	52939	63961		1141179	1171007	1477694	1059855	1283439	1178033	1215726	1375561	1221341	1398885	
0.7669	0.7857	0.2364		62298	68941	60108	65390	68217	84322	58606	56877	56663	90840		1143371	1533848	1317107	1288066	1212764	1488379	1442416	1041083	1134042	1395164	
0.5025	0.1712	0.1263		62861	56021	77245	51359	56724	58032	81666	53491	66483	59306		1257965	1140107	1533268	1294083	1633557	1428094	1489454	1425927	1654743	1675989	
0.4991	0.9013	0.4581		60777	59808	79868	76058	71257	77034	83939	87637	69850	84140		1284824	1171475	1243928	1397800	1289803	1168972	1488161	1302246	1379983	1320684	
0.8284	0.0891	0.9854		63417	78787	62637	83996	68310	63604	54778	65823	74989	54509		1511649	1583319	1292581	1379788	1673297	1401379	1350571	1272149	1405989	1535763	
0.8072	0.8725	0.164		72738	75002	74002	61532	77174	73874	73204	63459	114537	66366		1344197	1217098	1329191	1089199	1443341	1260625	1388185	1237024	1349516	1534291	
0.1813	0.6338	0.7474		62246	101332	69487	72723	71410	61849	61364	65387	58063	82532		1425501	1516972	1698304	1307659	1550804	1409940	1503781	1226631	1066336	1386257	
0.466	0.9432	0.722		72913	82868	73001	68927	81651	77117	81527	88758	81425	72633		1486418	1327084	1280613	1166020	1201337	1508394	1233023	1306137	1685357	1235755	
0.5094	0.2529	0.8382		74010	82574	70425	65133	61807	56569	50337	50229	61097	60519		1653869	1404840	1191531	1238904	1246951	1057743	1373715	1343820	1252572	1142135	
0.0899	0.2625	0.7126		48604	54135	50598	43444	83383	49445	51078	72408	57736	57298		1185016	1142749	1215928	1118511	1143816	1389353	1248555	1205620	1399374	1197054	
0.3939	0.4563	0.2775		67289	53901	53322	55333	61424	53196	54727	56970	50360	56077		1376197	1253707	1370102	1096911	1196165	1474650	1141676	1360183	1300539	1292304	
0.309	0.892	0.6336		72321	77587	57970	74478	72696	67422	70496	80087	78084	66120		1308512	1382724	1124235	1234967	1374696	1335793	1463894	1296487	1259020	1253280	
0.9194	0.119	0.767		66888	108155	73633	90743	69126	63339	61994	52933	69720	64018		1191647	1429871	1267520	1388102	1326786	1469004	1255670	1297828	1271999	1378069	
0.6465	0.5083	0.2698		74320	80831	77308	104869	68891	66745	64357	67673	72129	112967		1393419	1500928	1564748	1811141	1327250	1240575	1341373	1371628	1545854	1786749	
0.7359	0.8466	0.5298		89309	70311	85250	72284	76908	70241	65753	57769	83639	72935		1094961	1184223	1348811	1414698	1415365	1284104	1346573	1032840	1278416	1507664	
0.8938	0.6006	0.5996		63987	61499	72500	84604	72941	81323	113983	77170	73405	73454		1528303	1343642	1053553	1061075	1440959	1509112	1579849	1318233	1288099	1576791	
0.4209	0.906	0.3557		100741	71949	57399	52277	64483	85668	62580	53374	60046	71296		1735545	1372454	1133190	1012885	1286232	1364887	1198162	1125002	1333201	1369604	
0.8695	0.4996	0.5741		104782	79229	69888	72903	111396	69076	65830	68914	92348	72564		1456698	1289396	1194521	1480486	1725527	1545109	1186202	1070158	1403251	1222139	
0.4536	0.3683	0.508		59891	66294	70952	59565	62224	69285	63962	61848	52322	66013		1271545	1110234	1512733	1310324	1356880	1591728	1517572	1579379	1623002	1264563	
0.7726	0.6511	0.6656		69757	77356	81055	77060	105284	81623	78604	72418	71454	70585		1456018	1362249	1308095	1586013	1351492	1348042	1447454	1617749	1413947	1446277	
0.8131	0.5962	0.6698		81272	78872	76597	104097	92931	72545	76467	66959	77858	78506		1354174	1564969	1503793	1744815	1547706	1392034	1360079	1204596	1300800	1406149	
0.9066	0.0805	0.8147		67243	105221	64653	65571	70612	65117	74440	57952	68902	74408		1289821	1651314	1466545	1404895	1341190	1358768	1360626	1577747	1562098	1440988	
0.8193	0.85	0.8201		82948	86493	92372	81457	86916	96113	80514	83663	95693	80245		1213104	1114731	1289434	1150790	1416637	1325366	1249526	1443879	1465202	1486000	
0.5263	0.7984	0.3911		71100	87440	77450	61775	68948	91479	70342	90588	65307	65181		1316150	1276565	1537837	1308776	1579083	1457300	1297616	1335330	1328779	1436101	
0.4764	0.8247	0.2739		63884	70105	58719	67968	78007	62214	66582	63096	81560	61979		1263505	1383853	1222319	1156569	1254401	1288123	1418389	1290706	1342483	1219958	
0.1271	0.8575	0.6632		54395	58992	62092	71255	63122	60932	68162	53475	62531	100497		1547334	1290790	1290750	1452861	1557486	1354978	1299669	1465109	1398123	1607761	
0.9993	0.4098	0.954		86904	85059	77927	84186	78862	88094	90381	102649	89928	77109		1351122	1409920	1254945	1564367	1302020	1228560	1165303	1455131	1241155	1147526	
0.5095	0.2154	0.7276		66821	61025	59417	58672	94358	58352	54586	58733	60512	67298		1466232	1372364	1385208	1298887	1764570	1337985	1246918	1202644	1364272	1412414	
0.8735	0.0592	0.7333		68806	57489	53298	60042	49955	70979	70728	71911	71183	51625		1232281	1136090	1202731	1138400	1322597	1361035	1220078	1407585	1565186	1227289	
0.0589	0.2159	0.9508		53749	43372	50814	60434	54047	53219	74987	47493	52492	56898		1278778	1089170	1327937	1253747	1250738	1397733	1294526	1164980	1220719	1307665	
0.7349	0.6478	0.8006		94969	83507	65688	87965	107341	113274	81648	61435	72995	81063		1334282	1328317	1286052	1125948	1498394	1721923	1378576	1280406	1336155	1586428	
0.5319	0.7637	0.5489		67144	65573	73969	72436	68070	65729	70001	85452	68837	69833		1230996	1282662	1349310	1221420	1500915	1343517	1305558	1361142	1455888	1301002	
0.5375	0.1437	0.6408		62115	58652	64187	92065	56859	56983	48027	50932	69284	86572		1346232	1364863	1396016	1697466	1501295	1288137	1043237	1186923	1447975	1699344	
0.1141	0.2676	0.6458		60347	67046	51655	54501	54885	55776	60309	35538	61200	62270		1675331	1488507	1220420	1296450	1532625	1402848	1081565	1085186	1038146	1263680	
0.161	0.0956	0.1068		51306	73063	47078	35160	43067	40284	41451	66894	43822	41792		1362994	1574698	1498788	1138512	1471053	1563861	1728408	1419490	1304598	1267530	
0.4866	0.3119	0.2599		56099	64312	55852	54233	43247	56688	61264	65280	56934	60148		1401988	1517265	1455488	1254480	983844	1355656	1197518	1394774	1282851	1281782	
0.5735	0.5637	0.6747		85620	68617	79674	86874	71675	67830	83736	73640	65975	99577		1633713	1407888	1351775	1269498	1450264	1282508	1241392	1186534	1185841	1309112	
0.5823	0.1315	0.5712		50063	70490	58937	60246	49517	70360	58128	58465	62493	60478		1057209	1109235	1101543	1186411	1232589	1348184	1613663	1225233	1259512	1373949	
0.4739	0.4427	0.2306		60609	51326	61069	49699	58071	69122	68015	65735	67871	72777		1490486	1287641	1331746	1220836	1196552	1595507	1497310	1403539	1629679	1443824	
0.3389	0.7907	0.9492		67199	86131	58249	106870	78271	75428	79684	72633	71550	96243		1273204	1385864	1036555	1396850	1586499	1576354	1667661	1517875	1238125	1621061	
0.6533	0.223	0.8607		98680	79610	80475	67027	67203	106913	58440	65898	65437	77465		1680172	1388738	1366992	1406563	1417322	1441462	1510034	1377661	1329527	1334462	
0.8945	0.7576	0.3039		73023	77987	82497	76121	95382	73524	67580	73873	73774	83716		1345975	1264007	1381200	1430747	1329854	1240386	1362199	1322489	1284196	1184471	
0.7562	0.9419	0.0734		89598	74618	69975	75289	61795	108841	68696	78527	75690	75197		1073880	1325559	1438233	1335243	1283038	1544615	1231143	1239417	1338686	1470351	
0.2791	0.4954	0.2236		55308	57925	57253	83537	51867	83410	52009	42112	51817	86001		1374331	1324262	1434909	1781236	1430682	1754025	1596256	1129707	1436938	1693222	
0.9653	0.9997	0.5267		90145	89110	94188	92373	110429	83265	83769	87035	93969	94332		1504010	1749988	1374095	1482930	1615132	1383090	1481917	1404343	1348891	1412844	
0.3075	0.3062	0.682		60348	57822	58848	60283	55632	60355	60670	50245	60595	64693		1323224	1387586	1515432	1362501	1279939	1140135	1359166	1095879	1251439	1223987	
0.5255	0.1938	0.9871		60561	95200	61145	60198	62172	92768	62138	67246	61824	70684		1038548	1499039	1453299	1165451	1331824	1436137	1386024	1257115	1259654	1362307	
0.6972	0.3201	0.6447		69860	51959	77387	49982	61045	62587	58028	61349	68937	52322		1255252	1137492	1514422	1181530	963948	1174996	1299234	1289601	1539345	1203890	
0.8776	0.5526	0.8886		74993	75096	66235	77999	64298	80699	78629	67791	75402	76264		1571989	1417019	1248993	1321558	1153332	1362293	1146510	1125929	1273064	1342589	
0.2349	0.4633	0.5221		61190	63021	91187	56131	58835	55460	45299	52945	63696	59582		1260241	1363219	1657865	1467419	1344456	1180045	1073806	1192227	1085993	1329694	
0.2564	0.1467	0.3449		65449	46950	52417	53640	59531	43454	42816	53597	51472	48509		1486189	1221929	1302351	1323646	1215007	1217087	1226204	1122671	1154123	1291470	
0.1852	0.7809	0.9023		60544	61828	67872	60943	62460	63337	62042	61512	51300	77834		1342378	1216996	1246556	1343256	1147752	1259883	1212409	1230021	1025248	1282792	
0.7221	0.1544	0.9044		61836	51904	82800	78296	62113	67595	52972	67482	70438	73132		1212079	1020732	1261088	1236547	1265496	1270238	981852	1268564	1487683	1286959	
0.551	0.9541	0.2827		92614	97124	68376	66184	88184	63879	69072	64270	68964	64062		1361910	1329076	1298291	1436666	1468991	1261715	1334465	1242877	1284696	1324473	
0.3456	0.2492	0.477		63254	68945	65373	52101	51488	53671	54942	50827	51782	56504		1516235	1650197	1555639	1541724	1282725	1301265	1407569	1272253	1440464	1520625	
0.7658	0.8875	0.5335		70497	59718	71243	69366	63784	71990	79559	96273	69332	78349		1451064	1190697	1389339	1384054	1310654	1250695	1293285	1323829	1257160	1562118	
0.5299	0.1751	0.5509		66907	66146	71451	59282	74671	65324	57857	100602	73008	58808		1323485	1202946	1458416	1523948	1383467	1338785	1078497	1728129	1310434	1286401	
0.4823	0.1947	0.8486		65828	68668	64659	64255	59369	64366	67198	79252	60695	59123		1171286	1276670	1204489	1275337	1082429	1232163	1364639	1316233	1022548	1333993	
0.4516	0.0681	0.761		64763	34636	62198	58340	59870	65296	72078	58350	80762	56901		1460838	1101366	1386601	1132510	1287180	1361703	1363678	1342776	1669799	1279703	
0.0782	0.9721	0.0737		41537	53557	55366	52992	50509	48751	82210	73722	51407	53095		1019173	1220724	1237301	1516348	1289578	1441132	1635429	1703496	1195514	1078729	
0.5092	0.5712	0.4836		95158	105329	75274	54143	84578	76505	91647	88924	71035	62293		1183926	1757413	1321541	1017019	1293050	1243890	1371738	1538700	1277270	1310863	
0.6629	0.9704	0.3637		80909	77132	78062	94527	92276	68600	67125	102839	76980	101959		1244402	1325168	1263105	1397592	1282108	1297236	1271794	1619777	1330767	1494785	
0.0609	0.6732	0.4796		52047	53153	59300	52910	59236	52425	58017	56955	52646	60441		1178879	1020514	1208656	1200767	1268804	1206034	1337682	1318935	1181997	1243896	
0.1602	0.7271	0.8699		71111	65728	78844	60584	72000	60386	71275	94527	65190	60193		1456185	1283518	1386276	1443969	1453141	1353064	1530662	1541063	1451379	1445476	
0.4413	0.2076	0.6725		56591	74871	68283	56763	62612	61540	65280	65898	56379	59563		1220034	1465564	1322167	1282567	1465957	1293639	1296768	1508185	1430306	1185109	
0.5741	0.3147	0.9212		91007	65942	68012	56333	74490	73330	57134	83668	75300	67583		1326923	1486844	1144841	1510147	1503906	1496387	1554435	1370090	1703453	1201190	
0.8485	0.1076	0.6897		70856	89546	98891	81194	75130	68949	87836	68356	52943	95538		1313042	1706340	1420025	1276583	1221937	1311849	1332111	1195329	1245483	1577029	
0.8851	0.5914	0.2747		63247	67075	66199	67756	68778	91936	67757	77824	92281	113933		1242980	1305660	1182219	1535463	1454470	1506378	1253122	1447884	1388150	1759561	
0.3781	0.8883	0.3732		72200	54815	70728	78543	70611	65444	63967	63955	64579	61389		1522789	1032779	1299026	1396684	1432592	1259441	1413474	1456228	1403548	1521700	
0.1067	0.2374	0.5453		48918	50838	48164	50945	55009	67319	59995	53279	55562	45206		1279697	1471387	1343674	1188987	1228727	1228063	1426520	1470839	1575081	1049474	
0.5168	0.8127	0.631		73986	87144	71885	69738	74730	70501	57591	72129	82928	97580		1400219	1563473	1203039	1467160	1478050	1255909	1270215	1344030	1278198	1445537	
0.3486	0.7267	0.5502		74560	64069	71488	63818	70087	94249	78546	73386	64905	64837		1371167	1427126	1227027	1568363	1368437	1277237	1566311	1450506	1358084	1560924	
0.8583	0.9612	0.7891		75507	77458	103928	85597	78071	79095	81435	116399	78641	101718		1191513	1291797	1604535	1455633	1545025	1374742	1418943	1706156	1413141	1636660	
0.769	0.0665	0.6413		84729	57293	90399	60219	64279	56310	56979	49454	55847	56503		1393258	1491736	1727258	1596395	1299088	1469315	1176084	1341761	1253591	1353782	
0.4228	0.168	0.3022		57440	57407	62248	59045	44693	54810	64149	54522	52794	71383		1433111	1064065	1316690	1153505	1470079	1382207	1298911	1315017	1412597	1133733	
0.9743	0.956	0.7404		127887	73607	74603	118866	90047	86668	82845	91895	123528	89355		1584439	1442026	1353144	1282810	1473801	1525181	1346948	1432961	1294708	1576619	
0.0772	0.1202	0.7071		49270	38366	47618	38370	46730	68262	58688	58695	58493	48560		1207779	1098151	1255069	1287442	1466283	1479746	1367498	1223774	1519372	1308291	
0.4037	0.9631	0.678		70847	71090	68810	69317	59747	63555	70316	78591	73571	89632		1432994	1540496	1238503	1176776	1068338	1090872	1291627	1424775	1295355	1589216	
0.2912	0.6108	0.9936		68102	75265	63928	74186	82908	70829	75110	81145	75252	128544		1300028	1358330	1378296	1401284	1391127	1233551	1485114	1358507	1186778	1378370	
0.2483	0.8064	0.2876		63345	69309	57588	55731	55594	75271	67511	64719	68104	60691		1252765	1597020	1322118	1306489	1426893	1489726	1370628	1284079	1474317	1381778	
0.7559	0.8856	0.0549		66149	74872	78356	64720	62199	61447	61981	70574	61275	69321		1291452	1406397	1577336	1301138	1200736	1300008	1032465	1268224	1272096	1310225	
0.2289	0.6339	0.1003		63773	55671	61052	68470	51507	82176	59252	41354	61083	75924		1369838	1540990	1234669	1566036	1335565	1531299	1592576	984384	1123053	1261168	
0.8584	0.4153	0.0895		73974	62577	71262	64229	49514	81592	82207	68831	65713	67847		1357811	1238574	1359308	1491301	1165520	1482451	1690008	1294580	1240285	1396928	
0.9861	0.5251	0.7071		62318	79285	74000	75413	74387	69065	74700	78321	73917	72713		1537027	1318109	1142776	1421684	1212322	1155937	1227866	1330902	1288692	1264370	
0.6042	0.4428	0.1052		104668	62205	51496	57758	55803	58890	60575	53221	69019	96854		1216132	1395462	1183476	1168398	1193257	1093961	1097065	1309282	1379503	1556129	
0.8556	0.4829	0.2362		63344	81049	90409	70674	62574	63201	72120	67785	63119	54910		1338087	1670674	1499599	1320125	1285042	1568774	1254886	1137870	1143831	1173097	
0.604	0.7247	0.2123		59518	59677	58417	73536	64273	59965	80610	51912	61976	56963		1401648	1235608	1185260	1260601	1449931	1326315	1404016	1193859	1230723	1180328	
0.3772	0.2441	0.4556		68188	65302	60891	96922	66828	52912	62880	94507	47628	53622		1393708	1378250	1736430	1744204	1359932	1297707	1528830	1751620	1533736	1315106	
0.7744	0.4514	0.3439		93574	68018	61753	52604	66797	54357	42091	93339	53990	64704		1602603	1501221	1319057	1240415	1094574	1097684	985420	1137951	1263167	1251933	
0.3283	0.9773	0.1387		57151	58497	71153	59449	49323	49021	60622	100563	61610	83044		1678359	1368660	1340184	1317339	1075679	1055574	1328574	1429797	1364522	1600231	
0.6974	0.7075	0.4568		69966	67679	66926	67443	76229	79942	84729	68703	56827	56258		1232983	1209962	1417812	1399576	1623179	1370803	1302285	1433314	1267607	1154832	
0.2032	0.3993	0.4865		66591	50349	49642	55954	58943	53109	67772	62654	50877	53150		1171088	1205385	1131237	1273692	1447898	1226114	1368664	1514078	1186431	1384337	
0.4561	0.8567	0.325		62449	59360	64032	70391	78243	65708	90279	65011	64769	58808		1323097	1206540	1247816	1321670	1414518	1491916	1640218	1653781	1311863	1453465	
0.9323	0.5287	0.1277		74914	84149	78835	76534	116590	74135	67441	56736	85352	65522		1278403	1347927	1537070	1325230	1332348	1214416	1129493	1461842	1163900	1330853	
0.4518	0.3466	0.625		85381	70335	81547	75245	101338	60205	73513	65260	74996	50782		1573957	1237895	1392628	1330448	1498646	1210107	1295220	1462738	1468440	1390299	
0.2546	0.4634	0.3676		52370	71131	53710	59655	56418	65138	47057	72606	59932	58368		1524400	1739201	1322766	1290853	1265203	1273229	1283688	1368053	1268583	1186141	
0.7145	0.6663	0.1354		61805	63430	55437	60036	88628	60905	105756	94392	77009	58015		1261449	1342434	1166897	1428349	1320063	1199572	1658114	1638431	1453562	1153080	
0.1269	0.895	0.5877		61547	53240	81818	51712	62753	63661	71423	82327	62077	81485		1199613	1034398	1140124	1265862	1221449	1437819	1232494	1448766	1220044	1193697	
0.3345	0.7783	0.5488		69200	74382	79687	65483	66325	60957	64465	50866	65889	71936		1266197	1420401	1286358	1299823	1224491	1176172	1242011	1183253	1351864	1230935	
0.1373	0.4912	0.8571		64845	55710	78346	56352	67030	55728	84935	59516	57976	56034		1521378	1472797	1604044	1459100	1325045	1117757	1683521	1241960	1250030	1511821	
0.4609	0.5475	0.8034		67967	72939	67258	55110	68657	81478	77182	69665	91034	72481		1228184	1244834	1260993	1065959	1249887	1393447	1701989	1313295	1467062	1343082	
0.4739	0.8759	0.5517		68004	77841	67728	65540	103170	65734	67280	66824	63642	96394		1339319	1277887	1279551	1365665	1623833	1428000	1436798	1449854	1251074	1468849	
0.9121	0.4306	0.9086		73048	81174	99986	104867	78376	89295	78159	81460	80098	76255		1265600	1275170	1549680	1561335	1418771	1574017	1338445	1247299	1357899	1324513	
0.4429	0.4152	0.6058		58533	59945	59095	78681	49012	59505	95834	58958	67687	81827		1195929	1220486	1221597	1493914	1229345	1163321	1538597	1382084	1221822	1222567	
0.8156	0.5369	0.3173		56042	61525	87223	69076	64697	67462	57832	63684	62998	58911		1550927	1100590	1179046	1259811	1378938	1233951	1274186	1221545	1084151	1144645	
0.6593	0.1171	0.8565		52559	69514	63712	54818	67138	59037	64934	68435	86105	67186		875825	1214291	1308836	1200984	1209847	1071736	1069143	1277951	1579274	1203401	
0.8137	0.7001	0.3828		66905	70928	74125	64400	100972	65426	73920	69735	107363	75905		1525718	1518995	1263031	1183344	1612164	1134035	1461629	1217307	1589957	1302478	
0.2239	0.654	0.6586		76798	56190	72450	94780	56104	63603	95321	63729	64339	50207		1290392	1167810	1304921	1692500	1341139	1213710	1416877	1210087	1356581	1158916	
0.7207	0.3811	0.2718		60919	64300	67420	70588	76046	105859	79370	113757	82903	97604		1134356	1131273	1362646	1370720	1758613	1347866	1353187	1527473	1518254	1269688	
0.4912	0.6082	0.9338		58638	76332	78207	72577	73282	86575	69331	73561	98628	60052		1441241	1455725	1396165	1232584	1348426	1419031	1149291	1695890	1615088	1296813	
0.2527	0.8814	0.3858		58276	58572	58015	60780	58267	69954	63171	64109	76364	49002		1354518	1262566	1195405	1284137	1387987	1358564	1252176	1277416	1532277	1057750	
0.8779	0.9045	0.7041		80393	82893	77368	88415	77527	74191	80646	83176	81532	90832		1448854	1332360	1291263	1362433	1243733	1271608	1283940	1303690	1345158	1627215	
0.5578	0.8534	0.3768		82827	77025	73572	67895	77495	78641	87233	78137	86713	74788		1198496	1308354	1333968	1212367	1189985	1346281	1733978	1208996	1550899	1417582	
0.7208	0.6791	0.1536		67818	65109	63214	66381	60238	80696	60241	50289	61027	68774		1423024	1483086	1209332	1604190	1257731	1618075	1243115	1052563	1213537	1257837	
0.7031	0.5369	0.0697		59502	68675	62078	72232	76495	82774	69270	67934	98154	81026		1356765	1408056	1376178	1290416	1475870	1367978	1296331	1363974	1473750	1410054	
0.5832	0.4026	0.8894		76867	80306	81359	56045	76276	68540	83509	69912	69106	78942		1320703	1538402	1365070	1296284	1126217	1345923	1410058	1435074	1376189	1442155	
0.407	0.0655	0.7296		57382	64728	65484	53824	53404	41890	64916	51623	65111	49831		1455951	1475139	1340362	1444744	1286495	1110101	1341223	1253662	1770723	1690313	
0.4099	0.8035	0.9763		57340	80418	84019	69395	91315	90659	67391	115665	83270	86596		1498775	1067998	1472238	1260105	1695093	1359865	1429422	1488865	1451129	1418671	
0.1831	0.131	0.4024		47156	43028	52569	61186	58841	58750	73523	51136	47945	65311		1618517	1364024	1314757	1306394	1408541	1429587	1257246	1335642	1263659	1309594	
0.4894	0.902	0.8582		84469	115390	77792	87320	76219	71299	120416	84915	95526	82231		1411961	1632729	1389734	1570031	1242961	1144179	1532055	1579366	1226409	1354948	
0.4053	0.2644	0.8294		57269	63661	58767	75089	57758	104459	57702	57903	64002	64735		1198751	1368332	1523849	1344756	1514135	1519884	1346760	1199133	1259545	1287360	
0.1202	0.9623	0.1321		47298	33859	32480	71079	45685	53592	54908	60288	65088	58259		1243983	947010	827009	1390862	1524947	1471870	1261966	1360996	1303276	1396992	
0.6896	0.3846	0.8832		66320	79226	73896	66066	67750	62421	53999	54803	89805	61687		1144653	1385906	1315565	1244010	1290126	1334299	1005485	1015527	1569006	1317377	
0.1609	0.2058	0.4554		41984	51267	51225	59191	55336	63933	56085	59162	70562	69552		1216957	1584294	1572819	1642555	1395731	1394256	1541145	1446983	1496163	1635103	
0.2478	0.0755	0.467		50416	48522	58098	48179	48398	38677	47949	44442	47454	39521		1421876	1379853	1449272	1335821	1138595	1367520	1227922	1360381	1223051	1090240	
0.0926	0.6713	0.7167		53522	51983	54741	58354	56264	93964	63595	67771	57201	63915		1277097	1217287	1214091	1280397	1482534	1724171	1650724	1615520	1354354	1435263	
0.5571	0.9557	0.332		86332	68250	70596	96164	68826	77810	93877	102119	66670	73963		1509212	1193205	1219328	1439558	1478748	1316273	1315803	1358121	1301993	1425374	
0.0608	0.5824	0.7572		63102	76837	68508	67662	66427	68562	54875	59594	93396	57403		1313360	1231615	1311407	1302430	1530765	1450385	1165351	1320057	1407373	1423916	
0.1305	0.2163	0.1205		46650	55543	38557	38221	69845	47047	47633	47208	84246	54186		1050390	1334277	1077656	986413	1289520	1405449	1419139	1357426	1621165	1266492	
0.057	0.8578	0.6875		66989	74808	100512	72864	66185	86241	78862	68257	59766	54015		1473730	1431264	1526412	1615672	1290728	1333019	1307422	1478831	1482107	1443862	
0.9973	0.0762	0.4113		68980	61998	58643	66908	65614	67243	59063	101861	59386	65222		1260466	1184737	1218264	1477858	1144127	1183395	1232463	1253132	1193788	1159672	
0.1518	0.7879	0.2083		55515	67617	46495	54060	58817	47275	61129	51032	53195	65391		1266756	1406511	1421587	1281087	1486940	1553694	1338335	1204554	1165362	1419332	
0.8089	0.2809	0.4373		58375	76690	61168	67137	67472	58540	67637	52904	56968	60985		1510597	1324138	1517787	1380658	1444000	1261168	1453908	1317382	1582193	1332970	
0.9532	0.964	0.8398		136642	74268	83777	88851	84304	118665	99018	104494	86839	88086		1517865	1173803	1288771	1169794	1254031	1182977	1380900	1445965	1438094	1294945	
0.9982	0.058	0.0926		48465	59146	56188	68439	59977	59630	58739	60432	55479	69309		1153918	1234275	1425064	1336827	1647272	1296073	1581064	1414279	1250722	1322720	
0.3854	0.7713	0.1908		59701	48163	48336	59566	64232	60252	60030	59121	75417	49212		1297251	1063729	1096930	1162497	1077162	1268217	1280545	1287137	1337917	1134159	
0.3043	0.4668	0.1749		50418	62919	45858	59969	44850	53395	67238	59839	75014	66882		1283179	1195658	1171647	1479153	1266314	1260015	1433202	1362614	1419716	1195961	
0.612	0.9305	0.6056		75237	72191	77596	85391	85949	74227	79776	84549	94632	76758		1603021	1350608	1425652	1368043	1326044	1443907	1627934	1441764	1328613	1477177	
0.1429	0.7763	0.5293		57827	58446	53961	60317	53772	69948	76705	59768	59882	53088		1116995	1253710	1273824	1427417	1372183	1305188	1486475	1520739	1466193	1363026	
0.5688	0.3299	0.4236		57588	58935	68857	78736	50583	67207	62173	53168	73752	64853		1418874	1588465	1440104	1319581	1314096	1336122	1653635	1269714	1431608	1464165	
0.3522	0.4696	0.1965		60743	61102	55175	56268	64544	55678	64035	44615	43186	52281		1293959	1207970	1251601	1255689	1439655	1279944	1399200	1153228	1023816	1347509	
0.3735	0.3248	0.9183		60587	86354	49086	68268	59490	59311	59766	59485	56731	58532		1382780	1601401	1241716	1130799	1261615	1249869	1223335	1241554	1324233	1195939	
0.3499	0.8592	0.2577		56536	53214	46673	69927	55773	61420	60356	56518	51910	68429		1168482	1096014	1043632	1097301	1051324	1238688	1037800	1168551	1123605	1436062	
0.9551	0.8743	0.094		69357	65047	71388	62214	94959	77378	58364	70352	68664	70327		1292545	1296402	1371104	1225210	1669371	1314065	1205358	1124560	1308091	1511470	
0.8319	0.5537	0.2717		66623	110059	73455	67044	75090	68107	63172	68080	76217	69715		1180854	1552226	1558910	1193366	1307632	1300681	1407895	1246217	1433434	1468972	
0.177	0.5123	0.6458		64511	44886	55166	55905	55482	51075	55308	72515	65822	82523		1294606	976559	1230948	1270750	1170701	1351738	1229723	1509474	1668696	1348153	
0.2893	0.7236	0.6111		60485	59906	60353	69746	62399	51709	96061	53528	62952	91995		1277856	1447153	1236690	1570295	1252646	1183259	1449098	1509858	1199074	1577488	
0.3467	0.6714	0.2588		59445	47137	55367	58145	57458	59957	56685	63155	66925	59030		1309170	1203510	1019382	1263366	1236261	1192892	1455439	1258251	1425031	1541095	
0.1545	0.2062	0.698		54068	50656	91663	65496	50635	49002	53405	50472	63953	54719		1320487	1080981	1733236	1429931	1213035	1215851	1189076	1173744	1246974	1271595	
0.8981	0.0668	0.7392		63401	61765	66819	85058	72453	61572	71453	65177	62566	86383		1227368	1427685	1365170	1640580	1513456	1183704	1123561	1302452	1240451	1292293	
0.1674	0.6289	0.3397		64871	61454	54236	57939	66531	60347	71562	59783	43583	52929		1277084	1501368	1256325	1150292	1274425	1342887	1609498	1240883	1205761	1137910	
0.2509	0.5965	0.1974		61334	64072	63763	70812	87139	53188	54321	95366	81187	58652		1375072	1509867	1554950	1593338	1470981	1489640	1321485	1374628	1792460	1283521	
0.9296	0.6102	0.6201		74692	77764	81534	78381	69763	72311	75838	90193	100862	75924		1183116	1246490	1252307	1360920	1273804	1199138	1343228	1548043	1144455	1505967	
0.444	0.2589	0.3714		58966	56756	62576	66670	76822	71413	64164	59498	68375	74993		1168819	1206873	1213630	1158840	1414513	1455684	1327327	1381259	1274637	1240249	
0.2013	0.3386	0.5606		59268	79756	69369	52462	60606	53517	53972	52522	76759	51170		1330881	1542731	1396267	1118585	1308259	1134399	1212463	1288786	1296291	1332436	
0.8202	0.2547	0.1648		62499	71086	62197	66180	56840	62253	69487	55384	61779	58876		1210349	1560738	1221464	1230728	1319115	1451516	1382167	1262321	1336396	1300653	
0.1019	0.739	0.214		50744	56672	58015	49056	48773	59061	56072	59965	53876	63765		1327922	1345214	1443444	1460475	1190551	1419813	1332919	1228035	1061159	1367155	
0.3434	0.7667	0.0525		54524	53272	52486	80958	55413	64055	54450	74989	74238	61605		1467988	1478810	1521983	1428906	1563373	1655566	1456383	1245150	1504519	1401974	
0.7261	0.9537	0.2796		72662	78222	75930	68074	65314	71113	59511	73315	56453	62571		1272289	1366920	1209978	1120097	1171617	1156082	1028300	1222500	1303069	939259	
0.6477	0.8355	0.4106		80180	68991	69317	70194	69810	67458	58879	75823	77314	98560		1200816	1510750	1354521	1382250	1340352	1298068	1175464	1452700	1459078	1575154	
0.6021	0.4423	0.7407		62910	53102	62044	77047	63213	51718	63070	71862	74513	61400		1365210	1250883	1294435	1454952	1429546	1237658	1206078	1517105	1537745	1312813	
0.3702	0.3663	0.2428		52439	69751	41544	41650	43741	56148	42174	51480	56922	53145		1370675	1446677	981907	932202	941377	1189958	1273008	1108433	1467774	1177328	
0.9727	0.0606	0.8873		81845	56631	74581	58320	97176	69978	77780	64770	68791	75616		1217696	1305670	1226249	1324656	1276215	1258360	1434119	1454817	1483467	1400132	
0.2374	0.3737	0.116		51984	47925	49553	47816	48477	54263	32740	51976	43497	51570		1259664	1479738	1359404	1371492	1285011	1070201	1027679	1542707	1166276	1482745	
0.3723	0.3098	0.4931		99352	57951	63741	62636	64385	69605	52960	60893	72905	62087		1359175	1360527	1380952	1313898	1438496	1405512	1326602	988589	1274241	1324784	
0.7047	0.477	0.5911		65462	67331	59775	63362	66872	66665	63944	64713	64068	62477		1196783	1238704	1321091	1336869	1576085	1638686	1232484	1510093	1129088	1343010	
0.5961	0.2948	0.0609		62064	61259	67413	45770	56331	65540	55628	58531	46776	66216		1373323	1447745	1552110	1352476	1052613	1283408	1555806	1238431	1044653	1183303	
0.3388	0.4137	0.7022		57918	57180	63929	57478	57772	49207	63131	57653	58741	89065		1250333	1201055	1214123	1263858	1305623	1507957	1193503	1039202	1055272	1207799	
0.6967	0.1812	0.9341		111945	74025	60416	66503	73279	61576	84977	66672	78214	73364		1757487	1481033	1111831	1401764	1244345	1286362	1629623	1342712	1415470	1620328	
0.7115	0.9705	0.4209		68380	78094	94341	93420	75089	60929	72749	69252	60503	81880		1580878	1295465	1258404	1585556	1465889	1199730	1160964	1173555	1256716	1110852	
0.0749	0.5767	0.9093		59466	75616	63330	67427	60797	53019	90619	56775	68877	71707		1153704	1282050	1318764	1205533	1360234	1227850	1195320	1452807	1560396	1512330	
0.6953	0.2458	0.3574		61454	72300	49185	62799	68528	66985	66439	79601	73207	46566		1101889	1207209	1185709	1274228	1300533	1352439	1321888	1255627	1163271	1155125	
0.9883	0.6127	0.5251		94197	74518	101789	75051	67078	87355	99473	69680	87272	63286		1444351	1448041	1579283	1522140	1230229	1490905	1629449	1313637	1285922	1216380	
0.2848	0.623	0.4536		66977	58472	49308	61347	59300	64114	60319	49670	51615	78560		1153811	1337660	1341219	1250001	1248913	1335210	1454708	1098084	1096431	1443280	
0.9137	0.5949	0.8366		85485	77603	65200	65973	86330	80660	81058	75138	103781	73717		1338440	1601098	1063054	1136929	1218691	1243432	1506269	1375706	1600781	1456339	
0.4348	0.7973	0.0861		57106	58147	63522	69065	48557	72539	70261	60182	59650	59366		1323258	1117280	1148324	1309011	1278328	1387478	1463042	1244832	1415844	1299408	
0.4588	0.0572	0.9682		85844	62560	58709	55431	62411	56561	55667	67182	57719	54853		1240702	1551533	1138644	1286435	1486961	1424936	1325626	1232770	1194082	1174762	
0.9593	0.3568	0.8978		63141	79453	76325	100308	69538	69920	68705	72787	72767	86380		1238457	1393960	1313974	1571538	1536697	1248253	1529913	1234591	1343266	1302348	
0.6498	0.9253	0.7185		78469	71733	62196	73308	69939	86182	84717	73070	59692	62860		1183154	1298537	1276630	1407804	1303791	1255351	1334328	1248911	1121874	979737	
0.1021	0.6151	0.9166		53050	64821	73128	61642	59648	49599	60805	93874	73471	56470		1219254	1415726	1495792	1182712	1206125	1071699	1256194	1509898	1398522	1192036	
0.533	0.8573	0.8002		66796	89768	74422	94059	80392	58497	70379	72783	79327	70111		1265017	1339431	1420239	1445265	1470665	1373869	1112021	1306738	1300417	1281719	
0.4122	0.6487	0.6381		96236	59901	72142	62149	90462	65981	68619	67229	54221	66584		1458708	1443032	1294749	1130419	1214364	1273046	1216792	1192483	1140618	1459611	
0.8673	0.6376	0.8115		73556	76074	88065	86638	64639	75503	90968	77543	85381	69751		1425795	1337601	1286168	1339254	1369854	1453064	1574114	1445332	1401557	1342198	
0.3066	0.7461	0.8085		94134	62468	50822	70912	67062	62613	100373	65475	62974	62753		1467431	1173324	1320980	1400829	1578011	1339711	1772844	1615154	1353399	1553101	
0.9677	0.8822	0.8543		80873	77432	84678	94346	96984	107057	88921	90472	85103	93034		1287962	1455003	1516885	1638889	1383126	1404037	1451420	1423551	1352709	1399039	
0.2161	0.7782	0.3304		58760	47256	58240	77869	57818	59284	102223	90706	46312	63343		1380758	1351482	1214801	1438599	1367228	1325394	1568904	1771078	1449371	1256351	
0.4091	0.6353	0.6623		59352	58242	88692	65890	71168	98569	65508	75464	64198	66731		1158164	1285421	1316089	1557156	1431021	1592933	1320323	1475449	1542172	1183353	
0.3023	0.6823	0.7149		54607	72211	72682	61962	69475	82675	62191	62764	60622	59927		1250039	1354088	1392229	1394409	1308282	1325653	1575688	1278433	1389247	1293678	
0.5599	0.6106	0.1837		73125	61452	61725	72005	67374	64151	62952	67328	62135	84908		1334274	1345966	1227049	1292284	1447318	1419827	1567998	1594114	1394798	1531678	
0.8291	0.9441	0.2986		76237	73857	79595	85581	82036	83102	90200	90864	70089	81752		1440961	1394565	1459883	1663251	1522707	1398627	1444865	1354886	1592151	1615787	
0.9627	0.551	0.4973		73618	85529	69668	86639	65991	83518	80179	98489	85885	64845		1185251	1291116	1270629	1223377	1402307	1279186	1387904	1140168	1334928	1299593	
0.905	0.1538	0.2179		79051	61185	89862	57482	62110	60475	57251	65573	48618	56891		1506284	1517132	1680344	1369438	1183206	1321041	1165305	1274030	1165304	1078309	
0.0955	0.8774	0.0574		47823	37400	53161	52852	52171	54794	50728	56610	42751	42085		986275	1004708	1129856	1135729	1275126	1292980	1238407	1232684	1112200	1010727	
0.5409	0.8779	0.769		72631	73972	91841	69014	72016	65806	83570	81208	80729	74365		1352857	1326313	1448761	1604516	1315594	1240438	1522363	1349302	1205885	1274019	
0.4562	0.5898	0.0683		53902	96170	58127	54100	45133	66208	58328	64499	55755	48603		1189980	1648295	1470297	1209291	1064132	1210807	1295384	1448383	1353711	1088952	
0.7606	0.467	0.754		70044	67342	71349	89309	67506	69581	79851	69724	63942	85990		1199417	1337444	1211071	1657204	1257861	1094447	1299148	1411731	1246780	1283834	
0.6241	0.2175	0.6009		60171	64410	66019	58080	59017	85055	55511	59483	57246	60529		1399747	1339330	1362777	1138831	1290861	1272756	1400541	1291956	1169425	1486770	
0.9669	0.542	0.3776		79359	73035	103037	81219	70338	79643	81730	73844	88675	75782		1367212	1170072	1347555	1394406	1177524	1710612	1300896	1245585	1224939	1366993	
0.1961	0.5498	0.8599		52146	50405	53763	49379	63933	59399	97197	58143	55386	59580		992782	977189	1018696	999127	1411438	1371972	1731495	1370949	1136167	1185144	
0.0544	0.2329	0.2925		47145	48196	60578	54896	49859	47047	48663	48041	82849	75329		1292158	1267191	1558064	1286143	1202659	1271758	1243634	1280655	1420003	1388523	
0.3349	0.6658	0.9141		81429	70130	86327	67673	67708	79801	89476	84114	71976	63324		1295706	1374728	1404041	1335928	1184949	1646079	1247281	1607298	1233757	1481440	
0.5394	0.1072	0.1521		53371	50949	56070	48159	73188	42440	42995	74285	54484	62558		1453010	1428967	1487384	1581715	1614188	1187111	1071891	1221049	1437957	1402831	
0.5271	0.605	0.0733		66248	66176	75100	74716	71197	60459	69534	60052	52847	61205		1127163	1260330	1331694	1170188	1240509	1490793	1272732	1275907	1269390	1186428	
0.6978	0.7721	0.0597		66060	60969	67562	57022	60550	63929	58564	60463	66266	62547		1226087	1252069	1248961	1163458	1418281	1524277	1114964	1232555	1425469	1275973	
0.8245	0.3613	0.2081		66632	75620	73410	62007	65108	66794	64332	94878	94267	126954		1151442	1206851	1188898	1210138	1337451	1380990	1272926	1506756	1485776	1613323	
0.3692	0.7749	0.9969		105553	84911	69603	70497	70171	76696	97668	82632	70340	72778		1326783	1380722	1589892	1176406	1142221	1208695	1415203	1225712	1197154	1223200	
0.1137	0.6853	0.4131		53749	67944	57146	54779	56494	57452	60689	60544	58608	58666		1214469	1335530	1424335	1301235	1522539	1343560	1521756	1420876	1664777	1267823	
0.6001	0.5692	0.8726		81215	69027	81855	86261	80539	78763	75063	74862	73736	72346		1114731	1251048	1216312	1282328	1270609	1251192	1163440	1396135	1431522	1417645	
0.1797	0.6822	0.4165		81402	68764	77692	60199	89735	65195	94457	68631	58417	57871		1481045	1304434	1410913	1307047	1526378	1283825	1516264	1266192	1331871	1373015	
0.3721	0.4831	0.9439		72182	101076	75268	68050	81577	78851	73480	112484	69614	81545		1191934	1285512	1310429	1426929	1357134	1506524	1420143	1437762	1390039	1289538	
0.7237	0.7372	0.9075		63532	81341	86943	88455	76569	78134	74605	74744	95975	68809		1036496	1022745	1266317	1502143	1590423	1467674	1398257	1329884	1575762	1162632	
0.5877	0.9891	0.4025		59839	78079	73482	70649	84025	71176	71944	92678	81779	86610		1081395	1136947	1220092	1439131	1298186	1409164	1131930	1336482	1337469	1354352	
0.8606	0.9834	0.8371		77374	101141	81792	79100	82149	80872	86211	75929	97747	82657		1248653	1340974	1363952	1488097	1440827	1271730	1503753	1499021	1365252	1353514	
0.7269	0.6322	0.9519		105560	86386	80284	106084	111429	82261	85347	66002	87363	74814		1437971	1390798	1304678	1633584	1516113	1317533	1345098	1445999	1329197	1502818	
0.713	0.0662	0.8188		60135	62951	66654	57975	49839	58020	72138	73978	51341	51500		1137587	1204865	1293886	1212956	1067122	1141867	1107212	1446361	1202848	1209898	
0.2201	0.3366	0.2793		67126	62741	55346	56083	61593	53698	61595	63707	54488	56601		1615190	1564938	1472249	1447637	1286311	1223372	1226794	1397830	1236585	1193628	
0.3632	0.4967	0.9693		60661	52157	72630	66467	62103	63958	65692	64314	54121	71524		1298511	1091952	1099193	1262583	1274675	1330308	1413209	1183565	1230633	1349933	
0.4828	0.3124	0.8639		58366	67150	84969	61097	71784	71150	109097	68550	65962	77362		1108145	1310155	1540776	1423569	1369739	1296887	1648795	1472966	1519641	1452020	
0.5916	0.7431	0.2895		73437	76045	63734	72453	85352	84862	62526	90359	68736	77965		1511376	1231863	1204403	1377230	1431035	1388595	1383904	1573601	1227692	1383893	
0.6055	0.5082	0.3596		98533	71736	78107	62328	68402	64252	70037	88383	64972	55639		1809676	1381601	1464455	1219947	1308159	1256664	1506484	1197539	1349633	1335408	
0.0888	0.9269	0.5617		57160	94574	60012	59192	57995	71643	51380	72064	61659	57813		1236499	1513388	1206239	1309320	1321119	1241770	1266335	1154195	1175035	1211845	
0.3574	0.3547	0.8905		63034	67877	56363	61122	58483	59387	86095	61847	65717	69166		1554331	1242160	1255520	1441583	1111500	1480216	1476328	1316843	1353627	1332986	
0.518	0.748	0.4482		54571	70788	65936	97675	94907	68331	76124	74073	102388	74720		1210616	1154377	1120316	1487161	1285815	1348224	1293010	1248569	1328535	1221497	
0.8437	0.9838	0.9703		80608	149048	76001	86855	129890	128815	95761	97887	80745	82847		1208310	1702754	1168520	1211569	1484494	1375897	1584112	1292244	1229591	1219533	
0.1787	0.5563	0.5815		66177	84219	79652	49267	66425	58122	70526	86573	69562	46268		1521893	1651335	1551221	1265588	1659310	1244033	1345681	1443056	1632197	1199195	
0.5376	0.6296	0.8882		65098	107934	60277	63777	72807	83743	101395	76439	86244	83068		1178855	1449567	1310838	1324654	1267938	1310128	1645799	1505440	1286995	1411417	
0.2551	0.3483	0.6698		61562	47095	50756	57361	76424	59880	58539	70992	79511	52000		1207706	1294056	1249437	1383191	1554396	1342903	1172419	1668115	1657344	1547817	
0.6002	0.3357	0.7697		72367	62955	67521	70393	61091	51200	60743	49503	60206	72908		1228862	1165661	1547323	1555599	1294106	1034252	1182508	992309	1393508	1471206	
0.4075	0.8147	0.6475		67153	82209	77123	68043	79572	85178	84214	76914	76225	61656		1387504	1318279	1381127	1265887	1537821	1352418	1316083	1476368	1237023	1375206	
0.2377	0.2692	0.5943		67359	46024	49737	48897	70286	74641	43115	53581	53053	55575		1294779	1008184	1063787	1068948	1172729	1246739	992407	990284	1300329	1283163	
0.8687	0.3057	0.2153		62722	53207	95507	61767	53177	60892	77176	80037	72633	88945		1411087	1253102	1343512	1471090	1403017	1177848	1384998	1556374	1410669	1655649	
0.5375	0.7907	0.5808		70872	73290	73452	90265	88448	71127	75336	76542	77732	82733		1540150	1225814	1201339	1484782	1309359	1568305	1413947	1271498	1470668	1614889	
0.3378	0.2025	0.0614		56862	57415	57511	52939	47264	52038	60733	57558	60287	53332		1347704	1372960	1285384	1417246	1329063	1236049	1301725	1457635	1603625	1481740	
0.6248	0.4174	0.6725		60371	52477	55709	54798	110050	114655	70352	62884	70386	59596		1200910	1071235	1179471	980485	1248900	1665729	1220745	1258177	1296789	1049618	
0.9378	0.5219	0.0591		70856	66119	90036	85717	82252	97041	95078	113697	69204	59202		1396499	1450746	1441220	1211234	1543406	1639848	1449817	1778295	1272145	1186425	
0.4218	0.5397	0.7966		65269	112143	70572	84396	77093	67046	68441	81934	73430	71394		1263897	1586758	1366151	1533128	1376861	1344055	1483537	1327520	1557825	1581252	
0.666	0.8946	0.5271		73138	70902	69379	59935	84110	71570	71662	71569	93589	72404		1188910	1183184	1066419	1038002	1095599	1097857	1112536	1083840	1288888	1330608	
0.5506	0.1204	0.7165		101962	62593	57244	64952	67534	86508	63855	61521	65395	62614		1474796	1592547	1128479	1341303	1580181	1268462	1587414	1264409	1498749	1542277	
0.1958	0.5941	0.6552		57304	49782	46833	58085	49720	48390	64982	65511	75680	77899		1192246	1351855	1106357	1029726	1330416	1102327	1035578	1645944	1260310	1378999	
0.5778	0.4733	0.9224		82378	79298	74267	75586	72105	79047	77313	58602	83672	83265		1276194	1301474	1272236	1383484	1304108	1559696	1259805	1145553	1221343	1173185	
0.4194	0.5299	0.4304		56541	60706	54762	64512	75706	68247	77106	74236	70446	72935		1184455	1336775	1318917	1461572	1392079	1699164	1343483	1282514	1383755	1428305	
0.555	0.4528	0.2736		67123	71580	56109	70669	68118	64297	72628	62293	62066	62869		1576952	1469072	1287771	1228531	1218063	1098351	1206018	1172755	1289662	1271749	
0.6793	0.5423	0.331		63574	65185	60720	75906	62348	67214	53836	69035	110006	82553		1484917	1528668	1254112	1371610	1322533	1088026	1159319	1383084	1639122	1650292	
0.0877	0.4405	0.9587		58934	58254	62370	58143	65743	69131	61945	66533	65851	63058		1413997	1270563	1617623	1639479	1722235	1499525	1295358	1365991	1609347	1600311	
0.2707	0.6709	0.0991		55574	52285	58701	53750	68544	67266	53178	67902	47150	73977		1553658	1337709	1259029	1378320	1296490	1336419	1252676	1273712	1534015	1727302	
0.5618	0.2185	0.8011		63943	68189	77134	71020	60953	67484	88590	62776	66886	79537		1424390	1419582	1570089	1646068	1356706	1342174	1472860	1327243	1343379	1417771	
0.1203	0.8504	0.7915		58939	62006	94530	64982	59492	53056	58725	66824	62504	85564		1442538	1282765	1739997	1679691	1501773	1308772	1246974	1289112	1498294	1728112	
0.3869	0.987	0.9249		82908	74516	89949	74195	89745	102857	76915	79096	87294	96091		1255311	1247190	1273649	1154269	1458448	1393485	1252110	1390705	1375366	1324705	
0.4466	0.6908	0.0764		51031	59948	69675	60941	53029	63750	69707	49460	78712	47575		1207648	1554990	1411581	1536381	1361962	1392044	1450656	1194034	1238132	1418729	
0.2439	0.6408	0.0607		55072	47309	49777	51745	56918	53994	52863	63675	52514	70714		1110891	1293524	1295365	1290461	1281482	1259626	1265794	1456046	1460760	1451853	
0.3657	0.4843	0.0778		51129	44802	45206	46026	34059	45470	63187	64115	73645	48065		1188546	1099234	1047122	1012462	996061	1069975	1248379	1121407	1282955	1523782	
0.1058	0.7546	0.164		66405	45326	55915	80533	54860	47876	65061	44801	50389	57394		1425958	1123877	1103593	1472511	1327782	1507885	1507222	1502925	1399501	1488837	
0.0746	0.9686	0.1277		68721	54474	92156	53942	53388	53498	52428	61033	56557	85083		1688414	1380184	1703148	1644696	1309930	1316940	1298313	1167334	1283604	1474754	
0.3376	0.711	0.7946		56166	67415	64477	97867	69597	66419	65069	57727	68286	78817		1267682	1191583	1350090	1496326	1583198	1327818	1390807	1361247	1327053	1402279	
0.7216	0.6033	0.2175		52134	64183	62433	55880	65579	62618	54020	67362	100372	66584		1038299	1196336	1164989	1169905	1167721	1309934	1028094	1248485	1762169	1415095	
0.554	0.7234	0.1803		53896	59260	61956	62383	82277	60986	63478	58483	77012	59773		1381514	1141300	1162965	1455555	1342179	1367947	1242362	1245661	1229342	1320652	
0.8328	0.1125	0.68		68244	103512	66100	71052	62712	82537	107384	100649	53152	66612		1498716	1699748	1499666	1290978	1379234	1336990	1657374	1379647	1233121	1308150	
0.3321	0.5618	0.3964		64056	62467	65326	53069	60335	64199	53764	99396	87429	96242		1147839	1121583	1144787	1282528	1155864	1279581	1159367	1642747	1188645	1317120	
0.0658	0.6376	0.8062		66439	57091	71170	60984	55512	54306	55793	52201	61144	55591		1233440	1092422	1292426	1281484	1162593	1385511	1226722	1230907	1227939	1289481	
0.2681	0.3955	0.1993		49030	48189	40105	54351	49944	41329	50308	55064	44196	55175		1180561	1142443	1063052	1287417	1398468	1383746	1087775	1167706	1226203	1288786	
0.6406	0.0658	0.9641		84371	80789	66534	59131	71673	66987	61662	63008	63090	65137		1522351	1442146	1637185	1707142	1569106	1664758	1597469	1686027	1601324	1466328	
0.1591	0.6588	0.1175		48740	48744	56508	60055	52700	50874	84434	48185	49741	54090		1128978	1122126	1236937	1273702	1420053	1236821	1728197	1610058	1475339	1357415	
0.3032	0.8688	0.0821		58404	102756	58642	71003	56678	59622	78682	49523	80823	45910		1163100	1778511	1319661	1331851	1319353	1492941	1329598	1192165	1369713	1224748	
0.4354	0.1672	0.3359		76706	58512	52439	52066	62088	49531	52675	69896	87678	55168		1309708	1447985	1217955	1301739	1211517	1474070	1231532	1434435	1545979	1477897	
0.9069	0.2589	0.6572		68715	66318	71203	71895	66199	69111	71904	69445	61301	75479		1318889	1261481	1459446	1445820	1188153	1199333	1386219	1342039	1069136	1421911	
0.5429	0.6876	0.7971		69251	80971	66083	105123	68681	58899	71347	78307	69639	72351		1196853	1437134	1347316	1614324	1172971	1086706	1301251	1242291	1354369	1385861	
0.9789	0.11	0.9204		66574	71424	73021	64120	76163	71127	70302	56102	74493	67094		1276978	1086658	1321150	1405461	1259300	1481599	1409848	1265653	1178942	1335052	
0.7534	0.1746	0.4914		62122	73417	73533	52138	61476	65534	59021	60510	61461	73196		1425230	1544429	1349405	1228586	1276894	1199436	1327021	1594652	1274573	1629529	
0.5088	0.0935	0.7853		66782	57085	53036	75627	61425	55773	58530	71853	58082	70574		1349837	1465020	1172081	1252203	1289467	1471348	1196744	1322763	1261197	1533733	
0.5752	0.8192	0.9787		100901	99164	67280	83045	74266	82646	76950	70064	64828	78458		1429267	1311993	1242383	1551619	1372293	1314815	1313079	1071174	1139783	1490425	
0.6307	0.8187	0.3099		62990	66812	68758	72162	72946	67699	75996	109108	52271	55716		1231741	1511336	1384489	1456207	1341954	1417953	1355488	1748701	1488170	1252442	
0.1214	0.8573	0.3845		65557	54393	58529	55914	60154	62593	64179	53714	57703	59408		1332666	1431778	1134014	1369379	1323497	1496621	1560186	1148019	906135	1134006	
0.3542	0.7316	0.9661		82492	96663	104192	70854	64588	71334	88625	77738	62831	77351		1300385	1292080	1347235	1532662	1072152	1348276	1246900	1278908	1111383	1291216	
0.0777	0.7237	0.6004		60818	64835	56780	76736	65267	58482	62500	77608	48359	56096		1362004	1316964	1111932	1203679	1404320	1385065	1340246	1336259	1210432	1192020	
0.1785	0.4782	0.334		53367	62749	59535	50168	53917	66256	56316	72753	80720	61670		1355585	1358585	1225485	1184995	1439176	1458554	1436489	1425018	1641258	1501646	
0.638	0.6994	0.3143		66847	69037	69577	66588	59917	85780	93900	79057	74948	69779		1307152	1230971	1412929	1210199	1145113	1256193	1264210	1433166	1284799	1588865	
0.1387	0.9881	0.1841		101384	73148	67260	108571	52302	53075	55515	53144	60951	48448		1786854	1438272	1380573	1770577	1165665	1153467	1172863	1349082	1511021	1221192	
0.1268	0.7315	0.9324		58182	74015	67365	68331	94419	55797	69040	78527	83361	77025		1243834	1263697	1306151	1348242	1489269	1488186	1240647	1400970	1371119	1378477	
0.9106	0.8797	0.1888		67334	80251	60696	74392	74742	70020	76433	104973	76393	130042		1259649	1281813	1046385	1102522	1299781	1308589	1357234	1370000	1439070	1720326	
0.7216	0.1018	0.6197		76787	63230	54122	62154	76277	83542	62018	66499	59972	64418		1503471	1447840	1501530	1091331	1337078	1287295	1144965	1242283	1471559	1470417	
0.8927	0.4331	0.6317		68328	104085	130704	69963	70866	76814	88445	87968	76829	98754		1070707	1604724	1339341	1259379	1316490	1363265	1300553	1289734	1251252	1611334	
0.3129	0.9689	0.3899		75225	77295	67420	76507	67587	86124	68040	65169	65453	67839		1680225	1315179	1404622	1446712	1382999	1272784	1563210	1370197	1291678	1242139	
0.5909	0.3525	0.1984		61172	50697	48780	64068	63401	51109	70378	61570	62632	67950		1166771	1210799	1134355	1266452	1316456	1341683	1264577	1410334	1410562	1387639	
0.4041	0.6963	0.1327		59423	59275	67042	58741	69580	52764	46036	73994	86007	70567		1421303	1454137	1352439	1220821	1434181	1321295	1140517	1387916	1468581	1359104	
0.8634	0.503	0.094		65206	79106	98609	78121	63787	77809	80985	74527	71566	70682		1360896	1334866	1210577	1157322	1295458	1231564	1498558	1348826	1460049	1384682	
0.1591	0.2906	0.6864		60925	53292	40561	64078	42418	60600	56867	51996	58996	65244		1231814	1205692	1171517	1032842	1158432	1064839	1173683	1178202	1154693	1258469	
0.6776	0.5529	0.632		66131	69762	74409	68422	114665	73789	73548	80761	68638	108373		1415046	1390281	1215264	1231695	1340509	1613838	1541304	1217739	1414412	1653037	
0.8792	0.4382	0.2076		67621	55829	71874	74145	105629	69583	111284	53029	83213	90830		1320753	1225091	1341000	1330075	1238018	1336492	1356138	1628717	1327165	1344316	
0.1702	0.4456	0.2607		54156	63066	55700	61502	83882	68625	43328	58309	55579	61448		1452167	1443186	1256836	1551185	1580497	1524161	1479515	1243142	1272313	1580718	
0.4675	0.8737	0.9638		86085	70262	69761	87316	64039	61689	80186	73694	78198	73545		1403304	1456973	1314145	1244481	1339053	1267110	1334672	1223746	1328198	1336634	
0.2075	0.4173	0.4613		48564	45580	58715	75821	46106	46476	66428	63549	60771	56898		1276004	1183464	1222386	1384356	1296136	1093548	1330859	1407058	1387494	1270904	
0.3955	0.6498	0.6655		64575	72894	53293	75092	67514	89166	54766	74830	67619	76369		1219381	1279636	1338544	1256631	1411437	1551639	1182872	1098593	1451367	1307172	
0.4653	0.7878	0.1702		61971	93995	71642	71165	56793	104280	83531	76941	54152	63201		1311408	1433227	1347389	1221463	1314762	1514875	1337726	1550141	1189896	1287564	
0.7397	0.8006	0.1715		70555	66577	104907	79075	67574	69567	73961	65028	79807	80166		1589500	1553383	1772138	1575651	1332493	1379000	1333415	1363496	1223152	1327507	
0.8074	0.4633	0.132		65926	74950	61707	71913	63277	114295	83220	66667	67474	75658		1218200	1468486	1495696	1245626	1351817	1493304	1479271	1355642	1372761	1342725	
0.5156	0.9242	0.8002		78341	99860	73640	70754	83592	76881	81174	69627	115648	86428		1411595	1489579	1387315	1204034	1329875	1324769	1258284	1134295	1641172	1619962	
0.308	0.5026	0.1615		58318	54947	56830	59627	60640	63467	55458	59159	65420	56779		1423029	1304102	1573108	1358921	1370728	1175484	1321962	1186439	1572994	1180675	
0.3535	0.6317	0.2609		69109	69193	61658	60767	53316	70365	88395	60806	60946	76350		1205462	1405462	1446936	1529305	1552484	1630002	1577977	1388885	1520960	1544222	
0.1189	0.7934	0.4899		50123	59230	69057	76427	67559	60509	70189	69871	58380	57866		1252782	1222962	1493149	1541792	1555305	1276966	1373776	1291955	1199719	1306371	
0.392	0.4291	0.9403		48455	76731	60670	93180	87016	83303	65570	117696	67240	67610		1175463	1140862	1067811	1366334	1325469	1339647	1155924	1463476	1283896	1363242	
0.1043	0.1685	0.5991		60278	52727	61407	43176	52742	52211	50860	50287	54670	57178		1360999	1458694	1374353	1160969	1347509	1349707	1504689	1536205	1416079	1195448	
0.052	0.9196	0.149		52274	44082	72736	70172	78646	51604	54213	59076	70856	45592		1125204	1142817	1533526	1612562	1429699	1158268	1411034	1621236	1395375	1305843	
0.0593	0.1564	0.743		47458	50573	42996	61585	48342	48002	39802	47776	49561	63165		1175155	1142890	1030959	1314682	1181797	1041817	1110779	1138313	1229853	1317397	
0.0968	0.0508	0.7992		79187	41157	59740	43933	64253	56416	54910	84751	49580	58850		1600380	1158776	1363039	1382847	1126107	1260163	1315307	1454122	1667344	1182510	
0.0716	0.3091	0.4096		45739	49558	40236	45723	47124	53366	50704	49394	47669	49833		1192764	1162985	1010848	1059179	1382728	1260821	1239831	1266531	1474173	1488575	
0.9375	0.1036	0.9466		62692	53492	78157	66978	66735	80055	67813	67953	88578	68106		1149353	1375743	1532182	1389105	1300613	1249830	1207546	1323022	1451364	1286260	
0.9869	0.3549	0.1697		78670	86839	68792	74548	67565	53272	70163	54527	73023	65207		1381673	1115472	1567294	1225727	1320979	1306737	1194137	1563765	1264770	1130790	
0.0878	0.3132	0.8532		77598	59151	66976	54517	63439	54578	44955	53029	51285	44039		1433681	1357791	1592988	1514402	1339608	1350861	1164356	1259349	1311559	1319020	
0.083	0.9219	0.5762		73454	62865	69223	52857	57449	73517	61634	62779	63818	53801		1230732	1180485	1356296	1123334	1034277	1467441	1305510	1297954	1290332	1505911	
0.4009	0.7592	0.8817		78350	70503	67467	64187	66013	89748	78197	69768	68413	103597		1455003	1177730	1372152	1257252	1178973	1438283	1213099	1398876	1369607	1598475	
0.2203	0.7872	0.3677		49195	74375	62440	56304	58350	72407	60389	62086	63133	64426		1295711	1481966	1480048	1261418	1186220	1632995	1295533	1136945	1502335	1334494	
0.2973	0.7826	0.8839		68160	92466	95115	67182	67244	65564	71024	56082	78195	70617		1209526	1444058	1630899	1278283	1246750	1254252	1271902	1276425	1242445	1528259	
0.2305	0.6876	0.1607		90356	63672	57834	89559	86008	60107	58993	55654	61774	64096		1464846	1433259	1367567	1500599	1589752	1379147	1432628	1447700	1319169	1285481	
0.3099	0.9939	0.8687		89668	105020	75582	90059	95185	77402	74435	71324	75958	76031		1283327	1400428	1535928	1237170	1242208	1370856	1529078	1510642	1253209	1050480	
0.6605	0.5254	0.5121		67832	63983	69400	68331	67098	63572	65113	65969	72368	83045		1431096	1317714	1431616	1227576	1259563	1271016	1429650	1156567	1172659	1291139	
0.7923	0.1544	0.5063		52557	57653	72756	67870	63678	87329	63873	68475	63819	73156		1546141	1152974	1436660	1392717	1227605	1468994	1313312	1420283	1398792	1336372	
0.6527	0.792	0.4792		65811	65705	68038	65126	64311	84609	94990	76945	69832	69053		1221046	1566033	1334465	1608435	1302130	1280222	1477649	1442505	1346439	1116150	
0.435	0.9706	0.5727		80543	74126	85280	74047	63990	77931	63019	109346	72884	92571		1508454	1286831	1491768	1370788	1266885	1376268	1596434	1423746	1457015	1536125	
0.9282	0.1968	0.2452		69602	63237	53417	59301	64352	56633	65751	73893	74158	101048		1231317	1118335	1439287	1296310	1376991	1292288	1285964	1350269	1530945	1607300	
0.9489	0.1085	0.5076		160326	90545	65420	62233	61223	53974	55059	68633	65692	56767		1483728	1485668	1178140	1279937	1238458	1282419	1118348	1287905	1320576	1329099	
0.3221	0.6246	0.3017		59645	67954	59898	49371	67627	55935	59686	48787	59173	61604		1329447	1577351	1403576	1059852	1324175	1165229	1227796	1079785	1277958	1483291	
0.9716	0.5659	0.5652		63409	77033	61463	103346	85238	87965	76775	65032	63565	72747		1038567	1614025	1198442	1233951	1405811	1374314	1161463	1061644	1069479	1224296	
0.9597	0.4898	0.6001		77533	72242	72731	89938	62643	87653	80400	75447	84630	73481		1337170	1157219	1450815	1334396	1372866	1495211	1501900	1228958	1499660	1347318	
0.8796	0.2794	0.7281		69524	70182	60179	76976	60275	73137	71048	74459	77713	72133		1364690	1311938	1508711	1113243	1058973	1213766	1320032	1242832	1600413	1186822	
0.4186	0.7596	0.7		86156	70283	77751	67329	56978	65141	63156	68294	55368	66523		1558836	1718063	1348630	1280718	1294776	1444480	1366242	1442359	1690564	1353676	
0.7364	0.9432	0.5781		83684	78002	76019	86595	82260	78008	100061	91637	85369	75251		1263952	1294264	1303790	1746087	1374582	1252327	1411792	1191842	1134208	1430311	
0.9012	0.7471	0.3077		77372	77786	67978	70315	66921	67093	59486	83368	68233	68577		1178338	1319298	1432348	1430733	1206887	1398964	1028308	1252622	1471672	1563052	
0.367	0.0614	0.9311		52726	57912	65793	67701	71026	65175	57736	61007	62326	73483		1209021	1288131	1409405	1394011	1512574	1445404	1314215	1402997	1106858	1352621	
0.526	0.8133	0.5342		68994	70275	80189	62796	66126	88073	66162	80284	78862	56509		1222967	1551112	1670642	1204318	1194792	1293737	1327627	1223822	1038144	1135462	
0.7025	0.6567	0.4062		59870	74796	86359	62428	44787	99174	71385	56818	69781	78032		1315477	1304863	1696487	1391052	851545	1511925	1326664	1065664	1246384	1354829	
0.9802	0.4416	0.3385		61229	55250	66546	88741	67325	58781	71634	84862	66492	70852		1170625	1011744	1227059	1290875	1461861	1270128	1288137	1431932	1346455	1215030	
0.774	0.0573	0.6624		78587	61880	72485	71988	63970	52686	69286	67812	65471	64460		1310767	1200669	1213274	1548960	1542969	1141346	1241832	1324692	1307882	1261919	
0.1633	0.5746	0.8615		68309	54087	53197	54645	63043	51582	58187	74456	56119	64433		1333193	1327623	1421005	1342625	1255274	1182931	1364215	1314858	1448158	1307639	
0.6858	0.9671	0.7577		95421	76010	87085	122550	96992	97066	73632	83801	72950	74766		1108780	1329265	1356093	1352315	1313126	1203400	1178112	1240676	1234930	1283514	
0.5395	0.4712	0.4737		81695	62000	68162	63067	61790	79946	68101	68023	74649	71438		1299355	1270565	1341626	1496734	1299741	1516433	1298851	1244214	1247201	1358174	
0.9361	0.6301	0.2218		67680	52640	70934	70580	71199	70561	87945	71135	83057	80218		1275754	1158261	1450398	1334415	1240838	1390334	1359796	1638615	1416409	1387152	
0.3017	0.3506	0.6309		55383	68345	64359	69012	57562	65760	57680	58326	77844	58216		1310326	1422809	1301696	1210672	1298228	1519931	1199015	1333334	1339759	1503526	
0.5128	0.2356	0.6714		72781	52907	65348	65005	61060	91253	47805	57105	62767	78741		1301566	1228924	1427574	1429277	1513540	1670067	1209159	1173486	1273326	1675486	
0.9792	0.2092	0.1822		62876	52383	62428	64929	99813	65796	64573	66194	75712	65261		1297493	1150499	1240916	1377450	1336802	1486478	1245232	1228785	1280540	1404397	
0.4336	0.9965	0.4892		68774	57817	68519	73761	83060	85322	68689	70386	62404	78911		1196946	1081841	1169765	1180244	1230482	1213716	1146499	1087644	1028248	1216710	
0.4985	0.8179	0.8579		75103	60249	81267	72461	85974	81577	95512	98344	91279	79259		1344392	1250764	1207888	1503525	1246911	1497294	1200893	1311393	1157169	1205547	
0.696	0.424	0.51		71259	65335	76746	75196	67927	67302	66706	78420	79942	94723		1196003	1284506	1586040	1511558	1247556	1265724	1291965	1411796	1415638	1624943	
0.2719	0.0731	0.0772		46959	55103	37446	37040	46534	50040	46509	48231	42616	46882		1465537	1386658	1178321	989945	1099813	1306299	1209909	1419124	1164607	1188123	
0.7326	0.4581	0.3637		70036	68286	67964	67573	75376	56417	53071	65488	64242	76093		1366124	1472718	1338123	1175136	1400236	1125222	1020796	1303672	1174136	1476180	
0.2306	0.2903	0.2117		71008	64546	41963	57176	70014	65404	72597	56984	71097	56871		1533275	1357125	969365	1136382	1329170	1360309	1368654	1334975	1399467	1384652	
0.6912	0.1138	0.3928		53352	59696	58027	58727	72695	65519	79086	58772	51779	58991		1519106	1394067	1419877	1406567	1378987	1396145	1326477	1207396	1182432	1153762	
0.2425	0.2353	0.8636		69292	56527	48994	94198	59397	108634	73486	62584	82012	51404		1175172	1145667	1241974	1626855	1459235	1706640	1485590	1561884	1392892	1086849	
0.2489	0.7914	0.3813		54339	103853	63810	68934	76695	49440	67902	88994	105770	52319		1505023	1679502	1255379	1440536	1337621	1177222	1186001	1369183	1437075	1546682	
0.4237	0.0588	0.6236		59539	72356	62276	54982	56342	61956	55509	62219	51923	66883		1225434	1346369	1277651	1480365	1241741	1286204	1213615	1426605	1406975	1639800	
0.1009	0.0527	0.9031		53958	61799	42367	56386	50172	47393	63363	70950	44566	66838		1578114	1680059	1271584	1555994	1048822	1076510	1270586	1573293	1052698	1282197	
0.3112	0.2203	0.4029		43218	53510	44049	90770	56098	59780	51928	51921	54527	65005		1202195	1098645	1132434	1579734	1550235	1232030	1435586	1247381	1291892	1449513	
0.4069	0.1121	0.9885		67921	69929	54312	61797	72928	57762	58889	69189	59861	50041		1196454	1310281	1142143	1320306	1523883	1328686	1439823	1514086	1431936	1226800	
0.8151	0.1843	0.9257		61991	73785	101157	67655	71111	75320	77647	77644	62335	72150		1352008	1433365	1374647	1624159	1532806	1253734	1358186	1283786	1518657	1205162	
0.1807	0.4959	0.7333		70669	91790	67803	62115	69686	61693	65415	63125	57225	93480		1360600	1707618	1599169	1209002	1318305	1327879	1214932	1435629	1221090	1300333	
0.4551	0.2229	0.3604		56965	58325	67340	85419	68004	82964	65343	64020	57223	54671		1252383	1328928	1146707	1623989	1175016	1611111	1443885	1239844	1289714	1269442	
0.1741	0.2726	0.2226		72664	63243	51019	52163	60702	52232	42664	52920	53176	46550		1487393	1254175	1222061	1394482	1465241	1231761	1065521	1206791	1293572	1131367	
0.6258	0.9817	0.6081		74757	96104	78230	79988	79698	78618	97481	95817	72149	117241		1666314	1206492	1496606	1354162	1305306	1529168	1536113	1591336	1481515	1750885	
0.3737	0.4737	0.9319		50924	62410	64470	61388	62134	68697	62593	61885	96678	61679		1204845	1265299	1187056	1513619	1372385	1216577	1261924	1435199	1505884	1216401	
0.4765	0.8518	0.1103		86268	68555	103506	58954	52359	50450	54859	75821	74369	65062		1322849	1231473	1600078	1153333	1129633	1126940	1170710	1315200	1154683	1291859	
0.0927	0.6705	0.5685		69759	56598	52493	50541	60136	63338	64256	66537	66792	57118		1170189	1536260	1109690	1208729	1235482	1378038	1548434	1246528	1366509	1403810	
0.5802	0.1208	0.4182		69366	66161	77104	47299	58342	54638	69185	69460	57723	57578		1269385	1390262	1369539	1062925	1233333	1280230	1245495	1201959	1337897	1402505	
0.2821	0.1268	0.5509		51912	62395	52945	52209	55543	41856	52735	64233	75375	50924		1435979	1334538	1432932	1283058	1241496	1337809	1132586	1367823	1331975	1367361	
0.5628	0.8445	0.5724		69613	71155	76154	81126	65092	91371	72989	76220	70381	71166		1659291	1249626	1206673	1167219	1302049	1241666	1272996	1350198	1273234	1349110	
0.5032	0.7147	0.795		69896	63424	67365	79994	80990	91747	70534	63896	82611	79342		1312138	1069383	1340296	1271079	1466843	1120006	1581299	1489253	1382380	1308436	
0.2229	0.5515	0.7002		57252	56640	55493	48816	64822	59749	66752	50506	80375	65669		1552249	1178245	1191558	1045793	1510863	1162386	1439027	1292384	1554297	1434402	
0.1346	0.4715	0.6503		66280	59786	62947	68134	49536	69085	94190	44644	51529	65930		1224051	1547484	1215735	1327670	1063492	1304443	1613579	1204055	1149408	1065321	
0.0953	0.9571	0.354		51570	68153	69080	57039	87993	74718	68542	64537	58293	54453		1081530	1328024	1383966	1187769	1372891	1273711	1652222	1353616	1535819	1245995	
0.5597	0.4988	0.539		59467	73372	63712	62911	86232	55208	110645	62909	72220	83389		1330491	1161077	1312033	1247935	1258677	1029602	1575812	1489224	1387437	1526291	
0.8114	0.9734	0.3273		83846	61671	85513	81834	81741	61641	99913	77564	63709	88028		1335785	1147937	1113568	1254133	1282050	1122073	1292916	1351476	1147435	1363610	
0.2349	0.802	0.7175		64884	62535	63881	55176	65033	74827	65885	67103	69030	61169		1334524	1143069	1157678	1306896	1057604	1209608	1143843	1171161	1126315	1109405	
0.7334	0.6744	0.568		67636	73772	109725	65458	117534	71538	102818	96775	77676	92577		1496178	1390903	1784204	1599405	1563310	1480001	1447765	1350588	1381886	1431736	
0.4523	0.2229	0.5872		55126	55378	60670	63275	49949	54987	59261	63101	56215	77948		1354826	1215930	1221000	1521489	1195010	1392117	1450102	1392249	1209324	1363774	
0.8221	0.8058	0.6356		70322	109121	72609	88624	72120	65701	72346	74187	79654	81902		1200018	1579667	1310505	1327183	1199597	1306420	1214594	1157995	1241622	1380450	
0.3951	0.5027	0.0561		62347	43641	63198	70698	54173	49493	56318	55025	75548	55988		1245467	1352511	1283985	1529472	1202729	1272128	1268523	1325668	1694773	1423124	
0.1078	0.759	0.0975		51382	60871	46782	43370	51170	39014	65728	52698	68145	53897		1286835	1232570	1340056	1141980	1055796	1245815	1208864	1253771	1319433	1358342	
0.5552	0.4933	0.8214		74974	57961	58293	60449	79278	66917	92205	94498	70192	66000		1329456	1211350	1110224	1065207	1135567	1377030	1452125	1469006	1291571	1285602	
0.4952	0.8954	0.1104		50843	50359	73378	63294	63263	62969	58096	82788	63857	74210		1064778	798678	1042136	1457652	1281408	1193509	1136818	1290280	1434444	1374723	
0.8409	0.2281	0.4843		66433	61691	62737	79089	60553	53781	60899	94624	62287	60697		1283983	1232865	1290276	1429321	1274872	1203707	1187181	1229413	1667962	1120384	
0.8062	0.9955	0.4413		81194	80170	76471	75060	73891	81971	84914	84225	75740	72946		1243176	1118174	1117953	1458104	1209112	1262876	1302364	1375394	1422094	1237553	
0.4002	0.2382	0.3572		58637	65829	71412	52821	73117	64258	53834	44927	63833	69665		1224756	1303215	1263303	1137229	1252499	1400683	1175788	1050626	1180009	1374154	
0.252	0.2415	0.6535		76355	61776	58258	57542	66091	67095	45871	54766	57828	69033		1334041	1334225	1443160	1333018	1451286	1337098	1135835	1096071	1307715	1460569	
0.1257	0.9393	0.4526		66643	56853	57232	58317	58414	61772	56884	59143	68786	62106		1658025	1208301	1153273	1446911	1219277	1419491	1269041	1104101	1403851	1198798	
0.9396	0.6059	0.8261		96093	69940	67342	66223	85138	93239	111734	68231	87453	77569		1272763	1283239	1123716	1151689	1352477	1490409	1227285	1336992	1259317	1543200	
0.1048	0.6114	0.9713		50725	82823	59584	58003	60644	57712	62443	66956	62049	68276		1229162	1357334	1384288	1341454	1413719	1488199	1440675	1610906	1380175	1395227	
0.063	0.6893	0.9833		79122	79235	67219	99209	109178	107156	70462	64544	67792	56230		1320327	1326651	1186171	1672844	1654618	1821741	1655523	1136265	1304260	1352169	
0.5857	0.8638	0.7171		72045	65313	77836	80686	83476	76393	88857	70805	73568	78613		1437349	1180965	1262898	1390312	1318825	1457128	1556737	1541368	1311830	1319448	
0.4148	0.9961	0.5196		106833	86871	73941	103094	86276	74018	72579	71837	96550	77770		1399479	1655648	1349644	1549465	1575688	1221292	1213752	1301896	1253899	1372271	
0.0564	0.3829	0.8465		42941	81684	91363	52478	54278	34667	57839	53910	106102	63660		1080958	1067052	1288638	1171815	1326422	1253686	1169951	1053044	1220749	1346256	
0.4432	0.6525	0.598		117684	59661	83826	73987	92253	90892	79863	80356	61348	66570		1849981	1587008	1535058	1472532	1498784	1235435	1660346	1539343	1325895	1103127	
0.4306	0.1716	0.4661		56376	47417	59992	47718	56406	60171	55172	89074	46621	47206		1446752	1190958	1426085	1403480	1209382	1242362	1285019	1557845	1510269	1061176	
0.5611	0.7152	0.2058		50123	61034	58336	61112	90790	65864	64024	66274	90450	84769		1045005	1266289	1107325	1258152	1323444	1278461	1199815	1206970	1396329	1412428	
0.5623	0.5755	0.35		61460	62111	69932	72163	67853	67780	66434	66208	55988	121590		1478633	1297428	1481937	1455792	1568853	1592638	1295754	1247926	1385114	1849741	
0.6463	0.0763	0.187		61295	58272	75859	54128	68154	59232	52883	57672	56153	65452		1398222	1581651	1414853	1241699	1568546	1301175	1123290	1138002	1503489	1204653	
0.8966	0.7606	0.9821		81468	161684	82360	79915	98639	98961	62247	110116	88921	94227		1241974	1223995	1261715	1281797	1378464	1602900	1167047	1098755	1477636	1287160	
0.4723	0.7482	0.2876		65441	68879	66731	62492	66639	71008	64017	84373	69146	62762		1527018	1293582	1476965	1425222	1329781	1421796	1484085	1600882	1486779	1227564	
0.053	0.9004	0.7374		79855	70924	62418	68105	74857	60421	60834	68962	72707	58468		1593098	1361882	1469984	1499552	1294633	1374373	1498058	1475650	1426962	1235165	
0.5505	0.9778	0.3402		71696	66266	67240	73362	66579	77768	105295	72074	74339	100654		1297594	1260822	1278486	1315091	1400723	1559552	1637691	1597871	1358802	1420438	
0.4051	0.5368	0.2474		68086	56423	59339	89469	69061	60315	72541	58544	64740	64979		1145583	1247352	1439525	1639447	1504337	1511131	1370075	1361740	1358749	1347145	
0.2995	0.6256	0.7738		52922	56904	72005	94766	62672	76386	59838	75146	58013	57901		1182743	1298053	1633991	1608538	1202523	1480925	1225864	1213838	1152619	1223890	
0.2003	0.3333	0.9457		64399	70183	83173	58969	74395	62717	62515	61391	50685	59522		1281433	1574883	1671735	1343122	1389234	1257533	1341545	1200603	1100437	1053857	
0.2495	0.8502	0.7368		77617	64403	85407	68450	73635	65232	86819	76482	55402	64009		1296291	1230923	1253296	1601856	1469995	1463271	1371392	1417511	1175876	1178871	
0.5645	0.5688	0.293		67329	69045	63402	85232	61770	65497	62440	69481	62411	96884		1046758	1451778	1160921	1225149	1236342	1270432	1319173	1196070	1351892	1606051	
0.7255	0.2598	0.3999		58349	98442	79582	76940	63717	49409	73976	66772	68993	66975		1229446	1498300	1541736	1437371	1526191	1281798	1315358	1397412	1477509	1598182	
0.5483	0.7363	0.788		61803	60886	73170	69542	111302	69679	77810	68708	72639	85484		1242935	1033000	1266257	1037045	1282040	1176618	1376243	1248286	1107213	1191569	
0.1011	0.6675	0.8075		69674	71590	63474	50917	58838	64454	70607	64911	70675	65311		1125159	1327785	1144705	1037222	1174715	1218769	1272013	1361500	1380260	1262436	
0.1743	0.3987	0.0855		49790	49593	62757	47686	51524	35434	47756	77198	48821	44770		1258029	1328562	1263182	1407901	1621049	1329967	1058837	1472913	1500571	1358029	
0.1789	0.7723	0.0743		59098	51089	42043	60895	55972	53453	58262	49144	76042	55437		1461606	1205228	1167829	1148719	1307467	1626424	1366166	1466873	1419923	1473439	
0.6152	0.5148	0.6125		71588	86920	71349	59750	58123	89305	110141	76073	69414	104880		1130528	1355472	1148331	1264886	1325776	1337714	1415157	1739287	1216615	1225239	
0.1652	0.8885	0.5341		54316	62196	59202	61017	54050	62654	77667	66882	58120	51111		1029574	1282626	1286763	1612528	1157174	1372654	1316140	1396483	1266908	1237946	
0.6547	0.2421	0.5148		70272	59840	60595	56322	66019	56902	76678	70540	91514	72402		1205382	1297400	1214096	1291016	1180527	1146313	1389192	1282760	1301555	1352505	
0.1303	0.7726	0.5352		60204	62419	64891	83422	50543	49657	68770	61617	88426	64306		1369830	1337511	1391066	1479141	1245443	1135916	1103563	1304197	1417305	1455524	
0.7479	0.3146	0.5337		64644	50931	86155	77516	63966	74320	84411	74051	74810	74675		1301680	1084168	1307743	1436467	1329525	1286050	1368350	1507156	1264047	1291657	
0.3658	0.4307	0.7343		59007	61283	60322	58654	58707	61508	50938	71278	61583	60671		1199372	1224597	1276464	1419133	1508274	1313916	1158019	1334801	1100373	1199773	
0.7339	0.1268	0.4905		67144	83484	59172	59248	72547	61358	64627	60737	86997	59070		1491571	1430130	1402234	1510820	1373422	1537686	1599742	1544756	1593755	1505648	
