30	31	
0.744	0.6705		32018	44584	33977	36155	44784	39312	29775	38768	30243	39581		1177353	1489559	1267012	1442488	1942051	1679686	1501786	1856773	1457238	1425379	
0.7956	0.3939		24178	34973	72936	34761	35329	26288	30847	24486	27958	36979		1523650	1761591	1921163	2109518	1653137	1360194	1511975	1088679	1338128	1527442	
0.2288	0.1409		13540	15403	13356	13930	12896	22123	22423	18320	12282	16089		1310168	1278292	1263475	1075197	1060037	1843390	1591905	1261141	1047925	1310140	
0.8579	0.7144		38224	30083	34627	33651	65545	33669	34668	32047	38806	42653		1596145	1204868	1338400	1373239	1969608	1360998	1353959	1543277	1454844	1616988	
0.1376	0.2331		13304	21458	19480	17375	14251	21598	23483	13699	19571	21486		1243161	1479583	1602402	1407914	1236985	1670711	1653894	1212919	1508089	1694909	
0.3814	0.1941		13894	14317	18719	20487	25646	16871	17788	16323	25751	25515		1062408	1049808	1364446	1360146	1480231	1262888	1244655	1309656	1562093	1528587	
0.3188	0.0929		22603	22918	15642	19792	14362	21064	18342	18008	17611	21625		1608229	1511790	1185925	1373479	1176087	1415764	1254025	1395085	1274904	1532960	
0.1277	0.7904		19177	26238	19779	18266	25939	19478	26590	27101	18126	18281		1253326	1353466	1351232	1337194	1594129	1387675	1798852	1675672	1256236	1275361	
0.2449	0.2191		18134	18278	22946	20252	15828	21322	16544	17371	15593	17649		1288947	1357046	1487700	1377862	1258502	1249290	1299902	1392368	1250476	1467093	
0.907	0.3639		34679	27667	26195	34622	25940	34071	27211	25397	31802	32275		1413332	1237351	1184874	1359880	1254685	1564785	1236729	1107489	1222351	1320495	
0.5091	0.4317		21691	20474	20604	19841	21290	21405	24016	32329	23757	30751		1143438	1311835	1443174	1281778	1298048	1299185	1438778	1606183	1376403	1375859	
0.5308	0.266		15344	22770	19515	26139	19113	20769	19543	21977	28814	22919		1082991	1435150	1276768	1279376	1309609	1305337	1186832	1327508	1515203	1355051	
0.198	0.3712		15468	24695	23181	29534	19922	13973	15172	16471	13928	18150		1498572	1478554	1417593	1546965	1375206	1029879	1141408	1375411	1171426	1374105	
0.9519	0.5574		41162	33501	44045	36538	30745	31184	29880	31096	39309	34042		1498480	1357743	1290692	1403369	1253590	1260583	1151872	1351245	1523390	1494991	
0.9579	0.885		37350	39862	38805	37121	41377	38951	53114	40316	48459	50406		1282990	1316255	1211973	1225086	1397098	1354222	1268918	1389663	1569813	1588218	
0.5532	0.6848		29420	26170	29600	28615	28988	27827	27148	29190	43479	27679		1283427	1252610	1053371	1206907	1364829	1281099	1315175	1327967	1585171	1361618	
0.744	0.4918		35904	35923	35616	32341	32668	34375	25940	25859	26835	33665		1468768	1526070	1648014	1338010	1410422	1445345	1150260	1198182	1305604	1526850	
0.3925	0.735		25892	36917	23849	25092	28145	23586	23928	23805	22496	32111		1144294	1232792	1157409	1170813	1184797	1350111	1197548	1207055	1052461	1272262	
0.6908	0.3923		25573	23122	26295	31230	31645	22213	24205	21255	22135	21597		1335480	1215557	1320100	1404478	1403900	1185302	1134072	1032562	1090637	1016745	
0.1043	0.6017		25659	17557	26890	15731	20545	17906	23186	16007	23634	18900		1343681	1283250	1390907	1209348	1331610	1335074	1542963	1293417	1737198	1266918	
0.111	0.4438		12592	22478	23144	15863	14392	12935	16776	15724	21944	17708		1119155	1340164	1426025	1248207	1167340	1119862	1282695	1150003	1370814	1153805	
0.1189	0.0584		15331	13050	15867	10502	18881	12410	18711	13119	11171	19045		1300962	1174582	1306207	1329319	1519282	1248813	1595166	1275262	1212918	1682892	
0.1157	0.9101		18583	16177	27547	26652	22972	25383	21331	26729	18238	25643		1283891	1095281	1368938	1386379	1279255	1575898	1402152	1206532	1344085	1471497	
0.0908	0.7071		24597	20459	24690	26078	16329	20649	16338	15252	14983	20705		1549014	1487250	1558352	1509984	1305041	1331397	1288551	1322500	1166253	1454352	
0.8807	0.9875		48261	46152	40635	38209	39045	37870	38545	37992	44613	38421		1358426	1601527	1455866	1196750	1489321	1317248	1291293	1167139	1281013	1261608	
0.4436	0.742		21947	40766	31324	26698	28791	35053	28822	22346	22792	24477		1153814	1630466	1248213	1188610	1331203	1609553	1422640	1213469	1334534	1561542	
0.4564	0.2638		16314	22783	19871	19796	21547	20201	15906	16095	21693	26009		1204116	1372837	1341668	1319289	1347341	1182749	1014056	1164147	1339714	1458768	
0.3832	0.9544		27244	22898	23727	33298	30140	26561	29563	25560	33558	31741		1247734	1045212	1138124	1634462	1300258	1188767	1183023	1357574	1685203	1582322	
0.3687	0.4824		20328	28383	19738	24040	19838	29366	29245	20817	20717	18371		1223040	1381571	1395093	1497756	1229356	1681374	1660922	1348110	1282641	1207373	
0.6199	0.4006		25636	30367	24670	22865	21450	20830	28398	23487	28241	24062		1390544	1474518	1333061	1278139	1092947	1088485	1368764	1201157	1363108	1330343	
0.7629	0.5407		29549	25521	39746	27739	28774	27297	30628	30723	29807	29375		1274467	1113288	1474928	1172152	1248092	1147474	1204123	1299002	1364461	1190704	
0.6878	0.9585		35191	31466	31996	39933	32427	37163	34274	45850	30822	32246		1196798	1192183	1214793	1239636	1198204	1382116	1231169	1629270	1144261	1278850	
0.9514	0.112		23970	20920	31382	24468	20441	30682	33720	21539	21739	24995		1157841	1343521	1601635	1061411	1112394	1681338	1556602	1309851	1346620	1292432	
0.5755	0.3283		26440	25167	28666	28007	26962	21036	23368	22754	20705	20232		1349498	1333908	1630174	1662914	1451150	1359277	1407891	1452283	1294442	1249633	
0.6547	0.9783		32160	32731	35974	40684	40573	40874	32679	33006	37350	40405		1400869	1261791	1348987	1514387	1568410	1492430	1299634	1431657	1437878	1545967	
0.572	0.4468		30737	21682	32505	30047	22235	37226	30358	21886	22185	22298		1521687	1344943	1701558	1554743	1400234	1651068	1459493	1282766	1291166	1278921	
0.76	0.5434		27521	37806	37647	30477	28072	27366	30440	29451	39739	29204		1124768	1355838	1504167	1278024	1307664	1205947	1330317	1159569	1542908	1366433	
0.3436	0.3229		24679	15956	18730	22621	17958	21948	24816	17482	16889	18697		1447874	1145940	1281432	1358305	1255356	1242150	1514381	1297404	1152944	1254029	
0.6371	0.3114		21777	23853	23854	22170	22187	28730	31017	30317	30882	20512		1226582	1365723	1291609	1278748	1352383	1467056	1693995	1821321	1588994	1230534	
0.9321	0.6793		44273	31864	42093	46085	33579	41328	37018	37513	33026	34269		1393912	1044485	1589804	1492739	1229814	1204049	1333675	1531160	1393682	1200400	
0.1535	0.5907		18615	19903	20607	17873	20237	27049	16755	16908	20123	17503		1482395	1481159	1312601	1397046	1426495	1564680	1314419	1416905	1315103	1336744	
0.9129	0.0504		21078	19824	27845	21439	19424	29199	19431	27072	21184	22488		1427242	1173940	1499062	1479469	1120171	1221181	1303474	1409797	1301991	1137106	
0.2246	0.8871		19485	30516	25906	22165	29993	19494	22316	21621	30435	22930		1099476	1642263	1448235	1246813	1275546	1263277	1374738	1190225	1403346	1366329	
0.5566	0.3161		29115	23430	21535	19878	22100	19903	26495	22882	29763	22624		1220252	1326209	1205401	1288083	1297479	1287542	1545330	1311467	1699649	1248524	
0.9602	0.1398		30902	28680	23576	23946	31518	26221	31908	23380	24548	21442		1832172	1529886	1342438	1418568	1666012	1385619	1700188	1466538	1424214	1239635	
0.1047	0.8973		21602	22183	17885	26490	20081	26561	15857	16516	27303	16946		1439399	1115425	1091492	1525418	1410447	1582480	957567	1065182	1316225	1059433	
0.8914	0.8085		44283	38551	45481	44408	35823	43134	43575	57762	35288	43873		1429406	1499140	1731712	1422077	1444754	1501656	1426098	1444138	1431225	1511490	
0.4294	0.3753		21715	27227	21809	23865	30401	29961	28955	30828	28327	22221		1304671	1403149	1196419	1253036	1308740	1683995	1530829	1389316	1443922	1356999	
0.4977	0.9811		29597	37369	36859	32653	29895	29477	36546	28914	35590	42550		1258972	1518887	1490114	1274642	1270973	1244856	1536943	1147749	1386500	1651235	
0.6578	0.4406		25502	23965	31865	25366	32809	32109	33840	23432	23652	28413		1295178	1168836	1532646	1404545	1367737	1411110	1629024	1317442	1238618	1285810	
0.2596	0.69		23821	30537	20164	29681	29123	22192	19756	17819	29470	24463		1427322	1481557	1380054	1754075	1620963	1375482	1078337	1076915	1522884	1481407	
0.3204	0.7182		34402	28995	28034	23341	19402	21339	23002	19076	21162	29762		1657318	1573796	1542035	1404281	1159737	1067000	1203345	1084943	1352824	1486319	
0.8301	0.4008		33952	35556	29109	26170	25846	37303	31869	27334	25290	32151		1296514	1300061	1290330	1139853	1113119	1395117	1370658	1170199	1186335	1278267	
0.1459	0.6775		19488	16249	22261	18430	18264	20608	21025	16199	18701	19229		1271231	1179668	1319987	1267162	1238778	1335824	1306074	1134392	1302951	1181508	
0.5121	0.2651		18846	23163	29876	27177	28388	18571	18697	19352	28013	18272		1302156	1317244	1456176	1395016	1576133	1114431	1261653	1282164	1413736	1153568	
0.8798	0.1457		22334	25816	29289	21303	31991	20823	23153	20546	20517	21594		1319718	1280501	1624006	1259945	1487933	1219238	1250293	1102058	1175806	1290602	
0.24	0.8558		22213	32953	23262	30100	21583	24974	23363	31732	27282	22626		1309145	1457823	1321966	1515789	1314147	1431414	1357108	1686707	1308373	1341752	
0.6664	0.3684		22435	28590	22043	23517	30184	26106	31414	30104	37111	24054		1171021	1339845	1154266	1175416	1495681	1365138	1514065	1542588	1427767	1176618	
0.375	0.2023		15919	18318	16033	15789	18843	16684	21874	16860	17106	25786		1351656	1291979	1143614	1193578	1313037	1362717	1334885	1376201	1383551	1548398	
0.8083	0.64		34009	32333	40454	32372	32452	29840	33722	38580	32242	36066		1512446	1304307	1653750	1338305	1205087	1244098	1359735	1511175	1259864	1441653	
0.1574	0.9086		21647	19035	19960	19683	29669	24851	17202	19339	17733	17860		1342372	1154514	1210934	1332681	1279296	1353930	1052573	1171004	1163363	1068575	
0.0826	0.3566		13421	28255	21743	12962	13046	13144	13860	15818	15186	13490		1319778	1260393	1467509	1158086	1105245	1347307	1186627	1156842	1209084	1104147	
0.8708	0.5085		37467	36157	33212	38463	33569	29157	37270	38436	29064	28487		1477216	1418195	1148203	1222476	1381768	1197944	1517159	1469415	1404633	1261727	
0.4896	0.6187		22520	36945	33132	37449	31785	32909	31438	21238	29525	30224		1155411	1363042	1525159	1472815	1255407	1655179	1522512	1271131	1489660	1447910	
0.4276	0.9657		29143	30934	24887	27214	30410	36364	34815	25546	24323	36349		1333358	1398269	1159923	1209824	1384357	1611977	1387220	1156334	1243086	1568743	
0.8062	0.9793		35817	41963	37885	38162	44538	33250	30080	44000	41651	42040		1084356	1240394	1244059	1341001	1315194	1005923	1041903	1353344	1385049	1198116	
0.7189	0.4711		33195	22709	28169	33348	26842	25860	26516	27938	35188	38361		1402303	1076152	1283552	1493727	1386367	1376311	1376628	1421530	1812620	1584815	
0.5663	0.7343		36881	31850	28403	26122	44947	36625	26960	29207	34114	26473		1502955	1304247	1318869	1357720	1537374	1491923	1306962	1273299	1478353	1322061	
0.9903	0.9636		48861	39675	40326	42327	40574	43837	48286	40829	38189	50555		1529731	1410521	1228276	1301773	1281567	1267072	1344294	1243199	1082476	1401199	
0.0799	0.9783		26224	26040	26247	26107	16423	29075	16790	17920	17381	26263		1545854	1493968	1654578	1700937	1145856	1282058	1187762	1381913	1245430	1498367	
0.5076	0.2345		27392	20287	27320	33890	23462	27937	19352	20668	24078	27463		1697626	1287814	1429453	1582609	1330016	1637463	1266372	1135450	1310783	1605809	
0.4168	0.076		22054	16002	13445	21777	21993	21969	16726	15174	22206	22165		1493272	1276523	1081414	1222434	1636854	1430709	1339784	1287968	1593164	1364782	
0.4164	0.2025		16952	17651	14717	30895	26109	22219	21418	13585	15629	25470		1253712	1255506	1222524	1652117	1736603	1732599	1545728	1077561	1228476	1558085	
0.6927	0.1145		18203	24969	27151	18840	27673	23486	18007	20469	24820	15875		1107676	1307565	1410919	1322599	1659612	1415445	1281262	1310892	1201683	1066155	
0.1387	0.5823		21061	16582	17016	15797	16445	20797	18818	18918	16212	17374		1281167	1231471	1121933	997906	1226097	1302312	1255233	1256787	1169921	1227533	
0.9022	0.073		21744	20253	23288	26650	28350	28034	19558	21674	21275	23330		1217205	1173808	1354493	1248618	1364704	1339830	1296685	1232181	1186379	1271134	
0.9077	0.6072		35719	30330	29292	30584	31313	29232	31493	31642	33945	29645		1177439	1149956	1144352	1264089	1202265	1217681	1467293	1265526	1303930	1127114	
0.2922	0.8691		26193	22369	34207	37073	23748	33576	33332	30497	27265	30738		1322391	1131366	1483229	1594936	1407371	1486977	1531352	1607961	1334333	1666754	
0.4245	0.3334		33091	18441	18968	27898	18602	18834	18353	27335	21286	16501		1428338	1242055	1201886	1678825	1271807	1168557	1164396	1549671	1242574	1189247	
0.5721	0.5735		25994	22643	25012	48939	24105	25862	32569	34489	22251	26029		1124656	1075135	1243688	1388518	1100504	1289004	1601546	1594135	1063156	1264308	
0.3165	0.3946		15813	22565	28126	30591	18831	18363	17128	16693	18420	18112		1111568	1412105	1403350	1624241	1290265	1348211	1215631	1127702	1300822	1226294	
0.8071	0.2437		25782	34604	33637	24165	20066	28159	31761	31162	26904	23903		1144577	1309174	1458280	1294475	1174016	1292609	1633650	1308128	1320876	1212130	
0.7046	0.988		41475	41020	35640	39174	33789	43023	35239	33779	32864	33962		1491525	1563848	1254042	1433944	1433997	1559155	1368524	1158464	1098018	1255345	
0.6518	0.7006		30703	30246	41266	31324	27771	30372	36932	27526	30909	29231		1587862	1378952	1547663	1347259	1288147	1294533	1545688	1056879	1393650	1237905	
0.1377	0.9169		26972	25871	26026	20621	23403	29356	27136	27491	31242	18798		1779974	1581527	1663802	1295151	1198281	1449044	1504272	1726122	1495674	1153862	
0.7138	0.8844		33959	31904	33142	40084	31231	35341	31102	29039	31276	34990		1198755	1333671	1180162	1364493	1273972	1208809	1174178	1108357	1287725	1434441	
0.5936	0.0669		18047	18447	23688	15283	21901	18346	23871	26119	16929	23964		1141179	1171007	1477694	1059855	1283439	1178033	1215726	1375561	1221341	1398885	
0.4514	0.2732		17497	25162	19537	29167	19037	23216	18388	17163	27097	20642		1143371	1533848	1317107	1288066	1212764	1488379	1442416	1041083	1134042	1395164	
0.2458	0.4553		18110	15661	26056	19181	25874	19269	18764	24477	26260	24716		1257965	1140107	1533268	1294083	1633557	1428094	1489454	1425927	1654743	1675989	
0.5046	0.5442		35835	34265	24682	30020	22382	20643	33190	22961	24020	25105		1284824	1171475	1243928	1397800	1289803	1168972	1488161	1302246	1379983	1320684	
0.7983	0.398		34216	25821	25040	23087	35172	25493	30830	27912	32714	34693		1511649	1583319	1292581	1379788	1673297	1401379	1350571	1272149	1405989	1535763	
0.5019	0.1924		22068	17604	22407	15167	22821	17939	28169	19821	17153	23549		1344197	1217098	1329191	1089199	1443341	1260625	1388185	1237024	1349516	1534291	
0.4029	0.2367		18593	21496	29527	27337	26029	26227	26207	17294	14711	19351		1425501	1516972	1698304	1307659	1550804	1409940	1503781	1226631	1066336	1386257	
0.554	0.0557		21355	16021	15216	15351	15925	20289	16601	16350	24640	21469		1486418	1327084	1280613	1166020	1201337	1508394	1233023	1306137	1685357	1235755	
0.1478	0.937		27952	27697	27290	22473	21543	16943	24292	26591	20559	18047		1653869	1404840	1191531	1238904	1246951	1057743	1373715	1343820	1252572	1142135	
0.637	0.1269		17105	17719	24978	16683	15184	26135	17518	19161	25550	23506		1185016	1142749	1215928	1118511	1143816	1389353	1248555	1205620	1399374	1197054	
0.4732	0.7215		30500	26786	33149	24955	26229	32432	25173	26054	25244	25745		1376197	1253707	1370102	1096911	1196165	1474650	1141676	1360183	1300539	1292304	
0.2845	0.1169		13810	16632	12524	16346	16654	14355	20609	16666	14233	17811		1308512	1382724	1124235	1234967	1374696	1335793	1463894	1296487	1259020	1253280	
0.1674	0.4081		14550	24262	15846	17702	19262	22553	18657	18620	20594	22414		1191647	1429871	1267520	1388102	1326786	1469004	1255670	1297828	1271999	1378069	
0.8359	0.7959		41278	46473	45457	44605	39701	33833	35873	33973	38761	43924		1393419	1500928	1564748	1811141	1327250	1240575	1341373	1371628	1545854	1786749	
0.3939	0.3091		15626	17635	21274	25349	21068	23027	21076	16463	20280	26749		1094961	1184223	1348811	1414698	1415365	1284104	1346573	1032840	1278416	1507664	
0.3037	0.4989		27703	20879	16725	16477	22781	27504	25056	16698	18884	25919		1528303	1343642	1053553	1061075	1440959	1509112	1579849	1318233	1288099	1576791	
0.1725	0.7324		28430	20796	17283	16102	20726	20349	16125	20460	21060	18998		1735545	1372454	1133190	1012885	1286232	1364887	1198162	1125002	1333201	1369604	
0.7111	0.7208		36694	29607	30100	36775	38743	39274	29905	28633	30227	28551		1456698	1289396	1194521	1480486	1725527	1545109	1186202	1070158	1403251	1222139	
0.2235	0.2973		17524	13177	20743	16326	16337	24667	15948	24428	24416	16073		1271545	1110234	1512733	1310324	1356880	1591728	1517572	1579379	1623002	1264563	
0.6237	0.8083		36794	28263	27973	36373	30503	27741	34363	36940	30926	30642		1456018	1362249	1308095	1586013	1351492	1348042	1447454	1617749	1413947	1446277	
0.791	0.2491		28848	31886	31204	29830	26688	23472	24501	21018	26450	29905		1354174	1564969	1503793	1744815	1547706	1392034	1360079	1204596	1300800	1406149	
0.4517	0.5884		25293	32561	31727	26113	24124	45007	23013	29449	37480	25143		1289821	1651314	1466545	1404895	1341190	1358768	1360626	1577747	1562098	1440988	
0.6238	0.8452		28787	28255	31462	27829	32247	29963	48892	34195	38671	39914		1213104	1114731	1289434	1150790	1416637	1325366	1249526	1443879	1465202	1486000	
0.8867	0.4936		27641	28873	35602	30123	57658	28417	29579	33969	27450	35972		1316150	1276565	1537837	1308776	1579083	1457300	1297616	1335330	1328779	1436101	
0.2476	0.5364		23907	19587	19568	18544	18122	18281	25049	19885	20087	19511		1263505	1383853	1222319	1156569	1254401	1288123	1418389	1290706	1342483	1219958	
0.9414	0.1918		30875	21779	25905	21934	38959	25348	23025	32204	25071	34193		1547334	1290790	1290750	1452861	1557486	1354978	1299669	1465109	1398123	1607761	
0.9294	0.8457		46495	40743	40114	46337	38871	38040	36867	47358	38695	34910		1351122	1409920	1254945	1564367	1302020	1228560	1165303	1455131	1241155	1147526	
0.6444	0.2794		26628	22293	21097	23891	29186	22244	20798	20579	22438	26943		1466232	1372364	1385208	1298887	1764570	1337985	1246918	1202644	1364272	1412414	
0.7177	0.6498		30093	28657	30671	30510	31654	32925	31185	37129	43526	28987		1232281	1136090	1202731	1138400	1322597	1361035	1220078	1407585	1565186	1227289	
0.1269	0.4356		12991	12796	14370	20711	16179	14683	16280	16746	16559	21292		1278778	1089170	1327937	1253747	1250738	1397733	1294526	1164980	1220719	1307665	
0.1258	0.7299		21301	16492	21571	14646	25723	25174	16669	18794	19150	25401		1334282	1328317	1286052	1125948	1498394	1721923	1378576	1280406	1336155	1586428	
0.5781	0.5293		25553	32916	24584	27710	32495	27575	23106	24517	26843	24836		1230996	1282662	1349310	1221420	1500915	1343517	1305558	1361142	1455888	1301002	
0.5333	0.8806		28622	30586	37630	36088	35919	28082	25638	29354	29843	37749		1346232	1364863	1396016	1697466	1501295	1288137	1043237	1186923	1447975	1699344	
0.6493	0.3216		31476	30400	21901	24365	30998	26637	19314	19512	21042	21688		1675331	1488507	1220420	1296450	1532625	1402848	1081565	1085186	1038146	1263680	
0.9884	0.9993		39693	43930	48773	40272	48837	48908	61648	39500	40653	39721		1362994	1574698	1498788	1138512	1471053	1563861	1728408	1419490	1304598	1267530	
0.4861	0.4815		23187	29282	20670	21133	18742	28849	21463	21591	21161	21558		1401988	1517265	1455488	1254480	983844	1355656	1197518	1394774	1282851	1281782	
0.4338	0.9916		41228	36646	36779	27743	36400	30751	31831	27833	26442	25663		1633713	1407888	1351775	1269498	1450264	1282508	1241392	1186534	1185841	1309112	
0.1785	0.3276		12557	14764	12941	13834	15152	15228	23685	14851	17583	15847		1057209	1109235	1101543	1186411	1232589	1348184	1613663	1225233	1259512	1373949	
0.9634	0.6871		35719	36516	48752	40679	32511	44998	46885	35854	42237	33568		1490486	1287641	1331746	1220836	1196552	1595507	1497310	1403539	1629679	1443824	
0.7306	0.3429		25078	27100	21201	24267	30222	33441	36674	25430	22106	32705		1273204	1385864	1036555	1396850	1586499	1576354	1667661	1517875	1238125	1621061	
0.2135	0.7999		28820	22123	20106	25003	20939	22027	26812	21492	19350	20020		1680172	1388738	1366992	1406563	1417322	1441462	1510034	1377661	1329527	1334462	
0.546	0.8803		31501	28979	27993	32035	27530	29007	32106	29917	29385	27286		1345975	1264007	1381200	1430747	1329854	1240386	1362199	1322489	1284196	1184471	
0.0852	0.4255		11449	17142	23271	21598	16343	22214	14070	14261	22884	22229		1073880	1325559	1438233	1335243	1283038	1544615	1231143	1239417	1338686	1470351	
0.8359	0.4877		34408	27420	31007	44261	33169	38022	42116	24997	46385	35799		1374331	1324262	1434909	1781236	1430682	1754025	1596256	1129707	1436938	1693222	
0.6849	0.6014		43694	37176	32051	30311	36767	27739	28030	32934	27952	29942		1504010	1749988	1374095	1482930	1615132	1383090	1481917	1404343	1348891	1412844	
0.8425	0.1007		22320	20771	29072	21986	24401	19093	23585	17414	22505	23493		1323224	1387586	1515432	1362501	1279939	1140135	1359166	1095879	1251439	1223987	
0.4142	0.0626		14648	14547	22619	15203	15819	17383	16389	15849	14119	19516		1038548	1499039	1453299	1165451	1331824	1436137	1386024	1257115	1259654	1362307	
0.0807	0.9756		20097	22237	24682	17361	15556	20965	19361	18774	24479	19671		1255252	1137492	1514422	1181530	963948	1174996	1299234	1289601	1539345	1203890	
0.2303	0.5008		28955	21954	18667	24117	17703	19157	15408	15577	17494	21995		1571989	1417019	1248993	1321558	1153332	1362293	1146510	1125929	1273064	1342589	
0.5571	0.127		17280	26794	25727	24058	27785	17286	14361	15813	15822	18554		1260241	1363219	1657865	1467419	1344456	1180045	1073806	1192227	1085993	1329694	
0.4713	0.2615		24854	18233	18353	22798	18139	18540	25072	18394	19611	22831		1486189	1221929	1302351	1323646	1215007	1217087	1226204	1122671	1154123	1291470	
0.6186	0.4385		23405	28432	22296	31066	22167	29309	24362	24310	22684	25697		1342378	1216996	1246556	1343256	1147752	1259883	1212409	1230021	1025248	1282792	
0.158	0.251		15291	12945	13707	13425	18349	15905	11642	13968	21661	15270		1212079	1020732	1261088	1236547	1265496	1270238	981852	1268564	1487683	1286959	
0.2867	0.8943		22565	23017	24921	31329	21639	23950	25741	22314	21543	30001		1361910	1329076	1298291	1436666	1468991	1261715	1334465	1242877	1284696	1324473	
0.7094	0.9059		42294	40417	39823	41247	31475	33454	35757	35912	41491	42129		1516235	1650197	1555639	1541724	1282725	1301265	1407569	1272253	1440464	1520625	
0.6008	0.9914		39506	31090	37096	39416	32602	31448	31325	30708	32608	40377		1451064	1190697	1389339	1384054	1310654	1250695	1293285	1323829	1257160	1562118	
0.7581	0.4025		29739	22806	25783	38865	22363	26978	22784	42830	26121	26878		1323485	1202946	1458416	1523948	1383467	1338785	1078497	1728129	1310434	1286401	
0.6259	0.8579		29583	35364	29214	34961	29159	30882	40758	33453	30179	36153		1171286	1276670	1204489	1275337	1082429	1232163	1364639	1316233	1022548	1333993	
0.2084	0.791		21257	19130	28729	17494	19719	21409	24402	21624	28696	19978		1460838	1101366	1386601	1132510	1287180	1361703	1363678	1342776	1669799	1279703	
0.4835	0.5486		21048	31971	21221	32300	25841	25504	30217	29852	23767	21046		1019173	1220724	1237301	1516348	1289578	1441132	1635429	1703496	1195514	1078729	
0.3564	0.7492		20226	35011	22804	20062	25569	22219	35807	37513	24586	27888		1183926	1757413	1321541	1017019	1293050	1243890	1371738	1538700	1277270	1310863	
0.2425	0.6614		19548	19595	26421	25232	22525	24474	19934	29645	19319	25168		1244402	1325168	1263105	1397592	1282108	1297236	1271794	1619777	1330767	1494785	
0.2179	0.5004		16814	14662	19073	17196	20413	19531	27851	24518	20252	18650		1178879	1020514	1208656	1200767	1268804	1206034	1337682	1318935	1181997	1243896	
0.2409	0.6296		22990	20284	22335	25082	26454	32474	26609	20095	23977	24787		1456185	1283518	1386276	1443969	1453141	1353064	1530662	1541063	1451379	1445476	
0.68	0.4336		23213	27314	27006	29122	33186	22281	23665	32176	33676	29277		1220034	1465564	1322167	1282567	1465957	1293639	1296768	1508185	1430306	1185109	
0.1299	0.8893		23249	29161	18139	26392	26552	27200	27126	22449	26877	19183		1326923	1486844	1144841	1510147	1503906	1496387	1554435	1370090	1703453	1201190	
0.7174	0.5371		26082	39955	26738	26474	23663	27037	27420	40169	25585	34766		1313042	1706340	1420025	1276583	1221937	1311849	1332111	1195329	1245483	1577029	
0.5695	0.272		19913	22916	20143	26998	27577	22237	22145	22056	19714	29219		1242980	1305660	1182219	1535463	1454470	1506378	1253122	1447884	1388150	1759561	
0.5365	0.1665		24750	15870	16351	24684	21117	18418	26621	29637	27024	27457		1522789	1032779	1299026	1396684	1432592	1259441	1413474	1456228	1403548	1521700	
0.7047	0.5584		35040	34141	26929	26229	25874	23886	33626	33314	36867	24605		1279697	1471387	1343674	1188987	1228727	1228063	1426520	1470839	1575081	1049474	
0.6272	0.3335		30967	30619	26634	30802	21480	22341	32104	35322	22014	21961		1400219	1563473	1203039	1467160	1478050	1255909	1270215	1344030	1278198	1445537	
0.8883	0.1866		24177	24389	20708	34103	22362	21985	33075	29675	24418	32281		1371167	1427126	1227027	1568363	1368437	1277237	1566311	1450506	1358084	1560924	
0.3098	0.9252		24605	33432	30423	24424	31500	31574	30746	31712	23623	29078		1191513	1291797	1604535	1455633	1545025	1374742	1418943	1706156	1413141	1636660	
0.8905	0.3864		25893	35362	40218	29700	33697	33577	26874	27486	28225	38256		1393258	1491736	1727258	1596395	1299088	1469315	1176084	1341761	1253591	1353782	
0.5639	0.545		26578	22574	23724	23708	34898	32939	24551	28289	30872	21888		1433111	1064065	1316690	1153505	1470079	1382207	1298911	1315017	1412597	1133733	
0.5827	0.7603		33535	41598	36470	27261	37259	36873	27304	34499	27487	35296		1584439	1442026	1353144	1282810	1473801	1525181	1346948	1432961	1294708	1576619	
0.0906	0.5078		13869	14592	17177	19789	31417	26211	16432	14260	21547	21667		1207779	1098151	1255069	1287442	1466283	1479746	1367498	1223774	1519372	1308291	
0.3502	0.123		19189	25644	15724	16558	14413	15829	23256	16864	15107	22878		1432994	1540496	1238503	1176776	1068338	1090872	1291627	1424775	1295355	1589216	
0.3136	0.1262		15032	16172	14118	17524	14475	14468	24907	16037	13613	11714		1300028	1358330	1378296	1401284	1391127	1233551	1485114	1358507	1186778	1378370	
0.33	0.8491		23343	32293	30002	24477	31561	25743	33126	22902	31473	25178		1252765	1597020	1322118	1306489	1426893	1489726	1370628	1284079	1474317	1381778	
0.792	0.7163		31216	29674	40615	34770	29966	31994	27021	31993	30408	30130		1291452	1406397	1577336	1301138	1200736	1300008	1032465	1268224	1272096	1310225	
0.2258	0.4797		24378	22557	17690	24807	22450	24280	24768	15186	14991	17670		1369838	1540990	1234669	1566036	1335565	1531299	1592576	984384	1123053	1261168	
0.3095	0.4095		20883	18052	28897	26669	16168	18196	26886	17469	15957	20640		1357811	1238574	1359308	1491301	1165520	1482451	1690008	1294580	1240285	1396928	
0.2578	0.4458		29277	16431	17256	24170	16149	23679	17480	20299	17116	21130		1537027	1318109	1142776	1421684	1212322	1155937	1227866	1330902	1288692	1264370	
0.3938	0.7184		20170	34053	30449	23003	23365	26748	20882	25087	22019	29919		1216132	1395462	1183476	1168398	1193257	1093961	1097065	1309282	1379503	1556129	
0.3508	0.9481		33541	32000	25936	24868	28984	32092	30456	22189	24112	23949		1338087	1670674	1499599	1320125	1285042	1568774	1254886	1137870	1143831	1173097	
0.819	0.1693		26012	22711	23763	22461	21762	23057	29080	22816	29055	21585		1401648	1235608	1185260	1260601	1449931	1326315	1404016	1193859	1230723	1180328	
0.1175	0.7079		20218	17491	24912	25025	18768	18772	25398	24412	24745	16666		1393708	1378250	1736430	1744204	1359932	1297707	1528830	1751620	1533736	1315106	
0.4278	0.1927		22608	22447	19734	18270	15105	17071	14778	18909	25910	21927		1602603	1501221	1319057	1240415	1094574	1097684	985420	1137951	1263167	1251933	
0.7969	0.3482		33698	26781	26321	26293	22347	27436	30879	27029	27026	32217		1678359	1368660	1340184	1317339	1075679	1055574	1328574	1429797	1364522	1600231	
0.7063	0.4701		26081	26067	27161	34230	34489	38174	27742	30398	24871	29440		1232983	1209962	1417812	1399576	1623179	1370803	1302285	1433314	1267607	1154832	
0.4925	0.4764		20327	22722	22763	32294	29101	21744	29149	29220	21697	29162		1171088	1205385	1131237	1273692	1447898	1226114	1368664	1514078	1186431	1384337	
0.8057	0.5174		26868	26958	29171	27161	26370	44068	35794	33319	28505	34147		1323097	1206540	1247816	1321670	1414518	1491916	1640218	1653781	1311863	1453465	
0.2551	0.0769		18032	15480	17435	17552	11890	12778	11050	21580	13005	15093		1278403	1347927	1537070	1325230	1332348	1214416	1129493	1461842	1163900	1330853	
0.6516	0.3266		31171	27606	23901	22447	29230	21781	22166	26053	28580	32018		1573957	1237895	1392628	1330448	1498646	1210107	1295220	1462738	1468440	1390299	
0.7514	0.5037		34259	35851	28414	34349	25904	26087	39689	27320	35784	27010		1524400	1739201	1322766	1290853	1265203	1273229	1283688	1368053	1268583	1186141	
0.4595	0.6186		32867	30091	23179	28511	34010	23535	30829	37902	26559	23600		1261449	1342434	1166897	1428349	1320063	1199572	1658114	1638431	1453562	1153080	
0.2392	0.7354		20302	17506	19515	27145	28622	26185	27221	25123	19993	20368		1199613	1034398	1140124	1265862	1221449	1437819	1232494	1448766	1220044	1193697	
0.7141	0.5163		27059	30987	39465	25581	27420	26158	34389	25302	36019	29642		1266197	1420401	1286358	1299823	1224491	1176172	1242011	1183253	1351864	1230935	
0.7524	0.5426		35456	34033	32733	39174	25130	24485	35181	32542	37606	39172		1521378	1472797	1604044	1459100	1325045	1117757	1683521	1241960	1250030	1511821	
0.1315	0.7414		17826	17185	17058	17389	19927	23559	25242	17634	22274	19403		1228184	1244834	1260993	1065959	1249887	1393447	1701989	1313295	1467062	1343082	
0.5745	0.6778		28059	28146	26751	27462	32498	28350	33118	35064	26613	38567		1339319	1277887	1279551	1365665	1623833	1428000	1436798	1449854	1251074	1468849	
0.9204	0.2056		24408	25475	31418	23384	27935	37928	24712	22830	32168	31072		1265600	1275170	1549680	1561335	1418771	1574017	1338445	1247299	1357899	1324513	
0.2069	0.9824		22280	21317	20555	34238	23350	21884	29195	22728	32712	34486		1195929	1220486	1221597	1493914	1229345	1163321	1538597	1382084	1221822	1222567	
0.8555	0.2661		31715	22648	23134	25366	23986	26179	22440	26067	22121	21854		1550927	1100590	1179046	1259811	1378938	1233951	1274186	1221545	1084151	1144645	
0.6303	0.5496		22337	27399	33731	29846	25594	23071	24826	29547	35017	26999		875825	1214291	1308836	1200984	1209847	1071736	1069143	1277951	1579274	1203401	
0.2379	0.4011		26859	23511	17862	15951	34604	16358	23742	21773	23742	16196		1525718	1518995	1263031	1183344	1612164	1134035	1461629	1217307	1589957	1302478	
0.5173	0.5244		22753	23042	36332	32004	28752	23737	37493	22957	27187	27635		1290392	1167810	1304921	1692500	1341139	1213710	1416877	1210087	1356581	1158916	
0.2577	0.3447		16402	15917	21260	18860	28549	18857	19127	19082	28505	22007		1134356	1131273	1362646	1370720	1758613	1347866	1353187	1527473	1518254	1269688	
0.3928	0.8173		23117	27239	26345	24199	24672	26332	22085	37407	34899	23685		1441241	1455725	1396165	1232584	1348426	1419031	1149291	1695890	1615088	1296813	
0.8292	0.2028		23977	23652	22791	23212	35076	23299	23035	21342	21095	20754		1354518	1262566	1195405	1284137	1387987	1358564	1252176	1277416	1532277	1057750	
0.3509	0.3195		19996	17229	17334	19556	17779	17219	16861	17416	18515	24668		1448854	1332360	1291263	1362433	1243733	1271608	1283940	1303690	1345158	1627215	
0.7103	0.1039		19173	17385	22604	17909	17399	20136	30789	20147	30931	25114		1198496	1308354	1333968	1212367	1189985	1346281	1733978	1208996	1550899	1417582	
0.484	0.5307		25344	33733	22029	30167	22062	29809	23440	22228	25347	21760		1423024	1483086	1209332	1604190	1257731	1618075	1243115	1052563	1213537	1257837	
0.5006	0.402		19164	22083	24407	19329	32947	22072	22254	23027	28256	22804		1356765	1408056	1376178	1290416	1475870	1367978	1296331	1363974	1473750	1410054	
0.8056	0.9461		36377	50413	35393	36311	33213	38664	38906	38156	36135	38118		1320703	1538402	1365070	1296284	1126217	1345923	1410058	1435074	1376189	1442155	
0.5461	0.5225		25731	24534	24870	24953	23866	21180	22088	21717	36501	32662		1455951	1475139	1340362	1444744	1286495	1110101	1341223	1253662	1770723	1690313	
0.3255	0.6135		27863	18034	27881	19930	28441	21752	22966	19775	25336	23189		1498775	1067998	1472238	1260105	1695093	1359865	1429422	1488865	1451129	1418671	
0.1155	0.43		24241	14737	14045	14797	18352	16740	14675	20783	18538	16261		1618517	1364024	1314757	1306394	1408541	1429587	1257246	1335642	1263659	1309594	
0.4875	0.6037		33084	35011	32821	33051	32637	23591	27251	32981	27261	22532		1411961	1632729	1389734	1570031	1242961	1144179	1532055	1579366	1226409	1354948	
0.1329	0.104		12543	14294	17895	13683	17754	18071	11254	11048	11987	12490		1198751	1368332	1523849	1344756	1514135	1519884	1346760	1199133	1259545	1287360	
0.7067	0.8382		33184	26922	25996	39340	40349	41424	31242	34590	31740	31214		1243983	947010	827009	1390862	1524947	1471870	1261966	1360996	1303276	1396992	
0.1412	0.4487		13084	19341	15108	16911	17530	17083	12450	14337	26645	15865		1144653	1385906	1315565	1244010	1290126	1334299	1005485	1015527	1569006	1317377	
0.2945	0.376		19341	27915	26149	21652	20598	21442	26322	17441	18090	26166		1216957	1584294	1572819	1642555	1395731	1394256	1541145	1446983	1496163	1635103	
0.9413	0.6819		42073	38372	42471	36485	30323	42331	33658	42384	33048	31919		1421876	1379853	1449272	1335821	1138595	1367520	1227922	1360381	1223051	1090240	
0.3606	0.8866		28948	22006	22988	25392	31637	31570	32503	31967	27955	27295		1277097	1217287	1214091	1280397	1482534	1724171	1650724	1615520	1354354	1435263	
0.1949	0.8137		30083	19811	24667	25922	26937	20003	20658	26239	19608	22763		1509212	1193205	1219328	1439558	1478748	1316273	1315803	1358121	1301993	1425374	
0.3209	0.6405		23479	20248	20943	26464	30395	24071	22065	22799	23961	22344		1313360	1231615	1311407	1302430	1530765	1450385	1165351	1320057	1407373	1423916	
0.8114	0.2833		21684	25838	23471	21014	25041	30346	26169	28776	36430	23535		1050390	1334277	1077656	986413	1289520	1405449	1419139	1357426	1621165	1266492	
0.5304	0.6665		26052	28176	25318	44411	26182	26738	23960	43248	34450	25728		1473730	1431264	1526412	1615672	1290728	1333019	1307422	1478831	1482107	1443862	
0.5622	0.4113		22124	23192	21160	29550	20012	20828	23570	19644	21033	21171		1260466	1184737	1218264	1477858	1144127	1183395	1232463	1253132	1193788	1159672	
0.5356	0.479		22403	30113	31672	22726	33527	31501	27237	22622	21425	29405		1266756	1406511	1421587	1281087	1486940	1553694	1338335	1204554	1165362	1419332	
0.9975	0.1398		31927	24572	30673	26019	30301	23929	30466	22478	40334	27505		1510597	1324138	1517787	1380658	1444000	1261168	1453908	1317382	1582193	1332970	
0.8978	0.6238		33371	34491	33890	32896	32227	30157	37373	40642	32946	32993		1517865	1173803	1288771	1169794	1254031	1182977	1380900	1445965	1438094	1294945	
0.3642	0.1476		15104	16660	23738	12694	25393	15205	25761	22579	14920	17446		1153918	1234275	1425064	1336827	1647272	1296073	1581064	1414279	1250722	1322720	
0.9467	0.5048		34653	26502	29244	42396	27601	27403	30475	32142	27780	36055		1297251	1063729	1096930	1162497	1077162	1268217	1280545	1287137	1337917	1134159	
0.0916	0.1951		11527	14805	17838	21198	14572	14177	20275	12242	18664	11999		1283179	1195658	1171647	1479153	1266314	1260015	1433202	1362614	1419716	1195961	
0.1524	0.8528		27096	20775	26942	16258	21128	25162	25437	23014	18724	23449		1603021	1350608	1425652	1368043	1326044	1443907	1627934	1441764	1328613	1477177	
0.1975	0.4095		16315	18427	19502	26077	27118	18076	24749	30162	25076	17248		1116995	1253710	1273824	1427417	1372183	1305188	1486475	1520739	1466193	1363026	
0.7128	0.8899		40525	40468	44037	31520	35290	39875	44698	32385	42363	33624		1418874	1588465	1440104	1319581	1314096	1336122	1653635	1269714	1431608	1464165	
0.553	0.7963		29648	27233	27621	29428	34308	29491	31481	28613	25001	33411		1293959	1207970	1251601	1255689	1439655	1279944	1399200	1153228	1023816	1347509	
0.0966	0.6364		23017	23070	15891	15413	24045	16398	16908	17637	17393	17834		1382780	1601401	1241716	1130799	1261615	1249869	1223335	1241554	1324233	1195939	
0.3303	0.516		20553	18907	17268	19489	17149	19584	17480	17590	18193	27173		1168482	1096014	1043632	1097301	1051324	1238688	1037800	1168551	1123605	1436062	
0.5915	0.7975		33270	30133	32251	27061	37707	29332	41502	26104	29695	37050		1292545	1296402	1371104	1225210	1669371	1314065	1205358	1124560	1308091	1511470	
0.2984	0.8163		23795	30928	33509	22384	22436	23212	30949	25527	30998	31036		1180854	1552226	1558910	1193366	1307632	1300681	1407895	1246217	1433434	1468972	
0.768	0.2606		25300	19884	22209	27508	22504	29634	30240	34666	29706	22095		1294606	976559	1230948	1270750	1170701	1351738	1229723	1509474	1668696	1348153	
0.446	0.146		17140	22972	13500	22804	15250	15546	19172	23299	15480	21500		1277856	1447153	1236690	1570295	1252646	1183259	1449098	1509858	1199074	1577488	
0.2247	0.094		13841	13330	10789	14775	15264	11431	21937	13315	20139	21726		1309170	1203510	1019382	1263366	1236261	1192892	1455439	1258251	1425031	1541095	
0.1612	0.5776		30903	17188	25835	21316	18423	16475	16497	18388	17368	18713		1320487	1080981	1733236	1429931	1213035	1215851	1189076	1173744	1246974	1271595	
0.4198	0.6195		22693	23494	38788	32189	31732	29046	20091	26246	22764	23346		1227368	1427685	1365170	1640580	1513456	1183704	1123561	1302452	1240451	1292293	
0.5189	0.7845		28645	35223	28379	25260	26467	25305	34022	26852	29415	23650		1277084	1501368	1256325	1150292	1274425	1342887	1609498	1240883	1205761	1137910	
0.7543	0.4793		43757	35725	28147	36666	30800	42695	28179	31271	35365	27831		1375072	1509867	1554950	1593338	1470981	1489640	1321485	1374628	1792460	1283521	
0.2891	0.8611		21945	21822	24898	25563	25579	21861	21775	29795	20947	31912		1183116	1246490	1252307	1360920	1273804	1199138	1343228	1548043	1144455	1505967	
0.4423	0.1103		15690	16006	16007	15420	19846	24392	17461	18405	13423	17563		1168819	1206873	1213630	1158840	1414513	1455684	1327327	1381259	1274637	1240249	
0.9282	0.5872		32574	40937	35948	30606	35090	31482	32802	38296	40165	31451		1330881	1542731	1396267	1118585	1308259	1134399	1212463	1288786	1296291	1332436	
0.7991	0.903		38791	45200	38588	37251	42446	45138	47140	35970	39711	36622		1210349	1560738	1221464	1230728	1319115	1451516	1382167	1262321	1336396	1300653	
0.6465	0.5828		41259	42433	34127	38028	27349	34061	29554	25580	25723	29511		1327922	1345214	1443444	1460475	1190551	1419813	1332919	1228035	1061159	1367155	
0.3846	0.781		30256	31445	32188	27799	32283	32797	32354	22598	24930	28609		1467988	1478810	1521983	1428906	1563373	1655566	1456383	1245150	1504519	1401974	
0.5386	0.8334		41098	35460	29053	30078	26727	32235	24599	28478	36344	24955		1272289	1366920	1209978	1120097	1171617	1156082	1028300	1222500	1303069	939259	
0.663	0.4525		27963	35170	25713	34272	25358	22709	24096	24582	24341	33534		1200816	1510750	1354521	1382250	1340352	1298068	1175464	1452700	1459078	1575154	
0.1546	0.3125		16669	14200	19007	21328	21143	15189	14078	20524	20640	15338		1365210	1250883	1294435	1454952	1429546	1237658	1206078	1517105	1537745	1312813	
0.1229	0.9994		28015	24263	16449	16293	17179	18280	22178	20143	25985	18818		1370675	1446677	981907	932202	941377	1189958	1273008	1108433	1467774	1177328	
0.4157	0.6636		22890	28396	34844	27549	23587	22302	30837	29711	32567	27772		1217696	1305670	1226249	1324656	1276215	1258360	1434119	1454817	1483467	1400132	
0.4569	0.689		25757	31290	32455	31371	25188	21923	23426	33410	25993	25743		1259664	1479738	1359404	1371492	1285011	1070201	1027679	1542707	1166276	1482745	
0.2167	0.5975		18684	19387	27640	19454	28907	18209	25340	15856	18851	20001		1359175	1360527	1380952	1313898	1438496	1405512	1326602	988589	1274241	1324784	
0.8016	0.6806		31527	31252	30830	31012	39771	39137	27879	39358	30467	35619		1196783	1238704	1321091	1336869	1576085	1638686	1232484	1510093	1129088	1343010	
0.5624	0.3368		30243	29783	30587	32541	20418	21394	29829	20573	18006	19355		1373323	1447745	1552110	1352476	1052613	1283408	1555806	1238431	1044653	1183303	
0.486	0.1246		18128	15906	17609	19599	17287	23161	17804	13551	19668	16265		1250333	1201055	1214123	1263858	1305623	1507957	1193503	1039202	1055272	1207799	
0.5887	0.4065		31384	27586	19968	28238	21927	27892	31332	26792	24135	31650		1757487	1481033	1111831	1401764	1244345	1286362	1629623	1342712	1415470	1620328	
0.3888	0.3625		27624	19366	19874	25585	23805	19823	17905	19075	20683	18641		1580878	1295465	1258404	1585556	1465889	1199730	1160964	1173555	1256716	1110852	
0.2369	0.5686		21462	19423	20710	17660	24899	18693	18595	27555	32231	27342		1153704	1282050	1318764	1205533	1360234	1227850	1195320	1452807	1560396	1512330	
0.6298	0.5647		25121	26168	29729	28194	28660	27677	32553	25779	24934	26565		1101889	1207209	1185709	1274228	1300533	1352439	1321888	1255627	1163271	1155125	
0.2139	0.9715		26551	22576	27864	30575	23496	29332	30391	23145	24596	23602		1444351	1448041	1579283	1522140	1230229	1490905	1629449	1313637	1285922	1216380	
0.8228	0.8046		30936	34509	32928	36027	35352	42471	39593	30796	33286	42675		1153811	1337660	1341219	1250001	1248913	1335210	1454708	1098084	1096431	1443280	
0.1098	0.6986		20606	24621	15106	15940	13906	14523	24543	17847	23066	16352		1338440	1601098	1063054	1136929	1218691	1243432	1506269	1375706	1600781	1456339	
0.2174	0.1134		15783	12869	12951	14884	14832	19894	16627	13168	20144	14076		1323258	1117280	1148324	1309011	1278328	1387478	1463042	1244832	1415844	1299408	
0.1173	0.6662		17252	26357	18764	23356	25066	23763	18180	17852	17215	18600		1240702	1551533	1138644	1286435	1486961	1424936	1325626	1232770	1194082	1174762	
0.9945	0.7896		34436	41196	37683	44631	44562	37861	44853	35567	44256	36287		1238457	1393960	1313974	1571538	1536697	1248253	1529913	1234591	1343266	1302348	
0.6394	0.2474		21055	26113	23219	27897	26144	21455	24085	20079	20063	17815		1183154	1298537	1276630	1407804	1303791	1255351	1334328	1248911	1121874	979737	
0.4123	0.8658		36992	34773	28009	24849	24967	24608	25369	33965	29915	27317		1219254	1415726	1495792	1182712	1206125	1071699	1256194	1509898	1398522	1192036	
0.9464	0.8914		37717	45141	42959	38371	39685	39382	35768	37829	39885	43357		1265017	1339431	1420239	1445265	1470665	1373869	1112021	1306738	1300417	1281719	
0.2983	0.4959		32938	25791	21002	28928	25490	20144	19974	20258	16698	27349		1458708	1443032	1294749	1130419	1214364	1273046	1216792	1192483	1140618	1459611	
0.7374	0.6653		38922	37718	30200	29343	29938	29747	39121	34643	31481	36365		1425795	1337601	1286168	1339254	1369854	1453064	1574114	1445332	1401557	1342198	
0.832	0.5211		30235	26524	27032	29260	37364	29185	37479	36240	27699	33808		1467431	1173324	1320980	1400829	1578011	1339711	1772844	1615154	1353399	1553101	
0.9235	0.9509		39214	45857	45576	50983	44112	40232	38486	45042	38126	38260		1287962	1455003	1516885	1638889	1383126	1404037	1451420	1423551	1352709	1399039	
0.4614	0.623		30652	33266	24104	33404	25461	28201	25103	31445	32278	26418		1380758	1351482	1214801	1438599	1367228	1325394	1568904	1771078	1449371	1256351	
0.9977	0.5238		29803	33624	30097	40592	32759	40703	31851	40571	31155	30934		1158164	1285421	1316089	1557156	1431021	1592933	1320323	1475449	1542172	1183353	
0.2453	0.4905		20240	19637	19557	18953	19738	24825	24434	17806	25211	25831		1250039	1354088	1392229	1394409	1308282	1325653	1575688	1278433	1389247	1293678	
0.4545	0.1686		19817	21653	16978	18038	17787	16695	29249	26480	19274	17206		1334274	1345966	1227049	1292284	1447318	1419827	1567998	1594114	1394798	1531678	
0.2757	0.9795		27498	22804	30593	33324	32181	24431	23517	23258	30435	30695		1440961	1394565	1459883	1663251	1522707	1398627	1444865	1354886	1592151	1615787	
0.9684	0.4442		30376	27975	31551	29087	31111	28406	39604	28955	35933	32531		1185251	1291116	1270629	1223377	1402307	1279186	1387904	1140168	1334928	1299593	
0.4303	0.3706		28190	28088	27702	25064	20375	18976	16547	20542	18860	16981		1506284	1517132	1680344	1369438	1183206	1321041	1165305	1274030	1165304	1078309	
0.28	0.9743		21377	23076	22251	22966	27236	27455	23042	25737	27716	21114		986275	1004708	1129856	1135729	1275126	1292980	1238407	1232684	1112200	1010727	
0.8754	0.3948		35253	31228	37755	35693	28538	26267	34970	33888	25418	26246		1352857	1326313	1448761	1604516	1315594	1240438	1522363	1349302	1205885	1274019	
0.3963	0.24		19376	24462	23517	20388	14666	18110	24966	22476	17369	14744		1189980	1648295	1470297	1209291	1064132	1210807	1295384	1448383	1353711	1088952	
0.355	0.2071		16247	20626	18776	25183	16244	16396	19113	24311	18237	16384		1199417	1337444	1211071	1657204	1257861	1094447	1299148	1411731	1246780	1283834	
0.1696	0.126		19226	13214	13408	11693	13969	12582	19198	13815	12500	19475		1399747	1339330	1362777	1138831	1290861	1272756	1400541	1291956	1169425	1486770	
0.5215	0.1685		18991	19908	21012	19933	18464	31076	20577	17685	18073	23183		1367212	1170072	1347555	1394406	1177524	1710612	1300896	1245585	1224939	1366993	
0.5553	0.9814		28107	27233	27352	27163	41055	38718	39544	37480	29461	29400		992782	977189	1018696	999127	1411438	1371972	1731495	1370949	1136167	1185144	
0.6785	0.0889		17881	18754	26636	17830	19987	17784	24493	18320	18820	21115		1292158	1267191	1558064	1286143	1202659	1271758	1243634	1280655	1420003	1388523	
0.7776	0.8753		31464	34808	33547	33198	32251	41576	34343	42803	47733	41080		1295706	1374728	1404041	1335928	1184949	1646079	1247281	1607298	1233757	1481440	
0.1239	0.5574		20421	20498	22438	22364	21085	15007	13629	13355	18316	18118		1453010	1428967	1487384	1581715	1614188	1187111	1071891	1221049	1437957	1402831	
0.2823	0.5172		18873	18710	20961	20312	25790	27842	20207	20521	22992	22137		1127163	1260330	1331694	1170188	1240509	1490793	1272732	1275907	1269390	1186428	
0.1147	0.833		17118	18549	18667	17429	24510	24125	17360	17002	22523	16704		1226087	1252069	1248961	1163458	1418281	1524277	1114964	1232555	1425469	1275973	
0.1069	0.325		13175	13464	13397	15673	21697	21495	14367	21121	21008	16559		1151442	1206851	1188898	1210138	1337451	1380990	1272926	1506756	1485776	1613323	
0.2858	0.9899		23678	26043	26289	21412	23410	25124	27341	23240	23512	23664		1326783	1380722	1589892	1176406	1142221	1208695	1415203	1225712	1197154	1223200	
0.6277	0.7513		32019	30640	30065	34176	36663	28563	33269	37345	38814	29117		1214469	1335530	1424335	1301235	1522539	1343560	1521756	1420876	1664777	1267823	
0.9812	0.3753		25604	32204	27097	24903	27465	27093	25113	27197	30314	35174		1114731	1251048	1216312	1282328	1270609	1251192	1163440	1396135	1431522	1417645	
0.4297	0.2086		26421	19679	19545	18784	26289	18876	24888	19286	17380	26788		1481045	1304434	1410913	1307047	1526378	1283825	1516264	1266192	1331871	1373015	
0.8495	0.1356		18403	21480	22783	31296	29140	28278	27254	23710	28473	23302		1191934	1285512	1310429	1426929	1357134	1506524	1420143	1437762	1390039	1289538	
0.3103	0.4737		20572	15858	19348	23080	26023	25185	25724	21635	25685	17989		1036496	1022745	1266317	1502143	1590423	1467674	1398257	1329884	1575762	1162632	
0.2963	0.4934		17913	17216	16926	27174	18813	25951	20571	26736	23130	23463		1081395	1136947	1220092	1439131	1298186	1409164	1131930	1336482	1337469	1354352	
0.8297	0.3621		22735	26999	27569	38902	31355	25112	32624	31213	25917	25049		1248653	1340974	1363952	1488097	1440827	1271730	1503753	1499021	1365252	1353514	
0.6638	0.6659		45707	30672	29488	37868	30833	36295	43028	33154	30214	30439		1437971	1390798	1304678	1633584	1516113	1317533	1345098	1445999	1329197	1502818	
0.9156	0.3957		27343	29246	27625	26207	30681	28111	25260	38747	26463	29175		1137587	1204865	1293886	1212956	1067122	1141867	1107212	1446361	1202848	1209898	
0.2936	0.8165		34116	31731	31326	30803	24301	22821	22014	32527	22144	27697		1615190	1564938	1472249	1447637	1286311	1223372	1226794	1397830	1236585	1193628	
0.5075	0.1082		15489	15675	13898	18009	16577	17818	22018	15739	17639	15933		1298511	1091952	1099193	1262583	1274675	1330308	1413209	1183565	1230633	1349933	
0.2799	0.2983		15680	17485	19641	19114	17474	14302	25315	24800	25368	18529		1108145	1310155	1540776	1423569	1369739	1296887	1648795	1472966	1519641	1452020	
0.279	0.2143		31407	15526	16843	16252	17748	19575	16614	22283	14149	19540		1511376	1231863	1204403	1377230	1431035	1388595	1383904	1573601	1227692	1383893	
0.4642	0.71		33722	26089	27050	23080	26018	24443	33632	25351	26510	29157		1809676	1381601	1464455	1219947	1308159	1256664	1506484	1197539	1349633	1335408	
0.4661	0.3068		18682	26875	20492	18967	23035	18782	20313	16869	19669	18666		1236499	1513388	1206239	1309320	1321119	1241770	1266335	1154195	1175035	1211845	
0.1222	0.1056		17509	11333	11106	18009	9420	24150	17188	13675	14207	11998		1554331	1242160	1255520	1441583	1111500	1480216	1476328	1316843	1353627	1332986	
0.8341	0.7606		36394	40399	30708	38185	32842	40052	33101	34749	32541	30859		1210616	1154377	1120316	1487161	1285815	1348224	1293010	1248569	1328535	1221497	
0.2106	0.6564		24650	27077	18353	20962	26889	20474	26858	19307	23630	20264		1208310	1702754	1168520	1211569	1484494	1375897	1584112	1292244	1229591	1219533	
0.5382	0.4136		28562	28632	29419	21158	29635	21146	25580	29989	30651	21349		1521893	1651335	1551221	1265588	1659310	1244033	1345681	1443056	1632197	1199195	
0.6281	0.9554		30502	33058	35533	37107	33884	39317	40839	42662	44785	39036		1178855	1449567	1310838	1324654	1267938	1310128	1645799	1505440	1286995	1411417	
0.0793	0.2286		14529	14641	18762	18188	19704	15567	14664	19018	19609	19135		1207706	1294056	1249437	1383191	1554396	1342903	1172419	1668115	1657344	1547817	
0.2796	0.4091		16802	14898	24432	24673	19303	14930	17593	19152	23202	26493		1228862	1165661	1547323	1555599	1294106	1034252	1182508	992309	1393508	1471206	
0.481	0.3322		26350	21380	26308	28101	28571	21294	19481	25261	19672	29902		1387504	1318279	1381127	1265887	1537821	1352418	1316083	1476368	1237023	1375206	
0.5268	0.5316		22696	22137	23075	22334	24201	24369	21698	21416	31202	26763		1294779	1008184	1063787	1068948	1172729	1246739	992407	990284	1300329	1283163	
0.9675	0.8532		47042	36861	36792	48410	42843	40138	41435	45672	39852	47494		1411087	1253102	1343512	1471090	1403017	1177848	1384998	1556374	1410669	1655649	
0.733	0.9131		42346	30183	32414	34491	32861	41286	33621	32680	42668	42702		1540150	1225814	1201339	1484782	1309359	1568305	1413947	1271498	1470668	1614889	
0.9211	0.0813		20544	23076	27283	29795	24602	20914	24792	26902	29492	29901		1347704	1372960	1285384	1417246	1329063	1236049	1301725	1457635	1603625	1481740	
0.4156	0.1039		15093	14858	15885	13057	16574	25561	13611	14620	22835	14278		1200910	1071235	1179471	980485	1248900	1665729	1220745	1258177	1296789	1049618	
0.2989	0.7012		27974	31118	29946	19188	33403	30166	20570	34822	20906	34009		1396499	1450746	1441220	1211234	1543406	1639848	1449817	1778295	1272145	1186425	
0.1785	0.5493		18564	19945	18059	26230	21225	22717	27465	19476	26064	26018		1263897	1586758	1366151	1533128	1376861	1344055	1483537	1327520	1557825	1581252	
0.3612	0.917		31941	25328	22307	22242	29491	24150	25370	21722	26120	39106		1188910	1183184	1066419	1038002	1095599	1097857	1112536	1083840	1288888	1330608	
0.4609	0.7326		25259	33521	26587	25199	34078	23606	39245	28567	26946	33759		1474796	1592547	1128479	1341303	1580181	1268462	1587414	1264409	1498749	1542277	
0.2692	0.2308		14854	18353	14565	11973	25930	12855	12670	26322	15598	15878		1192246	1351855	1106357	1029726	1330416	1102327	1035578	1645944	1260310	1378999	
0.4434	0.1693		16319	20437	16929	18676	16922	25836	26936	14338	16843	16717		1276194	1301474	1272236	1383484	1304108	1559696	1259805	1145553	1221343	1173185	
0.2176	0.4904		16689	20648	22784	17757	19651	25941	19670	26978	20494	26178		1184455	1336775	1318917	1461572	1392079	1699164	1343483	1282514	1383755	1428305	
0.2727	0.1367		23563	22764	14906	19082	13562	14044	13504	13744	13858	15351		1576952	1469072	1287771	1228531	1218063	1098351	1206018	1172755	1289662	1271749	
0.9202	0.0924		20916	28533	21598	26727	24237	19030	19024	23605	33989	30679		1484917	1528668	1254112	1371610	1322533	1088026	1159319	1383084	1639122	1650292	
0.7984	0.3399		33350	27522	33815	36730	33667	35769	26846	26609	31979	34141		1413997	1270563	1617623	1639479	1722235	1499525	1295358	1365991	1609347	1600311	
0.6311	0.4425		31438	29023	24435	22981	21907	24143	23806	23570	30383	32665		1553658	1337709	1259029	1378320	1296490	1336419	1252676	1273712	1534015	1727302	
0.1569	0.7792		27912	26640	26445	26423	21492	18656	20354	17895	18333	17898		1424390	1419582	1570089	1646068	1356706	1342174	1472860	1327243	1343379	1417771	
0.6584	0.4401		29273	23211	31985	31285	31666	28052	25848	23690	32992	40305		1442538	1282765	1739997	1679691	1501773	1308772	1246974	1289112	1498294	1728112	
0.7783	0.8397		42226	35423	36110	32540	42742	38123	32779	48921	34136	36501		1255311	1247190	1273649	1154269	1458448	1393485	1252110	1390705	1375366	1324705	
0.6203	0.0521		17699	25607	19101	25316	18460	16910	21500	16413	24796	19243		1207648	1554990	1411581	1536381	1361962	1392044	1450656	1194034	1238132	1418729	
0.8667	0.701		30921	32291	32131	36023	30697	30821	34667	39829	42214	40007		1110891	1293524	1295365	1290461	1281482	1259626	1265794	1456046	1460760	1451853	
0.4733	0.9735		26723	29512	25983	25698	25924	28803	28298	27588	28138	46351		1188546	1099234	1047122	1012462	996061	1069975	1248379	1121407	1282955	1523782	
0.2147	0.6923		23047	16860	18605	24789	21911	28441	27793	28065	24546	26597		1425958	1123877	1103593	1472511	1327782	1507885	1507222	1502925	1399501	1488837	
0.4345	0.914		37729	28727	36111	34533	30663	29145	31843	26097	28690	31689		1688414	1380184	1703148	1644696	1309930	1316940	1298313	1167334	1283604	1474754	
0.9664	0.6001		37213	30443	38851	36302	41291	31814	31720	33203	32442	33442		1267682	1191583	1350090	1496326	1583198	1327818	1390807	1361247	1327053	1402279	
0.913	0.609		29756	31720	31824	32156	35350	34599	29657	34323	42037	37379		1038299	1196336	1164989	1169905	1167721	1309934	1028094	1248485	1762169	1415095	
0.7449	0.2074		28960	22070	23803	29131	36248	23158	21859	20588	23290	29082		1381514	1141300	1162965	1455555	1342179	1367947	1242362	1245661	1229342	1320652	
0.8197	0.7504		40537	47490	38966	44734	37022	31463	39909	31770	33827	35404		1498716	1699748	1499666	1290978	1379234	1336990	1657374	1379647	1233121	1308150	
0.8874	0.8067		38266	34245	34672	37086	32821	37041	37080	44911	34062	36972		1147839	1121583	1144787	1282528	1155864	1279581	1159367	1642747	1188645	1317120	
0.1875	0.2813		14829	12618	22923	21227	14567	22857	14826	16329	14013	19591		1233440	1092422	1292426	1281484	1162593	1385511	1226722	1230907	1227939	1289481	
0.8989	0.5478		38008	29757	28070	38721	37842	38395	32040	28921	31485	31744		1180561	1142443	1063052	1287417	1398468	1383746	1087775	1167706	1226203	1288786	
0.4851	0.8454		30140	28199	30994	34191	34782	35360	34263	34967	34818	27304		1522351	1442146	1637185	1707142	1569106	1664758	1597469	1686027	1601324	1466328	
0.1223	0.1362		11363	10910	11104	16539	17942	11673	22662	17790	19546	12708		1128978	1122126	1236937	1273702	1420053	1236821	1728197	1610058	1475339	1357415	
0.451	0.1966		19195	26331	19455	26568	18137	26519	25343	15485	18813	18310		1163100	1778511	1319661	1331851	1319353	1492941	1329598	1192165	1369713	1224748	
0.1175	0.1813		12673	19003	17814	18811	12115	18977	13667	19041	19100	17736		1309708	1447985	1217955	1301739	1211517	1474070	1231532	1434435	1545979	1477897	
0.8933	0.0993		23342	20355	29807	29717	20760	24983	21247	20497	18013	27451		1318889	1261481	1459446	1445820	1188153	1199333	1386219	1342039	1069136	1421911	
0.4426	0.5717		20963	34241	26770	30441	24262	28334	25787	22768	31872	31347		1196853	1437134	1347316	1614324	1172971	1086706	1301251	1242291	1354369	1385861	
0.0831	0.7085		18185	14094	20232	18281	15769	24302	17414	17408	14031	15367		1276978	1086658	1321150	1405461	1259300	1481599	1409848	1265653	1178942	1335052	
0.7079	0.5346		29563	35469	26470	27081	23662	23911	30982	36231	29662	36250		1425230	1544429	1349405	1228586	1276894	1199436	1327021	1594652	1274573	1629529	
0.4964	0.9306		30428	37411	28263	28146	31372	34236	27693	28463	28062	39184		1349837	1465020	1172081	1252203	1289467	1471348	1196744	1322763	1261197	1533733	
0.9113	0.808		35755	39399	35764	36099	35974	37672	37802	32906	33282	38105		1429267	1311993	1242383	1551619	1372293	1314815	1313079	1071174	1139783	1490425	
0.7177	0.5159		27016	34110	27757	43458	37947	31253	28136	35585	31246	28373		1231741	1511336	1384489	1456207	1341954	1417953	1355488	1748701	1488170	1252442	
0.4887	0.0879		20433	23703	24159	15673	18466	24610	29377	14802	12136	14289		1332666	1431778	1134014	1369379	1323497	1496621	1560186	1148019	906135	1134006	
0.4677	0.5239		21913	30744	22027	31095	19294	26572	21603	24279	22018	25249		1300385	1292080	1347235	1532662	1072152	1348276	1246900	1278908	1111383	1291216	
0.2474	0.7759		26539	27706	25915	24367	30003	29434	21523	22591	25626	27522		1362004	1316964	1111932	1203679	1404320	1385065	1340246	1336259	1210432	1192020	
0.592	0.2527		21894	22191	31598	19762	35380	22038	27213	21729	29778	27048		1355585	1358585	1225485	1184995	1439176	1458554	1436489	1425018	1641258	1501646	
0.853	0.3284		29062	26792	35344	24908	24593	25348	25771	31903	27198	35287		1307152	1230971	1412929	1210199	1145113	1256193	1264210	1433166	1284799	1588865	
0.905	0.9011		53887	46917	38186	45272	34058	38712	36416	45172	47581	37330		1786854	1438272	1380573	1770577	1165665	1153467	1172863	1349082	1511021	1221192	
0.1625	0.7356		20182	20363	25640	27974	20807	27025	19040	26120	29395	18832		1243834	1263697	1306151	1348242	1489269	1488186	1240647	1400970	1371119	1378477	
0.1776	0.3854		15280	16287	13202	15418	17109	19951	17519	20148	17694	25562		1259649	1281813	1046385	1102522	1299781	1308589	1357234	1370000	1439070	1720326	
0.3161	0.4815		18722	27516	27854	16386	20769	18793	18121	17116	27368	21867		1503471	1447840	1501530	1091331	1337078	1287295	1144965	1242283	1471559	1470417	
0.9435	0.7672		34789	44208	36845	35880	35778	43265	35994	38289	37878	41246		1070707	1604724	1339341	1259379	1316490	1363265	1300553	1289734	1251252	1611334	
0.5231	0.1346		25760	17641	25279	19742	21985	15078	24892	25850	21603	18277		1680225	1315179	1404622	1446712	1382999	1272784	1563210	1370197	1291678	1242139	
0.5614	0.8489		27734	25963	27735	33078	37471	34883	33065	37820	30718	35468		1166771	1210799	1134355	1266452	1316456	1341683	1264577	1410334	1410562	1387639	
0.887	0.3289		25514	34741	26209	27869	28229	30869	24575	23917	27653	30188		1421303	1454137	1352439	1220821	1434181	1321295	1140517	1387916	1468581	1359104	
0.9952	0.1506		33984	22553	25373	20110	22357	22401	30421	22747	29972	22219		1360896	1334866	1210577	1157322	1295458	1231564	1498558	1348826	1460049	1384682	
0.2664	0.5167		22383	25317	23830	16842	19654	19487	18616	18730	18373	20353		1231814	1205692	1171517	1032842	1158432	1064839	1173683	1178202	1154693	1258469	
0.0764	0.8883		24946	18389	16192	16527	16931	24008	23790	14642	22635	23223		1415046	1390281	1215264	1231695	1340509	1613838	1541304	1217739	1414412	1653037	
0.8626	0.3044		27848	28797	26873	26821	24565	27331	22292	34273	29046	24272		1320753	1225091	1341000	1330075	1238018	1336492	1356138	1628717	1327165	1344316	
0.7898	0.1372		26719	24449	22320	28829	28578	27310	26677	22152	25230	28800		1452167	1443186	1256836	1551185	1580497	1524161	1479515	1243142	1272313	1580718	
0.3745	0.5446		25944	28233	21685	23601	21485	20329	24275	21635	25681	26592		1403304	1456973	1314145	1244481	1339053	1267110	1334672	1223746	1328198	1336634	
0.4418	0.5976		24141	21027	25225	25013	25322	21078	32948	25621	29677	38556		1276004	1183464	1222386	1384356	1296136	1093548	1330859	1407058	1387494	1270904	
0.5773	0.9761		38339	33053	37576	31497	40256	32983	30429	29950	40092	33690		1219381	1279636	1338544	1256631	1411437	1551639	1182872	1098593	1451367	1307172	
0.2486	0.0835		13775	13226	17485	15177	20219	22751	13172	13818	12727	13348		1311408	1433227	1347389	1221463	1314762	1514875	1337726	1550141	1189896	1287564	
0.1265	0.1377		22123	19324	19193	19444	13835	19523	13680	13871	10961	12812		1589500	1553383	1772138	1575651	1332493	1379000	1333415	1363496	1223152	1327507	
0.9328	0.5774		31194	40719	36195	31341	31467	32747	33069	34099	32891	29867		1218200	1468486	1495696	1245626	1351817	1493304	1479271	1355642	1372761	1342725	
0.8858	0.5585		40072	35808	36015	30123	27581	32220	31652	34786	38579	37292		1411595	1489579	1387315	1204034	1329875	1324769	1258284	1134295	1641172	1619962	
0.0741	0.6332		19440	23203	24857	18299	18369	15350	17683	12500	25072	14703		1423029	1304102	1573108	1358921	1370728	1175484	1321962	1186439	1572994	1180675	
0.686	0.1853		25135	20161	27601	27771	31330	27500	27851	23689	27316	28791		1205462	1405462	1446936	1529305	1552484	1630002	1577977	1388885	1520960	1544222	
0.5317	0.5946		29539	24869	37293	40561	37126	25132	37702	25621	23902	23674		1252782	1222962	1493149	1541792	1555305	1276966	1373776	1291955	1199719	1306371	
0.504	0.9043		40030	28470	32050	33062	27442	27779	33845	32305	28397	40223		1175463	1140862	1067811	1366334	1325469	1339647	1155924	1463476	1283896	1363242	
0.3558	0.6461		24036	29033	32316	20665	29215	22560	31128	35929	22288	20296		1360999	1458694	1374353	1160969	1347509	1349707	1504689	1536205	1416079	1195448	
0.1973	0.8955		19946	21003	27436	27673	23792	20715	29370	29044	18569	23332		1125204	1142817	1533526	1612562	1429699	1158268	1411034	1621236	1395375	1305843	
0.7147	0.9088		31931	29593	32603	38198	31647	36649	37915	36830	34820	36447		1175155	1142890	1030959	1314682	1181797	1041817	1110779	1138313	1229853	1317397	
0.6498	0.3718		30048	22683	27419	27676	21094	22009	25032	30411	31669	21941		1600380	1158776	1363039	1382847	1126107	1260163	1315307	1454122	1667344	1182510	
0.527	0.408		24063	19515	19691	20530	31208	23124	29364	21577	35459	31404		1192764	1162985	1010848	1059179	1382728	1260821	1239831	1266531	1474173	1488575	
0.3571	0.5306		19841	23641	27585	27462	21264	21164	23307	23232	21484	33072		1149353	1375743	1532182	1389105	1300613	1249830	1207546	1323022	1451364	1286260	
0.8232	0.4967		31114	32837	37810	28069	28448	29534	27891	37102	27876	27528		1381673	1115472	1567294	1225727	1320979	1306737	1194137	1563765	1264770	1130790	
0.5038	0.5849		26008	25190	37036	26165	23518	31166	23646	23427	23673	26258		1433681	1357791	1592988	1514402	1339608	1350861	1164356	1259349	1311559	1319020	
0.5407	0.6999		25667	25465	27722	22879	24157	32635	25539	25619	24086	35035		1230732	1180485	1356296	1123334	1034277	1467441	1305510	1297954	1290332	1505911	
0.5538	0.9748		39392	27455	39486	33299	29794	37953	30602	37716	37347	42550		1455003	1177730	1372152	1257252	1178973	1438283	1213099	1398876	1369607	1598475	
0.3399	0.9886		27111	29453	35309	25804	24700	34770	24079	23439	31838	24747		1295711	1481966	1480048	1261418	1186220	1632995	1295533	1136945	1502335	1334494	
0.0541	0.5313		13613	18214	22501	14223	13921	17090	14154	13826	12350	17714		1209526	1444058	1630899	1278283	1246750	1254252	1271902	1276425	1242445	1528259	
0.5745	0.315		28167	24234	21566	28014	22186	29345	29979	28096	21862	23149		1464846	1433259	1367567	1500599	1589752	1379147	1432628	1447700	1319169	1285481	
0.1234	0.8069		22996	20707	25761	15318	19383	17533	25863	26087	17805	18616		1283327	1400428	1535928	1237170	1242208	1370856	1529078	1510642	1253209	1050480	
0.6361	0.6345		28774	30094	33535	28657	26834	28982	35330	27569	29878	34429		1431096	1317714	1431616	1227576	1259563	1271016	1429650	1156567	1172659	1291139	
0.4083	0.621		32976	22700	30060	28442	22265	31373	26749	31259	23545	23397		1546141	1152974	1436660	1392717	1227605	1468994	1313312	1420283	1398792	1336372	
0.5109	0.1043		14368	24910	16824	23142	17632	17708	15984	17499	17004	14091		1221046	1566033	1334465	1608435	1302130	1280222	1477649	1442505	1346439	1116150	
0.6163	0.9071		37354	40216	30853	32862	29861	29922	43541	32324	40412	32675		1508454	1286831	1491768	1370788	1266885	1376268	1596434	1423746	1457015	1536125	
0.9632	0.5398		31177	27759	33840	31208	31189	32681	31354	31386	41379	41390		1231317	1118335	1439287	1296310	1376991	1292288	1285964	1350269	1530945	1607300	
0.2528	0.1185		12384	24255	13216	12983	12150	14525	11737	15493	13796	15472		1483728	1485668	1178140	1279937	1238458	1282419	1118348	1287905	1320576	1329099	
0.8467	0.5738		30437	39003	30199	29332	31958	30364	33500	27496	44795	39850		1329447	1577351	1403576	1059852	1324175	1165229	1227796	1079785	1277958	1483291	
0.2258	0.7777		18127	29130	20154	19587	22231	20020	24076	18409	17915	18505		1038567	1614025	1198442	1233951	1405811	1374314	1161463	1061644	1069479	1224296	
0.5468	0.4542		24459	22453	31708	21071	27671	31215	27361	24416	40348	23574		1337170	1157219	1450815	1334396	1372866	1495211	1501900	1228958	1499660	1347318	
0.7455	0.4769		28775	27916	37246	23846	23189	25779	30358	25964	42417	27222		1364690	1311938	1508711	1113243	1058973	1213766	1320032	1242832	1600413	1186822	
0.7346	0.3135		33972	33785	25596	25545	24231	24425	24911	23078	30826	22862		1558836	1718063	1348630	1280718	1294776	1444480	1366242	1442359	1690564	1353676	
0.9542	0.3899		27383	30394	31089	37375	29877	27111	29755	25793	24352	34613		1263952	1294264	1303790	1746087	1374582	1252327	1411792	1191842	1134208	1430311	
0.6293	0.5436		23074	27630	35648	25549	28594	25500	24844	26102	33922	33366		1178338	1319298	1432348	1430733	1206887	1398964	1028308	1252622	1471672	1563052	
0.1286	0.5618		16448	16457	22645	21736	22422	24547	17952	22247	14799	22299		1209021	1288131	1409405	1394011	1512574	1445404	1314215	1402997	1106858	1352621	
0.3004	0.6312		22158	35829	29812	21316	25005	27034	28348	20405	16795	23058		1222967	1551112	1670642	1204318	1194792	1293737	1327627	1223822	1038144	1135462	
0.0698	0.0683		12318	13452	18660	14489	7088	18907	10982	10833	12676	11401		1315477	1304863	1696487	1391052	851545	1511925	1326664	1065664	1246384	1354829	
0.1465	0.4389		13536	12942	15397	16002	15064	15232	16279	14418	15423	13121		1170625	1011744	1227059	1290875	1461861	1270128	1288137	1431932	1346455	1215030	
0.6859	0.2646		20577	20948	20753	21299	25741	19518	20915	23652	21983	21493		1310767	1200669	1213274	1548960	1542969	1141346	1241832	1324692	1307882	1261919	
0.9468	0.7068		37290	36794	38308	38826	37803	32586	35525	37638	43921	38387		1333193	1327623	1421005	1342625	1255274	1182931	1364215	1314858	1448158	1307639	
0.8618	0.6455		29533	34322	39696	31997	35113	31657	31361	31953	32139	37580		1108780	1329265	1356093	1352315	1313126	1203400	1178112	1240676	1234930	1283514	
0.9561	0.3011		29919	27208	30968	34543	30212	34709	26835	27702	25830	29871		1299355	1270565	1341626	1496734	1299741	1516433	1298851	1244214	1247201	1358174	
0.8929	0.5458		33112	29238	38072	33276	32112	31235	29767	39569	32967	54504		1275754	1158261	1450398	1334415	1240838	1390334	1359796	1638615	1416409	1387152	
0.6938	0.7309		37348	41762	32622	28508	37414	37849	28715	35530	31792	36187		1310326	1422809	1301696	1210672	1298228	1519931	1199015	1333334	1339759	1503526	
0.737	0.3531		26266	26217	32941	32266	31091	29729	22623	25326	25859	32991		1301566	1228924	1427574	1429277	1513540	1670067	1209159	1173486	1273326	1675486	
0.0617	0.9538		19838	17242	18439	21757	17427	21352	18921	17655	18733	24535		1297493	1150499	1240916	1377450	1336802	1486478	1245232	1228785	1280540	1404397	
0.261	0.6882		21077	19605	19415	36099	22520	21169	17583	19055	17633	18924		1196946	1081841	1169765	1180244	1230482	1213716	1146499	1087644	1028248	1216710	
0.453	0.2352		19125	19075	16054	36952	22057	26692	17804	16483	15505	18156		1344392	1250764	1207888	1503525	1246911	1497294	1200893	1311393	1157169	1205547	
0.2652	0.2564		15525	14850	22475	22720	13357	15675	16154	18800	18683	22771		1196003	1284506	1586040	1511558	1247556	1265724	1291965	1411796	1415638	1624943	
0.076	0.5926		25783	20685	12915	13372	17576	17814	17971	24220	15869	18331		1465537	1386658	1178321	989945	1099813	1306299	1209909	1419124	1164607	1188123	
0.8512	0.8513		39086	46837	39929	33039	37057	35619	32853	35716	39139	40087		1366124	1472718	1338123	1175136	1400236	1125222	1020796	1303672	1174136	1476180	
0.3621	0.7088		31260	22904	19564	20480	35977	32683	24516	35156	22264	23096		1533275	1357125	969365	1136382	1329170	1360309	1368654	1334975	1399467	1384652	
0.4699	0.5213		36418	31219	33527	24281	20506	30542	21538	22321	27721	21465		1519106	1394067	1419877	1406567	1378987	1396145	1326477	1207396	1182432	1153762	
0.9465	0.4332		28456	27271	32648	37842	36384	38142	39064	57968	37748	26657		1175172	1145667	1241974	1626855	1459235	1706640	1485590	1561884	1392892	1086849	
0.8803	0.1939		31913	32397	20203	28441	26248	25141	25061	24504	27397	32343		1505023	1679502	1255379	1440536	1337621	1177222	1186001	1369183	1437075	1546682	
0.1716	0.172		13759	13058	13296	20416	14798	12858	14658	22218	20996	20395		1225434	1346369	1277651	1480365	1241741	1286204	1213615	1426605	1406975	1639800	
0.985	0.2344		34274	34271	31010	35575	22872	23474	24438	37323	22237	31300		1578114	1680059	1271584	1555994	1048822	1076510	1270586	1573293	1052698	1282197	
0.5431	0.5699		24076	27598	21405	32877	36188	23366	30478	25313	29605	32082		1202195	1098645	1132434	1579734	1550235	1232030	1435586	1247381	1291892	1449513	
0.1074	0.2169		11743	19257	12447	14067	19405	16204	19873	21151	19226	12796		1196454	1310281	1142143	1320306	1523883	1328686	1439823	1514086	1431936	1226800	
0.6027	0.2748		22441	27509	22021	30464	27480	18755	20528	18158	20562	20393		1352008	1433365	1374647	1624159	1532806	1253734	1358186	1283786	1518657	1205162	
0.457	0.982		29093	37160	35591	28351	29867	30063	33478	37180	28156	28086		1360600	1707618	1599169	1209002	1318305	1327879	1214932	1435629	1221090	1300333	
0.5268	0.4532		22184	24210	21939	31265	22983	31160	29804	23924	25234	21439		1252383	1328928	1146707	1623989	1175016	1611111	1443885	1239844	1289714	1269442	
0.3734	0.2008		22076	18325	16757	16846	25593	18043	18321	17148	21593	15371		1487393	1254175	1222061	1394482	1465241	1231761	1065521	1206791	1293572	1131367	
0.2382	0.6119		28469	18098	20403	19378	20964	26379	26526	31199	26408	26397		1666314	1206492	1496606	1354162	1305306	1529168	1536113	1591336	1481515	1750885	
0.8188	0.1842		26674	29333	21323	29188	27746	21746	21914	29419	29715	22497		1204845	1265299	1187056	1513619	1372385	1216577	1261924	1435199	1505884	1216401	
0.3688	0.7495		31577	23118	32603	20833	21608	21708	24791	32454	21357	25954		1322849	1231473	1600078	1153333	1129633	1126940	1170710	1315200	1154683	1291859	
0.6367	0.1446		16217	27381	17802	20809	19160	21857	25742	21357	19545	25512		1170189	1536260	1109690	1208729	1235482	1378038	1548434	1246528	1366509	1403810	
0.2109	0.5157		18630	26379	19587	16523	20770	23301	18811	17838	21825	26339		1269385	1390262	1369539	1062925	1233333	1280230	1245495	1201959	1337897	1402505	
0.4699	0.8856		43258	28331	34962	30179	27781	27748	26780	25632	23873	34482		1435979	1334538	1432932	1283058	1241496	1337809	1132586	1367823	1331975	1367361	
0.5634	0.397		35557	19703	20820	19976	24262	20081	23941	23640	21430	21955		1659291	1249626	1206673	1167219	1302049	1241666	1272996	1350198	1273234	1349110	
0.9741	0.3653		29314	26061	46578	27740	33042	24485	37565	35371	30828	26115		1312138	1069383	1340296	1271079	1466843	1120006	1581299	1489253	1382380	1308436	
0.1594	0.3855		22360	14859	15158	16844	22259	15464	17100	17423	29163	21908		1552249	1178245	1191558	1045793	1510863	1162386	1439027	1292384	1554297	1434402	
0.2217	0.6537		19833	28714	18869	22047	18439	22150	34613	21962	19843	18094		1224051	1547484	1215735	1327670	1063492	1304443	1613579	1204055	1149408	1065321	
0.2446	0.5442		17512	20580	20510	20502	21943	18235	27880	21099	23049	19909		1081530	1328024	1383966	1187769	1372891	1273711	1652222	1353616	1535819	1245995	
0.5376	0.4012		21537	18982	21023	21192	21318	20037	28435	28949	26346	36947		1330491	1161077	1312033	1247935	1258677	1029602	1575812	1489224	1387437	1526291	
0.7833	0.8934		35532	33930	31491	34230	33456	31982	36040	40484	47349	38808		1335785	1147937	1113568	1254133	1282050	1122073	1292916	1351476	1147435	1363610	
0.6575	0.185		30277	20657	23545	20273	17505	19694	16458	18703	20466	19352		1334524	1143069	1157678	1306896	1057604	1209608	1143843	1171161	1126315	1109405	
0.4673	0.4091		29555	24673	29408	29356	29599	30195	20202	20037	21548	22007		1496178	1390903	1784204	1599405	1563310	1480001	1447765	1350588	1381886	1431736	
0.4682	0.9912		30531	29720	29679	34810	28865	35544	35390	34529	30186	33558		1354826	1215930	1221000	1521489	1195010	1392117	1450102	1392249	1209324	1363774	
0.2994	0.7448		24583	28593	26752	40047	20135	26856	22776	21963	20710	23905		1200018	1579667	1310505	1327183	1199597	1306420	1214594	1157995	1241622	1380450	
0.9694	0.4949		28726	33484	31997	40292	27157	32869	30695	29144	48746	32534		1245467	1352511	1283985	1529472	1202729	1272128	1268523	1325668	1694773	1423124	
0.0925	0.4149		12306	14373	17006	13296	12127	14866	16680	16026	15632	14210		1286835	1232570	1340056	1141980	1055796	1245815	1208864	1253771	1319433	1358342	
0.3885	0.816		34825	25606	24367	22248	23662	26146	33081	27723	26731	24288		1329456	1211350	1110224	1065207	1135567	1377030	1452125	1469006	1291571	1285602	
0.6531	0.3584		22507	18690	22751	31749	26041	22807	20167	24304	31598	26786		1064778	798678	1042136	1457652	1281408	1193509	1136818	1290280	1434444	1374723	
0.6743	0.5571		28525	26409	36297	38595	27077	26036	27415	23564	40617	25863		1283983	1232865	1290276	1429321	1274872	1203707	1187181	1229413	1667962	1120384	
0.3181	0.4		18886	18086	15265	21161	15443	16930	20419	22673	24663	17858		1243176	1118174	1117953	1458104	1209112	1262876	1302364	1375394	1422094	1237553	
0.0731	0.0595		14861	11228	11490	10716	10601	14615	14441	8639	11729	11809		1224756	1303215	1263303	1137229	1252499	1400683	1175788	1050626	1180009	1374154	
0.8982	0.1518		23576	22150	23475	21781	27955	25810	21269	20973	21511	32206		1334041	1334225	1443160	1333018	1451286	1337098	1135835	1096071	1307715	1460569	
0.6489	0.5317		34259	24833	25445	32973	26069	34432	25239	24942	32872	22575		1658025	1208301	1153273	1446911	1219277	1419491	1269041	1104101	1403851	1198798	
0.358	0.4669		19705	21857	18728	20548	19654	28289	19500	23926	23643	28504		1272763	1283239	1123716	1151689	1352477	1490409	1227285	1336992	1259317	1543200	
0.1298	0.0736		10999	14398	15030	13044	14487	17766	18488	17757	18166	11063		1229162	1357334	1384288	1341454	1413719	1488199	1440675	1610906	1380175	1395227	
0.9913	0.7664		35593	35869	35769	45605	45705	46483	47711	33401	36538	38395		1320327	1326651	1186171	1672844	1654618	1821741	1655523	1136265	1304260	1352169	
0.9531	0.9715		49073	36505	42500	40698	41320	40398	54141	40904	38454	38940		1437349	1180965	1262898	1390312	1318825	1457128	1556737	1541368	1311830	1319448	
0.7116	0.431		34067	27398	24789	34184	33793	24301	25226	24851	33190	29631		1399479	1655648	1349644	1549465	1575688	1221292	1213752	1301896	1253899	1372271	
0.801	0.1741		26862	18587	20619	20994	29672	20474	18776	20213	21976	26133		1080958	1067052	1288638	1171815	1326422	1253686	1169951	1053044	1220749	1346256	
0.5467	0.6037		37122	37296	31553	28995	28706	32081	27529	26263	24832	23559		1849981	1587008	1535058	1472532	1498784	1235435	1660346	1539343	1325895	1103127	
0.7564	0.4632		34378	24898	35694	32433	26060	29445	26025	33485	35594	24201		1446752	1190958	1426085	1403480	1209382	1242362	1285019	1557845	1510269	1061176	
0.846	0.6717		31816	32152	32454	33446	31429	39502	32932	31701	33707	32798		1045005	1266289	1107325	1258152	1323444	1278461	1199815	1206970	1396329	1412428	
0.9311	0.9458		48027	38725	46116	47138	54427	51248	54058	37560	48455	53707		1478633	1297428	1481937	1455792	1568853	1592638	1295754	1247926	1385114	1849741	
0.2447	0.2042		16961	23357	20687	21113	23431	19527	14900	16348	24334	12895		1398222	1581651	1414853	1241699	1568546	1301175	1123290	1138002	1503489	1204653	
0.3463	0.3499		19786	14826	19619	20058	27063	27994	17355	12818	27169	17856		1241974	1223995	1261715	1281797	1378464	1602900	1167047	1098755	1477636	1287160	
0.5146	0.8633		36752	27581	36523	31300	25475	29133	32140	36778	27677	26076		1527018	1293582	1476965	1425222	1329781	1421796	1484085	1600882	1486779	1227564	
0.9086	0.0801		26948	23346	29379	29729	20864	21459	29332	32734	23065	22534		1593098	1361882	1469984	1499552	1294633	1374373	1498058	1475650	1426962	1235165	
0.8728	0.2035		27906	31422	24330	30609	30290	35380	30850	31278	31056	27981		1297594	1260822	1278486	1315091	1400723	1559552	1637691	1597871	1358802	1420438	
0.7919	0.9523		38044	37329	45637	44238	39529	43032	35330	35636	35462	37251		1145583	1247352	1439525	1639447	1504337	1511131	1370075	1361740	1358749	1347145	
0.9822	0.5201		27872	34136	40655	39170	32818	39044	30029	31018	29443	32707		1182743	1298053	1633991	1608538	1202523	1480925	1225864	1213838	1152619	1223890	
0.5144	0.738		26830	33031	33448	24956	33587	25319	32627	25853	22726	23533		1281433	1574883	1671735	1343122	1389234	1257533	1341545	1200603	1100437	1053857	
0.3152	0.8017		22969	20734	24317	35881	25610	30235	24294	31404	23236	21232		1296291	1230923	1253296	1601856	1469995	1463271	1371392	1417511	1175876	1178871	
0.6794	0.8258		33938	37677	31321	30920	32718	32638	33149	29108	31577	40901		1046758	1451778	1160921	1225149	1236342	1270432	1319173	1196070	1351892	1606051	
0.0689	0.8192		16390	18049	25150	19495	17380	16173	15015	16697	22877	24926		1229446	1498300	1541736	1437371	1526191	1281798	1315358	1397412	1477509	1598182	
0.2124	0.4812		21651	14959	21821	14900	17151	16132	17949	17347	16675	22106		1242935	1033000	1266257	1037045	1282040	1176618	1376243	1248286	1107213	1191569	
0.5066	0.305		19558	21761	18904	17030	19864	19662	26492	20374	19870	22227		1125159	1327785	1144705	1037222	1174715	1218769	1272013	1361500	1380260	1262436	
0.1594	0.2733		14577	16676	15344	18392	21548	17582	12094	13959	21595	14206		1258029	1328562	1263182	1407901	1621049	1329967	1058837	1472913	1500571	1358029	
0.5673	0.6024		35526	24943	24568	27000	29084	35473	28700	32501	28856	30279		1461606	1205228	1167829	1148719	1307467	1626424	1366166	1466873	1419923	1473439	
0.9087	0.5033		26834	30262	26345	31687	43991	30440	31825	38602	26636	43442		1130528	1355472	1148331	1264886	1325776	1337714	1415157	1739287	1216615	1225239	
0.4327	0.1695		14608	19052	17324	23648	18358	19892	20078	24548	17366	22269		1029574	1282626	1286763	1612528	1157174	1372654	1316140	1396483	1266908	1237946	
0.9219	0.76		33967	34068	35959	35572	34962	34802	36635	35113	35959	38688		1205382	1297400	1214096	1291016	1180527	1146313	1389192	1282760	1301555	1352505	
0.9882	0.237		30078	27405	22950	30779	31777	26735	22507	30568	27105	34583		1369830	1337511	1391066	1479141	1245443	1135916	1103563	1304197	1417305	1455524	
0.8108	0.9047		36330	32397	33885	40582	34920	37492	37613	44152	41152	34131		1301680	1084168	1307743	1436467	1329525	1286050	1368350	1507156	1264047	1291657	
0.9913	0.6673		36728	35265	36297	42985	43022	35013	32915	40831	32620	35800		1199372	1224597	1276464	1419133	1508274	1313916	1158019	1334801	1100373	1199773	
0.4397	0.329		28290	19765	21572	27665	20934	29372	27776	32731	27482	26150		1491571	1430130	1402234	1510820	1373422	1537686	1599742	1544756	1593755	1505648	
