32	33	34	
0.3794	0.3759	0.0508		14482	16314	12255		673889	700388	612693	
0.4335	0.1897	0.6131		12799	12382	14590		551702	555216	585124	
0.7656	0.2222	0.5133		19289	19393	19367		654474	652269	665543	
0.8786	0.7907	0.7976		29723	29882	29825		683593	648626	626777	
0.5485	0.9318	0.7147		21478	21476	24363		631736	615181	665026	
0.966	0.4109	0.3992		23714	18541	18868		678457	585899	583507	
0.5173	0.615	0.2439		18070	17901	15862		654610	628706	599338	
0.224	0.1265	0.5821		12406	14118	14870		599957	647455	639708	
0.9902	0.7927	0.3192		24392	25575	26000		697510	726720	696014	
0.2493	0.9904	0.1629		14041	12033	12471		712429	684067	657151	
0.4093	0.2972	0.6913		12419	17357	12405		552969	657099	562893	
0.0747	0.4947	0.1589		11317	10373	8810		654117	611305	595469	
0.0793	0.2176	0.2425		10952	8782	11374		591871	571940	665263	
0.6376	0.883	0.8458		27258	22165	27347		675162	598790	690384	
0.4098	0.4999	0.477		19102	18992	19065		710677	704319	725772	
0.9951	0.8911	0.2472		29841	21782	21923		640609	571299	585237	
0.2102	0.14	0.7875		14498	14537	17850		637245	669442	678868	
0.2158	0.4689	0.8998		12499	12456	17363		567367	603834	655331	
0.6978	0.9824	0.4568		24931	24924	24778		642066	651019	661581	
0.3779	0.5683	0.7459		21799	21807	21853		707593	718767	722766	
0.4241	0.9485	0.3809		22355	22457	22257		677185	690891	703049	
0.0709	0.9542	0.6231		13204	17966	18035		559426	649703	667133	
0.7426	0.193	0.328		18876	14884	19553		644667	587755	663801	
0.0921	0.2551	0.6314		13441	13445	9844		671151	674899	590879	
0.2923	0.5765	0.1773		10681	12587	15232		590243	622979	686549	
0.3907	0.3146	0.7599		13594	18734	18761		572339	681001	687349	
0.1071	0.5713	0.306		9272	9623	9396		588906	597960	600567	
0.89	0.3093	0.5558		18170	18281	18200		696719	658562	658132	
0.5575	0.7271	0.1005		18363	17303	18565		670660	683383	677153	
0.8379	0.2509	0.478		20190	20047	20135		654256	685567	704491	
0.9165	0.5734	0.4331		21878	21926	24933		616476	628344	648680	
0.109	0.5051	0.9423		18475	13866	13642		645439	562933	573234	
0.5706	0.839	0.9511		27099	27074	21920		676061	688429	596656	
0.6385	0.066	0.4144		16721	20125	12853		645394	655949	580710	
0.0816	0.5935	0.1556		13664	13707	12545		649132	631945	674519	
0.2905	0.1969	0.3684		15578	14907	14357		720514	751372	743729	
0.806	0.5098	0.9732		26042	25866	26015		657978	683798	692015	
0.6909	0.3976	0.345		18787	18464	18760		697294	702774	704630	
0.4072	0.8445	0.6812		17821	22521	22585		588378	693263	698569	
0.9898	0.5344	0.2431		22402	21871	22451		668193	655141	652829	
0.0717	0.6777	0.4431		15031	15027	15508		677511	696348	680075	
0.6101	0.7017	0.6604		21757	21647	21639		667128	675188	697289	
0.8307	0.9189	0.0926		25193	25031	25248		693505	665482	679213	
0.9051	0.4695	0.8085		25646	25610	25657		734511	731047	755461	
0.4407	0.4171	0.6583		19201	19253	19250		683609	690460	661011	
0.1864	0.4466	0.6135		16433	16442	16026		693396	710506	718391	
0.3517	0.6644	0.7548		19963	19776	19772		724739	724645	739021	
0.688	0.7113	0.4978		21821	21795	16604		669040	684666	588302	
0.7801	0.0952	0.0702		27553	22928	18328		666067	677912	698804	
0.2967	0.8887	0.5158		19447	19557	19448		654525	654359	672266	
0.21	0.3544	0.1115		17976	8978	9155		653026	571668	581338	
0.7841	0.6586	0.8683		22170	27150	27400		607770	715439	745672	
0.6074	0.3317	0.9668		19963	19901	19948		654104	646809	645685	
0.8361	0.2511	0.9303		22033	18899	18922		641188	587246	603956	
0.4576	0.7351	0.2893		15294	17208	17140		549832	584298	595252	
0.4369	0.7296	0.6989		17220	19361	19276		589957	620983	625413	
0.4318	0.4843	0.2207		17700	17503	17380		676386	696716	694734	
0.5603	0.3819	0.3243		18313	18509	18291		648863	671490	661738	
0.8938	0.5152	0.1379		22587	22502	22011		659796	647304	621802	
0.7908	0.5478	0.7089		21626	21640	21495		592766	601704	601676	
0.5141	0.8926	0.3368		20511	17419	15322		654513	605081	579933	
0.3267	0.6794	0.5881		18146	17833	17785		639183	641312	662951	
0.7156	0.2494	0.8383		15966	15827	15948		586461	601404	617846	
0.4242	0.3585	0.2187		12519	14348	14126		599816	632208	636841	
0.7401	0.599	0.9552		26947	26820	26701		688864	707746	728591	
0.6589	0.619	0.5069		18313	21181	21232		590466	677138	707769	
0.721	0.1663	0.3018		16722	16523	16177		669148	658077	724825	
0.4542	0.248	0.7238		17031	17263	17391		597363	624268	657718	
0.1525	0.3443	0.0705		12577	12086	12566		601619	642103	666684	
0.7436	0.0726	0.2742		18044	18330	18983		566232	585953	610472	
0.4308	0.8025	0.8287		24668	24755	24648		635408	667917	692112	
0.2002	0.3478	0.7103		15247	18347	14348		593615	647375	639658	
0.9629	0.142	0.188		19711	20045	19312		649409	668827	658962	
0.0878	0.4661	0.92		18385	14902	18280		641606	609691	672074	
0.6347	0.4474	0.574		19720	16841	14675		612731	576923	551750	
0.3858	0.8585	0.4108		17195	21904	22197		543639	636926	651054	
0.6255	0.1225	0.9836		28367	17937	17977		618531	628491	665782	
0.1035	0.2163	0.6965		13350	13995	13871		628600	675129	673296	
0.0826	0.9358	0.5681		16147	15878	15366		601103	600973	597856	
0.2507	0.2533	0.1077		16010	13267	13100		608320	595952	616838	
0.3856	0.2528	0.5912		18207	19970	17614		686463	692452	684744	
0.7465	0.8846	0.8228		30721	30569	30213		704987	708291	716549	
0.7341	0.9469	0.3828		22672	22604	27859		557469	555354	646209	
0.0791	0.7022	0.6202		13835	13930	15960		596560	601433	661290	
0.2173	0.3527	0.2291		10082	11676	11532		581070	619672	598980	
0.4122	0.8348	0.5365		17071	17113	17194		524349	534396	535429	
0.4219	0.4524	0.7231		13818	13786	13712		590941	590630	590658	
0.8925	0.9338	0.7153		23993	23946	23881		560693	561003	572261	
0.1911	0.9054	0.3588		10480	10452	15542		546650	558011	664029	
0.447	0.3257	0.1931		17298	16575	20857		643175	629046	637970	
0.3175	0.8058	0.3639		18852	15745	15710		624922	575878	575696	
0.6538	0.8695	0.4306		19039	24170	19091		567890	647442	566264	
0.8474	0.5538	0.3142		22808	17660	22820		649487	567624	685167	
0.4788	0.5264	0.3934		14456	16396	14350		546332	576228	551705	
0.8688	0.5454	0.5309		18754	18803	24025		523471	523468	629556	
0.9981	0.9531	0.7496		32251	32315	32309		658420	655381	693401	
0.736	0.2871	0.6344		21168	17948	17964		629133	591666	593654	
0.0753	0.977	0.6858		16178	16361	15958		594349	592485	620123	
0.9933	0.5392	0.9961		26727	21523	26618		625748	547569	645291	
0.8081	0.3022	0.358		16162	16169	16037		514195	525006	542991	
0.2948	0.7996	0.1056		16258	16196	17201		562241	566011	569623	
0.1426	0.8679	0.6684		17535	17835	17676		565842	560125	605805	
0.1427	0.4981	0.0963		11799	10941	17644		581518	577523	637145	
0.4054	0.6054	0.5986		15190	20014	20204		555587	620649	636699	
0.3939	0.7971	0.4587		16871	22057	21943		568896	651374	649828	
0.8291	0.4577	0.5774		24355	19339	24324		646455	566691	669254	
0.3602	0.8925	0.744		17119	22189	22157		562719	644822	642909	
0.5207	0.8423	0.6102		23131	23247	23259		658035	675596	674148	
0.0654	0.1377	0.3191		11457	11792	12827		620866	607152	588162	
0.3131	0.7256	0.1043		12307	12737	12997		580572	597174	594810	
0.6098	0.9375	0.4696		24340	19184	24535		598984	531646	621151	
0.942	0.8133	0.9044		31105	30947	30998		639022	657809	665493	
0.3978	0.1509	0.4331		16524	16286	16128		606818	628863	606809	
0.7269	0.5049	0.8022		22562	22482	22816		640476	668161	674403	
0.5094	0.7428	0.3389		20264	20361	20295		651968	687213	629818	
0.0605	0.8505	0.0598		13127	12228	12958		641462	678356	707743	
0.3841	0.964	0.8235		26298	26301	26307		652585	698447	706942	
0.1523	0.2199	0.7054		13580	13731	14105		625948	636181	695209	
0.8345	0.1715	0.4869		20195	17490	14922		637614	610330	597348	
0.702	0.9576	0.7537		28293	28166	25003		609133	618431	596203	
0.3371	0.1196	0.9793		13448	13645	13179		539179	578898	600292	
0.3449	0.3657	0.4972		13072	16080	16089		571887	664793	686288	
0.8214	0.0525	0.516		19494	19605	23425		592578	598383	632736	
0.1323	0.1584	0.3811		22192	11691	11552		628479	632899	642835	
0.6834	0.6072	0.6385		16626	21754	16539		525042	633822	543101	
0.8182	0.1616	0.0878		18589	19000	19245		636175	654382	670469	
0.3125	0.5435	0.7281		18492	18688	18450		656935	662599	697806	
0.1289	0.9445	0.0982		14203	14255	14043		628257	634702	682896	
0.3189	0.4548	0.1603		15367	14280	15852		628921	699990	721808	
0.5494	0.8542	0.4665		23971	23959	23856		698939	725518	710726	
0.8941	0.808	0.3546		25191	22084	25238		623743	587886	645495	
0.7364	0.7238	0.4931		24772	24820	24686		612508	655647	678586	
0.7344	0.6001	0.547		21710	21398	21409		594733	616733	622319	
0.2152	0.2288	0.4866		13825	9312	9710		519158	518324	536563	
0.5282	0.9243	0.3785		20472	20335	23219		581897	605573	623148	
0.822	0.383	0.1565		22600	17660	19595		636034	564822	639720	
0.9668	0.7171	0.9037		24956	24937	24870		599952	612650	623338	
0.353	0.5918	0.0997		13155	14731	11141		590824	658188	570261	
0.5186	0.2275	0.2966		12255	15910	17019		556053	647455	668397	
0.7325	0.6108	0.5506		24737	24615	24634		682440	686321	716544	
0.871	0.8336	0.1745		26161	25074	30881		629748	655488	671889	
0.8783	0.77	0.0836		24679	25123	24767		657602	657294	657931	
0.9923	0.6979	0.0698		22066	22196	22845		623409	647147	647224	
0.7594	0.9584	0.8658		31381	31337	31214		679019	673209	691074	
0.2578	0.4629	0.6821		16017	13023	12883		570396	570870	547975	
0.5563	0.0551	0.202		13979	16173	16975		604524	678266	688805	
0.0989	0.1526	0.8868		14716	14551	14258		617282	661682	673571	
0.2473	0.2266	0.5318		14320	13746	14521		648873	636958	644445	
0.536	0.2214	0.8155		18201	17964	18014		613244	650204	677674	
0.81	0.9462	0.8324		28220	28102	28110		592661	598432	596304	
0.1191	0.1871	0.7611		15916	13512	18023		646114	587740	629511	
0.9474	0.1088	0.5704		21211	16607	15341		653337	564350	568916	
0.3246	0.3982	0.6012		16521	11288	16437		628310	545367	643345	
0.6481	0.5955	0.494		18419	18541	21291		580090	587088	643994	
0.9253	0.9283	0.2732		26741	26715	26859		667472	697312	688122	
0.0611	0.9634	0.8052		20885	20917	20090		674552	677175	661287	
0.3025	0.173	0.3148		11246	11200	14231		594272	606495	627505	
0.4262	0.6791	0.8604		22637	22956	22899		682228	693488	697321	
0.6161	0.6886	0.3718		21100	21129	21051		615385	599168	587957	
0.8253	0.3957	0.3626		22028	22087	22048		669707	693755	717627	
0.7702	0.2755	0.4813		20789	20849	20825		673688	665557	665988	
0.1918	0.5573	0.524		16188	16418	16270		624129	626910	625104	
0.4264	0.2493	0.5984		17013	14520	15133		588038	558452	571131	
0.8299	0.3611	0.4702		15881	21093	15789		566431	668647	580222	
0.4074	0.7858	0.286		19766	19959	19580		636626	658228	661568	
0.287	0.9612	0.1042		16873	16347	17447		590840	587083	606336	
0.3054	0.3511	0.3339		13217	13282	13235		602129	603100	623909	
0.3777	0.1316	0.2638		16122	16427	13483		631204	611074	592816	
0.855	0.911	0.7838		31835	26409	31737		656106	645159	673792	
0.3438	0.1313	0.0635		12991	13048	12773		612078	609328	621250	
0.2577	0.8273	0.3271		15829	15838	15875		615020	617832	615937	
0.2001	0.5717	0.2666		14463	13981	14106		658348	626388	650271	
0.4739	0.6323	0.9836		23093	22808	22954		631263	643498	667286	
0.12	0.7498	0.8697		19718	19771	19595		611377	618873	667494	
0.0675	0.545	0.0557		11897	12190	11155		602804	610195	654265	
0.8934	0.68	0.9075		27765	27468	27348		622494	650055	652342	
0.8824	0.1354	0.32		19787	18906	16472		634455	622564	606528	
0.5815	0.2645	0.789		18653	18556	13340		616624	673232	578304	
0.4625	0.5772	0.7329		17346	17376	19405		546845	547247	589565	
0.066	0.3445	0.5112		11693	23088	14160		612650	684704	680167	
0.8714	0.6268	0.6503		22062	21855	21825		584921	608508	620277	
0.9731	0.7464	0.1807		24446	23582	23497		636460	597318	606738	
0.149	0.3058	0.857		11084	11315	11510		583737	591639	604476	
0.088	0.6172	0.4428		15350	15068	15438		635240	630261	642952	
0.3055	0.0712	0.952		15342	26126	19473		577242	609779	599445	
0.8221	0.1968	0.8504		21773	22075	21798		614201	617173	647464	
0.072	0.2149	0.0743		11098	11771	22445		630359	630985	675524	
0.8656	0.4467	0.5165		23616	18308	23288		593413	550507	641914	
0.2617	0.0687	0.806		9687	15324	14778		541498	547542	641093	
0.3839	0.1476	0.2074		12425	16648	12528		513115	623471	542223	
0.5184	0.5843	0.553		20663	20824	20608		631572	632495	648928	
0.2264	0.7642	0.1296		13892	15956	15006		581802	645575	628475	
0.3658	0.6239	0.3849		19651	19581	15351		604610	606068	597901	
0.2126	0.6352	0.1403		14456	14212	14144		586066	588589	627962	
0.0709	0.963	0.466		18063	17654	14712		588192	606846	581727	
0.0966	0.737	0.7072		17238	17195	17265		584441	614300	619270	
0.4903	0.0852	0.7968		14477	14932	15142		565347	572877	575596	
0.7162	0.7295	0.2954		16442	21782	21669		525521	623317	612454	
0.0846	0.2681	0.497		13526	12964	12895		659684	643722	661301	
0.2638	0.7669	0.2871		15646	15589	15532		614775	626656	689638	
0.6137	0.0669	0.2795		15444	15507	15127		587200	587972	605652	
0.8757	0.8045	0.0897		24266	23971	23852		591789	597601	622074	
0.2342	0.8633	0.6963		18774	18758	18686		606209	608738	627274	
0.2888	0.7691	0.7693		21667	21693	18543		621419	655936	659622	
0.4542	0.5636	0.7408		16839	17017	16860		503424	500079	506590	
0.9511	0.9257	0.5898		26819	26823	26720		563731	564818	581243	
0.8819	0.5067	0.7097		24479	19308	24494		593594	541156	622894	
0.3329	0.8015	0.0862		12055	26106	13726		524533	594805	584875	
0.3418	0.5526	0.4925		17386	17339	17260		607970	628892	649005	
0.9259	0.0644	0.763		19874	20505	18423		587759	590355	593454	
0.4725	0.3035	0.8473		16465	16400	16302		564940	579618	606975	
0.2723	0.8562	0.8354		21346	21453	16154		590742	586914	538311	
0.8046	0.1491	0.4468		17314	17350	16855		594507	609096	634883	
0.6844	0.6349	0.3987		21047	20928	20992		607132	639066	668303	
0.3929	0.5537	0.0952		15666	15279	17786		589135	598099	633933	
0.7231	0.1643	0.6788		16766	13730	16751		607510	585203	643989	
0.523	0.5403	0.3914		19064	19306	16334		584556	573001	542773	
0.2006	0.2456	0.4917		11046	11843	13890		578906	582023	616747	
0.6978	0.9531	0.1159		18853	22212	21399		605499	635590	658728	
0.6529	0.4755	0.8418		23232	23320	23139		582285	605819	640139	
0.3202	0.408	0.662		13525	13476	16570		562593	571607	630385	
0.878	0.7764	0.5474		22959	25046	25113		594746	624714	650950	
0.6476	0.1956	0.6124		17661	17656	17654		550271	576949	593865	
0.302	0.9374	0.9515		23618	18317	23566		626156	558564	655084	
0.8136	0.9562	0.8315		28130	27972	28101		550968	558885	561588	
0.63	0.051	0.7887		13313	17615	12708		567565	691140	608196	
0.5414	0.2246	0.135		15088	13886	17088		592812	587790	627796	
0.7126	0.5974	0.3253		19585	19548	14291		625325	651533	573493	
0.8468	0.777	0.8126		30219	30462	30079		642708	664266	685676	
0.5135	0.5065	0.7725		21707	21805	21768		597507	627045	626883	
0.5137	0.2592	0.5748		17197	17135	17161		592917	592785	618435	
0.314	0.2953	0.85		16445	13423	11412		615054	566101	555495	
0.963	0.4847	0.284		23031	23137	23058		596292	608820	620265	
0.1314	0.2513	0.7637		15711	15131	15059		562991	603153	645622	
0.4198	0.8572	0.8654		25557	25556	25537		621845	624072	633315	
0.0644	0.733	0.5541		16486	17128	18005		619241	633084	647517	
0.5596	0.4227	0.1015		18838	18378	16511		565667	569303	555285	
0.898	0.8806	0.9784		31399	31373	31392		615631	618518	636830	
0.7663	0.9557	0.5794		23154	28492	28380		553300	639221	649238	
0.3262	0.585	0.696		12553	12510	17577		520776	525980	629366	
0.1633	0.6918	0.2509		13612	11207	11197		624679	590092	604809	
0.5835	0.4881	0.6665		15663	20912	20822		585714	667007	675451	
0.1268	0.6154	0.762		15997	18307	13754		538402	576636	516519	
0.145	0.3326	0.3061		12676	22509	13234		592103	599014	617453	
0.7163	0.4855	0.244		17229	16841	18639		563657	573759	614185	
0.3877	0.4856	0.4349		15954	15998	15959		587733	588656	613315	
0.3643	0.2304	0.4578		17124	14490	14652		590099	555560	562661	
0.8822	0.54	0.1225		22310	22474	22354		634812	644123	685137	
0.3441	0.4528	0.9992		15038	14975	14941		589341	580492	597329	
0.7061	0.0586	0.0682		13051	11849	13660		546144	519089	583285	
0.1976	0.335	0.7808		13709	14202	14041		567726	572807	583160	
0.0867	0.5416	0.8705		14677	14551	17185		583109	580464	652336	
0.4458	0.591	0.4187		19718	19554	19569		643126	639553	666370	
0.9997	0.0671	0.3631		28997	17987	18462		600479	599174	644514	
0.9528	0.3444	0.9001		23475	23313	23346		665579	700539	709779	
0.5524	0.4939	0.5357		20337	20307	20275		642728	681373	667030	
0.3461	0.0536	0.5694		13518	17340	15110		629743	652365	652800	
0.5366	0.8851	0.6291		23268	23116	23130		625304	618041	674151	
0.0575	0.7824	0.2795		12298	11451	12063		562465	561879	564102	
0.9678	0.2989	0.4392		18262	18210	18218		583051	582415	604255	
0.655	0.2718	0.7827		13623	18802	13547		578285	661940	592881	
0.977	0.8873	0.686		29596	24293	26026		616416	540442	589813	
0.9798	0.7851	0.426		28522	28488	28397		635947	644302	678012	
0.7244	0.1773	0.8705		18171	17871	17948		627737	626803	636088	
0.8006	0.205	0.6755		20585	20524	20506		624640	614111	659326	
0.5612	0.8641	0.6019		24126	24267	24317		615777	624239	668460	
0.9597	0.8159	0.3109		26176	26137	26136		623244	634635	632335	
0.0657	0.6702	0.0511		12532	12616	12726		627870	638694	656323	
0.6191	0.6858	0.1208		18830	19085	18679		630956	635591	626499	
0.2647	0.4217	0.497		13356	16686	12535		553242	552168	551223	
0.6737	0.2648	0.1884		23855	18339	27582		621663	629099	644888	
0.0984	0.5682	0.4713		13513	15675	16126		570399	604736	610224	
0.2533	0.6436	0.9309		19677	19806	19662		605087	594101	621243	
0.8419	0.9806	0.7558		26566	26514	26427		564372	575926	582308	
0.6706	0.5843	0.9403		18979	21068	21028		577609	586846	594589	
0.1592	0.1135	0.1796		13514	10482	10585		571499	550840	556515	
0.5194	0.1565	0.7217		16598	17477	12212		639289	641713	568173	
0.0981	0.4813	0.2734		13859	13530	9433		596644	602436	557054	
0.9442	0.8618	0.5569		29527	26504	29414		585714	560955	608676	
0.8223	0.2971	0.8851		22931	22791	22837		654629	640781	687868	
0.1058	0.9537	0.4119		17687	17699	17637		587476	618139	625607	
0.4815	0.1332	0.1865		16992	16581	17045		610608	633005	631102	
0.1354	0.5026	0.5214		15570	15978	15267		602102	646180	631998	
0.6922	0.414	0.8785		22735	22404	22726		669646	630444	648715	
0.928	0.6778	0.4661		25755	25880	25878		599541	603252	608530	
0.5762	0.7145	0.6215		21704	21653	21639		583783	602419	648147	
0.3573	0.6575	0.2371		15248	15103	20923		607804	629209	662080	
0.5472	0.9082	0.3257		21575	21376	21410		605638	612333	612805	
0.322	0.1476	0.4977		25621	14745	12207		628600	619106	602916	
0.6183	0.1315	0.3895		17754	12772	17964		611374	550817	620815	
0.0759	0.5513	0.9079		14710	15263	15525		577026	586238	585423	
0.9884	0.397	0.2741		17609	22733	17539		548833	655892	562563	
0.6087	0.4364	0.8849		18954	18889	18899		597775	602382	597782	
0.8748	0.3909	0.1513		19762	22672	21012		565643	592197	568298	
0.9964	0.8829	0.2072		27443	26066	23352		616554	640314	574134	
0.636	0.5287	0.8529		22525	22480	22508		653861	660388	668621	
0.6201	0.1538	0.223		17609	17016	28447		630407	622563	636306	
0.5283	0.9312	0.5473		24204	23992	23986		664552	665606	691663	
0.1757	0.6346	0.8371		13292	13643	13495		550468	549728	552468	
0.8869	0.7091	0.7969		27746	22386	22359		657438	561681	561911	
0.2427	0.9507	0.0746		19887	11029	14970		617034	565263	647073	
0.4251	0.1432	0.2236		14191	17265	13988		587556	584066	588270	
0.5707	0.6677	0.9234		24556	24250	24398		633146	634112	681396	
0.4674	0.3272	0.7632		19257	19283	19179		621782	650445	651528	
0.6899	0.7935	0.5911		24668	21278	24447		625980	622424	641503	
0.3091	0.3252	0.5705		12050	12092	12053		597081	594678	591611	
0.4738	0.5912	0.0904		17532	15767	15861		661796	618771	628550	
0.8854	0.6365	0.3775		21959	24901	24948		601478	630422	651502	
0.6475	0.3264	0.4044		18025	18207	17924		587576	595518	627643	
0.8544	0.108	0.3071		19451	20058	19417		650609	636421	630918	
0.3977	0.6746	0.8856		19972	19918	19940		610085	618748	649594	
0.9014	0.8799	0.3311		25749	25821	25934		635532	655244	697236	
0.4895	0.2967	0.1041		16408	16440	16606		591336	613278	632643	
0.5322	0.7555	0.8248		25676	25621	25548		638023	636879	689327	
0.2042	0.1533	0.5401		14977	14193	14014		617119	615410	655469	
0.7186	0.5018	0.5842		21184	21146	21064		639427	670629	654462	
0.5877	0.4745	0.4122		20239	20313	18192		642938	659312	622363	
0.6768	0.0569	0.2146		15951	16431	15720		615208	626942	625197	
0.3363	0.2784	0.1758		13961	10222	9410		649431	575460	590536	
0.473	0.1703	0.0715		15214	16324	21905		636197	644244	585834	
0.2694	0.3982	0.8467		18271	12786	12807		625814	571055	569911	
0.6275	0.8506	0.772		23321	23453	21415		614506	597250	578368	
0.5336	0.0647	0.3613		15152	20428	15836		612236	618990	631410	
0.1236	0.1218	0.1841		13187	13318	13146		651837	690409	698747	
0.6705	0.7611	0.4245		20811	24085	24162		589128	633664	672149	
0.7571	0.6327	0.8752		26767	26573	23351		679597	685429	637173	
0.6022	0.4244	0.389		14614	14547	14560		536530	541558	540961	
0.6071	0.6826	0.6551		16660	18779	21827		577727	622536	680830	
0.1488	0.9585	0.3719		17726	17770	17681		691394	707385	712732	
0.7315	0.1444	0.9627		21124	21176	21036		700381	705323	723769	
0.5717	0.5412	0.7662		22383	22469	22202		613201	636280	636687	
0.6963	0.2127	0.9337		13981	19359	19193		603648	637735	683323	
0.4548	0.6913	0.3569		18789	18809	18575		617787	626964	605465	
0.4408	0.684	0.164		17717	18144	17811		649264	636225	633132	
0.1622	0.2944	0.1597		13186	13177	22851		664505	669318	708592	
0.5661	0.1906	0.5684		17526	17662	17568		627673	634977	630229	
0.8838	0.8288	0.1677		35204	20508	25344		621423	547652	635621	
0.4279	0.6972	0.2279		18089	16441	18046		640111	595788	655056	
0.9721	0.4386	0.1208		19356	24754	21301		560347	603818	606888	
0.2347	0.2895	0.8072		16723	12016	15683		620448	543250	644945	
0.9094	0.7256	0.2681		47381	18985	24422		591019	563929	644508	
0.8186	0.1737	0.1047		20293	18856	16932		619295	622952	586356	
0.2022	0.3027	0.6367		15062	15203	15106		654476	685870	679867	
0.0849	0.6171	0.1677		13506	13905	13464		592299	604415	611982	
0.9394	0.1696	0.9403		21372	21338	21336		694427	704365	714160	
0.5866	0.1847	0.9866		19297	15986	19158		642201	600877	649064	
0.9349	0.3563	0.5109		21477	21450	21564		655958	687850	714503	
0.4293	0.2627	0.4023		15203	15445	17810		571513	582790	633630	
0.2066	0.2148	0.5946		10263	10533	9541		529819	547206	538510	
0.7366	0.6555	0.7101		25292	25283	25182		715005	734555	740808	
0.1034	0.3115	0.8246		13584	13463	12094		588428	584305	564503	
0.1149	0.8764	0.3206		9810	15101	14911		559319	668761	662596	
0.5325	0.3814	0.8701		21420	21533	21438		648662	666156	645460	
0.2732	0.1223	0.904		10802	10467	10910		543983	554356	543493	
0.5458	0.5287	0.3387		15646	15632	15660		550014	561852	570118	
0.8854	0.2562	0.697		15579	15570	15523		558522	565158	579903	
0.9783	0.7664	0.7829		26048	31467	31559		603578	691222	720350	
0.7939	0.5014	0.8639		25991	20710	20842		644627	556582	555153	
0.7157	0.8805	0.9943		24615	24693	24568		573482	598863	607214	
0.6299	0.4087	0.2689		14559	16647	14561		563597	585835	591959	
0.2634	0.2322	0.8981		13720	13328	13514		588982	599405	599991	
0.667	0.7118	0.2429		18637	17098	20102		611057	610818	660829	
0.3971	0.6014	0.3306		18272	18144	18116		654300	703716	698897	
0.1877	0.7479	0.4061		17886	17851	18067		611789	623665	666180	
0.583	0.0913	0.6505		27163	17240	17912		666040	658014	679451	
0.8725	0.7641	0.44		22776	27482	27617		593881	633563	617226	
0.3584	0.402	0.7477		17856	17907	17876		611129	644885	666627	
0.3139	0.5005	0.8933		13796	13798	18918		558318	558944	655555	
0.0743	0.1584	0.657		13132	13454	12729		603542	625998	614158	
0.6632	0.3985	0.1361		19648	19547	19648		653575	677551	700560	
0.3611	0.3082	0.4881		14616	14832	14580		649745	658310	671066	
0.6518	0.5009	0.2854		19181	19270	18044		657559	667108	676104	
0.9432	0.2421	0.1918		23147	20691	19920		620844	655519	658291	
0.2208	0.2828	0.7066		14856	16310	15076		638093	669116	665803	
0.0592	0.4376	0.7192		13644	15101	14694		640412	655292	625436	
0.6177	0.9198	0.3559		21673	21654	21689		651231	688478	679831	
0.4678	0.7579	0.1633		20732	19751	20016		661665	691182	693534	
0.9168	0.9207	0.2524		26191	26683	27081		678621	669511	696717	
0.5548	0.727	0.8562		24009	24048	23986		685860	708882	717080	
0.4188	0.7428	0.6938		22407	20700	22449		659744	687697	707392	
0.8351	0.4234	0.7564		25655	25589	20358		621745	635648	546382	
0.5347	0.9096	0.8007		26866	21576	26563		666648	583067	676069	
0.1184	0.7621	0.5761		12045	14175	12106		559158	604700	574517	
0.6937	0.8826	0.8138		27372	27371	27227		628314	657088	653029	
0.293	0.1506	0.31		11542	10055	13890		555050	553229	621436	
0.7702	0.4333	0.5127		18160	18114	23382		591782	588764	671004	
0.4052	0.2042	0.9441		19644	35076	19948		661841	702640	690655	
0.4592	0.5814	0.8653		23173	22992	23007		601620	606856	619347	
0.4331	0.9705	0.5516		23432	23447	20275		637214	632351	605108	
0.7943	0.4825	0.9545		21001	26324	26168		557069	659228	677884	
0.4139	0.0645	0.9325		14974	17040	18160		573030	663967	681302	
0.4997	0.2433	0.9724		15838	15693	18815		594825	616110	683628	
0.8042	0.2652	0.141		18555	15631	18827		660383	581005	692928	
0.3813	0.87	0.1781		19419	19136	19219		679705	687694	693069	
0.8767	0.1189	0.1192		17039	19418	18649		585998	645718	639986	
0.7365	0.5417	0.547		18723	18733	23996		516590	516667	639085	
0.4206	0.2142	0.253		17635	17578	17291		615772	622376	652664	
0.4786	0.2777	0.2879		16307	16220	16239		615098	639353	651933	
0.5444	0.6615	0.3838		20687	20688	20611		636808	656600	676818	
0.5669	0.1923	0.1712		17443	16065	16441		640023	677389	671331	
0.3598	0.5008	0.2647		14962	14706	14670		626959	630710	672869	
0.8687	0.4052	0.6639		24218	24154	24319		645574	700043	717972	
0.8392	0.7548	0.7325		30737	30573	30516		654867	692917	683493	
0.6867	0.9402	0.0862		21814	21763	21606		607200	653464	662877	
0.1685	0.7996	0.1102		15231	9328	13659		608468	559752	654081	
0.3992	0.0513	0.1606		23892	14885	15346		582998	607409	609835	
0.9514	0.7384	0.7102		29302	26009	29117		623771	602638	663284	
0.7355	0.0762	0.4368		33914	17376	17748		633559	598733	605738	
0.7133	0.5013	0.579		21221	20878	21545		635117	624485	666031	
0.3262	0.3078	0.2111		14391	17140	13257		610531	633585	640328	
0.6797	0.8985	0.6178		19521	21666	24836		517065	563257	615835	
0.1966	0.6891	0.2829		14836	14708	9478		640427	672528	567521	
0.4058	0.9421	0.5857		18150	18104	23467		538157	557533	675647	
0.4522	0.9428	0.8222		26184	26251	26291		697390	691205	718366	
0.6066	0.5431	0.6773		15565	15613	20930		560606	568028	691366	
0.7357	0.814	0.2872		24930	19487	19410		694784	587861	593716	
0.7151	0.8553	0.2005		21756	21665	21879		685950	677743	690152	
0.1398	0.2423	0.1087		10734	13314	13194		624494	672815	668978	
0.6129	0.4683	0.4633		20532	20588	20529		647762	647643	670319	
0.7105	0.0983	0.5267		28603	17738	18148		616421	616517	648993	
0.2293	0.6521	0.4895		16907	16865	16802		620245	663985	657244	
0.5907	0.7325	0.391		23305	23425	23266		621667	648079	631210	
0.6219	0.6974	0.504		21348	18343	18316		583114	567656	565258	
0.1201	0.1215	0.1491		12888	10532	10603		568452	566804	594651	
0.4233	0.5966	0.1841		17984	13978	18041		601283	534529	617024	
0.6049	0.9575	0.6113		21764	21744	21697		590618	590616	614226	
0.6196	0.3104	0.7313		19906	14627	14498		661371	571246	589483	
0.9679	0.5277	0.4318		24538	24546	24635		633680	636134	653718	
0.4125	0.9244	0.28		20386	20409	20387		632006	682115	679479	
0.465	0.1684	0.2494		16400	17128	16159		618795	616508	655739	
0.9075	0.8062	0.0763		25022	23071	24725		609392	648750	660802	
0.4347	0.1832	0.2776		16556	16560	16928		591774	611135	628573	
0.539	0.8887	0.3059		20676	20588	20645		625896	596098	626884	
0.6882	0.6246	0.8067		20678	20630	20628		552569	554677	569249	
0.1532	0.973	0.6345		15057	14948	15124		569792	572882	585870	
0.6078	0.6373	0.8323		24105	23989	18847		621916	626141	555892	
0.0636	0.4196	0.8053		15012	14717	14676		588486	581462	611884	
0.696	0.1534	0.1435		13634	13885	13911		574252	597952	599905	
0.8144	0.3939	0.9421		22193	22142	25338		639073	650697	714955	
0.3785	0.199	0.3086		14487	14514	11226		589078	609100	575051	
0.5475	0.7745	0.5967		23785	23830	23815		588955	605927	656983	
0.7337	0.9002	0.4321		27348	27346	27303		638074	631401	672851	
0.8867	0.8008	0.9241		31203	30502	27850		629216	629508	586747	
0.6025	0.557	0.2678		16354	16362	16742		563895	565542	569623	
0.1362	0.1604	0.1108		10469	9894	10365		579347	581841	594865	
0.9264	0.3518	0.2415		21488	21095	16401		615328	636246	555801	
0.5576	0.2909	0.6595		18524	13323	13297		602541	522947	543616	
0.6228	0.0898	0.2178		16859	12023	11643		636735	573141	588052	
0.1782	0.1798	0.5037		13706	16922	11181		633192	632963	604222	
0.3819	0.3886	0.4158		15676	15644	15640		584928	587150	587336	
0.0936	0.3988	0.2626		12086	11479	11033		548756	574957	573440	
0.5758	0.2718	0.7938		18754	13418	13412		654524	555477	574404	
0.1992	0.2132	0.9319		12343	16028	12052		550669	627302	559257	
0.8891	0.5963	0.8478		24068	27166	27258		616606	625239	673972	
0.762	0.6398	0.87		27384	27353	27418		637258	656846	698732	
0.3692	0.7521	0.9339		25221	25317	22078		648617	672233	626463	
0.7805	0.9374	0.8113		31232	25669	25698		662747	569700	576702	
0.6132	0.922	0.1974		19615	18875	18665		593100	614342	627060	
0.3567	0.4447	0.9182		18297	18366	18412		676414	690230	703518	
0.7072	0.3515	0.6656		13564	18759	13490		572603	692231	582886	
0.2314	0.5579	0.0957		11595	12049	12350		601426	616637	627307	
0.9436	0.903	0.2289		23758	33593	28151		574712	604976	600190	
0.6411	0.7861	0.4739		24326	24237	24271		641594	660245	703056	
0.6205	0.9641	0.664		25117	25053	25166		636079	664894	678577	
0.8798	0.8846	0.6036		28797	28708	28726		656615	695702	694545	
0.6522	0.4445	0.3422		18928	18913	18783		673178	650152	647495	
0.0926	0.4263	0.7722		13084	13229	12377		537648	537330	546012	
0.5289	0.7964	0.3467		15385	15416	15360		575618	576757	582531	
0.5071	0.4123	0.8175		17942	17932	17957		595824	608861	622961	
0.5068	0.4641	0.8249		16906	16971	22363		580053	582819	687714	
0.4439	0.6429	0.1562		13399	17737	18729		562793	651157	659411	
0.7527	0.3165	0.1384		19864	19504	15282		610160	645197	559008	
0.5161	0.5791	0.2322		18568	13862	19338		605305	568809	653796	
0.6726	0.7647	0.9656		27750	27324	26956		651937	699142	697211	
0.7798	0.5827	0.4073		24158	24047	24390		623358	622001	696007	
0.3648	0.7048	0.1287		15083	15656	15508		603897	615946	607238	
0.9427	0.5968	0.1907		20886	21269	22357		602484	640943	696445	
0.1293	0.9539	0.8276		16022	15933	21254		565099	566715	672212	
0.6622	0.251	0.0684		12142	12561	13236		596490	587716	608693	
0.5576	0.8713	0.4897		24198	23995	24040		670465	661127	665631	
0.6419	0.9503	0.9468		28962	28833	28700		649161	655577	661919	
0.4016	0.0751	0.4369		15670	16647	15833		644460	688328	666286	
0.3278	0.3291	0.6664		15277	15147	15246		657772	675453	696127	
0.3242	0.1541	0.7229		12417	12572	12250		556938	578285	596049	
0.2472	0.6716	0.1515		14232	14344	14197		692789	669149	690664	
0.4025	0.4068	0.181		19430	17697	17470		664423	628509	698248	
0.3286	0.6868	0.6918		18152	18141	18116		618528	631511	669586	
0.3877	0.8753	0.14		19228	19339	19057		636110	668628	695607	
0.4725	0.5982	0.6195		17768	17737	17963		589409	589391	600732	
0.17	0.5537	0.1679		14221	14335	14542		626660	608254	639222	
0.9889	0.3975	0.102		22383	22709	22577		608011	626462	666100	
0.9948	0.1922	0.8773		22203	22138	21933		606997	607037	610146	
0.3438	0.3412	0.9851		17001	17090	16978		671167	669055	686175	
0.421	0.5057	0.1711		17835	18604	17892		646828	698158	698412	
0.5059	0.8698	0.6893		23676	23598	23564		630770	655739	674255	
0.7928	0.6239	0.9465		27133	27044	27043		681158	704331	708808	
0.4928	0.6022	0.2509		18881	18863	18594		608361	661733	678468	
0.0871	0.9666	0.5548		29317	18551	18592		649025	660672	687272	
0.3461	0.3288	0.1792		13915	13761	13404		644857	672828	689631	
0.5955	0.4765	0.1316		19487	19207	19172		679892	674653	700167	
0.9923	0.5432	0.5583		24842	24709	21502		618156	652734	607574	
0.3549	0.6159	0.6163		12367	17658	14417		557568	617640	596635	
0.265	0.9869	0.9425		19394	19227	19391		621852	642728	655149	
0.8664	0.8398	0.8484		31580	28282	28164		654113	590098	610854	
0.5982	0.3903	0.1872		27286	19544	15020		588388	634530	556730	
0.2707	0.8675	0.2994		15999	16109	16055		661836	678237	730775	
0.9459	0.0691	0.7343		31782	20491	21119		595600	616864	660577	
0.5445	0.6183	0.1326		18606	18190	18014		654234	650478	690783	
0.1043	0.4281	0.9157		17472	17540	27017		673475	701573	713564	
0.3335	0.7354	0.8067		16569	16508	18609		560414	577869	639147	
0.9442	0.8287	0.3445		23597	23518	23568		623063	619350	628206	
0.1557	0.0706	0.164		10574	12520	12615		567589	659944	675103	
0.1789	0.7803	0.5784		17509	17398	17379		637047	642609	652430	
0.1375	0.4734	0.6981		15555	16914	18097		625816	680696	675470	
0.7906	0.9786	0.8741		31497	26207	28288		663502	581204	617920	
0.7744	0.1724	0.5548		14895	19704	15000		553614	662213	582030	
0.2461	0.7545	0.5702		18550	15341	13163		676862	626495	597251	
0.7934	0.7472	0.8613		24788	26885	26961		555242	609986	609551	
0.7576	0.9432	0.4225		28280	28066	28088		660553	675048	682396	
0.6823	0.9551	0.3807		25054	25150	24354		684462	707878	688762	
0.1195	0.5605	0.0701		14393	13242	13974		642466	657752	678632	
0.919	0.7848	0.5686		28945	29139	29155		625111	662066	700254	
0.6178	0.6773	0.0658		18882	17951	17979		626562	651991	668746	
0.9017	0.4021	0.0599		21584	21705	21984		629127	679048	697581	
0.9549	0.073	0.717		20926	20543	20978		608188	650537	664294	
0.7027	0.7336	0.8261		27119	27059	26925		664526	636241	691612	
0.9306	0.3522	0.333		20257	20310	20265		613983	670653	683267	
0.0822	0.3975	0.1188		10386	10175	9726		607977	632891	633079	
0.1859	0.7779	0.4466		14612	14564	14549		558253	581877	592119	
0.5908	0.5064	0.7746		19475	19407	19302		583758	606722	620104	
0.4675	0.4601	0.6294		16954	16946	19937		558224	580018	664280	
0.183	0.7478	0.3108		12699	12709	12662		602301	607466	610285	
0.3858	0.0559	0.4459		14560	15869	12150		593637	643899	562776	
0.6642	0.544	0.5951		15976	15914	18034		540628	559096	592108	
0.7563	0.7469	0.7556		24573	24702	24565		584550	594177	594796	
0.6374	0.2971	0.6064		18789	18761	18787		631110	656680	656421	
0.8768	0.5275	0.1312		22873	18220	18358		646447	589939	592362	
0.4592	0.5229	0.4183		19743	14472	19633		634511	565032	649077	
0.5178	0.9197	0.6359		18716	18711	18616		570706	574398	592772	
0.8926	0.7681	0.3611		22463	25751	22273		580496	620596	586164	
0.1648	0.0694	0.5452		12954	12077	23567		620613	630866	689463	
0.2672	0.3084	0.4897		14170	15235	14856		636334	605676	648341	
0.9082	0.2083	0.9729		22366	22166	22115		644158	654974	680985	
0.1159	0.2508	0.5754		13883	14482	14204		619779	652950	650682	
0.3836	0.4779	0.9526		21957	22067	16783		647371	685605	592556	
0.6676	0.1017	0.2243		13593	15325	15011		570635	620428	660859	
0.161	0.73	0.3641		16862	16729	16735		648936	657815	695690	
0.3524	0.5301	0.2222		15007	14943	14536		657984	683823	708255	
0.1555	0.4866	0.2973		14069	13470	13877		634337	657721	663877	
0.6058	0.4802	0.9244		23083	23366	23149		657982	681902	697076	
0.1629	0.1624	0.3621		12813	13095	12017		648442	656802	688979	
0.7359	0.7408	0.3482		24896	24856	24967		623682	666258	687970	
0.9149	0.9636	0.7885		32889	33170	33087		673561	689795	710375	
0.6406	0.4512	0.4471		20198	20063	20118		645093	641643	655936	
0.4155	0.6623	0.229		14066	15359	18230		568876	596772	664735	
0.6211	0.4843	0.8557		23021	23046	17553		644042	670162	568261	
0.7482	0.8675	0.3123		25216	25395	25259		620185	671281	667636	
0.173	0.5953	0.5109		16167	11683	16149		669720	591580	676305	
0.2105	0.851	0.7859		21375	16112	16113		659355	575100	581141	
0.2741	0.4514	0.7799		18027	12800	12765		652811	572164	579182	
0.8467	0.7924	0.3055		25214	25786	25708		671502	706966	690019	
0.4074	0.6543	0.4917		15277	20420	20478		542752	646075	660732	
0.3308	0.0786	0.3713		11949	11943	11825		559821	576845	580189	
0.0764	0.8842	0.947		20835	18890	20743		609272	572636	646800	
0.3228	0.8041	0.9565		22503	22513	17094		650320	684930	577053	
0.4608	0.5636	0.7657		22760	17484	22741		655397	585864	696620	
0.7378	0.3591	0.2225		20601	20337	15988		625779	648973	612034	
0.0757	0.2745	0.7236		10532	12210	12494		564792	598361	584250	
0.3709	0.7165	0.7638		22773	22744	17526		644071	668699	570073	
0.4273	0.2548	0.2799		15278	13889	13738		540682	544305	557887	
0.3851	0.7082	0.0596		17658	15761	16662		607152	578940	647672	
0.7471	0.636	0.3826		24085	23985	24016		603103	602124	612284	
0.5749	0.3028	0.8078		19650	14378	19594		626681	546295	663743	
0.2496	0.8189	0.3105		13005	12963	12947		608259	613068	612961	
0.2438	0.2438	0.3093		10815	11365	13682		582978	592097	670103	
0.1566	0.4659	0.6723		16964	26616	11052		621512	622261	570235	
0.6258	0.7627	0.2642		21066	18026	18526		607439	552627	590119	
0.1712	0.2939	0.6591		12211	11444	12521		576596	576759	580501	
0.8269	0.8589	0.8826		31639	26142	26105		680750	601002	617481	
0.6584	0.2036	0.929		19500	19506	19378		614300	629361	673269	
0.2161	0.3794	0.0572		14349	12354	11689		615253	579987	599296	
0.0837	0.5625	0.8186		17838	18066	18389		614650	631332	678328	
0.7064	0.6662	0.3767		21795	21994	22086		584496	600807	654561	
0.1865	0.4218	0.2569		14695	14498	14073		640287	644091	681033	
0.7773	0.8796	0.3294		25333	25327	25285		623179	666148	687570	
0.9983	0.8438	0.8318		32184	32105	32099		606545	607153	603874	
0.9663	0.641	0.8183		25458	25457	25494		577219	572642	574638	
0.6626	0.0979	0.3993		12770	17083	17625		568935	655591	643034	
0.4288	0.1062	0.1729		12319	18769	24411		551369	626546	592299	
0.7983	0.5829	0.7591		26729	26633	26745		649523	658311	673327	
0.3053	0.4549	0.3217		15078	14983	15011		625071	626827	624426	
0.5103	0.4642	0.1556		19815	18430	17977		627012	614930	619723	
0.8823	0.4756	0.9919		26635	26801	26631		649679	650548	678493	
0.2332	0.6796	0.9421		19793	20014	19782		612363	620722	614090	
0.4107	0.8372	0.5066		22680	22616	22701		632445	630704	636777	
0.6397	0.3324	0.406		18217	12933	12946		639125	554382	572777	
0.5077	0.9782	0.1363		16142	16458	28469		531840	528033	585292	
0.3573	0.1778	0.3781		12063	14299	14995		588957	622792	625333	
0.2399	0.8036	0.4577		18331	18307	18289		607997	612304	667612	
0.8183	0.7232	0.4731		25208	25213	25149		643072	637151	669572	
0.1414	0.6438	0.4333		12625	12580	15614		583034	583986	613854	
0.4315	0.3342	0.8523		19432	19323	19463		619816	623504	639812	
0.1492	0.5966	0.8736		13742	14895	14297		561247	565401	581263	
0.872	0.2134	0.1375		15795	19829	23239		551652	619930	673129	
0.828	0.5874	0.2705		23269	22574	22965		625358	616852	664066	
0.9952	0.2009	0.9487		19165	22584	22378		575903	627723	651668	
0.7786	0.4303	0.157		22440	22088	22259		650493	708533	690186	
0.9871	0.9913	0.2763		21364	21358	26540		535292	588627	648170	
0.2327	0.6713	0.5329		16947	16866	16903		638764	651604	700378	
0.9953	0.4653	0.7143		25117	19725	19779		612900	538630	564672	
0.5582	0.1298	0.2648		17319	15852	16865		584705	589537	629338	
0.9476	0.8283	0.7066		29687	24336	24283		619799	560091	561477	
0.7086	0.1394	0.4127		17861	12283	14366		577156	514047	581718	
0.1792	0.6039	0.8416		18652	19439	21516		624065	665203	669014	
0.284	0.3067	0.2025		14737	14782	11327		605406	637440	590996	
0.87	0.8309	0.7855		28145	28087	28092		566795	568196	590266	
0.4912	0.3154	0.233		17449	17130	16853		599507	602343	614640	
0.5988	0.693	0.7095		19002	21991	21978		560298	589280	656353	
0.8049	0.1341	0.7458		20725	20522	20765		630581	632886	643183	
0.0863	0.1966	0.5632		12536	12418	12265		584628	587561	607268	
0.2982	0.3175	0.8865		11570	11578	16683		561125	561188	673871	
0.4785	0.1852	0.3205		14340	17131	12127		602756	647627	601046	
0.3647	0.2478	0.9605		22353	19614	14865		630927	617417	566184	
0.9891	0.2085	0.7418		22061	22113	21947		601386	606614	649941	
0.4027	0.1208	0.1525		14639	13814	12084		573129	569286	568715	
0.7186	0.0777	0.782		18193	27619	18511		625017	573044	677706	
0.6796	0.319	0.92		20564	20536	20552		633369	631954	692815	
0.9324	0.8561	0.8089		28612	28574	26417		570624	595659	572051	
0.1044	0.6187	0.996		19360	18158	13553		601075	646175	558501	
0.151	0.5422	0.152		12049	13474	14211		578774	639830	640286	
0.3158	0.6185	0.6379		17940	17925	12556		614431	661951	570710	
0.8209	0.649	0.3313		18085	23325	23439		524168	614709	652298	
0.6747	0.1142	0.5197		16956	15009	17705		596806	562635	627972	
0.0515	0.9102	0.7426		17678	18642	17354		564242	564913	579450	
0.4324	0.1754	0.8958		15791	15189	15014		554496	556259	561963	
0.9193	0.9607	0.5933		30455	24650	30162		666036	570368	670523	
0.936	0.2305	0.3417		20771	17922	22346		547984	612640	665903	
0.3843	0.5849	0.5124		16893	16888	19970		592411	620313	646745	
0.1147	0.5924	0.0612		13539	13687	13880		649742	708466	705720	
0.0743	0.2194	0.0518		9685	7061	11314		580604	538359	668502	
0.0523	0.4243	0.8365		17447	16314	12275		624175	661142	586515	
0.2645	0.7488	0.2427		15940	20381	15743		654326	687495	713410	
0.944	0.6394	0.7859		23024	23285	23045		552911	565510	580099	
0.4458	0.5204	0.0715		17489	17344	12807		612810	641785	571919	
0.8902	0.4832	0.9059		26479	26476	26218		613377	644782	649079	
0.4841	0.5118	0.6454		20328	20477	20375		664103	682837	716755	
0.5869	0.2126	0.4534		22498	18546	17928		632239	644165	689241	
0.5459	0.2497	0.2245		17449	17169	16422		612516	646602	676284	
0.7394	0.6564	0.5509		25214	25305	25196		643766	686642	710421	
0.4974	0.3505	0.2514		15104	17901	15319		651175	673421	623968	
0.5613	0.3957	0.1381		15934	14463	13867		594714	593089	580468	
0.5835	0.0721	0.06		13725	16652	14819		614024	693661	700992	
0.4683	0.405	0.8939		21584	21630	21560		644976	677055	688844	
0.7125	0.2579	0.5132		17672	17746	17728		622935	641438	676757	
0.2463	0.6448	0.1073		11464	12371	10445		578147	587286	580094	
0.1923	0.6214	0.963		13957	19267	19402		559348	632725	667889	
0.1968	0.2825	0.7893		16806	14162	14075		659776	601784	625282	
0.3772	0.5859	0.8187		22648	22682	17048		690990	672092	607982	
0.2057	0.5884	0.4119		13198	16299	16335		563077	620805	663282	
0.0663	0.1462	0.2459		11324	11561	11552		603781	636871	667204	
0.3931	0.4532	0.2034		15520	15766	15173		563751	582889	589292	
0.418	0.9307	0.309		15244	15173	20475		576310	583772	686510	
0.8995	0.8629	0.25		24830	25921	25664		625823	660847	691716	
0.1011	0.5035	0.3432		14348	13821	14005		625155	655146	670446	
0.4349	0.4175	0.9581		21516	21426	21493		673133	654449	696740	
0.3073	0.4743	0.0758		14542	12267	14551		621832	605624	692421	
0.9935	0.1012	0.4733		20457	20569	19746		645047	655043	652644	
0.1382	0.1175	0.3753		13829	13592	13131		653719	622486	691415	
0.7181	0.3639	0.0515		18031	18535	18373		619568	661558	688293	
0.1636	0.7949	0.7426		19777	19741	19708		680687	703162	713271	
0.3618	0.5879	0.7101		17818	17723	17823		628911	650179	642439	
0.0663	0.3462	0.7934		14810	14545	13372		638944	668879	634992	
0.2723	0.5411	0.2967		13930	8726	13752		614352	553115	646913	
0.2597	0.9802	0.4944		16001	16042	15909		557349	572709	580849	
0.0858	0.5957	0.0822		12686	12319	11994		577897	592284	638037	
0.5816	0.2791	0.2074		18379	14408	14931		618556	574342	583013	
0.537	0.7206	0.1029		18060	17503	18196		615228	619781	643890	
0.3574	0.2609	0.2335		12940	11629	11940		646076	654582	660119	
0.2538	0.1111	0.0735		13279	22510	12946		610109	662134	644633	
0.3185	0.1894	0.0812		14014	10616	12021		618403	542839	591647	
0.6592	0.205	0.4574		17804	17705	17781		602505	632237	688947	
0.7202	0.9726	0.7812		28650	28296	28235		647997	658894	692769	
0.6333	0.7632	0.3519		21187	21170	21237		618681	679119	679419	
0.9876	0.8208	0.3284		26821	26793	26846		584407	628905	634978	
0.3788	0.1167	0.1684		15738	15179	15687		603734	620738	655008	
0.4838	0.089	0.3746		14096	16919	13826		610129	649676	600323	
0.8041	0.5528	0.5789		24952	19545	21633		645923	569268	599826	
0.5203	0.776	0.9261		26212	26122	20617		666207	674960	601236	
0.7069	0.5794	0.882		24100	24185	24024		633107	647119	673327	
0.607	0.4464	0.5841		20336	20272	20329		634217	659641	700657	
0.2864	0.8078	0.262		16860	16329	16563		607331	636929	654809	
0.6248	0.1377	0.5347		14982	15450	18447		590844	659471	691518	
0.9297	0.1123	0.6213		17857	18438	20500		589564	604699	668576	
0.7317	0.4538	0.9954		20149	25376	20025		569141	667394	586082	
0.3347	0.5116	0.8244		13982	13797	13688		564807	565459	578302	
0.6192	0.053	0.8796		18804	18497	17896		594001	620655	638467	
0.153	0.4377	0.7182		16168	15912	15720		639230	625681	665412	
0.4821	0.6898	0.732		23677	23743	23512		620094	641910	636209	
0.3351	0.5132	0.6834		17345	17351	17354		621433	637184	657677	
0.8539	0.1139	0.3268		19473	20019	19645		662930	665024	649292	
0.9181	0.8126	0.9576		32241	32113	31961		681444	697954	706797	
0.5124	0.1318	0.7915		17649	18596	19382		654623	681957	680681	
0.875	0.944	0.2407		26699	27733	27083		656026	688671	689297	
0.5417	0.8342	0.3348		20611	20579	20576		633764	664455	660841	
0.4649	0.9042	0.9967		26320	26409	26310		646903	654276	661851	
0.5349	0.7811	0.5482		23317	23243	23169		673154	683978	705846	
0.2646	0.2097	0.9852		16833	16355	16279		646109	643605	676355	
0.9018	0.0635	0.3888		19779	20207	19913		634279	629001	656347	
0.4581	0.3901	0.5234		19452	19372	19469		651051	657761	689666	
0.8098	0.3116	0.3868		20762	20791	20557		632421	649236	667892	
0.9039	0.8601	0.9014		31532	31261	31224		680763	702403	732812	
0.3664	0.283	0.2034		17169	17025	16667		603228	638052	630193	
0.6556	0.4632	0.4094		17681	17714	17572		546956	557373	575895	
0.7631	0.3891	0.5623		23843	23860	20472		610461	656083	671143	
0.1865	0.3134	0.5849		12801	22331	15435		595606	622978	680791	
0.0932	0.9097	0.5835		15284	15248	18535		596704	626786	689624	
0.2845	0.483	0.0859		14784	15599	14393		578045	633412	618059	
0.7226	0.1625	0.8797		18201	18308	18201		708220	712991	711983	
0.5955	0.1607	0.8079		23393	17611	18589		681576	686253	680991	
0.394	0.1919	0.1407		16595	16334	16686		647197	652713	671329	
0.5683	0.0932	0.1108		13799	14908	14899		645976	597090	608863	
0.1818	0.5984	0.9799		19964	14546	14009		655213	596486	599714	
0.2757	0.2573	0.478		15579	15426	10468		596769	643679	553239	
0.2773	0.3341	0.4786		11741	11802	11735		617999	585160	607428	
0.6661	0.8399	0.8132		27564	27313	27412		683972	670817	713008	
0.318	0.2684	0.0544		13091	10057	14277		658626	568296	654158	
0.9043	0.2842	0.7703		22973	22860	19629		605651	607642	582572	
0.8898	0.5049	0.682		25105	19502	21510		672878	586419	608146	
0.7296	0.3357	0.3244		14406	19578	19568		537082	653917	653672	
0.9653	0.378	0.5658		21660	24956	21391		580217	642530	597051	
0.2201	0.1316	0.3484		13408	14394	13158		629162	641288	642111	
0.162	0.7366	0.2342		9897	10417	11765		605713	601530	643450	
0.5871	0.869	0.1419		16535	21079	18217		577177	683300	615034	
0.5762	0.4179	0.2875		13319	18710	13533		548331	641854	551279	
0.9716	0.1767	0.7424		21222	15955	15917		684438	563196	581422	
0.2687	0.9108	0.8496		16981	17060	16948		531579	547451	554424	
0.4071	0.6753	0.7172		15568	15535	15550		540406	563298	568049	
0.2203	0.6112	0.9765		16120	16230	16094		580529	587182	589920	
0.9795	0.6598	0.2898		23909	23844	23868		612180	614516	636480	
0.8776	0.6798	0.1292		23194	22870	22654		631840	658770	680361	
0.426	0.4211	0.1724		17691	18180	13518		646469	620183	560352	
0.4706	0.7919	0.6857		20182	20178	23332		612091	606413	698470	
0.1843	0.8427	0.3616		12825	10701	15914		570106	550708	675313	
0.9697	0.1503	0.1767		18099	32579	20576		602476	647160	674004	
0.3997	0.4307	0.3577		17585	17502	17522		651748	650622	686891	
0.9268	0.139	0.3645		20728	20523	20655		673466	684855	705560	
0.107	0.524	0.2043		14493	14260	14371		617507	627350	651162	
0.5797	0.5063	0.9693		23220	23261	23148		686610	693464	723284	
0.3508	0.6268	0.8019		19817	19616	19537		684307	692082	705564	
0.853	0.5711	0.437		24844	24784	24914		608279	637580	679647	
0.9838	0.1212	0.5993		21624	21455	21071		622053	644191	667484	
0.9874	0.9601	0.6553		30308	30356	30247		620271	671860	699301	
0.9165	0.7197	0.0721		23153	22678	23012		664508	653472	642059	
0.9153	0.9608	0.4054		24283	24312	29557		562077	565010	677372	
0.9114	0.7319	0.2526		24189	23555	21370		584580	605744	591210	
0.0879	0.2292	0.558		15418	9534	13744		603017	554494	649544	
0.1786	0.5769	0.6156		16828	16942	16598		610622	628316	612100	
0.6425	0.4486	0.4432		20143	20372	20259		626623	652292	663380	
0.7585	0.7508	0.8063		30093	30092	30057		624880	649899	649544	
0.9594	0.415	0.4381		24033	24273	24266		635017	683768	688600	
0.0924	0.892	0.4559		17693	17673	17722		672080	667949	691743	
0.2737	0.2182	0.1371		14975	13797	24514		651093	666413	667919	
0.8835	0.4005	0.8594		26032	21534	22628		651936	634978	588786	
0.5793	0.7788	0.7671		21038	26491	26389		578451	644980	642591	
0.9466	0.0574	0.9472		27534	20936	21613		627780	644512	642764	
0.7898	0.8798	0.6875		28490	28479	28241		657071	699331	698742	
0.383	0.5521	0.3148		18420	18301	18252		647965	644821	655446	
0.8886	0.8255	0.3286		26202	26094	26038		689770	688894	673906	
0.4823	0.1296	0.4372		17193	17189	18273		632976	677520	664914	
0.3586	0.8646	0.7709		22859	22579	22484		729604	734812	752421	
0.867	0.5006	0.5186		24423	24325	24531		653289	661847	684301	
0.8522	0.5056	0.1181		22455	24491	22538		656360	693517	657270	
0.3427	0.7779	0.553		19741	19630	16512		685113	670436	624501	
0.0639	0.3788	0.0765		12901	12045	14322		673037	672282	697324	
0.3467	0.5962	0.6657		17921	18063	17838		656194	672572	682827	
0.4476	0.1112	0.3118		15927	15920	16059		645755	650481	645485	
0.8187	0.2832	0.292		16766	16737	14677		583338	591753	572047	
0.3309	0.9733	0.9194		18641	24070	23946		534548	634842	672627	
0.4985	0.6654	0.9866		24016	24456	24059		643372	660243	651758	
0.5383	0.4735	0.525		19879	19855	19794		621625	641072	652347	
0.7108	0.9203	0.2532		23243	22529	22368		577684	595969	595296	
0.2652	0.7062	0.6584		12064	17325	11981		506278	578311	521927	
0.8189	0.4517	0.0609		22332	17111	21674		583255	533452	603960	
0.8528	0.9751	0.4611		25879	29077	29144		575962	607855	647812	
0.7476	0.0714	0.9417		22048	21123	21157		649571	631233	631658	
0.9634	0.4485	0.8362		26464	20872	20943		692930	587860	584988	
0.4735	0.1132	0.9253		13507	16271	19003		548832	580813	637070	
0.9359	0.8426	0.9822		27286	27268	27232		582323	581120	590158	
0.9529	0.4987	0.3022		23253	23306	23317		623654	643638	658663	
0.6293	0.3817	0.8159		21822	21679	21660		639514	647947	656455	
0.3093	0.0602	0.2194		13890	12521	24206		661986	660733	670900	
0.8049	0.3805	0.3458		22189	21933	21937		667685	676995	675284	
0.8221	0.6686	0.9711		28469	28097	28554		697058	705659	697535	
0.2933	0.6487	0.5067		17907	17885	17912		652183	656935	677838	
0.9452	0.3994	0.395		24275	24251	24455		639559	646264	668120	
0.5996	0.663	0.6105		21932	21876	21829		674162	675166	670839	
0.5561	0.9207	0.4641		24886	24785	24667		653108	645547	653413	
0.9517	0.0718	0.6939		21118	18185	18176		620791	579918	584355	
0.0819	0.4505	0.2865		13152	13068	12533		580123	577993	572822	
0.0669	0.58	0.3168		13397	14186	14047		600986	619262	611244	
0.8838	0.7735	0.0771		25351	24104	25366		646395	643529	631408	
0.11	0.1106	0.1928		12579	12426	13525		639198	637625	637921	
0.8184	0.8541	0.8574		31601	26164	26070		628627	543178	559539	
0.5669	0.9788	0.6469		19971	19813	25423		572263	568602	671251	
0.9021	0.5348	0.9889		26590	26436	26454		693398	702567	714565	
0.8927	0.9225	0.3322		26371	26576	26665		663059	655700	656328	
0.2292	0.9419	0.4462		15624	15556	15561		565937	563947	565166	
0.9618	0.6031	0.9195		28426	28248	28303		636077	638780	672729	
0.9592	0.6224	0.1766		23417	23725	23807		643142	647666	657334	
0.273	0.5374	0.7625		18866	18847	18697		622757	635805	619534	
0.6046	0.5134	0.2613		19308	18961	18866		600924	628483	625297	
0.7452	0.7152	0.932		28196	27946	28014		672527	676569	677586	
0.7226	0.8536	0.7071		25160	25138	25064		677587	678581	672790	
0.4868	0.171	0.642		17723	18011	17484		635727	678776	657630	
0.8995	0.8126	0.1828		25388	25509	25920		664700	670898	667483	
0.1362	0.8369	0.7209		18076	18047	18050		691880	698263	707063	
0.3308	0.7778	0.1445		16566	16431	16141		622543	652897	669281	
0.2315	0.3946	0.2766		14655	14964	15061		638798	683537	666183	
0.3929	0.278	0.7891		19353	19197	19159		625175	660900	671003	
0.6326	0.9969	0.3765		24168	24310	24277		626853	634412	645110	
0.9061	0.1331	0.611		20898	21494	20851		661208	663667	680098	
0.8817	0.2465	0.3019		20332	20727	20240		616849	617325	603523	
0.5991	0.2169	0.9152		19934	19521	19536		606637	621721	596795	
0.678	0.8553	0.3149		22297	22255	22338		636181	626919	662403	
0.4305	0.6447	0.4146		20353	20340	20281		597130	614003	637368	
0.7223	0.3557	0.8383		20209	20162	20051		630935	654296	673283	
0.8164	0.0754	0.7522		20380	20457	20930		605819	621236	644132	
0.3879	0.1079	0.1192		11823	11854	11493		570293	569578	561792	
0.7608	0.9145	0.8391		26384	26262	26170		542435	546761	561982	
0.5258	0.1744	0.1406		16848	17380	31672		624494	632727	677655	
0.5001	0.1667	0.0784		17328	15771	17702		634923	596761	632042	
0.2686	0.3715	0.3205		10448	9902	13694		572409	575397	573279	
0.643	0.5135	0.7048		21510	21543	21546		658324	654610	620647	
0.8196	0.6104	0.0895		22734	22266	22865		667164	645551	659737	
0.6051	0.1312	0.9933		18355	16463	16455		676225	638355	602726	
0.2989	0.7102	0.5037		17894	17887	17859		649103	680465	685637	
0.0693	0.5348	0.6483		13092	13121	12985		582404	605574	599645	
0.6568	0.1987	0.4133		12907	13165	12841		543031	562116	567489	
0.1021	0.2363	0.4183		24055	12089	14225		583126	577589	634416	
0.9575	0.1456	0.7099		15164	20176	20446		551766	639262	656668	
0.9809	0.4841	0.1863		23458	23204	22359		639690	662146	670355	
0.5339	0.7049	0.0735		19323	18941	18343		641476	647161	655741	
0.065	0.7117	0.7846		13765	13927	18341		553253	539935	621200	
0.3711	0.0791	0.3752		24792	13917	14003		622719	633753	632980	
0.9574	0.2987	0.9093		23918	24103	18638		640364	677126	582559	
0.7447	0.2956	0.3527		16495	16388	16437		566451	600687	590077	
0.8973	0.4002	0.7794		20491	20358	20312		553558	571336	571771	
0.8973	0.4414	0.5715		24371	19112	24212		640759	573498	667423	
0.5277	0.3774	0.8366		21807	21702	16300		614907	638059	543045	
0.3227	0.9638	0.7765		20132	20135	18041		570316	590168	556703	
0.663	0.2489	0.318		14684	14798	14109		559605	580591	571506	
0.2647	0.2494	0.751		11363	13277	12564		557179	585940	583896	
0.4534	0.7274	0.3459		19810	14590	19306		649839	560814	638290	
0.4653	0.872	0.516		20130	22688	23048		582393	668047	670480	
0.5439	0.8948	0.5144		23126	23222	22472		630722	662041	658209	
0.7539	0.1052	0.069		18770	19758	18972		667305	659948	668513	
0.1292	0.5808	0.6435		12229	16211	13848		566410	645194	606899	
0.0518	0.4176	0.5698		13541	14789	21200		605278	675133	619801	
0.4136	0.9364	0.3732		22865	22942	22793		658791	659445	672277	
0.4457	0.6762	0.2383		18293	17909	18314		629691	656638	665000	
0.1275	0.9655	0.6067		15331	18556	18543		628141	629353	648258	
0.7411	0.2119	0.3031		19971	19988	20255		658989	635295	662279	
0.5402	0.1037	0.8113		18550	18196	17877		630630	638291	645157	
0.5212	0.6344	0.6175		20858	21026	20922		639896	681869	673920	
0.4049	0.5963	0.6583		20657	20807	20667		654027	696477	691890	
0.6354	0.849	0.4141		23924	23778	23783		658456	682625	675348	
0.4095	0.326	0.5252		17828	17574	17534		635187	683544	687320	
0.8008	0.4554	0.5836		24447	24608	24282		673529	704449	684030	
0.074	0.2682	0.9046		14756	18801	12770		634302	661472	607689	
0.3521	0.148	0.955		16621	11032	13563		643021	582611	585607	
0.7841	0.7828	0.8322		30296	30148	30204		666881	646264	674924	
0.8972	0.6353	0.6796		25238	22101	25354		670384	616531	680157	
0.1667	0.3659	0.2319		12364	11774	10401		581284	579560	579512	
0.4308	0.4845	0.9279		22236	22078	21645		658899	673529	677629	
0.2303	0.7574	0.651		17454	18749	18617		619932	643248	642002	
0.7551	0.2857	0.1124		28655	16966	20028		661422	608088	653182	
0.607	0.4732	0.3288		18959	18946	18952		619644	627386	648026	
0.1025	0.7002	0.574		16461	16482	16434		623903	632765	629019	
0.5906	0.4105	0.804		22211	22333	16764		661670	662322	565330	
0.7414	0.4628	0.3101		22273	17095	16931		634816	570386	585268	
0.156	0.5411	0.9778		15704	15725	15362		598724	597042	601187	
0.825	0.1656	0.4492		20584	20370	14714		673128	674767	586158	
0.7332	0.1157	0.6707		19876	19844	19827		665241	668269	675674	
0.883	0.0806	0.1453		19145	30065	19115		636667	658067	662982	
0.1563	0.321	0.9306		16240	16738	16680		622833	616331	654023	
0.5637	0.3824	0.2684		19399	19960	18570		670633	661669	688198	
0.1398	0.4071	0.1584		13480	13670	13682		638723	629601	682886	
0.7503	0.2891	0.435		21031	21019	20900		636954	657118	682343	
0.6392	0.2956	0.5829		18811	18787	18847		661617	658022	647240	
0.9189	0.8234	0.1619		25328	25989	26992		649563	647027	662010	
0.926	0.4349	0.6645		24959	25012	24969		650270	668169	676933	
0.3402	0.8772	0.4418		19600	19594	19622		657552	689321	690467	
0.4624	0.7543	0.4737		22948	22687	22858		663351	679880	708620	
0.0714	0.5707	0.1879		11251	10945	11767		607177	624576	609033	
0.5315	0.8591	0.305		20978	20669	20678		672833	689896	695105	
0.9409	0.2735	0.8122		23259	23215	23164		652587	654961	661059	
0.6898	0.1456	0.7382		18376	14889	14905		655082	602384	606201	
0.9837	0.2049	0.178		21042	21079	20076		634955	640690	660537	
0.9696	0.4282	0.5304		19206	24527	24528		601982	699953	706637	
0.9241	0.1572	0.9209		18760	21575	21678		688607	691814	699490	
0.7236	0.6359	0.748		23603	23569	23563		678309	686409	690412	
0.098	0.1366	0.8143		14119	14260	14204		612297	625856	633665	
0.1958	0.1637	0.1239		13542	13503	14112		669603	657992	672942	
0.2947	0.9607	0.6936		20805	20692	20883		630749	629970	615093	
0.816	0.5854	0.5675		24689	24882	24869		641975	648556	654083	
0.442	0.9819	0.2648		19763	19298	19898		642720	649984	682358	
0.1139	0.7929	0.1957		12129	11889	11969		550539	570677	570944	
0.2729	0.6041	0.7091		17985	12708	17667		622045	564305	655366	
0.9486	0.8921	0.1374		26163	21132	26096		633887	594501	662212	
0.8705	0.7291	0.9612		27894	28040	26007		619203	638210	609336	
0.1647	0.7532	0.3766		16846	11696	11613		629393	554704	550586	
0.086	0.2742	0.2574		12815	15467	13505		652325	637114	651867	
0.1502	0.3599	0.7487		16702	10835	16450		629207	556757	646973	
0.9362	0.6961	0.2205		24198	23027	23732		623794	598235	638636	
0.7726	0.2706	0.3464		17325	16974	15066		612729	625692	597487	
0.5328	0.1733	0.0905		15598	16188	16248		610925	613854	641318	
0.8492	0.4557	0.5598		24654	19381	24769		663097	568902	639578	
0.7827	0.1777	0.9164		21353	21267	21254		687331	677685	688859	
0.5929	0.6482	0.1215		18745	18715	18860		609363	608261	617787	
0.3941	0.4463	0.4518		18501	18524	18509		639812	642339	660272	
0.2024	0.8829	0.2732		16108	16258	16177		688039	653913	696105	
0.6882	0.3212	0.3294		17175	14068	14002		662688	600227	604074	
0.4557	0.9604	0.8631		27282	21815	21676		642871	547792	549699	
0.5457	0.8036	0.4058		23526	23629	18164		677622	682987	589648	
0.5074	0.1432	0.5347		17474	14105	17520		683461	589321	667677	
0.0508	0.3184	0.9915		15596	11711	11776		609140	549231	553152	
0.8329	0.5034	0.8475		26600	23444	23388		610188	567314	577656	
0.4604	0.9582	0.2353		22064	20877	20636		678332	654731	680786	
0.4813	0.8197	0.8659		26696	26485	26451		648895	677229	682369	
0.2804	0.6774	0.3632		15565	15622	15297		684710	696067	666901	
0.2021	0.5847	0.7208		16965	16929	16941		626909	624739	635232	
0.635	0.1194	0.1645		17075	16296	17114		628743	612100	620585	
0.8119	0.9243	0.5411		22700	27790	24819		588904	669013	617211	
0.6775	0.5512	0.3153		14487	16563	16494		561608	591675	592623	
0.3572	0.4307	0.0844		12514	12039	12079		587013	576590	578780	
0.7876	0.8376	0.5557		28371	28245	28130		636761	657951	660539	
0.5482	0.1038	0.9266		19534	18455	18971		640937	687656	679408	
0.973	0.8522	0.9696		32735	32811	32731		662635	706000	715200	
0.2601	0.9895	0.2978		16308	16192	13071		632834	671960	606050	
0.4784	0.5739	0.2567		15814	18580	15956		554532	619848	580994	
0.2583	0.8062	0.2149		15682	15132	11334		647781	680810	591455	
0.7153	0.2466	0.9879		19850	19696	14228		657380	635843	573107	
0.8586	0.7858	0.4371		28004	22510	22535		694584	602188	607668	
0.9087	0.2242	0.5097		17210	20470	20502		576928	603557	646619	
0.8045	0.1694	0.8565		21022	20953	20923		698624	700178	683351	
0.1244	0.2555	0.4956		11780	11585	11145		596344	599868	608668	
0.4615	0.254	0.2593		17053	14039	14242		642739	589072	582434	
0.3245	0.8606	0.4466		19554	19638	19548		632646	655244	665785	
0.1031	0.2051	0.3671		13951	14629	9857		625246	650271	568552	
0.6731	0.3776	0.0524		16434	16533	18662		555705	576506	638332	
0.7532	0.4984	0.7764		26167	25842	20586		683174	675941	591124	
0.601	0.4321	0.0962		14116	15107	18747		585081	594787	670981	
0.3848	0.7216	0.2902		18361	18264	18164		644401	658962	695135	
0.9519	0.5217	0.3317		23506	20114	23232		690636	662182	650860	
0.2509	0.7128	0.5499		14252	14190	14230		592404	619327	615576	
0.3668	0.953	0.272		15865	17314	17833		555603	596548	606787	
0.4449	0.7478	0.9436		22021	22066	22017		580490	582876	583274	
0.5478	0.3254	0.7494		19990	14589	14593		609503	544610	548880	
0.3902	0.8042	0.1662		14366	19724	14691		553025	630700	563905	
0.6654	0.4478	0.8627		22705	17253	17177		634034	567954	566299	
0.8024	0.0637	0.8375		20845	18590	17295		638651	584476	586405	
0.6716	0.3917	0.0908		18931	18707	15169		649643	663982	566835	
0.4474	0.2144	0.6533		18213	18180	18200		645083	624772	652642	
0.2504	0.9696	0.059		13088	18006	14595		589461	593347	638647	
0.1077	0.4071	0.9066		17412	17053	18340		565028	588516	626190	
0.5673	0.4059	0.8737		22437	22421	22414		605002	634214	626814	
0.7318	0.703	0.617		25320	25291	25311		602988	597269	620187	
0.6205	0.4483	0.6966		20664	20610	20603		642877	649603	645001	
0.4627	0.0646	0.6406		16858	16712	17280		627987	647694	645341	
0.408	0.8087	0.8328		19648	19685	19620		590915	578272	578136	
0.801	0.8459	0.1027		24920	23848	24684		635915	650206	637407	
0.8846	0.994	0.6765		23931	23872	23849		559730	573121	571827	
0.6404	0.7328	0.7917		21700	21711	21613		569832	575305	586628	
0.2871	0.2957	0.885		13690	13687	11467		556524	563914	534458	
0.313	0.0756	0.8897		11910	15778	15306		558166	653580	654929	
0.9678	0.7998	0.6328		29120	23651	23667		620963	538346	537262	
0.6948	0.9798	0.7741		25307	25252	25173		596074	596737	594862	
0.3661	0.9405	0.7796		20989	26320	21003		559510	646588	572129	
0.15	0.8556	0.4065		12014	12157	12099		558069	575753	571345	
0.2357	0.6514	0.6715		12261	12184	17521		544785	558473	672620	
0.1137	0.7286	0.9871		20454	20409	14962		677104	675089	573329	
0.5862	0.7498	0.8986		26507	21082	26468		692235	601904	714395	
0.4167	0.4138	0.4264		13499	18996	18807		536336	621659	620923	
0.2028	0.7147	0.3722		17004	17045	16741		634842	635379	630473	
0.1487	0.3327	0.7264		14426	15670	15240		609515	649413	653302	
0.8043	0.3556	0.5909		18258	18230	18147		568338	591539	591416	
0.842	0.6694	0.2491		20326	22415	23286		588620	672830	667622	
0.9464	0.7834	0.1347		26156	25962	22820		618800	668351	603314	
0.9488	0.1534	0.4904		20434	17546	17777		663970	615973	625320	
0.1954	0.1627	0.0801		13853	12974	12337		654007	664184	654325	
0.6016	0.1363	0.4489		17167	15513	17570		650008	599677	673448	
0.142	0.5073	0.9763		18875	18505	18414		636255	664847	671747	
0.6246	0.6821	0.3506		19612	19659	19733		663263	644186	663947	
0.352	0.4038	0.492		13275	13193	16513		628697	590243	650521	
0.5137	0.9409	0.856		27271	27346	27281		626992	617871	614363	
0.6454	0.3065	0.256		13264	13145	17621		544468	544765	654957	
0.4858	0.5884	0.54		20457	15212	20337		608222	535994	616090	
0.9228	0.8077	0.518		25477	28867	28685		560144	606236	622850	
0.3295	0.2583	0.6324		12530	12802	15723		562366	565097	613047	
0.08	0.9169	0.5238		14032	18585	18604		534940	609442	594301	
