9.997187793696959979e-01
9.995343623848917947e-01
9.994461304195247919e-01
9.999838790034871749e-01
9.999139249714666944e-01
9.993936172940335316e-01
9.997461016525529542e-01
9.998030976721439256e-01
9.993655940124916981e-01
9.999633462532160344e-01
9.998833591528619724e-01
9.996017506529281116e-01
9.999505694059339644e-01
9.994396157256986157e-01
9.996506863057171843e-01
9.998754536132268278e-01
9.996701275986421553e-01
9.996274303019344609e-01
9.995519628963841496e-01
9.993781772819186893e-01
9.998125045418352341e-01
9.995415812941387257e-01
9.995479752572131726e-01
9.997276502774934404e-01
9.993405067159774058e-01
9.998590507777114222e-01
9.992550305608879357e-01
9.996725268993748026e-01
9.998033284609932902e-01
9.994456601694232667e-01
9.998274834745289885e-01
9.998555273820295408e-01
9.997934578966010122e-01
9.999797777906686003e-01
9.998877160694610300e-01
9.998693641859217607e-01
9.993792422274939691e-01
9.993052939262908607e-01
9.992224638810490722e-01
9.995202511715195470e-01
9.998971699552462455e-01
9.993187489056405415e-01
9.998355166286745366e-01
9.994288608562360565e-01
9.993505765902113147e-01
9.994422821858603978e-01
9.995928122806190252e-01
9.997545252899331381e-01
9.997868202008644012e-01
9.996730435058892583e-01
9.996523282208465977e-01
9.992563586512042129e-01
9.997065233461039924e-01
9.998073429260231348e-01
9.997773342591447232e-01
9.998454564593083349e-01
9.993991434424700504e-01
9.994958831504627828e-01
9.997096537132149630e-01
9.998509115679360404e-01
9.995276038504428140e-01
9.999890447566505136e-01
9.999040437552046967e-01
9.997659789196053914e-01
9.997589707309590956e-01
9.993504466398914765e-01
9.999453898696238907e-01
9.995244326548853309e-01
9.997802110349729432e-01
9.996783398639197404e-01
9.996685004709073841e-01
9.993488517444405472e-01
9.998030490582642260e-01
9.993009259310134951e-01
9.996438527736457580e-01
9.997716244778462880e-01
9.996558684754546231e-01
9.995637250378263117e-01
9.998236201862003014e-01
9.994224706106014100e-01
9.998034253586060016e-01
9.996222044666041029e-01
9.998880831028689187e-01
9.999006988514582694e-01
9.998746156891162862e-01
9.998155914883711803e-01
9.999575841012020572e-01
9.995892702433414323e-01
9.993102898202568252e-01
9.997190050484444646e-01
9.989057536980214813e-01
9.993966619911580640e-01
9.998638084843667340e-01
9.993340995954805850e-01
9.997165680738442362e-01
9.993304896202953591e-01
9.991714878984352399e-01
9.993678612011677176e-01
9.999097567301326039e-01
9.997102885556433671e-01
