9.227733675079212716e-01
9.789060948974268594e-01
9.032017647152509321e-01
9.742882402166316291e-01
9.790501573580390193e-01
9.894753063065045984e-01
9.608112575694593982e-01
9.851316962686260670e-01
9.355723905422380637e-01
9.913572893941416941e-01
8.814505825055523047e-01
9.194739412056939232e-01
9.703956756498104408e-01
9.983384560936550134e-01
9.501676566670245183e-01
9.786344746546109530e-01
9.610562332002235975e-01
9.840033719543016533e-01
9.488903723399036982e-01
9.956216790908879455e-01
9.880132700351220709e-01
9.821446416380268385e-01
9.260215810891903043e-01
9.609116118551574992e-01
9.751879254885247317e-01
9.968255280524479511e-01
9.910719024405214572e-01
9.413346702780215347e-01
9.697537406523116799e-01
9.758236781914396696e-01
9.592124464277546059e-01
9.202940374846043659e-01
9.893903394586702760e-01
9.515211735658477554e-01
9.825580050043551950e-01
9.760805174595712508e-01
9.624208772742648410e-01
9.859483178134620385e-01
9.992141404133136895e-01
9.415042067213957866e-01
9.928980763863489711e-01
9.865831326546934399e-01
9.953876200958585718e-01
9.648491291619187837e-01
9.692907257245566566e-01
9.808269349647503743e-01
8.953699613931849211e-01
9.460404182457585742e-01
9.710742357281075821e-01
9.965699044557545516e-01
9.774117150085064321e-01
9.858561508611209945e-01
9.478980854974768944e-01
9.713871769343424001e-01
9.942560657572127036e-01
9.199027951931769698e-01
9.676351297811410790e-01
9.459405092749539889e-01
9.290311460305911151e-01
9.945993415632481405e-01
9.997849880595429672e-01
9.902454537588442074e-01
9.759971143226333634e-01
9.886280078759028811e-01
9.832003961027279137e-01
9.686030037015747052e-01
9.868565108607979530e-01
9.284518309288060101e-01
9.621873646950998005e-01
9.876647405095180243e-01
9.842698958233307982e-01
8.830335667056898874e-01
9.953645637793113732e-01
9.589078654000087187e-01
9.864892502113048467e-01
9.653745215351854370e-01
9.609331863677982311e-01
9.619498910931473246e-01
8.866713413889775186e-01
9.743768331379701886e-01
9.784758671041303701e-01
9.638228126067723833e-01
9.483544826915664139e-01
9.431696725865266195e-01
9.900869347476174420e-01
9.896947241369018489e-01
9.774710714916811094e-01
9.651698053432000712e-01
8.927012818792668947e-01
9.921295725813263910e-01
9.887005766822286601e-01
9.806375489347493035e-01
9.419722090150142169e-01
9.907144208352073322e-01
9.249384728454578264e-01
9.670730187026637115e-01
9.700876245187928237e-01
8.772971803499678423e-01
9.686145599594607747e-01
9.634901819656597199e-01
