9.908258890814937159e-01
9.903539116760163852e-01
9.989509918837896629e-01
9.988555589416368008e-01
9.853975968001417174e-01
9.988850465901544240e-01
9.943644874212995699e-01
9.988252606361260888e-01
9.943064601742099828e-01
9.941772426457521350e-01
9.955051707763543645e-01
9.881250775631057470e-01
9.976268635348443103e-01
9.876693138499591518e-01
9.903560704591924946e-01
9.948088971342209375e-01
9.934873636958430065e-01
9.891615170749828989e-01
9.882378855376249271e-01
9.959951440886657403e-01
9.907489716095628784e-01
9.998994775001515123e-01
9.962088896422481854e-01
9.963697017236523568e-01
9.849914681644510450e-01
9.968491357124078522e-01
9.965988990553936722e-01
9.972073121806681595e-01
9.865993342230643393e-01
9.895663984787417267e-01
9.944071305044863696e-01
9.916240818655533973e-01
9.810293673847690910e-01
9.876404805851323188e-01
9.991037220133730523e-01
9.879577646605524066e-01
9.919319385685920754e-01
9.938068369570002281e-01
9.960711915499770308e-01
9.957841468918050554e-01
9.837302621767325395e-01
9.798149262289418404e-01
9.870194234966251923e-01
9.966473053738467147e-01
9.923883254481745686e-01
9.967881631664728959e-01
9.889296661353066398e-01
9.911987188037266749e-01
9.802760121784986902e-01
9.938178053682379387e-01
9.834934958046859244e-01
9.869697723121255706e-01
9.954226692676088062e-01
9.897244851612027050e-01
9.962390978049763257e-01
9.905392752061374928e-01
9.947087341680895811e-01
9.941746074168343883e-01
9.737300330861886621e-01
9.991760037091694802e-01
9.893013262445293776e-01
9.915267591385962254e-01
9.952682775997805376e-01
9.786498358287030186e-01
9.782072638554732968e-01
9.883330365065621237e-01
9.953265438602881821e-01
9.979504575743237682e-01
9.951780305369199997e-01
9.908825108636771795e-01
9.903228774465501205e-01
9.962828827117439223e-01
9.948173375358039250e-01
9.948150396091115510e-01
9.987110718092452322e-01
9.987436922247042714e-01
9.855155049774799725e-01
9.996785771372459495e-01
9.900392002059205110e-01
9.966009098131274335e-01
9.945526734206714403e-01
9.912230145427743944e-01
9.924489557158329145e-01
9.832299429831320436e-01
9.854967217248559175e-01
9.766317124070846845e-01
9.859578962207197206e-01
9.829499442930793585e-01
9.748085708003983996e-01
9.960476703195376702e-01
9.987644916566025266e-01
9.944418677615515234e-01
9.744278672770736449e-01
9.868841455090265891e-01
9.989450298388057314e-01
9.940791065599202669e-01
9.930826083293209372e-01
9.809625107705207681e-01
9.982853177449216853e-01
9.995248545985102595e-01
