8.788749852961457165e-01
9.455934851283586129e-01
7.152871015023709589e-01
7.181071525254810739e-01
9.715130341967785910e-01
8.678863156395535405e-01
9.084403365874699210e-01
6.314130916461371257e-01
9.243720006523781230e-01
9.397360519612216745e-01
7.828331372726761161e-01
9.533189245119059185e-01
7.399941415180770754e-01
9.118584375115985630e-01
6.529517573263987629e-01
8.881878466670940497e-01
9.712642742037961296e-01
7.434859843400491997e-01
9.301921929504649578e-01
7.196318033487825172e-01
9.318043050431557006e-01
8.785624746243827499e-01
7.799213536625382304e-01
7.747275209368986726e-01
9.871997318083307604e-01
9.582065050364392267e-01
9.707256865553633984e-01
7.871493359800453282e-01
8.997586328663544908e-01
7.101234621711238759e-01
9.606086720206835627e-01
9.687146775155580647e-01
7.648343240377495356e-01
9.726871677671710126e-01
9.858639457072168044e-01
8.592744962429021971e-01
9.983899242486067305e-01
8.825252057523399474e-01
7.476163586337876144e-01
9.861860753131367341e-01
9.758065479313494661e-01
9.641651962934844056e-01
7.946689226797245542e-01
9.627366551574619846e-01
9.172841620520810757e-01
8.372066832843880757e-01
8.806291726200181635e-01
9.938954562396311587e-01
8.174338263375602320e-01
9.085987489439832920e-01
8.267808322964793621e-01
9.963446684600250070e-01
8.981693899461872244e-01
8.776170793234726597e-01
8.572949002537675334e-01
8.415833740857134870e-01
9.408826652697979132e-01
9.683051049989299663e-01
7.744976862140652285e-01
8.688322818179075036e-01
8.636334265939759058e-01
9.522872903798698108e-01
9.829087751903328174e-01
9.166580140964549761e-01
7.651520862391081312e-01
9.164822091048541175e-01
8.199788846539324272e-01
9.619929345654757435e-01
7.988664694934802801e-01
9.499283975998151774e-01
7.375684670842360680e-01
9.284911372063340274e-01
7.912125333205877187e-01
9.968153940046597938e-01
9.495739168557889576e-01
9.623444954815532082e-01
7.245014384583510214e-01
9.776204462236049997e-01
5.888334738947647029e-01
9.692956931432463730e-01
8.816525183125230036e-01
8.719832123667086154e-01
9.762173170475501038e-01
9.653041688651166075e-01
9.809449490913014769e-01
8.442324747380767214e-01
9.193987303741194550e-01
9.526247028508222359e-01
9.294902786419957375e-01
9.731692415610052604e-01
7.621423738679198312e-01
9.261937974898206694e-01
8.911923968823359798e-01
9.795178031530541451e-01
9.238886251509753622e-01
9.418939526343186319e-01
9.501760574037629858e-01
8.194549884158507380e-01
9.685975934343622473e-01
7.514009072425708036e-01
9.179495551626242200e-01
8.400291951300993265e-01
9.464460588986308709e-01
9.526650324987850915e-01
7.620912536258906966e-01
9.950423623113872074e-01
8.133400986178005443e-01
9.888020674495323625e-01
9.520783725886461379e-01
9.431550843396568906e-01
9.015094896396527169e-01
8.142695391113454750e-01
9.263828431376013306e-01
8.831563923801031279e-01
7.255398996720430205e-01
9.258363396884371488e-01
9.531221344957865327e-01
9.085406807101379378e-01
8.338138527349858720e-01
8.303674624868874199e-01
9.854828945749705138e-01
8.222211455459698115e-01
9.121470721118171143e-01
8.257733063587245903e-01
9.800944545406564679e-01
9.683045463715549417e-01
9.610259517340338231e-01
9.702776728113031712e-01
9.588315168588057436e-01
9.688320639175549420e-01
6.994687707735671722e-01
8.300892944633057047e-01
9.922185978196640388e-01
8.669669168129673364e-01
9.131325358015773830e-01
8.245984590584438667e-01
9.003136557391669959e-01
9.862258728146721110e-01
8.905359430360750839e-01
8.444323693641423434e-01
9.041097600551094571e-01
8.359312568360834916e-01
7.748595248749772235e-01
9.841763368894237418e-01
9.055546974493375867e-01
9.713685179624900190e-01
8.014271681060533004e-01
9.482558926124509124e-01
7.775894046597708886e-01
8.333867617775014836e-01
9.715754914607440673e-01
8.797525125885796715e-01
9.057768872301427132e-01
9.567696817076370985e-01
8.913434126269411673e-01
9.225030749765246174e-01
9.672459290123353037e-01
7.612135045706811542e-01
8.097387826811727196e-01
9.484185576896141390e-01
7.045421017868638280e-01
8.977434648759361480e-01
9.608673925723397735e-01
8.230809878109881517e-01
9.975284616349152644e-01
8.165981998242326512e-01
9.006422887741918348e-01
9.508462241166604212e-01
7.595302575347917529e-01
9.795151038545737432e-01
7.809380852402165729e-01
8.709416917744983166e-01
7.060081496011096913e-01
9.669783378666498841e-01
7.839026799393302714e-01
9.310194106234458422e-01
8.449353653547722054e-01
8.467600431930040195e-01
8.497707280753727943e-01
9.123693679114017741e-01
9.426608216684568831e-01
8.928373381514587148e-01
8.752075415736770836e-01
9.760373080109244759e-01
9.631310729896300771e-01
8.430388621410944694e-01
7.797550812144697918e-01
9.187861207693248655e-01
8.076656060076170540e-01
9.388061076260735272e-01
9.684460957715615992e-01
9.135864646056225391e-01
9.924696441126149571e-01
9.877989497819353870e-01
7.887307068916091790e-01
8.704122270669167882e-01
9.862624808859093983e-01
7.780806205156954869e-01
8.945983763315707993e-01
9.338507304690635280e-01
9.009417843987541641e-01
9.953527547688684196e-01
8.735915011733589308e-01
8.618783272962885489e-01
9.509652440609496216e-01
8.876116824303055264e-01
9.783841419181728005e-01
9.126042529173471474e-01
9.472932729357069759e-01
7.586056712446890282e-01
9.897598015616135836e-01
9.417398420620968214e-01
8.147372011989132412e-01
8.297379676747480559e-01
9.340379320708634969e-01
9.558058839090873837e-01
9.564973146757502764e-01
7.893526575225868758e-01
8.338606691729533171e-01
8.070309421018151408e-01
8.076740697415292214e-01
9.539665620878066132e-01
7.957064399357848261e-01
9.224227983533659359e-01
8.355576716489450106e-01
9.655039689638429401e-01
8.258885459761907688e-01
9.448952915089424698e-01
9.424289143927382373e-01
8.356274231282967424e-01
9.506919451472989335e-01
8.946196662312184689e-01
9.965672227618745938e-01
9.637308877185541967e-01
7.527019900279645626e-01
9.681624944911000341e-01
7.884966929102494859e-01
9.632008924857162757e-01
8.268436756219144090e-01
9.724521943660758838e-01
8.210329557291260461e-01
7.982689829904099366e-01
9.977300937986983698e-01
8.828689302842253062e-01
8.300256305929228917e-01
8.624481934938088568e-01
6.203446654585712539e-01
8.956134618401243586e-01
7.599874644928830136e-01
9.136931054572444699e-01
7.392217632906762370e-01
8.995549520638341789e-01
9.142049359932122865e-01
8.548832112763953273e-01
8.188214478162506582e-01
9.980925408941243582e-01
9.175925051167940216e-01
8.484569118780938002e-01
9.714376381970192265e-01
9.530231157246012996e-01
7.578115454962092157e-01
9.946019741221245880e-01
8.594696401075071490e-01
9.518126241723823266e-01
8.539981570396648625e-01
9.468353469103534259e-01
8.507724434402885727e-01
9.724422424480304583e-01
8.943054767652771631e-01
8.329138819208468103e-01
8.750842332563665282e-01
9.511119755669822373e-01
9.425377383648806395e-01
8.878056717750506532e-01
9.423698374602860195e-01
9.015753254072169653e-01
9.145127881991664820e-01
9.593552643558886928e-01
8.995155503506836459e-01
9.279569000685985447e-01
9.162723932711163144e-01
9.694572628926927393e-01
7.952641120352248461e-01
8.736606436885476779e-01
9.703297857239094881e-01
7.199939557713932459e-01
8.379026422965177856e-01
9.048439224441289230e-01
9.638860508413054085e-01
8.195842840484439673e-01
7.737687384449574157e-01
8.010247295838053283e-01
9.218464424650651967e-01
7.414200663736654207e-01
9.841626167204795550e-01
8.390158569982674175e-01
9.429649201587521068e-01
8.418745372075038258e-01
8.614694446036568198e-01
9.243303103591768988e-01
9.842682323624980523e-01
9.211407701489852107e-01
8.000263302586798631e-01
8.106604847674677705e-01
8.658046466357317561e-01
9.854928360381111085e-01
9.709550181441860550e-01
9.524766207010205710e-01
7.837410434898117728e-01
9.754125591568010289e-01
7.910683798787712107e-01
9.426677302252913782e-01
8.864675602804341636e-01
9.350083175930482549e-01
8.306070957582405434e-01
8.989355037429547224e-01
8.072455188843707941e-01
9.737725365366358687e-01
9.383360160362288482e-01
9.252900018764594892e-01
9.133701670011228346e-01
9.034439584513794808e-01
8.947449704494643274e-01
9.896630141014358673e-01
9.759559397381121215e-01
8.573843344821520107e-01
8.798928461817395741e-01
7.382747691859459227e-01
9.409557175415560470e-01
9.464920911902708900e-01
8.917374514891340809e-01
9.524565398878435118e-01
7.908680995452930240e-01
9.653454951066040568e-01
7.981153128960755128e-01
9.811122317899482193e-01
9.172257610948157946e-01
9.537554288506531197e-01
7.530358351504358172e-01
7.682375532120038208e-01
9.353095510807831747e-01
8.076956910543174883e-01
7.668386998403163846e-01
9.422939774092220500e-01
8.446530521439270522e-01
9.812745449210847903e-01
8.785951418101856092e-01
9.837525231796508951e-01
7.721390573861470763e-01
9.171371709080462509e-01
9.727409624290269674e-01
7.859404149402318129e-01
9.673116979412378358e-01
9.967930794593636845e-01
7.132788529452487314e-01
9.523559121257738624e-01
8.256123676845955606e-01
9.905829678752970935e-01
7.607266009348334634e-01
7.662625426356832747e-01
8.389587089234569195e-01
7.745304990011021573e-01
9.405410912561208425e-01
9.229381798572943163e-01
9.033052569527810771e-01
8.141711211829235628e-01
8.508062258746151851e-01
7.636319489395893001e-01
9.171177043579720189e-01
8.581990503489351774e-01
7.888569117237104189e-01
9.117018657412868654e-01
9.381814725022735724e-01
7.673413204471820626e-01
9.326763146308884034e-01
8.081841075154190257e-01
9.835727813041940104e-01
9.187475812628018712e-01
9.624694639733037960e-01
8.516289035470465674e-01
6.854446968271696861e-01
9.199662420060716883e-01
9.139905102808633108e-01
8.708703701772161354e-01
6.961660342923734479e-01
9.433228743207140443e-01
9.991172271723223197e-01
9.236670707872148833e-01
8.647812071042644266e-01
9.998251686376283809e-01
7.378305530817361735e-01
7.306356731704118923e-01
8.409258772335794774e-01
8.475674485465046759e-01
9.226392543900026055e-01
7.903777976225920820e-01
9.115672878591598582e-01
9.375066404816199128e-01
9.357248449570360060e-01
8.263885567331066273e-01
