9.509214975263584613e-01
9.706751507838135007e-01
9.716471298611673024e-01
9.616115363982538078e-01
9.929078270556038754e-01
9.604684537968936064e-01
9.535037334555634958e-01
9.778958117026609331e-01
9.865864142004829862e-01
9.527093854207930868e-01
9.610129116156884699e-01
9.731460146862016547e-01
9.786803651572764107e-01
9.229274959751443408e-01
9.701878390612873604e-01
9.757637933243199502e-01
9.204718439098291682e-01
9.738687216468084884e-01
9.739688868621620976e-01
8.830429839968094718e-01
9.830780080184673420e-01
9.715916087224086839e-01
9.737167038612219994e-01
9.962833438210448866e-01
9.828986408362780924e-01
9.622890167156834540e-01
9.577774326212573630e-01
8.957494428448942170e-01
9.777117146903238076e-01
9.457931354606872176e-01
9.771304012853404553e-01
9.943261075032016061e-01
9.745065100037915151e-01
9.251680291922818045e-01
9.163117307461594585e-01
8.900739334088938470e-01
9.224372738489877710e-01
9.928842970413276348e-01
9.318200311779292200e-01
9.628714220572098803e-01
9.452982404203451594e-01
9.654621639350533524e-01
9.925722292227312504e-01
9.030705590218155443e-01
9.279019621167364784e-01
9.820758662130477656e-01
9.781654796666680030e-01
9.750258973947762975e-01
8.911660161770063038e-01
9.925407909166247267e-01
9.752858440872071988e-01
9.120726984693979800e-01
9.019938290551426929e-01
9.648544230274948008e-01
9.254162288717647789e-01
9.789941143946273572e-01
9.076674868750408409e-01
9.183796540606744552e-01
8.986048368793682073e-01
9.848940131201460169e-01
9.983880352600739139e-01
9.193906739520815163e-01
9.322060992272963587e-01
9.878326219660781282e-01
9.069529845903603338e-01
9.422769801341854823e-01
8.610889455638844892e-01
9.796170509708929108e-01
8.918152830138964537e-01
9.177591210417372913e-01
9.986333837661317547e-01
9.580809144591021509e-01
9.878660125043607909e-01
9.903914405655674935e-01
9.230621432108426783e-01
9.791420020799732615e-01
9.817984351045855318e-01
9.955075585971925323e-01
9.212458548574886663e-01
9.683913390759514295e-01
9.108111321568255203e-01
9.982235003024514386e-01
9.644450009513207966e-01
9.300608498763803800e-01
9.714225663877142924e-01
9.543932147331422033e-01
9.589741003804059805e-01
9.414520422530758825e-01
9.199724142307998953e-01
9.362693404082614856e-01
9.519912587598950982e-01
9.753171588787015178e-01
9.906634440387809271e-01
9.263204978670895873e-01
9.796189817868646843e-01
9.680444603945644877e-01
9.963165249110021993e-01
8.749802819659450170e-01
9.355375036640619646e-01
9.834562628003534757e-01
9.380240641134313107e-01
9.831035445075529955e-01
9.970101852572422763e-01
9.344756383889017970e-01
9.666996983239888319e-01
9.348939258228770033e-01
9.629249081935232768e-01
9.632460784669942822e-01
9.308612379152498839e-01
9.771005476091015884e-01
9.257004053001535171e-01
9.671467220793967812e-01
9.806994408964058163e-01
9.810711356192289845e-01
9.429824891483051807e-01
9.952108491902109666e-01
9.769671138488325024e-01
9.837776771238728735e-01
9.823949649455183675e-01
9.541300609475551475e-01
9.426688988141813663e-01
9.949452686189906858e-01
9.728737125490584114e-01
9.445713798934424199e-01
9.429135599831650616e-01
9.744260164061394613e-01
9.666781984677270678e-01
9.343949548438578168e-01
9.090530347026115621e-01
9.895557979145033212e-01
9.546749065456827665e-01
9.979721652265376441e-01
8.983189920957239671e-01
9.945253183801702201e-01
9.141007542257911789e-01
9.362594335251610556e-01
9.148221214704093107e-01
9.175006969146757285e-01
9.622333737944288590e-01
9.817415552844172000e-01
9.312056567408848462e-01
9.077320609219995395e-01
9.990300775512820364e-01
9.830644365869231072e-01
9.421458153234315569e-01
9.980894521730815372e-01
9.912370670902627134e-01
9.613626309583589435e-01
9.813780629312198744e-01
9.015084556428892837e-01
9.305887187996508825e-01
9.090299732189197623e-01
9.847777580636583039e-01
9.605055813429260736e-01
9.846219456477773857e-01
9.503030815431902090e-01
9.377336391357495859e-01
9.826136990245754044e-01
9.651288176496307658e-01
9.976586004702392430e-01
9.377164734064570295e-01
9.882269218792827381e-01
9.294730201558401017e-01
9.281621971599774978e-01
9.370559136940557199e-01
9.149060576721081972e-01
9.965664639505283917e-01
9.906633213152122863e-01
9.343949940301697898e-01
9.382024971166436078e-01
9.995915004810083104e-01
9.541601419332306211e-01
9.361910670153608116e-01
9.954602267646711633e-01
9.913300932409673250e-01
9.873631592221604469e-01
9.743085732058859305e-01
9.795797878880827536e-01
9.610556602334374698e-01
9.397490607745329072e-01
9.714225540097782829e-01
9.079898433191162521e-01
9.260506573131804808e-01
9.658422091938716481e-01
9.582972602626040892e-01
9.436076127286548987e-01
9.344104615013925086e-01
9.641969373280963040e-01
9.399941141790004728e-01
9.906690941057043620e-01
9.656826392355796207e-01
9.943142852004421828e-01
9.584059457480770261e-01
9.436190948469397322e-01
9.203593637548945772e-01
9.481171245734099085e-01
9.927227320113976017e-01
9.124350024427423378e-01
9.142658988832328415e-01
9.629297443479788443e-01
