9.976546170590218088e-01
9.901362782147004049e-01
9.989669346341137901e-01
9.978049168647955547e-01
9.966315300762110807e-01
9.977952104609635331e-01
9.987430382677003893e-01
9.938203826117898432e-01
9.942443499454692857e-01
9.893662361401281968e-01
9.915687220634505916e-01
9.965949562271527729e-01
9.955756216736706410e-01
9.980953154700727969e-01
9.928294906795420705e-01
9.893788420576321574e-01
9.905199550630331418e-01
9.999818966269289344e-01
9.945404549578974462e-01
9.978117281510088254e-01
9.948881190287364173e-01
9.844496279015914064e-01
9.975318538286516157e-01
9.992501841290825082e-01
9.963565541304930662e-01
9.898622214510193196e-01
9.996607299773863087e-01
9.861072333987029870e-01
9.943641698809491114e-01
9.809946946647076782e-01
9.976180640578073966e-01
9.956621116259470883e-01
9.916671396653841120e-01
9.996599451672865122e-01
9.996016520366428626e-01
9.991296846818265021e-01
9.996048269853238244e-01
9.983302899212952441e-01
9.999290368068564083e-01
9.967849858151082154e-01
9.986412186827176019e-01
9.916580546006379393e-01
9.996442180156013269e-01
9.998422356306198022e-01
9.877461972884814534e-01
9.821085023060092123e-01
9.981825191861536384e-01
9.900062748048744643e-01
9.991032828344452721e-01
9.913092882676511897e-01
9.990196570792143627e-01
9.991175879943532401e-01
9.983959050646125100e-01
9.917352767932299251e-01
9.758946832328149190e-01
9.908835282177063108e-01
9.974448520549116237e-01
9.954777709082116566e-01
9.937111755934543433e-01
9.994233381359058921e-01
9.980856652229771475e-01
9.899720988224527396e-01
9.979954004760274167e-01
9.928372074082446597e-01
9.986528858288855615e-01
9.939378453221653364e-01
9.948072466987777362e-01
9.932749497844689524e-01
9.922287081042299173e-01
9.987417888330066829e-01
9.979003256545393441e-01
9.990938645009077579e-01
9.979430696925493116e-01
9.997147378180556432e-01
9.912512628017922101e-01
9.948599596832210512e-01
9.965999471086118833e-01
9.910107044377235441e-01
9.917641791794944428e-01
9.905775537880303627e-01
9.869737236228141031e-01
9.877079976066638345e-01
9.951746787733859456e-01
9.942040677342127708e-01
9.992604435488668946e-01
9.898917459353026027e-01
9.975056638832328071e-01
9.975563898205171975e-01
9.883623823609862802e-01
9.924691010194012231e-01
9.982074644684669762e-01
9.938808029593427795e-01
9.910565630637646617e-01
9.928035300402672236e-01
9.958333225401950761e-01
9.939095435932971956e-01
9.888137255815860893e-01
9.910750324220484186e-01
9.962623645815005258e-01
9.955925220792812835e-01
9.976134188859022700e-01
9.966362797850698563e-01
9.861047226408091726e-01
9.968427403420967448e-01
9.976928286627715359e-01
9.943240127952136520e-01
9.964106360250225558e-01
9.945211617266623838e-01
9.938840264812854874e-01
9.972363404848132440e-01
9.856497795049337096e-01
9.972863214100204932e-01
9.976623460520739339e-01
9.955059825715911748e-01
9.993368708019746416e-01
9.867430982051832444e-01
9.981341061876792820e-01
9.870180472900559332e-01
9.814897565347934227e-01
9.979957791845505133e-01
9.954387291211352906e-01
9.936552190574370336e-01
9.963656706090789905e-01
9.903924650916954286e-01
9.998859367207043602e-01
9.942341090212793997e-01
9.953508659940094594e-01
9.910245822186836140e-01
9.914643201125328265e-01
9.979195864922899561e-01
9.828845754857835626e-01
9.965306313972555063e-01
9.941068210043079167e-01
9.995422315270334757e-01
9.953847605371729523e-01
9.931263659294120583e-01
9.925524823569717991e-01
9.975976506995209991e-01
9.959254184014799671e-01
9.924091792224722930e-01
9.962554886016637967e-01
9.975690652295052807e-01
9.889875534457265305e-01
9.966982024965432840e-01
9.883995604330031437e-01
9.917125408637773587e-01
9.885870922936239591e-01
9.896340329673181113e-01
9.978375153849140533e-01
9.997543060161873107e-01
9.932442644660145481e-01
9.804323239153995839e-01
9.975537803174342466e-01
9.965529928741299059e-01
9.998434638752595749e-01
9.912293775426305187e-01
9.997478370848903451e-01
9.956640388145898690e-01
9.955672354418402259e-01
9.997546030045598719e-01
9.945670189091477820e-01
9.997344098173716054e-01
9.898474048890897325e-01
9.971937925790385071e-01
9.996556617081744367e-01
9.923536076776239279e-01
9.894266457697610262e-01
9.994904083331306310e-01
9.995170624979893281e-01
9.962621244962204248e-01
9.995710853052014455e-01
9.992025346841930666e-01
9.999874479005342875e-01
9.954018687751774452e-01
9.987619159921876655e-01
9.910725871735922565e-01
9.933824593948175075e-01
9.993024275544023505e-01
9.991286933911728285e-01
9.992397073926029272e-01
9.960556203990179602e-01
9.938730107980723316e-01
9.892140825158666217e-01
9.965907041415744683e-01
9.762724083113781814e-01
9.919017794825075729e-01
9.867111804997292790e-01
9.984239474330699471e-01
9.957243692252608636e-01
9.990660688681537449e-01
9.994692437602669122e-01
9.992454857941787116e-01
9.918114452212328791e-01
9.889747543221618642e-01
9.841003310527661752e-01
9.936360555558271246e-01
9.915026606539495413e-01
9.815276105966658227e-01
9.949254768428723583e-01
9.914156425441613685e-01
