24	25	
0.6911	0.7665		17284	20277	19187		673889	700388	612693	
0.6912	0.757		16778	16777	17274		551702	555216	585124	
0.9628	0.1722		12342	12333	12308		654474	652269	665543	
0.2105	0.2987		7735	7677	7723		683593	648626	626777	
0.7193	0.9906		20109	21519	20490		631736	615181	665026	
0.6478	0.8266		17615	16433	16299		678457	585899	583507	
0.2802	0.8096		12011	12015	11474		654610	628706	599338	
0.6059	0.4853		12482	12736	16336		599957	647455	639708	
0.1951	0.3288		10002	9623	8015		697510	726720	696014	
0.9141	0.6344		19091	20180	20804		712429	684067	657151	
0.8186	0.3042		12195	13808	12120		552969	657099	562893	
0.0764	0.6588		9364	8439	7986		654117	611305	595469	
0.0822	0.5822		8335	7424	8503		591871	571940	665263	
0.2886	0.889		13631	12607	13513		675162	598790	690384	
0.1814	0.844		11216	11265	11276		710677	704319	725772	
0.9256	0.1003		10701	9877	9712		640609	571299	585237	
0.5213	0.0879		8034	8288	8049		637245	669442	678868	
0.1557	0.3547		6710	7430	8290		567367	603834	655331	
0.5322	0.4319		11978	12023	11956		642066	651019	661581	
0.6158	0.8605		17539	17836	17092		707593	718767	722766	
0.9356	0.0894		10927	11009	10338		677185	690891	703049	
0.847	0.8233		19371	20668	20264		559426	649703	667133	
0.4503	0.8082		15479	15281	18266		644667	587755	663801	
0.9252	0.232		14010	14004	12220		671151	674899	590879	
0.3655	0.8862		13315	15407	14927		590243	622979	686549	
0.5677	0.2526		10704	10940	11481		572339	681001	687349	
0.4864	0.6017		12905	13656	12814		588906	597960	600567	
0.7073	0.9895		21359	20891	20449		696719	658562	658132	
0.5368	0.488		13091	12813	13055		670660	683383	677153	
0.0796	0.979		10766	10680	10716		654256	685567	704491	
0.9595	0.2716		13781	14132	13762		616476	628344	648680	
0.0568	0.4057		7127	6580	6240		645439	562933	573234	
0.3353	0.8847		13984	14305	15506		676061	688429	596656	
0.5158	0.4874		13761	12156	11148		645394	655949	580710	
0.2338	0.4948		10111	9292	9370		649132	631945	674519	
0.8171	0.9398		21413	21357	21206		720514	751372	743729	
0.1461	0.434		10233	8244	9403		657978	683798	692015	
0.4497	0.0954		10094	9936	8663		697294	702774	704630	
0.91	0.2229		14435	12638	13399		588378	693263	698569	
0.359	0.3427		9254	9250	9230		668193	655141	652829	
0.7781	0.3114		13131	13018	12602		677511	696348	680075	
0.0944	0.449		8092	8156	8039		667128	675188	697289	
0.4917	0.7844		15116	15238	15262		693505	665482	679213	
0.9088	0.5137		17326	17333	17247		734511	731047	755461	
0.9801	0.3687		14931	14969	14896		683609	690460	661011	
0.5481	0.4127		12020	11968	12046		693396	710506	718391	
0.9087	0.6489		19657	19488	19301		724739	724645	739021	
0.1579	0.5793		9508	9832	8462		669040	684666	588302	
0.9382	0.3955		16438	16417	15896		666067	677912	698804	
0.8436	0.3014		13325	13385	13111		654525	654359	672266	
0.4518	0.4863		11590	10945	10460		653026	571668	581338	
0.6045	0.723		15243	16150	15734		607770	715439	745672	
0.3601	0.6657		12507	12838	12323		654104	646809	645685	
0.2712	0.4427		9997	9515	9464		641188	587246	603956	
0.968	0.1889		11647	12639	12092		549832	584298	595252	
0.3673	0.9453		13633	14627	14145		589957	620983	625413	
0.2426	0.9661		12961	13319	13063		676386	696716	694734	
0.6657	0.6591		16468	16676	16243		648863	671490	661738	
0.6466	0.532		14412	14986	13910		659796	647304	621802	
0.5586	0.3709		10463	10531	10592		592766	601704	601676	
0.4704	0.3389		10536	10453	9614		654513	605081	579933	
0.5294	0.1395		9662	9579	9295		639183	641312	662951	
0.7836	0.5625		15623	15954	15880		586461	601404	617846	
0.9776	0.5822		17424	17951	17944		599816	632208	636841	
0.738	0.2922		12542	12794	12481		688864	707746	728591	
0.5039	0.3287		10738	10757	10789		590466	677138	707769	
0.6503	0.9024		18341	18636	18400		669148	658077	724825	
0.3737	0.76		13782	13330	13282		597363	624268	657718	
0.801	0.8203		20090	19416	19641		601619	642103	666684	
0.3427	0.1391		7689	8254	7897		566232	585953	610472	
0.7967	0.7309		17994	18088	18140		635408	667917	692112	
0.7864	0.3208		13168	13761	13119		593615	647375	639658	
0.5613	0.9023		17481	16977	16985		649409	668827	658962	
0.2734	0.4225		9899	9276	9877		641606	609691	672074	
0.975	0.4925		16935	16552	15648		612731	576923	551750	
0.6773	0.6759		15243	16809	16884		543639	636926	651054	
0.9458	0.1955		12886	13340	12947		618531	628491	665782	
0.4086	0.8304		14517	14634	14600		628600	675129	673296	
0.2461	0.5916		9628	9581	9597		601103	600973	597856	
0.7309	0.5286		15101	15804	15346		608320	595952	616838	
0.0638	0.7582		10153	10050	10056		686463	692452	684744	
0.385	0.4952		11518	11455	10975		704987	708291	716549	
0.9357	0.682		18183	18121	19286		557469	555354	646209	
0.2561	0.5778		10467	10461	10668		596560	601433	661290	
0.8183	0.6836		17367	17501	17009		581070	619672	598980	
0.1315	0.8009		9573	10014	9665		524349	534396	535429	
0.0543	0.826		9005	8994	8502		590941	590630	590658	
0.9168	0.9485		22310	22247	21906		560693	561003	572261	
0.1531	0.947		10508	11066	11679		546650	558011	664029	
0.7922	0.8791		20911	21340	21426		643175	629046	637970	
0.9983	0.2293		12720	12454	12398		624922	575878	575696	
0.4249	0.7798		13122	14649	13162		567890	647442	566264	
0.8717	0.127		11741	11202	11698		649487	567624	685167	
0.1699	0.2567		7021	6886	6446		546332	576228	551705	
0.4278	0.5667		11844	11670	12077		523471	523468	629556	
0.105	0.6073		9544	9459	9118		658420	655381	693401	
0.7739	0.795		19041	19081	18458		629133	591666	593654	
0.9657	0.4086		15812	15523	15429		594349	592485	620123	
0.9972	0.6142		18760	17766	18478		625748	547569	645291	
0.3327	0.6925		11844	11770	11703		514195	525006	542991	
0.7443	0.7203		17239	17302	17251		562241	566011	569623	
0.6421	0.4273		13198	12776	12962		565842	560125	605805	
0.3362	0.8989		13458	13522	13961		581518	577523	637145	
0.1212	0.8612		9521	11052	11007		555587	620649	636699	
0.16	0.653		9463	9855	9928		568896	651374	649828	
0.3196	0.9621		14636	13753	14737		646455	566691	669254	
0.8222	0.6586		17126	18113	18080		562719	644822	642909	
0.0638	0.5443		8264	8774	8232		658035	675596	674148	
0.7375	0.5869		15609	16016	15039		620866	607152	588162	
0.864	0.4954		15042	14961	15465		580572	597174	594810	
0.3915	0.8666		14395	13344	14309		598984	531646	621151	
0.1285	0.753		10526	10976	10430		639022	657809	665493	
0.1705	0.6636		10197	10643	10158		606818	628863	606809	
0.8692	0.1869		12449	11973	11915		640476	668161	674403	
0.7985	0.7764		19696	19381	19134		651968	687213	629818	
0.0786	0.8841		10375	10425	10345		641462	678356	707743	
0.0542	0.0768		5802	5114	5258		652585	698447	706942	
0.8982	0.1416		12004	11949	11871		625948	636181	695209	
0.2982	0.0524		7120	6985	5602		637614	610330	597348	
0.2021	0.5728		10056	10413	9399		609133	618431	596203	
0.9307	0.9069		21733	22362	22225		539179	578898	600292	
0.7969	0.1225		9578	10080	10120		571887	664793	686288	
0.3935	0.2697		9511	10080	9417		592578	598383	632736	
0.3249	0.674		11996	11538	11563		628479	632899	642835	
0.465	0.6339		12502	13349	12352		525042	633822	543101	
0.6617	0.8987		18960	19296	19412		636175	654382	670469	
0.7677	0.5748		16091	16102	16651		656935	662599	697806	
0.6015	0.6238		14913	15012	14309		628257	634702	682896	
0.8129	0.6301		18472	17999	18117		628921	699990	721808	
0.7481	0.6601		16909	17326	17257		698939	725518	710726	
0.8994	0.4144		16056	14947	15490		623743	587886	645495	
0.6764	0.1599		10595	11019	10672		612508	655647	678586	
0.1101	0.1856		5975	6338	6549		594733	616733	622319	
0.4477	0.5801		11572	11916	11607		519158	518324	536563	
0.3673	0.1949		7810	7787	8255		581897	605573	623148	
0.0542	0.49		7564	7077	7038		636034	564822	639720	
0.6382	0.9916		18727	18480	18360		599952	612650	623338	
0.2163	0.6056		10010	10507	9045		590824	658188	570261	
0.5911	0.3436		10325	11348	11749		556053	647455	668397	
0.2571	0.419		9930	9341	9544		682440	686321	716544	
0.943	0.8606		21911	22317	21849		629748	655488	671889	
0.5412	0.8417		16210	16074	16073		657602	657294	657931	
0.324	0.7882		13224	13009	13144		623409	647147	647224	
0.5968	0.5668		14332	14270	14872		679019	673209	691074	
0.5492	0.7178		14784	14543	14142		570396	570870	547975	
0.3135	0.0879		6985	7477	7341		604524	678266	688805	
0.1734	0.1241		6516	6690	6125		617282	661682	673571	
0.2536	0.5481		10382	10336	10332		648873	636958	644445	
0.9503	0.9903		23476	23515	23659		613244	650204	677674	
0.4652	0.9221		15389	15822	15742		592661	598432	596304	
0.1005	0.6648		9474	9459	9493		646114	587740	629511	
0.4557	0.3758		11104	10564	10297		653337	564350	568916	
0.3384	0.232		8253	7431	8741		628310	545367	643345	
0.1836	0.6342		9903	9530	9975		580090	587088	643994	
0.3738	0.6983		12587	12994	12533		667472	697312	688122	
0.2824	0.3588		9119	9036	9063		674552	677175	661287	
0.2129	0.349		7806	8268	8457		594272	606495	627505	
0.782	0.8082		19487	19825	19356		682228	693488	697321	
0.0869	0.5883		8403	8825	8383		615385	599168	587957	
0.6671	0.7631		17664	18022	17576		669707	693755	717627	
0.4204	0.6622		13315	13224	13466		673688	665557	665988	
0.9427	0.3142		15047	15014	14652		624129	626910	625104	
0.8819	0.2808		13528	13329	13211		588038	558452	571131	
0.6776	0.0534		7815	8744	7783		566431	668647	580222	
0.7246	0.7292		17265	17213	17275		636626	658228	661568	
0.5084	0.6822		14231	14335	14291		590840	587083	606336	
0.4614	0.6341		13431	13852	13541		602129	603100	623909	
0.5014	0.7843		15618	15560	15126		631204	611074	592816	
0.5737	0.5623		13679	13797	13909		656106	645159	673792	
0.1957	0.4656		8900	8880	8909		612078	609328	621250	
0.1681	0.5904		9353	9799	9378		615020	617832	615937	
0.8858	0.674		18823	18818	18975		658348	626388	650271	
0.6369	0.6789		15824	15840	15755		631263	643498	667286	
0.1405	0.9257		11444	11437	11506		611377	618873	667494	
0.6309	0.2938		11688	12035	12371		602804	610195	654265	
0.4375	0.9775		16144	16114	15719		622494	650055	652342	
0.1089	0.2198		6671	6599	6354		634455	622564	606528	
0.7149	0.8508		18260	18403	17274		616624	673232	578304	
0.5862	0.6896		14227	14735	14743		546845	547247	589565	
0.2796	0.9311		12677	13640	13263		612650	684704	680167	
0.705	0.1011		8938	9000	9273		584921	608508	620277	
0.4201	0.1942		9275	8260	8952		636460	597318	606738	
0.6794	0.5742		14495	14057	13971		583737	591639	604476	
0.3766	0.6475		13214	13199	12727		635240	630261	642952	
0.4435	0.5459		13045	12448	12445		577242	609779	599445	
0.7115	0.2982		12691	12198	12155		614201	617173	647464	
0.9551	0.1622		12703	13084	12662		630359	630985	675524	
0.5929	0.3941		12501	12241	12312		593413	550507	641914	
0.624	0.8699		16044	16470	16994		541498	547542	641093	
0.641	0.8916		17446	18354	17346		513115	623471	542223	
0.9024	0.9434		22358	22580	22886		631572	632495	648928	
0.9729	0.6262		19993	19873	19931		581802	645575	628475	
0.93	0.7008		19458	19414	19198		604610	606068	597901	
0.639	0.3055		12109	12319	11690		586066	588589	627962	
0.0784	0.1701		6057	6294	5789		588192	606846	581727	
0.2565	0.542		10427	10355	10852		584441	614300	619270	
0.3761	0.6617		12336	12829	12404		565347	572877	575596	
0.9237	0.1521		11151	12235	12328		525521	623317	612454	
0.5761	0.3861		12313	12837	12299		659684	643722	661301	
0.238	0.2064		7379	7560	7520		614775	626656	689638	
0.2645	0.4173		9374	9842	9369		587200	587972	605652	
0.1021	0.6735		9446	9967	9599		591789	597601	622074	
0.411	0.3746		10547	10508	10012		606209	608738	627274	
0.8657	0.9655		22006	21882	21464		621419	655936	659622	
0.263	0.9273		12243	12667	12220		503424	500079	506590	
0.8927	0.4035		14667	14730	14821		563731	564818	581243	
0.6584	0.6297		16134	15171	16049		593594	541156	622894	
0.4259	0.2207		7916	8828	8531		524533	594805	584875	
0.1186	0.5755		8926	8853	8900		607970	628892	649005	
0.059	0.9325		10497	10009	9536		587759	590355	593454	
0.761	0.3261		12488	12947	12515		564940	579618	606975	
0.2252	0.4431		9147	9200	8329		590742	586914	538311	
0.2576	0.379		8651	8739	8772		594507	609096	634883	
0.7595	0.8783		20791	20668	20439		607132	639066	668303	
0.2372	0.3197		7769	8311	8287		589135	598099	633933	
0.2393	0.3314		8822	7786	8324		607510	585203	643989	
0.278	0.9573		17334	13253	12888		584556	573001	542773	
0.6944	0.9794		19333	19360	19826		578906	582023	616747	
0.951	0.4299		16111	16187	16112		605499	635590	658728	
0.4595	0.6066		12681	12684	12821		582285	605819	640139	
0.4465	0.961		15539	15610	15703		562593	571607	630385	
0.1112	0.868		9565	10202	10125		594746	624714	650950	
0.2585	0.7978		12285	12281	12386		550271	576949	593865	
0.4399	0.6465		13863	12418	13404		626156	558564	655084	
0.5997	0.1375		9292	9309	9602		550968	558885	561588	
0.2661	0.9524		12329	13381	12399		567565	691140	608196	
0.4019	0.3425		10196	9164	9746		592812	587790	627796	
0.8945	0.7609		20551	20546	19465		625325	651533	573493	
0.3148	0.2727		9406	8770	8806		642708	664266	685676	
0.0793	0.4179		7455	7474	7679		597507	627045	626883	
0.26	0.6225		10563	10747	10516		592917	592785	618435	
0.3532	0.8602		13829	13314	12757		615054	566101	555495	
0.7196	0.7921		18453	17896	18443		596292	608820	620265	
0.0513	0.1922		5504	6473	6200		562991	603153	645622	
0.2118	0.329		8639	8132	7537		621845	624072	633315	
0.5196	0.2834		11131	10638	10685		619241	633084	647517	
0.8022	0.0572		9463	9992	8999		565667	569303	555285	
0.5747	0.1635		9807	10265	9923		615631	618518	636830	
0.3158	0.5184		10367	11499	11422		553300	639221	649238	
0.2932	0.606		10054	10140	11054		520776	525980	629366	
0.4973	0.9557		16606	16445	16049		624679	590092	604809	
0.2802	0.178		6405	7901	7390		585714	667007	675451	
0.6716	0.3839		12676	13702	12150		538402	576636	516519	
0.6999	0.8249		18368	18036	18388		592103	599014	617453	
0.973	0.6863		19333	19266	19825		563657	573759	614185	
0.6767	0.536		14695	14405	14414		587733	588656	613315	
0.3268	0.6157		11491	10899	10816		590099	555560	562661	
0.9443	0.6579		19700	19560	19750		634812	644123	685137	
0.6777	0.6796		15808	16305	15891		589341	580492	597329	
0.961	0.2797		14151	13247	14203		546144	519089	583285	
0.1873	0.4997		8181	8674	8182		567726	572807	583160	
0.1838	0.1222		5683	5714	6921		583109	580464	652336	
0.4077	0.5686		12295	12743	12281		643126	639553	666370	
0.2557	0.3937		9723	9184	9350		600479	599174	644514	
0.9661	0.6786		19792	19651	19606		665579	700539	709779	
0.7827	0.704		17897	17920	17937		642728	681373	667030	
0.9023	0.5065		17147	16983	17063		629743	652365	652800	
0.4439	0.2739		10420	9874	9897		625304	618041	674151	
0.2638	0.7412		11102	11099	11097		562465	561879	564102	
0.2457	0.5796		9654	9665	9693		583051	582415	604255	
0.3112	0.9616		12863	13850	13358		578285	661940	592881	
0.96	0.2937		14328	13808	13881		616416	540442	589813	
0.197	0.3627		8241	8245	8237		635947	644302	678012	
0.5282	0.8856		16685	16549	16628		627737	626803	636088	
0.4013	0.1889		8586	8710	8557		624640	614111	659326	
0.4333	0.7396		13579	13617	13525		615777	624239	668460	
0.2825	0.3702		9015	9534	9071		623244	634635	632335	
0.0905	0.6452		8823	8855	8969		627870	638694	656323	
0.7781	0.1878		11321	11337	11310		630956	635591	626499	
0.4543	0.2298		9118	8595	8644		553242	552168	551223	
0.3801	0.3958		10538	10478	10531		621663	629099	644888	
0.1644	0.63		9439	9980	10014		570399	604736	610224	
0.785	0.4804		14880	15257	14942		605087	594101	621243	
0.525	0.6633		13320	13323	13358		564372	575926	582308	
0.6804	0.8731		16923	17588	17402		577609	586846	594589	
0.406	0.9838		15346	14773	14810		571499	550840	556515	
0.426	0.97		15794	15927	14922		639289	641713	568173	
0.8794	0.0788		10462	10370	9389		596644	602436	557054	
0.7153	0.1924		10793	10273	10805		585714	560955	608676	
0.537	0.6837		15051	14555	14632		654629	640781	687868	
0.6596	0.757		18042	17615	17664		587476	618139	625607	
0.2894	0.4694		10116	10036	10008		610608	633005	631102	
0.2651	0.7943		12312	12700	12737		602102	646180	631998	
0.4417	0.988		16268	16297	16671		669646	630444	648715	
0.4576	0.5972		12783	12804	12828		599541	603252	608530	
0.7208	0.7483		17575	17174	17280		583783	602419	648147	
0.885	0.6257		19197	19206	18729		607804	629209	662080	
0.4329	0.1101		7864	7705	8279		605638	612333	612805	
0.5928	0.9864		18019	18043	17528		628600	619106	602916	
0.8834	0.6561		18673	18108	18730		611374	550817	620815	
0.9626	0.1448		11914	12513	12112		577026	586238	585423	
0.7412	0.3407		11500	12550	11545		548833	655892	562563	
0.2709	0.2513		7788	7903	7945		597775	602382	597782	
0.313	0.4811		10257	10864	9746		565643	592197	568298	
0.8152	0.5772		16638	17171	16247		616554	640314	574134	
0.965	0.0504		10321	10306	10479		653861	660388	668621	
0.4716	0.2605		10250	10223	10212		630407	622563	636306	
0.9876	0.842		22276	21800	21980		664552	665606	691663	
0.6757	0.1951		9664	10217	9688		550468	549728	552468	
0.603	0.2469		10243	9732	9898		657438	561681	561911	
0.4068	0.7992		14317	13782	14426		617034	565263	647073	
0.8327	0.4522		14883	14512	14629		587556	584066	588270	
0.576	0.1196		8760	9403	8841		633146	634112	681396	
0.5966	0.9745		18427	18564	18602		621782	650445	651528	
0.9646	0.8408		21976	20983	21554		625980	622424	641503	
0.6912	0.1763		10220	10188	10153		597081	594678	591611	
0.6817	0.4574		13550	12922	13470		661796	618771	628550	
0.965	0.9353		22677	23195	22968		601478	630422	651502	
0.3557	0.9978		15350	15075	14818		587576	595518	627643	
0.2558	0.7358		11563	11571	12098		650609	636421	630918	
0.8543	0.0694		9715	10175	10284		610085	618748	649594	
0.8411	0.5014		16364	16714	16744		635532	655244	697236	
0.4179	0.7282		13566	13639	13619		591336	613278	632643	
0.8074	0.5175		16583	16105	16136		638023	636879	689327	
0.052	0.3333		6736	7351	6745		617119	615410	655469	
0.4058	0.9399		15211	15229	15203		639427	670629	654462	
0.8973	0.9346		22192	22175	21665		642938	659312	622363	
0.7514	0.319		12977	13443	13027		615208	626942	625197	
0.437	0.5587		11989	11517	11459		649431	575460	590536	
0.2744	0.8625		12771	12569	11555		636197	644244	585834	
0.704	0.49		14437	12962	13376		625814	571055	569911	
0.2255	0.7627		11209	11635	10831		614506	597250	578368	
0.9133	0.1134		10817	11283	11136		612236	618990	631410	
0.6696	0.5193		14755	15208	14740		651837	690409	698747	
0.7859	0.587		15845	16811	16362		589128	633664	672149	
0.9152	0.8151		21141	21182	20835		679597	685429	637173	
0.4504	0.4927		10936	10489	10487		536530	541558	540961	
0.2767	0.3176		8057	8460	8612		577727	622536	680830	
0.8826	0.9367		22354	22197	22235		691394	707385	712732	
0.4995	0.8524		15480	15993	15609		700381	705323	723769	
0.3246	0.6432		11988	12445	11913		613201	636280	636687	
0.5123	0.6117		13951	13560	13460		603648	637735	683323	
0.6741	0.6747		16249	16211	16452		617787	626964	605465	
0.5124	0.2269		9634	10101	9632		649264	636225	633132	
0.7777	0.0696		9630	9714	10383		664505	669318	708592	
0.5871	0.1307		9689	9762	9853		627673	634977	630229	
0.0895	0.3185		6960	5996	7236		621423	547652	635621	
0.9191	0.1224		11287	10330	11446		640111	595788	655056	
0.2599	0.696		10442	10896	10956		560347	603818	606888	
0.2376	0.5684		10308	9209	10162		620448	543250	644945	
0.2805	0.5906		9405	9936	10414		591019	563929	644508	
0.442	0.6979		13802	13753	13261		619295	622952	586356	
0.4099	0.2904		9793	9852	10188		654476	685870	679867	
0.3142	0.2798		8840	9290	8810		592299	604415	611982	
0.8058	0.293		13476	12921	12933		694427	704365	714160	
0.9495	0.1489		12368	12395	12529		642201	600877	649064	
0.2276	0.2418		7498	8056	7523		655958	687850	714503	
0.6548	0.6743		15234	15575	15736		571513	582790	633630	
0.3071	0.4533		8861	8994	8978		529819	547206	538510	
0.7278	0.8196		19060	18692	18453		715005	734555	740808	
0.9392	0.2544		13820	14238	13269		588428	584305	564503	
0.9245	0.9327		21700	22776	22720		559319	668761	662596	
0.9141	0.2251		12475	13060	12518		648662	666156	645460	
0.9724	0.2235		12122	12563	12120		543983	554356	543493	
0.5259	0.3274		10497	10267	10324		550014	561852	570118	
0.0653	0.9117		9986	10036	9539		558522	565158	579903	
0.7043	0.9583		19126	20132	19778		603578	691222	720350	
0.4182	0.3147		10016	9487	8897		644627	556582	555153	
0.2028	0.6432		9931	9979	10003		573482	598863	607214	
0.5595	0.3029		9745	9785	9783		563597	585835	591959	
0.3543	0.5689		11045	10995	11034		588982	599405	599991	
0.0644	0.8657		9577	9576	9558		611057	610818	660829	
0.4813	0.4639		12202	11749	12283		654300	703716	698897	
0.3435	0.1493		7222	7736	7803		611789	623665	666180	
0.5744	0.8377		16718	16755	16763		666040	658014	679451	
0.062	0.989		9868	10838	10263		593881	633563	617226	
0.435	0.9341		15346	15842	15380		611129	644885	666627	
0.5895	0.4908		11755	11747	12778		558318	558944	655555	
0.5683	0.1685		9868	10378	9894		603542	625998	614158	
0.7847	0.8778		20766	21131	20774		653575	677551	700560	
0.182	0.9799		12101	12167	12218		649745	658310	671066	
0.144	0.7771		10429	10487	10485		657559	667108	676104	
0.1714	0.0656		6044	5974	6008		620844	655519	658291	
0.4042	0.278		9760	9395	9521		638093	669116	665803	
0.136	0.6111		9478	9371	9417		640412	655292	625436	
0.34	0.2374		8236	8229	7391		651231	688478	679831	
0.4515	0.4724		11638	11544	11510		661665	691182	693534	
0.3558	0.2745		9146	9547	9110		678621	669511	696717	
0.7305	0.4615		14724	14582	14172		685860	708882	717080	
0.2416	0.7368		11184	11227	11858		659744	687697	707392	
0.2465	0.5817		10233	10207	9143		621745	635648	546382	
0.7035	0.8718		18445	17382	18352		666648	583067	676069	
0.927	0.791		19830	20376	20408		559158	604700	574517	
0.2564	0.2597		8292	8286	8283		628314	657088	653029	
0.8687	0.9948		21668	21191	22386		555050	553229	621436	
0.6651	0.8393		17334	16907	18017		591782	588764	671004	
0.7446	0.7555		18853	18354	18393		661841	702640	690655	
0.5359	0.0885		8551	8235	8232		601620	606856	619347	
0.9433	0.5936		18307	18244	18178		637214	632351	605108	
0.716	0.495		12868	13782	14432		557069	659228	677884	
0.2647	0.5752		9575	10554	11059		573030	663967	681302	
0.1739	0.0704		6093	5883	6405		594825	616110	683628	
0.8985	0.6942		19487	18135	19201		660383	581005	692928	
0.9396	0.6638		19694	19878	20206		679705	687694	693069	
0.8499	0.1183		10033	10736	11280		585998	645718	639986	
0.9619	0.5613		16883	17376	17882		516590	516667	639085	
0.8233	0.1179		10317	10217	10336		615772	622376	652664	
0.4096	0.9144		15666	15471	15612		615098	639353	651933	
0.3349	0.9051		13995	13952	14424		636808	656600	676818	
0.6122	0.1256		10443	10326	9901		640023	677389	671331	
0.3312	0.4924		10267	10754	10883		626959	630710	672869	
0.6821	0.6752		16317	16319	16777		645574	700043	717972	
0.8173	0.4544		15522	15472	15024		654867	692917	683493	
0.446	0.8722		15063	15130	15077		607200	653464	662877	
0.078	0.5041		8728	7235	8217		608468	559752	654081	
0.0738	0.1756		6147	6162	6380		582998	607409	609835	
0.4889	0.9815		16789	16278	16706		623771	602638	663284	
0.3419	0.0926		6942	6967	6459		633559	598733	605738	
0.7128	0.5148		15061	14967	14986		635117	624485	666031	
0.5711	0.5578		13895	14389	13971		610531	633585	640328	
0.779	0.2029		10213	10758	11269		517065	563257	615835	
0.1612	0.8607		11364	11373	10941		640427	672528	567521	
0.6226	0.5242		13469	13390	13999		538157	557533	675647	
0.9588	0.9714		24225	23648	23631		697390	691205	718366	
0.1142	0.2667		6039	6037	7004		560606	568028	691366	
0.9759	0.9569		23933	23145	22808		694784	587861	593716	
0.3813	0.4257		10728	11139	10673		685950	677743	690152	
0.6694	0.1794		10076	10487	11172		624494	672815	668978	
0.293	0.4959		9951	9997	10224		647762	647643	670319	
0.4394	0.5491		12440	12400	12510		616421	616517	648993	
0.1936	0.9809		12955	13135	12732		620245	663985	657244	
0.789	0.8084		19412	19929	19388		621667	648079	631210	
0.3559	0.1479		8482	7960	7495		583114	567656	565258	
0.8833	0.1139		10701	10117	10243		568452	566804	594651	
0.4313	0.1476		8559	7514	8468		601283	534529	617024	
0.6677	0.2009		10042	10724	10193		590618	590616	614226	
0.9426	0.3537		15225	14224	13736		661371	571246	589483	
0.6164	0.5584		14191	14595	14560		633680	636134	653718	
0.4099	0.4888		11249	11200	11284		632006	682115	679479	
0.396	0.6178		12113	12106	12139		618795	616508	655739	
0.4446	0.5388		12454	12455	13007		609392	648750	660802	
0.6788	0.7548		17563	18034	17693		591774	611135	628573	
0.5702	0.7979		15834	16528	16505		625896	596098	626884	
0.9081	0.1402		11649	11632	12034		552569	554677	569249	
0.8668	0.1353		11188	11422	11201		569792	572882	585870	
0.3001	0.6029		11198	11619	10151		621916	626141	555892	
0.1994	0.1856		6506	7092	6489		588486	581462	611884	
0.2071	0.4503		8545	8530	8587		574252	597952	599905	
0.4267	0.4223		10484	10945	11655		639073	650697	714955	
0.2539	0.1425		6779	6819	6260		589078	609100	575051	
0.3005	0.2642		9168	9146	8841		588955	605927	656983	
0.8781	0.5873		17479	17357	17274		638074	631401	672851	
0.2657	0.8035		12713	12733	11716		629216	629508	586747	
0.3186	0.4636		9663	9659	9788		563895	565542	569623	
0.3794	0.0814		6943	6884	6876		579347	581841	594865	
0.3981	0.7028		13312	13540	12146		615328	636246	555801	
0.8322	0.6989		18240	17740	17262		602541	522947	543616	
0.2056	0.6247		10057	9005	9117		636735	573141	588052	
0.8429	0.5713		16631	16053	16111		633192	632963	604222	
0.4714	0.3794		10920	10910	10924		584928	587150	587336	
0.8303	0.056		9216	9997	9175		548756	574957	573440	
0.3465	0.3419		9301	8269	8432		654524	555477	574404	
0.1075	0.3672		6474	7980	6451		550669	627302	559257	
0.2511	0.5599		10347	10290	10441		616606	625239	673972	
0.1394	0.9769		11740	11703	11708		637258	656846	698732	
0.8025	0.7286		18661	18194	18271		648617	672233	626463	
0.7655	0.2279		12108	10500	11053		662747	569700	576702	
0.3237	0.7064		12181	11790	12211		593100	614342	627060	
0.6399	0.9187		18591	18776	18824		676414	690230	703518	
0.8361	0.81		19008	20055	19042		572603	692231	582886	
0.0711	0.5996		8149	8094	8130		601426	616637	627307	
0.406	0.8962		14542	14331	14365		574712	604976	600190	
0.9033	0.337		13954	14035	14130		641594	660245	703056	
0.5562	0.3205		11008	11138	10978		636079	664894	678577	
0.3155	0.9378		14297	14778	14319		656615	695702	694545	
0.2853	0.1299		7682	7537	7549		673178	650152	647495	
0.0672	0.6128		7688	8120	7794		537648	537330	546012	
0.4811	0.8475		14965	14499	14497		575618	576757	582531	
0.3795	0.6043		11113	11595	11689		595824	608861	622961	
0.5229	0.9463		16006	16098	17144		580053	582819	687714	
0.8799	0.945		21471	22491	22396		562793	651157	659411	
0.8338	0.278		13123	13094	12041		610160	645197	559008	
0.2724	0.4302		9448	8552	9434		605305	568809	653796	
0.4303	0.4562		11142	11004	11111		651937	699142	697211	
0.7856	0.4716		14952	14851	14871		623358	622001	696007	
0.5799	0.7334		14953	15017	15427		603897	615946	607238	
0.205	0.4544		8401	8954	9081		602484	640943	696445	
0.6461	0.336		10748	10766	11847		565099	566715	672212	
0.7628	0.0803		8644	9151	9384		596490	587716	608693	
0.115	0.9979		11339	11815	11256		670465	661127	665631	
0.8441	0.5608		16957	16767	16824		649161	655577	661919	
0.0858	0.4688		7825	7831	8419		644460	688328	666286	
0.2143	0.9421		12696	12594	12546		657772	675453	696127	
0.3323	0.3176		9154	8846	8638		556938	578285	596049	
0.8908	0.4378		15691	15643	16214		692789	669149	690664	
0.2233	0.4132		9113	9115	9319		664423	628509	698248	
0.6116	0.6278		15321	15340	15366		618528	631511	669586	
0.3224	0.0633		7080	7529	7542		636110	668628	695607	
0.394	0.7532		13466	13834	13418		589409	589391	600732	
0.3965	0.6218		12564	12487	12233		626660	608254	639222	
0.5509	0.1738		9402	10053	9478		608011	626462	666100	
0.5362	0.6441		14659	15173	14753		606997	607037	610146	
0.802	0.6978		17941	18434	17961		671167	669055	686175	
0.7267	0.4521		13960	14557	14204		646828	698158	698412	
0.8394	0.3498		13500	13549	13611		630770	655739	674255	
0.4849	0.2967		10451	10411	10850		681158	704331	708808	
0.6625	0.1615		10591	11024	10583		608361	661733	678468	
0.2468	0.6499		10775	10809	10897		649025	660672	687272	
0.7101	0.5313		15181	15713	15270		644857	672828	689631	
0.0703	0.5852		8569	9006	9045		679892	674653	700167	
0.9825	0.6711		20137	20075	19817		618156	652734	607574	
0.5763	0.6924		14316	15410	14682		557568	617640	596635	
0.4977	0.5336		12187	12302	12203		621852	642728	655149	
0.5919	0.9204		18171	17109	17283		654113	590098	610854	
0.8952	0.2024		11780	12486	11748		588388	634530	556730	
0.6003	0.385		12737	13119	13180		661836	678237	730775	
0.3148	0.5401		11124	11109	11699		595600	616864	660577	
0.4608	0.188		9086	9020	8991		654234	650478	690783	
0.7764	0.4984		14741	15002	14594		673475	701573	713564	
0.7132	0.5598		14640	14046	14712		560414	577869	639147	
0.1955	0.6714		10616	10591	10173		623063	619350	628206	
0.4394	0.2233		9094	9131	9769		567589	659944	675103	
0.297	0.4349		9682	9698	9667		637047	642609	652430	
0.4202	0.8696		14718	14741	14721		625816	680696	675470	
0.1431	0.7902		11142	10128	10135		663502	581204	617920	
0.4024	0.7531		12763	14350	12732		553614	662213	582030	
0.9722	0.7709		21842	21751	20574		676862	626495	597251	
0.9366	0.7352		18865	18860	19151		555242	609986	609551	
0.247	0.6155		10345	10347	10774		660553	675048	682396	
0.775	0.5425		15928	16445	15134		684462	707878	688762	
0.2081	0.622		10520	10017	9998		642466	657752	678632	
0.4152	0.8238		15096	14606	14684		625111	662066	700254	
0.5509	0.5041		13265	13315	13310		626562	651991	668746	
0.3295	0.1482		7823	7854	7847		629127	679048	697581	
0.8582	0.2355		12236	12291	12329		608188	650537	664294	
0.3615	0.3945		10184	10122	10348		664526	636241	691612	
0.0533	0.5377		7825	7954	7980		613983	670653	683267	
0.8133	0.5131		15883	15866	15901		607977	632891	633079	
0.4164	0.889		14833	14873	14837		558253	581877	592119	
0.3199	0.9538		13778	14208	13823		583758	606722	620104	
0.9289	0.1534		11531	12236	12154		558224	580018	664280	
0.7323	0.6764		16532	16458	16465		602301	607466	610285	
0.9847	0.1374		12209	12772	11859		593637	643899	562776	
0.6602	0.229		9797	9794	10399		540628	559096	592108	
0.2987	0.2286		7082	7070	7527		584550	594177	594796	
0.8595	0.7261		18946	18869	18916		631110	656680	656421	
0.2611	0.1566		7581	6450	6710		646447	589939	592362	
0.5743	0.4093		12754	11460	12562		634511	565032	649077	
0.942	0.3485		13742	13709	13791		570706	574398	592772	
0.4606	0.9068		15618	16055	15382		580496	620596	586164	
0.7733	0.8623		19293	19338	19326		620613	630866	689463	
0.5744	0.2639		10992	10953	11071		636334	605676	648341	
0.2343	0.6209		10835	10893	10346		644158	654974	680985	
0.1999	0.7758		11383	11836	11846		619779	652950	650682	
0.364	0.3444		9576	9493	8471		647371	685605	592556	
0.7216	0.3569		11724	12251	12256		570635	620428	660859	
0.8529	0.6391		18437	18429	18482		648936	657815	695690	
0.9515	0.9253		23556	23642	23459		657984	683823	708255	
0.4934	0.7571		15164	15517	15133		634337	657721	663877	
0.98	0.1114		11329	11090	11302		657982	681902	697076	
0.6511	0.5636		14624	15254	14614		648442	656802	688979	
0.3528	0.5511		11911	11851	11346		623682	666258	687970	
0.7957	0.7601		19462	19320	19165		673561	689795	710375	
0.5118	0.3294		10827	10748	10954		645093	641643	655936	
0.9993	0.3297		14223	14094	15259		568876	596772	664735	
0.8593	0.83		20447	20859	19410		644042	670162	568261	
0.7355	0.111		9126	10468	9826		620185	671281	667636	
0.4627	0.4771		11500	10987	11739		669720	591580	676305	
0.2759	0.2212		7731	7281	6753		659355	575100	581141	
0.4279	0.282		9763	8738	8952		652811	572164	579182	
0.3277	0.9313		13846	14202	14206		671502	706966	690019	
0.3431	0.204		7539	8159	8065		542752	646075	660732	
0.4684	0.6323		12868	12838	12858		559821	576845	580189	
0.7628	0.5215		15764	15231	16476		609272	572636	646800	
0.3239	0.5118		10969	11023	9921		650320	684930	577053	
0.3497	0.5197		11156	10347	11254		655397	585864	696620	
0.6299	0.2896		11618	11598	11762		625779	648973	612034	
0.5626	0.7985		15462	15917	15973		564792	598361	584250	
0.1101	0.4295		8397	7920	7051		644071	668699	570073	
0.183	0.1693		6253	6277	6783		540682	544305	557887	
0.2678	0.5178		10116	9712	10808		607152	578940	647672	
0.0521	0.0654		5302	5287	5686		603103	602124	612284	
0.9406	0.7646		21283	20296	21321		626681	546295	663743	
0.9752	0.7161		19389	19722	19545		608259	613068	612961	
0.5469	0.3771		11486	11483	11988		582978	592097	670103	
0.0906	0.9496		10724	10749	9786		621512	622261	570235	
0.1743	0.2661		7437	6716	7556		607439	552627	590119	
0.6609	0.5703		14481	14455	14679		576596	576759	580501	
0.3904	0.9976		15458	14324	14379		680750	601002	617481	
0.6083	0.7407		15829	15766	15689		614300	629361	673269	
0.724	0.4313		13952	13418	13328		615253	579987	599296	
0.9892	0.6805		20074	20053	19953		614650	631332	678328	
0.4508	0.8949		15831	15827	15925		584496	600807	654561	
0.6599	0.1609		11037	10574	10556		640287	644091	681033	
0.795	0.9943		21411	21313	21333		623179	666148	687570	
0.3532	0.1119		7336	7652	7349		606545	607153	603874	
0.4564	0.675		13065	13123	13447		577219	572642	574638	
0.6504	0.9574		17747	18752	18681		568935	655591	643034	
0.2054	0.1515		5992	6943	6697		551369	626546	592299	
0.6237	0.205		10133	9955	10228		649523	658311	673327	
0.9926	0.5356		18372	18345	18319		625071	626827	624426	
0.7122	0.9612		19690	20112	19744		627012	614930	619723	
0.4765	0.7296		14384	14444	14580		649679	650548	678493	
0.8612	0.0615		9974	9921	10121		612363	620722	614090	
0.6751	0.3921		13231	13327	13675		632445	630704	636777	
0.7172	0.5271		15106	14485	14006		639125	554382	572777	
0.5986	0.1822		8994	9131	10013		531840	528033	585292	
0.7688	0.8061		18679	19114	19078		588957	622792	625333	
0.6491	0.6872		16045	15790	15778		607997	612304	667612	
0.5452	0.4046		11953	11843	11951		643072	637151	669572	
0.4474	0.3629		10310	9856	10486		583034	583986	613854	
0.1527	0.1062		6578	6597	6066		619816	623504	639812	
0.9727	0.9321		22657	22651	22657		561247	565401	581263	
0.3864	0.4261		9804	10778	10947		551652	619930	673129	
0.9971	0.6925		20094	20113	20304		625358	616852	664066	
0.7712	0.1229		9484	10050	10560		575903	627723	651668	
0.8195	0.0752		10027	10032	10333		650493	708533	690186	
0.5485	0.4116		11061	11166	12190		535292	588627	648170	
0.9241	0.1219		10832	10994	11674		638764	651604	700378	
0.2571	0.1171		6849	5801	5766		612900	538630	564672	
0.1849	0.1876		6843	6903	6884		584705	589537	629338	
0.4649	0.3988		11477	9937	9999		619799	560091	561477	
0.1996	0.3474		8261	7268	7753		577156	514047	581718	
0.3647	0.228		8433	8659	8517		624065	665203	669014	
0.4688	0.6976		14191	14667	13641		605406	637440	590996	
0.1289	0.2721		6848	6757	6764		566795	568196	590266	
0.5872	0.239		10079	10143	10374		599507	602343	614640	
0.3664	0.9986		14305	14277	14838		560298	589280	656353	
0.4666	0.3168		10190	10632	10304		630581	632886	643183	
0.571	0.7583		15705	15653	15744		584628	587561	607268	
0.2526	0.4159		8314	8400	9363		561125	561188	673871	
0.616	0.9869		17852	18935	17320		602756	647627	601046	
0.4806	0.182		9208	9624	8779		630927	617417	566184	
0.1341	0.2497		6853	6907	6881		601386	606614	649941	
0.1432	0.6021		8901	9303	8378		573129	569286	568715	
0.4763	0.2202		9505	8491	9382		625017	573044	677706	
0.2204	0.9746		13132	13241	13207		633369	631954	692815	
0.2273	0.7795		11142	11125	10791		570624	595659	572051	
0.6306	0.3509		12003	11935	11018		601075	646175	558501	
0.9279	0.873		20671	21296	21263		578774	639830	640286	
0.0897	0.6222		8560	8518	7701		614431	661951	570710	
0.394	0.4971		10026	11007	11035		524168	614709	652298	
0.3327	0.1933		8119	8085	8306		596806	562635	627972	
0.2311	0.8505		11723	11620	11644		564242	564913	579450	
0.3028	0.4427		9406	9363	9365		554496	556259	561963	
0.059	0.8518		9712	8738	9789		666036	570368	670523	
0.1028	0.6281		8390	8880	9522		547984	612640	665903	
0.4723	0.8764		15636	15863	16244		592411	620313	646745	
0.4825	0.3739		10638	10759	10667		649742	708466	705720	
0.3509	0.4272		9773	9363	10300		580604	538359	668502	
0.3657	0.9376		15210	14661	14262		624175	661142	586515	
0.923	0.3358		14231	14256	14261		654326	687495	713410	
0.6495	0.558		13405	13606	13484		552911	565510	580099	
0.3691	0.754		13339	13419	12462		612810	641785	571919	
0.9067	0.6021		18080	17980	17870		613377	644782	649079	
0.9732	0.4417		16294	16541	16530		664103	682837	716755	
0.7051	0.2753		12193	12131	12092		632239	644165	689241	
0.1162	0.6239		9060	9019	9090		612516	646602	676284	
0.6177	0.172		10003	9990	9997		643766	686642	710421	
0.6253	0.5152		13775	14365	13904		651175	673421	623968	
0.8036	0.3519		12864	12297	12442		594714	593089	580468	
0.557	0.1184		8071	8576	9275		614024	693661	700992	
0.3354	0.207		8139	8191	8099		644976	677055	688844	
0.9927	0.3344		14836	14833	14943		622935	641438	676757	
0.992	0.196		13077	12470	11938		578147	587286	580094	
0.5642	0.1672		8767	9827	9899		559348	632725	667889	
0.476	0.7172		14068	14030	13681		659776	601784	625282	
0.5083	0.955		17156	16930	15987		690990	672092	607982	
0.2725	0.9766		13036	13498	13612		563077	620805	663282	
0.3757	0.6152		12180	12327	12193		603781	636871	667204	
0.3845	0.5705		11435	11478	11969		563751	582889	589292	
0.8988	0.9913		21576	21585	22698		576310	583772	686510	
0.3866	0.2821		9591	9644	9694		625823	660847	691716	
0.5247	0.4865		12151	12118	11653		625155	655146	670446	
0.3981	0.7914		14073	13999	14013		673133	654449	696740	
0.7591	0.3263		13010	12589	13080		621832	605624	692421	
0.1163	0.9405		11202	11259	11203		645047	655043	652644	
0.6327	0.5848		14793	15142	14709		653719	622486	691415	
0.8943	0.4171		15524	15577	15482		619568	661558	688293	
0.1877	0.8215		11740	11762	12249		680687	703162	713271	
0.643	0.1569		10210	10181	10467		628911	650179	642439	
0.9817	0.5866		18433	18310	18365		638944	668879	634992	
0.2484	0.3794		8924	7961	8988		614352	553115	646913	
0.5227	0.5337		12635	12631	12662		557349	572709	580849	
0.716	0.969		20288	19903	19855		577897	592284	638037	
0.6853	0.6468		15980	15566	15495		618556	574342	583013	
0.7953	0.2347		11748	11731	11668		615228	619781	643890	
0.3677	0.8844		13932	13949	13947		646076	654582	660119	
0.2325	0.9017		12616	12664	12661		610109	662134	644633	
0.6956	0.0751		9900	8275	8617		618403	542839	591647	
0.9805	0.718		20236	20188	20088		602505	632237	688947	
0.542	0.3102		10844	10782	10744		647997	658894	692769	
0.0697	0.6556		8830	8825	8931		618681	679119	679419	
0.5635	0.1763		9803	9948	9907		584407	628905	634978	
0.158	0.5826		9515	9521	9587		603734	620738	655008	
0.6485	0.4249		12541	13047	11928		610129	649676	600323	
0.0599	0.7004		9378	7874	8557		645923	569268	599826	
0.495	0.2495		9457	9474	8357		666207	674960	601236	
0.436	0.5505		12157	12177	12731		633107	647119	673327	
0.1133	0.8498		10706	10626	10661		634217	659641	700657	
0.7567	0.1043		10079	10159	10263		607331	636929	654809	
0.7826	0.7547		18676	19165	19245		590844	659471	691518	
0.2731	0.5328		9854	9867	10398		589564	604699	668576	
0.7655	0.3212		11954	12988	11966		569141	667394	586082	
0.8581	0.0661		9221	9207	9250		564807	565459	578302	
0.6012	0.6336		15318	15394	15339		594001	620655	638467	
0.589	0.7831		16549	16656	16507		639230	625681	665412	
0.8628	0.8595		21113	20633	20760		620094	641910	636209	
0.1641	0.4934		8729	8868	8697		621433	637184	657677	
0.1069	0.6385		9391	9440	9401		662930	665024	649292	
0.9532	0.6227		18219	18201	18210		681444	697954	706797	
0.8711	0.2506		13408	13407	13410		654623	681957	680681	
0.4917	0.5263		12681	13179	13089		656026	688671	689297	
0.3451	0.6999		12640	12667	12610		633764	664455	660841	
0.5813	0.8534		17151	17002	16865		646903	654276	661851	
0.4353	0.9958		15876	15881	15964		673154	683978	705846	
0.583	0.3232		11442	11444	11948		646109	643605	676355	
0.4132	0.1524		8492	8730	9011		634279	629001	656347	
0.1925	0.6605		10726	10654	10743		651051	657761	689666	
0.4925	0.096		8283	8229	8217		632421	649236	667892	
0.475	0.8087		15264	15199	15283		680763	702403	732812	
0.4004	0.7076		13091	13590	13121		603228	638052	630193	
0.3881	0.3121		9043	8989	9218		546956	557373	575895	
0.32	0.6346		11979	11956	11924		610461	656083	671143	
0.3903	0.9054		14423	14478	14954		595606	622978	680791	
0.4288	0.957		15194	15604	15755		596704	626786	689624	
0.4357	0.9037		15290	15230	15316		578045	633412	618059	
0.7834	0.2511		12963	12804	12849		708220	712991	711983	
0.5939	0.9409		18479	18763	18062		681576	686253	680991	
0.5727	0.0859		8516	8448	8513		647197	652713	671329	
0.7565	0.8007		19669	18621	18528		645976	597090	608863	
0.4342	0.9065		15664	14481	14487		655213	596486	599714	
0.8914	0.0613		9990	10146	9049		596769	643679	553239	
0.7978	0.2415		11210	11225	11223		617999	585160	607428	
0.4868	0.4584		11770	11342	11729		683972	670817	713008	
0.347	0.1096		7958	6420	7396		658626	568296	654158	
0.0887	0.4229		7528	7490	7045		605651	607642	582572	
0.4067	0.2066		8821	8341	8243		672878	586419	608146	
0.9427	0.9828		22730	23798	23761		537082	653917	653672	
0.6698	0.2808		11349	11860	11263		580217	642530	597051	
0.6218	0.4765		12945	12981	13106		629162	641288	642111	
0.8535	0.06		8774	8939	9760		605713	601530	643450	
0.6963	0.2953		11221	12727	11778		577177	683300	615034	
0.3886	0.5881		10916	12023	11038		548331	641854	551279	
0.8066	0.9182		20901	20000	19957		684438	563196	581422	
0.2145	0.4117		8367	7838	7859		531579	547451	554424	
0.2187	0.546		8710	8669	8747		540406	563298	568049	
0.4969	0.8643		14796	14987	15008		580529	587182	589920	
0.2841	0.4383		10391	10400	9924		612180	614516	636480	
0.644	0.5567		14290	14389	14482		631840	658770	680361	
0.4456	0.4247		11326	11226	10308		646469	620183	560352	
0.7892	0.8711		19193	19543	20015		612091	606413	698470	
0.1257	0.9481		10531	10650	12215		570106	550708	675313	
0.2765	0.3261		8107	8672	8615		602476	647160	674004	
0.751	0.9024		20256	20237	20479		651748	650622	686891	
0.68	0.8198		17940	17957	17978		673466	684855	705560	
0.6923	0.7246		17018	17462	17004		617507	627350	651162	
0.8627	0.1783		11867	12465	12134		686610	693464	723284	
0.9769	0.5152		18175	18196	18192		684307	692082	705564	
0.2013	0.2322		7369	7465	7366		608279	637580	679647	
0.91	0.1235		10873	10829	11082		622053	644191	667484	
0.2481	0.1811		7214	7145	7430		620271	671860	699301	
0.53	0.7995		15703	15675	16380		664508	653472	642059	
0.2202	0.1023		5646	5632	6696		562077	565010	677372	
0.1009	0.5551		8819	8774	7660		584580	605744	591210	
0.5537	0.1197		8665	7574	8778		603017	554494	649544	
0.183	0.5206		9239	9217	9311		610622	628316	612100	
0.8782	0.571		17458	17491	17494		626623	652292	663380	
0.0936	0.6003		8661	9151	8652		624880	649899	649544	
0.2524	0.1858		7504	7997	7784		635017	683768	688600	
0.9307	0.6788		19312	19465	19321		672080	667949	691743	
0.2139	0.2095		7248	7443	7454		651093	666413	667919	
0.1341	0.3886		8143	8325	7548		651936	634978	588786	
0.4401	0.286		8994	10118	10555		578451	644980	642591	
0.3922	0.1187		7668	7714	8014		627780	644512	642764	
0.0677	0.9828		10788	10899	10957		657071	699331	698742	
0.1994	0.8085		11720	11541	11573		647965	644821	655446	
0.7856	0.7833		19362	19934	19536		689770	688894	673906	
0.5214	0.1678		9094	9945	9382		632976	677520	664914	
0.7024	0.0978		9616	9513	9615		729604	734812	752421	
0.7754	0.1303		11173	10641	11047		653289	661847	684301	
0.2241	0.4074		9144	9276	9111		656360	693517	657270	
0.8285	0.9828		21839	22149	21122		685113	670436	624501	
0.1505	0.6409		9683	9735	9544		673037	672282	697324	
0.2658	0.4883		9694	9731	9728		656194	672572	682827	
0.4961	0.6981		13884	14141	14169		645755	650481	645485	
0.7058	0.6553		15859	16336	15351		583338	591753	572047	
0.9178	0.0575		9200	10225	10248		534548	634842	672627	
0.4309	0.1088		7899	7856	8098		643372	660243	651758	
0.4275	0.5502		12189	12759	12253		621625	641072	652347	
0.3834	0.286		9639	9659	9705		577684	595969	595296	
0.903	0.791		19456	20737	19745		506278	578311	521927	
0.2949	0.5784		10958	10004	11031		583255	533452	603960	
0.7477	0.3341		12014	12609	12657		575962	607855	647812	
0.1963	0.7484		10912	10640	10910		649571	631233	631658	
0.9905	0.844		22199	21118	21188		692930	587860	584988	
0.9614	0.0907		9776	10336	10839		548832	580813	637070	
0.7423	0.2707		11281	11816	11482		582323	581120	590158	
0.3166	0.3957		9934	9997	10017		623654	643638	658663	
0.99	0.4724		16723	16747	16706		639514	647947	656455	
0.9043	0.1817		12169	12072	12038		661986	660733	670900	
0.3921	0.8265		14344	14303	14855		667685	676995	675284	
0.9528	0.5385		18151	18088	18121		697058	705659	697535	
0.9404	0.5532		18106	18208	18124		652183	656935	677838	
0.1469	0.8412		10780	11316	10840		639559	646264	668120	
0.2982	0.435		9762	9744	9721		674162	675166	670839	
0.3595	0.3722		9560	9499	9607		653108	645547	653413	
0.1121	0.6364		9365	8821	8907		620791	579918	584355	
0.4676	0.7415		13167	13938	13927		580123	577993	572822	
0.3711	0.8141		13720	13703	13608		600986	619262	611244	
0.6451	0.3222		11919	12394	11984		646395	643529	631408	
0.5629	0.767		16412	17026	16316		639198	637625	637921	
0.2783	0.3679		8721	7649	7825		628627	543178	559539	
0.9465	0.0993		10669	10158	11452		572263	568602	671251	
0.7043	0.77		18196	17991	18061		693398	702567	714565	
0.8744	0.9291		21926	21976	21809		663059	655700	656328	
0.3723	0.6805		11909	11866	11886		565937	563947	565166	
0.8008	0.9895		21286	21774	21270		636077	638780	672729	
0.0908	0.7917		9798	9895	9891		643142	647666	657334	
0.0903	0.6668		9132	9016	9017		622757	635805	619534	
0.708	0.5832		15319	15361	15348		600924	628483	625297	
0.4858	0.0699		7997	7969	8015		672527	676569	677586	
0.4107	0.5465		12283	12170	12095		677587	678581	672790	
0.7261	0.1586		10987	11106	10911		635727	678776	657630	
0.1532	0.5092		8934	8924	8897		664700	670898	667483	
0.0996	0.8163		10664	10537	11014		691880	698263	707063	
0.0756	0.0588		5276	5303	5848		622543	652897	669281	
0.9663	0.5085		17846	18379	17913		638798	683537	666183	
0.0516	0.4925		7600	7743	7507		625175	660900	671003	
0.1429	0.8594		11078	11072	10682		626853	634412	645110	
0.5439	0.9591		17585	17458	17569		661208	663667	680098	
0.7745	0.7027		17607	17549	17623		616849	617325	603523	
0.7585	0.5026		15923	15872	15872		606637	621721	596795	
0.5142	0.7968		15750	15654	15657		636181	626919	662403	
0.5951	0.741		15821	15783	15823		597130	614003	637368	
0.0751	0.3903		7575	7521	7518		630935	654296	673283	
0.4845	0.3502		10633	10802	10740		605819	621236	644132	
0.1261	0.2159		6268	5762	5695		570293	569578	561792	
0.8162	0.4532		13963	14544	14049		542435	546761	561982	
0.2219	0.8477		12224	12184	12663		624494	632727	677655	
0.9784	0.2454		13124	12633	13074		634923	596761	632042	
0.7545	0.5801		15018	15025	15072		572409	575397	573279	
0.6606	0.7839		18276	17728	17769		658324	654610	620647	
0.1653	0.3779		8324	8327	8477		667164	645551	659737	
0.7389	0.3071		12374	12461	12036		676225	638355	602726	
0.4645	0.1693		8869	9293	8883		649103	680465	685637	
0.1979	0.1315		6379	6678	6401		582404	605574	599645	
0.737	0.4298		13401	12821	12836		543031	562116	567489	
0.1008	0.6536		8831	8797	9317		583126	577589	634416	
0.7056	0.7703		17068	18016	18011		551766	639262	656668	
0.5098	0.3139		10889	10741	10809		639690	662146	670355	
0.394	0.8849		15100	15045	15055		641476	647161	655741	
0.3055	0.1647		7280	6721	7961		553253	539935	621200	
0.8326	0.0543		9152	9127	9142		622719	633753	632980	
0.2383	0.0923		6425	6398	5456		640364	677126	582559	
0.3248	0.384		9367	9392	9281		566451	600687	590077	
0.6469	0.1235		8107	8039	8084		553558	571336	571771	
0.1643	0.5716		9586	8549	10135		640759	573498	667423	
0.1955	0.8022		11585	11628	10589		614907	638059	543045	
0.6247	0.5746		13679	13803	13260		570316	590168	556703	
0.9806	0.0511		10038	10144	9996		559605	580591	571506	
0.2073	0.6514		9431	10070	10025		557179	585940	583896	
0.0591	0.6279		8524	7590	8503		649839	560814	638290	
0.1339	0.9577		11147	11731	11455		582393	668047	670480	
0.4151	0.9053		14959	15851	15107		630722	662041	658209	
0.4026	0.645		12758	12779	13258		667305	659948	668513	
0.5401	0.1815		8505	9513	8890		566410	645194	606899	
0.9413	0.7344		18824	20479	19085		605278	675133	619801	
0.7284	0.316		12600	13143	12673		658791	659445	672277	
0.7174	0.1971		10803	11296	10771		629691	656638	665000	
0.3127	0.8323		13866	13280	13371		628141	629353	648258	
0.8317	0.1995		11788	11841	11885		658989	635295	662279	
0.802	0.2558		13365	13416	12808		630630	638291	645157	
0.5597	0.839		16007	16165	16238		639896	681869	673920	
0.8799	0.4372		15622	16075	15613		654027	696477	691890	
0.2436	0.3359		8317	8548	8438		658456	682625	675348	
0.8214	0.9845		21991	21651	21795		635187	683544	687320	
0.6361	0.3867		12947	12881	12929		673529	704449	684030	
0.2489	0.5223		9910	10434	9373		634302	661472	607689	
0.6539	0.4239		13028	11917	12024		643021	582611	585607	
0.97	0.3079		14725	14621	14679		666881	646264	674924	
0.9479	0.6081		18846	17703	18334		670384	616531	680157	
0.2087	0.2952		7480	7393	6863		581284	579560	579512	
0.9794	0.5896		18543	18698	18632		658899	673529	677629	
0.7715	0.3685		13151	13233	13191		619932	643248	642002	
0.3546	0.9741		14935	14338	14864		661422	608088	653182	
0.0895	0.3759		7476	7444	7500		619644	627386	648026	
0.3147	0.788		13306	13273	13250		623903	632765	629019	
0.591	0.7984		16988	16542	15936		661670	662322	565330	
0.9304	0.1636		12308	11772	11367		634816	570386	585268	
0.2867	0.6494		11619	11065	11095		598724	597042	601187	
0.7302	0.6871		16875	16960	15866		673128	674767	586158	
0.2034	0.8909		12177	12270	12260		665241	668269	675674	
0.3183	0.1704		7966	8499	8175		636667	658067	662982	
0.193	0.1385		7013	7534	6919		622833	616331	654023	
0.5679	0.5206		13728	13965	13805		670633	661669	688198	
0.4583	0.8716		15055	15091	15053		638723	629601	682886	
0.0641	0.4336		7632	7577	7590		636954	657118	682343	
0.0973	0.1221		5853	5843	5702		661617	658022	647240	
0.9786	0.4696		17026	16839	16894		649563	647027	662010	
0.8562	0.262		13499	13592	13536		650270	668169	676933	
0.1341	0.2146		6763	6776	6758		657552	689321	690467	
0.461	0.3572		10558	10989	10493		663351	679880	708620	
0.9485	0.5277		17327	17266	17203		607177	624576	609033	
0.7474	0.7459		17725	17176	17259		672833	689896	695105	
0.9967	0.8139		22222	22394	22280		652587	654961	661059	
0.8412	0.4683		14988	14421	14468		655082	602384	606201	
0.7983	0.9345		21337	20898	20859		634955	640690	660537	
0.85	0.2899		12592	13637	13667		601982	699953	706637	
0.086	0.5877		8588	8702	8541		688607	691814	699490	
0.9835	0.4669		16548	16557	16699		678309	686409	690412	
0.7435	0.2804		12354	12333	12334		612297	625856	633665	
0.1923	0.2937		7983	7975	7931		669603	657992	672942	
0.6372	0.3386		11879	11884	11812		630749	629970	615093	
0.3257	0.0524		6851	7382	6810		641975	648556	654083	
0.8625	0.195		12146	12101	12117		642720	649984	682358	
0.3591	0.1075		6904	6853	6900		550539	570677	570944	
0.4013	0.4096		10817	9610	10912		622045	564305	655366	
0.8504	0.75		18884	17789	18845		633887	594501	662212	
0.4489	0.7364		13379	13423	12893		619203	638210	609336	
0.3528	0.8768		14554	13966	13424		629393	554704	550586	
0.3447	0.7571		13941	13900	13428		652325	637114	651867	
0.5945	0.7948		16946	15848	17177		629207	556757	646973	
0.4409	0.1609		8864	8811	8861		623794	598235	638636	
0.8408	0.4991		15183	15045	14491		612729	625692	597487	
0.1965	0.4448		9029	9134	9239		610925	613854	641318	
0.2651	0.3804		9221	8226	9270		663097	568902	639578	
0.9057	0.6414		18680	18762	18740		687331	677685	688859	
0.2092	0.2979		8023	7599	8002		609363	608261	617787	
0.1327	0.1833		6577	6569	6601		639812	642339	660272	
0.9559	0.9665		23398	23481	23366		688039	653913	696105	
0.6549	0.1685		10751	10085	9628		662688	600227	604074	
0.846	0.491		15595	14945	14530		642871	547792	549699	
0.2546	0.8729		12528	12858	11513		677622	682987	589648	
0.4684	0.972		16607	15222	16336		683461	589321	667677	
0.5031	0.8775		16791	15699	15753		609140	549231	553152	
0.7394	0.7734		18447	17980	17913		610188	567314	577656	
0.3497	0.4595		10514	10432	10528		678332	654731	680786	
0.1278	0.3326		7617	7636	7663		648895	677229	682369	
0.9688	0.2887		14753	15194	14694		684710	696067	666901	
0.0631	0.1098		5643	5675	5975		626909	624739	635232	
0.4098	0.8281		14660	14587	14664		628743	612100	620585	
0.3991	0.513		10637	11876	11191		588904	669013	617211	
0.1925	0.467		7947	8611	8493		561608	591675	592623	
0.3582	0.3558		9136	9467	9566		587013	576590	578780	
0.8341	0.1179		10854	10207	10582		636761	657951	660539	
0.1579	0.6696		10214	10745	10331		640937	687656	679408	
0.1065	0.6421		9388	9766	9361		662635	706000	715200	
0.3435	0.8517		13430	13542	12911		632834	671960	606050	
0.2674	0.896		12576	13178	12660		554532	619848	580994	
0.9992	0.2244		13119	13120	12050		647781	680810	591455	
0.7751	0.9853		20812	21159	19884		657380	635843	573107	
0.6134	0.8641		17225	16055	16198		694584	602188	607668	
0.3258	0.4184		9534	9487	10069		576928	603557	646619	
0.3949	0.3278		9834	9841	9784		698624	700178	683351	
0.7148	0.3775		12965	12979	12993		596344	599868	608668	
0.2575	0.6297		11121	10670	10720		642739	589072	582434	
0.7093	0.9837		20096	20096	20498		632646	655244	665785	
0.5032	0.2963		10586	11144	9757		625246	650271	568552	
0.18	0.2666		6996	7015	7525		555705	576506	638332	
0.7716	0.8064		19029	19040	18452		683174	675941	591124	
0.8023	0.9168		19889	20107	21030		585081	594787	670981	
0.7716	0.8873		20373	20518	20463		644401	658962	695135	
0.778	0.478		14597	15045	14506		690636	662182	650860	
0.3018	0.7982		12279	12196	12347		592404	619327	615576	
0.8128	0.4318		13603	14268	14255		555603	596548	606787	
0.3252	0.4811		9840	9763	9847		580490	582876	583274	
0.7083	0.3187		12475	11330	11383		609503	544610	548880	
0.413	0.3172		9537	10018	9062		553025	630700	563905	
0.8325	0.1763		11659	10639	10601		634034	567954	566299	
0.989	0.6308		19844	19998	19449		638651	584476	586405	
0.6779	0.5594		14832	14787	13911		649643	663982	566835	
0.1487	0.0952		6112	6115	6060		645083	624772	652642	
0.6653	0.2266		10291	10364	10827		589461	593347	638647	
0.103	0.3378		7555	7342	7867		565028	588516	626190	
0.4919	0.3167		10679	10580	11141		605002	634214	626814	
0.5837	0.3122		11251	11259	11245		602988	597269	620187	
0.292	0.1219		7083	7105	7826		642877	649603	645001	
0.0581	0.2384		6221	6163	6426		627987	647694	645341	
0.9505	0.9055		22433	21924	22054		590915	578272	578136	
0.6868	0.5407		14947	15468	15443		635915	650206	637407	
0.8652	0.6701		17603	17965	17587		559730	573121	571827	
0.4329	0.5347		11222	11143	11588		569832	575305	586628	
0.5093	0.9079		16429	16342	16328		556524	563914	534458	
0.9458	0.8898		22149	23179	23252		558166	653580	654929	
0.5727	0.1687		9797	9439	8990		620963	538346	537262	
0.9601	0.9157		23037	22942	22832		596074	596737	594862	
0.3599	0.8109		12413	13491	12413		559510	646588	572129	
0.3738	0.596		10684	10661	10644		558069	575753	571345	
0.3057	0.6333		10627	11186	11652		544785	558473	672620	
0.737	0.9872		20351	20387	19461		677104	675089	573329	
0.433	0.816		14685	13584	14763		692235	601904	714395	
0.2384	0.8924		11673	12804	13285		536336	621659	620923	
0.957	0.2726		14321	14492	14403		634842	635379	630473	
0.1487	0.6741		9900	9903	9832		609515	649413	653302	
0.0945	0.6996		9174	9177	9273		568338	591539	591416	
0.4193	0.4954		10698	11221	11188		588620	672830	667622	
0.5553	0.3588		11199	11260	10642		618800	668351	603314	
0.2638	0.8435		12873	11889	12276		663970	615973	625320	
0.6925	0.7448		17025	17070	17033		654007	664184	654325	
0.474	0.7978		15372	14795	15307		650008	599677	673448	
0.6153	0.06		8439	8402	8944		636255	664847	671747	
0.7444	0.0754		9413	9389	9431		663263	644186	663947	
0.0978	0.538		8714	8728	8982		628697	590243	650521	
0.5299	0.505		13043	13104	13016		626992	617871	614363	
0.1996	0.1002		6087	5591	6524		544468	544765	654957	
0.4141	0.5184		12022	10989	12164		608222	535994	616090	
0.2908	0.4004		9087	9687	10152		560144	606236	622850	
0.4459	0.876		15577	15260	15892		562366	565097	613047	
0.0744	0.087		4539	5574	5482		534940	609442	594301	
