22	23	
0.4427	0.2406		8345	9386	9597		673889	700388	612693	
0.3046	0.7171		10720	10763	11240		551702	555216	585124	
0.7643	0.4615		14640	14261	14102		654474	652269	665543	
0.9083	0.1414		12291	11914	11867		683593	648626	626777	
0.8525	0.543		16413	16239	16707		631736	615181	665026	
0.4303	0.3927		11159	10210	10055		678457	585899	583507	
0.1534	0.1267		6196	6123	5850		654610	628706	599338	
0.3312	0.7321		12254	12354	13963		599957	647455	639708	
0.9212	0.3766		17457	15115	15739		697510	726720	696014	
0.8335	0.6187		17152	17967	19666		712429	684067	657151	
0.9199	0.7332		18912	19893	18655		552969	657099	562893	
0.0538	0.9697		10282	9792	9383		654117	611305	595469	
0.4536	0.4442		11248	10264	11188		591871	571940	665263	
0.2791	0.5185		10526	9137	10078		675162	598790	690384	
0.5163	0.2149		9391	9484	9335		710677	704319	725772	
0.4836	0.1721		8933	8553	8023		640609	571299	585237	
0.9696	0.9357		23958	23545	23385		637245	669442	678868	
0.3093	0.0914		6250	6498	6631		567367	603834	655331	
0.1282	0.5385		9372	8983	8896		642066	651019	661581	
0.8908	0.3836		15805	15733	15210		707593	718767	722766	
0.5506	0.579		13545	14147	13463		677185	690891	703049	
0.7024	0.6681		16019	17041	16614		559426	649703	667133	
0.9311	0.1272		12550	11259	14595		644667	587755	663801	
0.4279	0.0879		9230	7422	6787		671151	674899	590879	
0.3043	0.7425		11016	11895	12460		590243	622979	686549	
0.262	0.9388		12792	13283	13990		572339	681001	687349	
0.6204	0.9015		17111	17429	17213		588906	597960	600567	
0.7233	0.1363		10606	10294	10159		696719	658562	658132	
0.5712	0.2935		11022	11053	11047		670660	683383	677153	
0.7175	0.1871		10455	10436	10504		654256	685567	704491	
0.8416	0.1841		10945	10979	11341		616476	628344	648680	
0.2727	0.8601		12532	11638	11539		645439	562933	573234	
0.6517	0.3929		13345	12930	12419		676061	688429	596656	
0.4569	0.1467		9151	8884	8061		645394	655949	580710	
0.812	0.8011		19282	19170	19573		649132	631945	674519	
0.9341	0.8053		21042	20820	21245		720514	751372	743729	
0.865	0.2787		13330	13818	13718		657978	683798	692015	
0.5056	0.8419		15651	15938	15636		697294	702774	704630	
0.3741	0.9997		15118	14715	14644		588378	693263	698569	
0.0592	0.2419		6015	6019	6034		668193	655141	652829	
0.6904	0.118		9511	10009	9490		677511	696348	680075	
0.0777	0.4753		7828	7798	7973		667128	675188	697289	
0.2475	0.2574		7879	7904	7899		693505	665482	679213	
0.7505	0.2353		11439	11372	11562		734511	731047	755461	
0.1239	0.4259		7797	7793	8458		683609	690460	661011	
0.9739	0.1244		11266	11421	11287		693396	710506	718391	
0.3433	0.8493		13336	13411	13802		724739	724645	739021	
0.0984	0.5222		8989	8699	7656		669040	684666	588302	
0.4276	0.7079		13831	13377	13330		666067	677912	698804	
0.6776	0.3786		12844	13223	13116		654525	654359	672266	
0.0513	0.1237		5336	5029	4482		653026	571668	581338	
0.852	0.2594		12761	13916	13436		607770	715439	745672	
0.8477	0.9994		22147	22116	22061		654104	646809	645685	
0.6016	0.8823		18491	17408	17511		641188	587246	603956	
0.3232	0.8315		12292	12775	12906		549832	584298	595252	
0.558	0.9471		16288	17297	16883		589957	620983	625413	
0.8734	0.4846		15283	15837	15315		676386	696716	694734	
0.7624	0.3223		13475	12821	12979		648863	671490	661738	
0.1487	0.9503		11606	11564	11509		659796	647304	621802	
0.3051	0.0792		6265	6722	6325		592766	601704	601676	
0.8537	0.4315		15241	14654	14226		654513	605081	579933	
0.0864	0.4144		7487	7496	7493		639183	641312	662951	
0.2418	0.7665		11168	11144	11172		586461	601404	617846	
0.5362	0.8615		15295	16264	15715		599816	632208	636841	
0.4118	0.8346		14498	14547	15020		688864	707746	728591	
0.6051	0.545		13467	14037	14104		590466	677138	707769	
0.5044	0.4928		12541	12039	12102		669148	658077	724825	
0.8095	0.4869		15235	15361	14839		597363	624268	657718	
0.9299	0.6488		19503	19141	19052		601619	642103	666684	
0.1219	0.7154		9490	9949	9501		566232	585953	610472	
0.1348	0.7134		10452	9956	9927		635408	667917	692112	
0.1924	0.2062		7184	7828	7840		593615	647375	639658	
0.3504	0.4726		11049	10506	10423		649409	668827	658962	
0.8404	0.704		18042	18011	18665		641606	609691	672074	
0.5202	0.8928		16649	16565	16171		612731	576923	551750	
0.2842	0.3962		9096	10099	9742		543639	636926	651054	
0.2066	0.6829		10579	10584	11182		618531	628491	665782	
0.3475	0.8517		13922	14317	14215		628600	675129	673296	
0.7812	0.9647		20085	20080	20095		601103	600973	597856	
0.5966	0.4783		12981	12966	13036		608320	595952	616838	
0.1384	0.316		7531	7606	7740		686463	692452	684744	
0.2434	0.7808		12119	11673	11714		704987	708291	716549	
0.1738	0.1165		5746	5790	6560		557469	555354	646209	
0.6734	0.5337		14288	14314	14926		596560	601433	661290	
0.9256	0.6777		18150	18699	18295		581070	619672	598980	
0.8447	0.5656		16014	16146	16110		524349	534396	535429	
0.5928	0.3475		10380	10869	10372		590941	590630	590658	
0.5618	0.1661		8792	8380	8412		560693	561003	572261	
0.2242	0.777		10595	10622	11641		546650	558011	664029	
0.092	0.3894		7309	7919	7960		643175	629046	637970	
0.2625	0.2506		8247	8263	7687		624922	575878	575696	
0.2682	0.8244		11856	12471	11437		567890	647442	566264	
0.718	0.123		9404	8450	9382		649487	567624	685167	
0.232	0.2623		6926	7442	7002		546332	576228	551705	
0.612	0.1814		9008	8996	9955		523471	523468	629556	
0.3943	0.5766		12480	12442	11941		658420	655381	693401	
0.6126	0.4425		12863	12399	12274		629133	591666	593654	
0.3642	0.371		9519	8977	9016		594349	592485	620123	
0.6021	0.572		14200	13905	14260		625748	547569	645291	
0.7932	0.4833		14029	14307	14323		514195	525006	542991	
0.7129	0.3286		12303	12240	12261		562241	566011	569623	
0.8164	0.2343		11797	12099	11863		565842	560125	605805	
0.1841	0.9033		11065	11000	11541		581518	577523	637145	
0.1177	0.655		8731	9230	9173		555587	620649	636699	
0.1323	0.2101		6264	6639	6777		568896	651374	649828	
0.9318	0.5041		17443	16523	17509		646455	566691	669254	
0.6722	0.481		12648	13640	13628		562719	644822	642909	
0.2104	0.8119		11555	11890	11423		658035	675596	674148	
0.1621	0.5646		9423	9361	9428		620866	607152	588162	
0.1507	0.0652		5286	5313	5312		580572	597174	594810	
0.6511	0.8817		18480	17847	18534		598984	531646	621151	
0.6919	0.9934		19943	19760	19968		639022	657809	665493	
0.6473	0.294		11608	11632	11552		606818	628863	606809	
0.5274	0.9293		16772	17199	16923		640476	668161	674403	
0.5413	0.4107		12049	11937	11991		651968	687213	629818	
0.8476	0.0736		10208	10246	10178		641462	678356	707743	
0.6989	0.3263		12351	12720	12379		652585	698447	706942	
0.628	0.5502		14936	14443	13706		625948	636181	695209	
0.4468	0.7804		14559	14461	13660		637614	610330	597348	
0.2855	0.1561		8089	7536	7721		609133	618431	596203	
0.9227	0.0613		9176	9700	9993		539179	578898	600292	
0.1964	0.6142		9574	10088	10068		571887	664793	686288	
0.4207	0.3795		10795	10807	10774		592578	598383	632736	
0.9669	0.595		17772	17640	17691		628479	632899	642835	
0.0565	0.357		6396	7389	5919		525042	633822	543101	
0.6263	0.3716		11878	11884	11946		636175	654382	670469	
0.1415	0.7582		10534	10631	10528		656935	662599	697806	
0.704	0.2711		12139	12575	12184		628257	634702	682896	
0.2502	0.3338		9117	8585	9151		628921	699990	721808	
0.0619	0.1794		5848	6310	6155		698939	725518	710726	
0.6516	0.6058		14838	14158	14947		623743	587886	645495	
0.1778	0.7426		10889	10469	10415		612508	655647	678586	
0.7304	0.8782		19290	19282	19271		594733	616733	622319	
0.9638	0.0879		9830	9752	10046		519158	518324	536563	
0.1461	0.6901		9445	9436	10121		581897	605573	623148	
0.186	0.9615		11966	10992	11503		636034	564822	639720	
0.7888	0.5978		16028	15964	16006		599952	612650	623338	
0.6885	0.43		13635	14203	12590		590824	658188	570261	
0.9679	0.4152		15515	15939	16008		556053	647455	668397	
0.7245	0.9929		20715	20319	20881		682440	686321	716544	
0.7651	0.4374		14262	14158	14193		629748	655488	671889	
0.9511	0.2498		12901	12945	13083		657602	657294	657931	
0.6831	0.6801		16910	16364	16328		623409	647147	647224	
0.3327	0.5086		10990	10954	10941		679019	673209	691074	
0.6259	0.1256		10047	9594	9512		570396	570870	547975	
0.6165	0.9977		17866	18254	18827		604524	678266	688805	
0.6562	0.6937		15781	15968	15853		617282	661682	673571	
0.2702	0.4834		9638	10096	9617		648873	636958	644445	
0.6632	0.5677		14938	15016	15222		613244	650204	677674	
0.6666	0.7737		16913	17439	17088		592661	598432	596304	
0.1103	0.6786		9996	9008	9628		646114	587740	629511	
0.4612	0.299		10020	9526	9008		653337	564350	568916	
0.597	0.167		9967	8945	9957		628310	545367	643345	
0.28	0.9349		12535	12561	13270		580090	587088	643994	
0.6412	0.638		15721	15774	15771		667472	697312	688122	
0.9135	0.7298		19534	19502	19527		674552	677175	661287	
0.5034	0.8538		15388	15884	15867		594272	606495	627505	
0.2407	0.3712		8358	8388	8387		682228	693488	697321	
0.9081	0.1221		10669	10802	10764		615385	599168	587957	
0.6373	0.3596		12368	11954	11948		669707	693755	717627	
0.9884	0.9589		23838	23757	23761		673688	665557	665988	
0.0913	0.8897		10338	10383	10240		624129	626910	625104	
0.968	0.5027		17623	17214	17311		588038	558452	571131	
0.4033	0.8781		14335	14971	13910		566431	668647	580222	
0.5227	0.3711		10917	10893	10812		636626	658228	661568	
0.3318	0.5569		10963	11055	10985		590840	587083	606336	
0.3073	0.1152		7015	7012	7003		602129	603100	623909	
0.6264	0.8859		18488	18455	17973		631204	611074	592816	
0.4928	0.8175		15425	15351	15386		656106	645159	673792	
0.9712	0.5056		17999	18140	18169		612078	609328	621250	
0.597	0.5919		14144	14139	14171		615020	617832	615937	
0.8391	0.878		21137	21176	21173		658348	626388	650271	
0.9984	0.1235		11047	10791	11150		631263	643498	667286	
0.1169	0.579		9347	9476	8977		611377	618873	667494	
0.8797	0.6592		19241	18624	18901		602804	610195	654265	
0.8657	0.8373		20342	20440	20489		622494	650055	652342	
0.4427	0.5805		12566	12552	12013		634455	622564	606528	
0.7625	0.718		17420	17913	16505		616624	673232	578304	
0.8296	0.7585		18522	18433	18965		546845	547247	589565	
0.5103	0.1885		9422	9392	9686		612650	684704	680167	
0.6193	0.5223		13543	13969	13411		584921	608508	620277	
0.8856	0.972		22531	22058	22051		636460	597318	606738	
0.4191	0.5988		11384	11411	11404		583737	591639	604476	
0.9831	0.2058		12955	13376	12917		635240	630261	642952	
0.3824	0.1693		8502	8433	8439		577242	609779	599445	
0.7035	0.2172		10858	11327	10833		614201	617173	647464	
0.4971	0.1262		9424	8889	8908		630359	630985	675524	
0.7785	0.7985		19481	18455	19017		593413	550507	641914	
0.1005	0.6707		8404	8634	9415		541498	547542	641093	
0.5315	0.3881		10916	11775	10919		513115	623471	542223	
0.7646	0.4119		14256	14314	14264		631572	632495	648928	
0.9244	0.6856		19115	19104	19251		581802	645575	628475	
0.2159	0.3448		8167	7860	8154		604610	606068	597901	
0.4638	0.4561		11304	11508	11380		586066	588589	627962	
0.6972	0.9816		19823	19937	19255		588192	606846	581727	
0.879	0.9821		22895	22511	22615		584441	614300	619270	
0.4383	0.2848		9489	9987	9537		565347	572877	575596	
0.8176	0.1044		9641	10269	10222		525521	623317	612454	
0.3088	0.6249		10920	10908	10916		659684	643722	661301	
0.7286	0.5524		15912	15423	15482		614775	626656	689638	
0.6972	0.4649		13354	13788	13899		587200	587972	605652	
0.1351	0.5577		9068	9017	8991		591789	597601	622074	
0.3507	0.8823		14845	14415	14386		606209	608738	627274	
0.7186	0.6284		16452	16873	15874		621419	655936	659622	
0.9528	0.2611		13272	13718	13307		503424	500079	506590	
0.0571	0.1538		5145	5462	5455		563731	564818	581243	
0.7296	0.2399		11185	10180	11133		593594	541156	622894	
0.6363	0.3314		10786	11618	11253		524533	594805	584875	
0.3993	0.8763		14943	14957	14832		607970	628892	649005	
0.1269	0.813		10450	10761	10376		587759	590355	593454	
0.7958	0.5683		15867	15711	15803		564940	579618	606975	
0.0828	0.5669		8347	8389	7433		590742	586914	538311	
0.8307	0.6551		17531	17326	17407		594507	609096	634883	
0.6066	0.3431		11369	11505	11409		607132	639066	668303	
0.5673	0.9321		17656	17660	18189		589135	598099	633933	
0.6951	0.4188		13606	13071	13579		607510	585203	643989	
0.7438	0.0706		9784	9370	8819		584556	573001	542773	
0.1419	0.417		7736	7814	8158		578906	582023	616747	
0.5591	0.584		13027	13401	13482		605499	635590	658728	
0.5898	0.8704		16882	16842	16768		582285	605819	640139	
0.1235	0.2327		6591	6092	6602		562593	571607	630385	
0.0938	0.9243		9964	10492	10557		594746	624714	650950	
0.1382	0.2357		6886	6864	6846		550271	576949	593865	
0.1974	0.5504		9748	8755	9887		626156	558564	655084	
0.1725	0.1429		6084	6356	6085		550968	558885	561588	
0.0969	0.8772		9812	10874	9964		567565	691140	608196	
0.4139	0.524		11969	11467	11983		592812	587790	627796	
0.4176	0.6089		12480	12410	11497		625325	651533	573493	
0.8723	0.5949		17171	17168	17145		642708	664266	685676	
0.6898	0.706		16844	17087	16778		597507	627045	626883	
0.4699	0.6985		14132	13637	14062		592917	592785	618435	
0.1788	0.7447		10443	9993	9556		615054	566101	555495	
0.0961	0.9555		11158	11118	11214		596292	608820	620265	
0.673	0.7879		17194	17961	17679		562991	603153	645622	
0.1523	0.7928		10637	10659	10558		621845	624072	633315	
0.3684	0.0842		7131	7058	7834		619241	633084	647517	
0.7145	0.3101		12158	12102	11583		565667	569303	555285	
0.8175	0.8936		21340	21243	21041		615631	618518	636830	
0.312	0.2427		6980	8443	7949		553300	639221	649238	
0.8024	0.6959		16959	17321	18409		520776	525980	629366	
0.7021	0.9697		20007	19136	19362		624679	590092	604809	
0.4359	0.5245		10961	11857	11766		585714	667007	675451	
0.4263	0.1912		8226	8767	7969		538402	576636	516519	
0.8861	0.3431		14033	13959	13852		592103	599014	617453	
0.2639	0.8592		12071	12001	12589		563657	573759	614185	
0.6446	0.9837		18366	18289	18337		587733	588656	613315	
0.0586	0.5078		7801	7371	7316		590099	555560	562661	
0.3065	0.1419		7534	7547	7584		634812	644123	685137	
0.5091	0.9578		16531	16589	16460		589341	580492	597329	
0.3824	0.5573		11255	10672	11732		546144	519089	583285	
0.8283	0.9637		21020	21123	21476		567726	572807	583160	
0.4895	0.7951		14669	14717	15222		583109	580464	652336	
0.6995	0.1498		10537	11093	10743		643126	639553	666370	
0.9222	0.5093		17909	17504	17584		600479	599174	644514	
0.8241	0.7232		18498	18465	18564		665579	700539	709779	
0.5632	0.8916		17640	17677	17615		642728	681373	667030	
0.6781	0.2379		10764	10821	10854		629743	652365	652800	
0.4287	0.0592		7308	7351	7227		625304	618041	674151	
0.6859	0.4235		12748	12933	12711		562465	561879	564102	
0.176	0.1764		6193	6247	6874		583051	582415	604255	
0.6257	0.4463		12131	13155	12070		578285	661940	592881	
0.7555	0.3486		13065	12093	12579		616416	540442	589813	
0.809	0.5284		15883	15983	15861		635947	644302	678012	
0.5437	0.8655		16224	16216	16282		627737	626803	636088	
0.8241	0.673		18205	18249	18144		624640	614111	659326	
0.4924	0.299		10421	10291	10325		615777	624239	668460	
0.0892	0.1776		6060	6078	6306		623244	634635	632335	
0.785	0.0514		9485	9529	9498		627870	638694	656323	
0.5266	0.5749		13250	13280	13267		630956	635591	626499	
0.1412	0.527		8346	8309	8380		553242	552168	551223	
0.122	0.3779		7784	7786	7776		621663	629099	644888	
0.2498	0.1255		6519	7042	7021		570399	604736	610224	
0.1791	0.5443		9788	9250	9282		605087	594101	621243	
0.241	0.4276		8070	8049	8071		564372	575926	582308	
0.1952	0.8512		10805	11413	11309		577609	586846	594589	
0.0802	0.4526		7673	7224	7154		571499	550840	556515	
0.9557	0.5103		17913	17585	16841		639289	641713	568173	
0.0962	0.4308		7849	7955	6942		596644	602436	557054	
0.3772	0.4407		10898	10322	10814		585714	560955	608676	
0.7634	0.887		20841	20265	20450		654629	640781	687868	
0.8277	0.9255		21292	21816	21337		587476	618139	625607	
0.7207	0.8159		19183	18700	19119		610608	633005	631102	
0.2955	0.2516		8587	8580	8536		602102	646180	631998	
0.7741	0.4426		14465	14516	14434		669646	630444	648715	
0.111	0.6579		9979	9497	9448		599541	603252	608530	
0.057	0.6966		8991	8805	8886		583783	602419	648147	
0.3837	0.6055		12173	12167	12028		607804	629209	662080	
0.3136	0.1378		7835	7762	7736		605638	612333	612805	
0.5859	0.4924		12740	12678	12243		628600	619106	602916	
0.9406	0.4415		16421	15214	16373		611374	550817	620815	
0.4431	0.3941		10587	11033	10410		577026	586238	585423	
0.109	0.3053		6077	7605	6179		548833	655892	562563	
0.8876	0.824		20226	20323	20230		597775	602382	597782	
0.365	0.3955		10132	10628	9767		565643	592197	568298	
0.3879	0.5192		11671	11638	11208		616554	640314	574134	
0.3471	0.3671		9520	9470	9642		653861	660388	668621	
0.7454	0.5712		15609	16033	15643		630407	622563	636306	
0.4846	0.5443		12842	13305	12804		664552	665606	691663	
0.3952	0.6485		12151	11716	11707		550468	549728	552468	
0.4263	0.8335		14512	13515	13529		657438	561681	561911	
0.3435	0.5267		10914	9865	10854		617034	565263	647073	
0.5486	0.2203		9224	9233	9297		587556	584066	588270	
0.4341	0.1157		7745	7651	7677		633146	634112	681396	
0.4471	0.5149		12275	12404	12254		621782	650445	651528	
0.9478	0.4745		16373	15913	16371		625980	622424	641503	
0.9861	0.3188		14144	14796	14263		597081	594678	591611	
0.8222	0.7687		19670	19130	18972		661796	618771	628550	
0.1204	0.9301		10295	10987	10977		601478	630422	651502	
0.7465	0.1012		9631	8756	9638		587576	595518	627643	
0.2111	0.9829		12597	12840	12666		650609	636421	630918	
0.8341	0.6476		17391	17399	17404		610085	618748	649594	
0.4448	0.6539		13406	13533	13555		635532	655244	697236	
0.2901	0.3628		9104	9220	9213		591336	613278	632643	
0.9167	0.8957		22561	22542	22550		638023	636879	689327	
0.5952	0.7184		15491	15567	15526		617119	615410	655469	
0.9864	0.7595		21742	21639	21800		639427	670629	654462	
0.7685	0.8096		18932	18911	18370		642938	659312	622363	
0.8697	0.3052		13583	13704	13641		615208	626942	625197	
0.1085	0.3425		7740	6280	6278		649431	575460	590536	
0.1696	0.3202		7734	8246	6779		636197	644244	585834	
0.3017	0.945		13784	13448	12872		625814	571055	569911	
0.1782	0.8473		10787	10835	10345		614506	597250	578368	
0.6914	0.8019		18145	17976	18074		612236	618990	631410	
0.6731	0.3178		12163	12091	12191		651837	690409	698747	
0.7469	0.637		16134	17187	16833		589128	633664	672149	
0.9158	0.5809		18104	17699	17582		679597	685429	637173	
0.5807	0.5595		12818	13232	12744		536530	541558	540961	
0.5982	0.2607		10269	10773	11412		577727	622536	680830	
0.9311	0.3869		15679	16027	15542		691394	707385	712732	
0.6927	0.3459		12499	13053	12532		700381	705323	723769	
0.7049	0.5088		15553	15496	15039		613201	636280	636687	
0.4292	0.2027		8831	9288	8824		603648	637735	683323	
0.5673	0.8043		16513	16466	16427		617787	626964	605465	
0.972	0.8134		22065	22309	22018		649264	636225	633132	
0.6113	0.8081		16795	16829	16824		664505	669318	708592	
0.7329	0.1581		10850	10884	10877		627673	634977	630229	
0.7773	0.5483		15886	14931	15862		621423	547652	635621	
0.6031	0.6803		15463	14985	15407		640111	595788	655056	
0.5655	0.6781		14053	14662	14641		560347	603818	606888	
0.593	0.5517		13820	12766	13816		620448	543250	644945	
0.6261	0.2196		9313	9376	10623		591019	563929	644508	
0.5922	0.2745		10919	10917	10516		619295	622952	586356	
0.3219	0.6148		11330	11308	11314		654476	685870	679867	
0.8404	0.2044		11618	11761	11665		592299	604415	611982	
0.9428	0.7412		20006	19960	19952		694427	704365	714160	
0.7908	0.2355		11729	11673	11673		642201	600877	649064	
0.3647	0.6224		11757	11581	11685		655958	687850	714503	
0.2352	0.7239		10784	11219	11196		571513	582790	633630	
0.8663	0.6894		17808	18079	17704		529819	547206	538510	
0.3134	0.7491		12310	12376	12332		715005	734555	740808	
0.1012	0.2527		6979	6515	6205		588428	584305	564503	
0.8807	0.2324		11411	12448	12971		559319	668761	662596	
0.4264	0.5356		12111	12181	12080		648662	666156	645460	
0.9759	0.3384		13779	13967	13879		543983	554356	543493	
0.9632	0.3847		15533	15515	15478		550014	561852	570118	
0.4324	0.4227		9879	9944	9907		558522	565158	579903	
0.4947	0.5221		11663	12727	12667		603578	691222	720350	
0.2798	0.5093		10670	9175	9139		644627	556582	555153	
0.3951	0.8556		13744	13774	13845		573482	598863	607214	
0.9817	0.1034		10228	10351	10292		563597	585835	591959	
0.9173	0.2002		11943	11948	12046		588982	599405	599991	
0.8458	0.9669		21295	21352	21309		611057	610818	660829	
0.6976	0.6438		16502	16412	16538		654300	703716	698897	
0.3064	0.7875		12228	12758	12787		611789	623665	666180	
0.6863	0.452		13525	13490	13622		666040	658014	679451	
0.4949	0.4857		11354	12014	11821		593881	633563	617226	
0.9407	0.0903		10753	11096	11490		611129	644885	666627	
0.7896	0.3619		12338	12323	13372		558318	558944	655555	
0.7069	0.2712		11945	12684	11715		603542	625998	614158	
0.0827	0.7138		9208	9149	9257		653575	677551	700560	
0.3703	0.5192		11239	11268	11764		649745	658310	671066	
0.0876	0.608		8575	8586	8591		657559	667108	676104	
0.1987	0.0702		6846	7135	6261		620844	655519	658291	
0.5711	0.935		17699	17676	17707		638093	669116	665803	
0.7453	0.9869		20250	20225	20325		640412	655292	625436	
0.2439	0.3707		8450	8432	8454		651231	688478	679831	
0.4829	0.1461		8606	9019	9007		661665	691182	693534	
0.7173	0.565		15774	15298	15257		678621	669511	696717	
0.4003	0.2444		8786	8799	8814		685860	708882	717080	
0.9291	0.6154		18025	17843	18668		659744	687697	707392	
0.5318	0.1545		9299	9860	8270		621745	635648	546382	
0.6441	0.579		14594	13622	15253		666648	583067	676069	
0.3422	0.863		12376	12957	12472		559158	604700	574517	
0.8965	0.8864		22246	22223	22334		628314	657088	653029	
0.3321	0.1802		7393	6954	7875		555050	553229	621436	
0.6841	0.9358		18444	17922	19025		591782	588764	671004	
0.9907	0.906		23505	23508	23874		661841	702640	690655	
0.4201	0.8827		15453	15411	15374		601620	606856	619347	
0.8001	0.442		14815	14748	14781		637214	632351	605108	
0.7501	0.1458		10013	11185	11718		557069	659228	677884	
0.8178	0.4245		14263	14879	14820		573030	663967	681302	
0.6969	0.1404		9991	10067	10530		594825	616110	683628	
0.1136	0.927		11020	10091	11046		660383	581005	692928	
0.957	0.5045		17876	17927	17879		679705	687694	693069	
0.4843	0.0683		7437	8196	8545		585998	645718	639986	
0.1955	0.9909		11734	11708	12755		516590	516667	639085	
0.1147	0.1454		6175	6227	6224		615772	622376	652664	
0.3888	0.9739		15458	15879	15523		615098	639353	651933	
0.9524	0.7303		20064	20151	20541		636808	656600	676818	
0.3165	0.4334		10020	10523	10578		640023	677389	671331	
0.3043	0.3151		8901	8922	8952		626959	630710	672869	
0.4447	0.9412		16110	16223	16122		645574	700043	717972	
0.7629	0.3164		13643	13102	12943		654867	692917	683493	
0.7451	0.0963		9708	9950	9675		607200	653464	662877	
0.6563	0.6911		16388	15867	16427		608468	559752	654081	
0.3333	0.2376		8131	8190	8411		582998	607409	609835	
0.7662	0.9962		20731	20198	20645		623771	602638	663284	
0.5537	0.9211		17244	16711	16764		633559	598733	605738	
0.3481	0.9554		15193	14793	14748		635117	624485	666031	
0.3731	0.9219		14540	14575	14547		610531	633585	640328	
0.5854	0.6875		14022	14640	15069		517065	563257	615835	
0.9034	0.3734		14046	14009	12982		640427	672528	567521	
0.7765	0.9034		19288	19266	20384		538157	557533	675647	
0.7195	0.7187		17479	16487	17059		697390	691205	718366	
0.6566	0.2641		10837	10752	11802		560606	568028	691366	
0.8423	0.2879		13147	12080	12123		694784	587861	593716	
0.4305	0.2566		9593	9612	9786		685950	677743	690152	
0.536	0.8698		15729	16321	16332		624494	672815	668978	
0.5818	0.6902		15461	15303	15374		647762	647643	670319	
0.477	0.7365		14290	14343	14378		616421	616517	648993	
0.1826	0.7709		10578	10861	10886		620245	663985	657244	
0.9576	0.6133		18330	18361	18275		621667	648079	631210	
0.6639	0.2688		11734	11807	11268		583114	567656	565258	
0.6406	0.4052		12226	12139	12057		568452	566804	594651	
0.0983	0.0642		5597	4770	6014		601283	534529	617024	
0.6347	0.9623		18288	18364	18264		590618	590616	614226	
0.2124	0.9152		12358	11262	11891		661371	571246	589483	
0.8498	0.6365		18504	18299	18481		633680	636134	653718	
0.3149	0.8263		13321	13472	13808		632006	682115	679479	
0.3384	0.5984		11381	11520	11406		618795	616508	655739	
0.9429	0.5353		18045	17940	18300		609392	648750	660802	
0.3902	0.4718		11002	10988	10989		591774	611135	628573	
0.1772	0.8819		12210	11760	11799		625896	596098	626884	
0.3067	0.1872		7163	7190	7391		552569	554677	569249	
0.2819	0.7866		12181	12246	12334		569792	572882	585870	
0.4518	0.742		13942	13865	12932		621916	626141	555892	
0.6674	0.2299		10296	10284	10721		588486	581462	611884	
0.6502	0.9868		18374	18533	18445		574252	597952	599905	
0.8413	0.9317		20765	20688	21510		639073	650697	714955	
0.4097	0.937		14909	15144	14399		589078	609100	575051	
0.3096	0.83		12913	12872	12991		588955	605927	656983	
0.2547	0.519		10280	10265	10405		638074	631401	672851	
0.7793	0.7053		17610	17427	17158		629216	629508	586747	
0.5384	0.7338		14457	14473	14432		563895	565542	569623	
0.8555	0.0895		10200	9679	9725		579347	581841	594865	
0.8521	0.4023		15016	15062	14075		615328	636246	555801	
0.1022	0.1171		5813	4890	4873		602541	522947	543616	
0.7507	0.6869		17364	16339	16388		636735	573141	588052	
0.0843	0.3336		6989	6512	6479		633192	632963	604222	
0.2634	0.843		11932	11881	11891		584928	587150	587336	
0.6724	0.094		8800	8856	8867		548756	574957	573440	
0.89	0.679		19010	17903	17879		654524	555477	574404	
0.4861	0.9532		15518	16631	15519		550669	627302	559257	
0.8626	0.6413		18414	18460	18535		616606	625239	673972	
0.4719	0.2384		9472	9488	9457		637258	656846	698732	
0.1072	0.4616		8126	8577	8142		648617	672233	626463	
0.6458	0.1968		10328	9372	9352		662747	569700	576702	
0.2282	0.6481		10324	10289	10223		593100	614342	627060	
0.6487	0.7459		16187	16141	16221		676414	690230	703518	
0.4015	0.7127		12038	12987	12066		572603	692231	582886	
0.9191	0.1632		11934	11864	11850		601426	616637	627307	
0.8506	0.8805		21194	21132	21092		574712	604976	600190	
0.4879	0.3379		10583	10515	10512		641594	660245	703056	
0.9675	0.2265		12863	12912	12863		636079	664894	678577	
0.7047	0.2882		12283	12225	12171		656615	695702	694545	
0.8057	0.9038		21006	20793	20796		673178	650152	647495	
0.3294	0.706		11205	11270	11273		537648	537330	546012	
0.3023	0.6524		10462	10481	10490		575618	576757	582531	
0.9634	0.4396		15188	15778	15824		595824	608861	622961	
0.8028	0.4196		13540	13378	14504		580053	582819	687714	
0.0758	0.937		9422	10465	10462		562793	651157	659411	
0.7772	0.6208		16217	16183	15139		610160	645197	559008	
0.9713	0.5415		18204	17270	18659		605305	568809	653796	
0.1147	0.3065		7106	7198	7109		651937	699142	697211	
0.6371	0.4718		13848	13371	13358		623358	622001	696007	
0.6876	0.4063		13005	13037	12856		603897	615946	607238	
0.6419	0.8637		17065	17522	17583		602484	640943	696445	
0.2814	0.955		12901	12954	14329		565099	566715	672212	
0.701	0.6518		15400	15452	15339		596490	587716	608693	
0.358	0.1655		8087	8138	8090		670465	661127	665631	
0.7997	0.4528		14802	14845	14801		649161	655577	661919	
0.3459	0.3728		9476	9581	9663		644460	688328	666286	
0.3752	0.1707		8396	8485	8456		657772	675453	696127	
0.0714	0.3451		6628	6630	6634		556938	578285	596049	
0.2065	0.9899		13149	12738	13166		692789	669149	690664	
0.4045	0.6216		11976	12029	12407		664423	628509	698248	
0.0754	0.1242		6163	5555	6104		618528	631511	669586	
0.5082	0.6214		13880	13554	13294		636110	668628	695607	
0.6135	0.3884		12180	11980	12666		589409	589391	600732	
0.253	0.7493		11581	11524	11554		626660	608254	639222	
0.8423	0.1677		11552	11720	11645		608011	626462	666100	
0.4219	0.2985		9775	9794	9738		606997	607037	610146	
0.17	0.5381		9796	9324	9272		671167	669055	686175	
0.8152	0.9847		21504	21623	21663		646828	698158	698412	
0.1383	0.5685		9141	9210	9197		630770	655739	674255	
0.5213	0.2737		10507	10472	10483		681158	704331	708808	
0.902	0.1369		12082	11985	12238		608361	661733	678468	
0.4364	0.0536		7271	7236	7246		649025	660672	687272	
0.5424	0.8701		16337	16320	16844		644857	672828	689631	
0.9583	0.83		21766	21919	21759		679892	674653	700167	
0.8808	0.9256		22242	22228	21609		618156	652734	607574	
0.1608	0.786		9994	11017	10453		557568	617640	596635	
0.8448	0.7401		18375	18355	18839		621852	642728	655149	
0.4118	0.5526		12158	11628	11716		654113	590098	610854	
0.1586	0.8278		10658	11200	10140		588388	634530	556730	
0.9902	0.1457		12688	12757	12815		661836	678237	730775	
0.6776	0.7574		17578	17594	17612		595600	616864	660577	
0.3061	0.7439		12044	12120	12066		654234	650478	690783	
0.7865	0.6977		26692	18041	17894		673475	701573	713564	
0.8147	0.4794		14052	14112	15072		560414	577869	639147	
0.0913	0.7267		9258	9296	9264		623063	619350	628206	
0.5307	0.8582		15292	16020	15913		567589	659944	675103	
0.938	0.1125		11185	11195	11206		637047	642609	652430	
0.216	0.6132		10101	10161	10204		625816	680696	675470	
0.2115	0.3929		8653	7628	8329		663502	581204	617920	
0.4965	0.7789		13938	14940	14460		553614	662213	582030	
0.7869	0.1958		11559	11144	10494		676862	626495	597251	
0.0568	0.264		5460	5928	5987		555242	609986	609551	
0.9696	0.3871		16279	16387	16301		660553	675048	682396	
0.1811	0.5412		9285	9308	8402		684462	707878	688762	
0.2069	0.481		9091	9117	9195		642466	657752	678632	
0.2664	0.8634		13118	13076	13022		625111	662066	700254	
0.3518	0.8126		14232	13895	13753		626562	651991	668746	
0.5367	0.5953		13718	13742	13743		629127	679048	697581	
0.6009	0.1991		10169	10364	10167		608188	650537	664294	
0.2566	0.9596		13448	13453	13824		664526	636241	691612	
0.2233	0.2094		7282	7905	7372		613983	670653	683267	
0.9057	0.6428		18192	18140	18064		607977	632891	633079	
0.0635	0.65		8381	8405	8494		558253	581877	592119	
0.5923	0.2459		9523	9375	9518		583758	606722	620104	
0.5862	0.8269		16181	16199	16591		558224	580018	664280	
0.9579	0.9679		22997	22908	23059		602301	607466	610285	
0.7839	0.2343		11681	11810	10710		593637	643899	562776	
0.3368	0.5397		10041	10041	10610		540628	559096	592108	
0.6139	0.7413		15163	14730	14848		584550	594177	594796	
0.9123	0.6209		17929	17988	18359		631110	656680	656421	
0.7481	0.5117		15214	14230	14300		646447	589939	592362	
0.7045	0.9471		19808	18657	19814		634511	565032	649077	
0.6522	0.3476		10839	10943	10873		570706	574398	592772	
0.0835	0.364		7115	7201	6634		580496	620596	586164	
0.7447	0.1781		10836	10858	10972		620613	630866	689463	
0.6051	0.7864		16961	16859	16892		636334	605676	648341	
0.7371	0.379		14324	13770	13752		644158	654974	680985	
0.3542	0.2685		9012	9120	9104		619779	652950	650682	
0.5335	0.1794		9457	9459	8697		647371	685605	592556	
0.08	0.4646		6697	7219	7210		570635	620428	660859	
0.0587	0.8054		9305	9332	9422		648936	657815	695690	
0.5972	0.518		14078	14091	14654		657984	683823	708255	
0.4352	0.8925		15418	15261	15447		634337	657721	663877	
0.6127	0.646		15321	15412	15587		657982	681902	697076	
0.07	0.7142		9190	9725	9244		648442	656802	688979	
0.6474	0.5103		14266	14225	14230		623682	666258	687970	
0.0857	0.8413		10226	9905	9902		673561	689795	710375	
0.9638	0.2381		12765	12951	12987		645093	641643	655936	
0.4163	0.6896		12337	12869	13383		568876	596772	664735	
0.2438	0.9398		12856	12976	11921		644042	670162	568261	
0.2643	0.1385		6763	7270	8025		620185	671281	667636	
0.6737	0.8557		18135	17036	17985		669720	591580	676305	
0.3641	0.073		7183	6169	6156		659355	575100	581141	
0.6214	0.7741		16535	15552	15599		652811	572164	579182	
0.339	0.7761		12912	13111	13059		671502	706966	690019	
0.6677	0.7025		15406	16482	16460		542752	646075	660732	
0.4976	0.2185		8760	8905	8661		559821	576845	580189	
0.2336	0.3188		8335	7850	8303		609272	572636	646800	
0.4685	0.397		11054	11023	10124		650320	684930	577053	
0.0802	0.7104		9180	8238	9249		655397	585864	696620	
0.5858	0.8409		16770	16576	16708		625779	648973	612034	
0.4296	0.9918		15173	15245	15219		564792	598361	584250	
0.2733	0.3372		8617	8561	7575		644071	668699	570073	
0.4958	0.8498		14981	15482	15477		540682	544305	557887	
0.1775	0.2022		6891	6640	7397		607152	578940	647672	
0.2211	0.9231		12769	12828	12613		603103	602124	612284	
0.7365	0.8824		19802	18799	19924		626681	546295	663743	
0.8773	0.8463		20393	20523	20500		608259	613068	612961	
0.3578	0.4819		10033	10466	10744		582978	592097	670103	
0.6047	0.2688		11792	11796	10734		621512	622261	570235	
0.767	0.1273		11079	10607	10549		607439	552627	590119	
0.5272	0.0829		7597	7599	7541		576596	576759	580501	
0.7409	0.6866		16844	15771	15783		680750	601002	617481	
0.6912	0.1787		10798	10733	10744		614300	629361	673269	
0.4119	0.516		12048	11471	11515		615253	579987	599296	
0.9143	0.8376		21294	21196	21606		614650	631332	678328	
0.1842	0.3264		7692	8350	7734		584496	600807	654561	
0.8072	0.8707		19780	19860	19710		640287	644091	681033	
0.2191	0.943		13120	12950	12982		623179	666148	687570	
0.4323	0.077		7557	7612	7561		606545	607153	603874	
0.305	0.551		10327	10813	10266		577219	572642	574638	
0.8961	0.9297		21222	22355	22240		568935	655591	643034	
0.9301	0.8658		20213	21413	20836		551369	626546	592299	
0.8827	0.1663		12059	12270	12174		649523	658311	673327	
0.1617	0.6052		9621	9630	9653		625071	626827	624426	
0.2686	0.8915		13058	13056	13134		627012	614930	619723	
0.0804	0.3542		7174	7130	7120		649679	650548	678493	
0.812	0.2391		12175	11761	11727		612363	620722	614090	
0.5138	0.71		14506	14546	14560		632445	630704	636777	
0.4295	0.4065		10931	9907	10027		639125	554382	572777	
0.1677	0.4147		7412	7614	7996		531840	528033	585292	
0.2452	0.0806		5849	6361	6341		588957	622792	625333	
0.6101	0.2661		11301	11354	11389		607997	612304	667612	
0.661	0.1091		9441	9441	9382		643072	637151	669572	
0.621	0.5426		13467	14060	14151		583034	583986	613854	
0.3237	0.6294		11923	12084	12016		619816	623504	639812	
0.5549	0.8471		15277	15273	15319		561247	565401	581263	
0.4918	0.9203		15378	16478	16411		551652	619930	673129	
0.3732	0.6194		12104	11839	11632		625358	616852	664066	
0.481	0.673		13427	14046	13991		575903	627723	651668	
0.7206	0.4555		14129	14209	14182		650493	708533	690186	
0.1257	0.7105		9016	9057	10138		535292	588627	648170	
0.7073	0.909		19597	19528	20104		638764	651604	700378	
0.9951	0.8737		22195	21100	20984		612900	538630	564672	
0.4281	0.3323		9997	10508	10037		584705	589537	629338	
0.2393	0.0729		6441	5848	5406		619799	560091	561477	
0.3633	0.3511		9537	9078	9028		577156	514047	581718	
0.5714	0.728		15417	15596	15464		624065	665203	669014	
0.9333	0.5947		17698	17876	17221		605406	637440	590996	
0.9843	0.9927		23718	24156	23749		566795	568196	590266	
0.4693	0.447		11705	11797	11795		599507	602343	614640	
0.707	0.3413		11724	12000	12378		560298	589280	656353	
0.96	0.0632		10866	10836	10783		630581	632886	643183	
0.9132	0.0604		10154	10123	10193		584628	587561	607268	
0.4364	0.5781		11280	11321	12271		561125	561188	673871	
0.684	0.1199		8860	9402	8540		602756	647627	601046	
0.1336	0.0839		5862	5831	4896		630927	617417	566184	
0.3625	0.1244		7398	7335	7661		601386	606614	649941	
0.0866	0.2347		5886	5905	5659		573129	569286	568715	
0.7727	0.5474		15929	15022	16120		625017	573044	677706	
0.2519	0.346		8811	8721	8817		633369	631954	692815	
0.8629	0.5435		16371	16431	16458		570624	595659	572051	
0.3587	0.1712		8612	8101	7089		601075	646175	558501	
0.1244	0.9155		10488	11073	11107		578774	639830	640286	
0.4788	0.1106		8173	8275	7288		614431	661951	570710	
0.1231	0.4884		7204	8124	8162		524168	614709	652298	
0.6402	0.3505		12113	11431	11961		596806	562635	627972	
0.1904	0.0783		5799	5790	5727		564242	564913	579450	
0.5057	0.42		11291	11318	11396		554496	556259	561963	
0.6118	0.1509		9827	8875	9798		666036	570368	670523	
0.963	0.8788		22119	22679	23116		547984	612640	665903	
0.47	0.4037		10836	11319	10845		592411	620313	646745	
0.6533	0.5093		14357	14294	14287		649742	708466	705720	
0.4546	0.3369		9669	9226	10225		580604	538359	668502	
0.2172	0.8204		11606	11714	10630		624175	661142	586515	
0.7083	0.2217		11094	11172	10670		654326	687495	713410	
0.2735	0.7501		11040	11096	11079		552911	565510	580099	
0.4961	0.5691		12894	12861	11764		612810	641785	571919	
0.6875	0.847		17957	17960	18026		613377	644782	649079	
0.4004	0.4761		11015	11028	10992		664103	682837	716755	
0.6334	0.9593		18777	18808	18804		632239	644165	689241	
0.9962	0.8261		22195	22144	22136		612516	646602	676284	
0.9846	0.3909		16152	16240	16285		643766	686642	710421	
0.6775	0.451		13154	13512	13074		651175	673421	623968	
0.3133	0.9141		13680	13165	13202		594714	593089	580468	
0.5007	0.9179		16357	16989	16914		614024	693661	700992	
0.4605	0.9909		16312	16338	16316		644976	677055	688844	
0.3057	0.3551		9084	9079	9109		622935	641438	676757	
0.4459	0.1375		8172	8185	8022		578147	587286	580094	
0.627	0.0805		7773	8783	8872		559348	632725	667889	
0.8876	0.4295		15632	15094	15547		659776	601784	625282	
0.6623	0.191		10668	10667	9865		690990	672092	607982	
0.1404	0.1326		5911	6406	6325		563077	620805	663282	
0.6643	0.9722		19634	19450	20002		603781	636871	667204	
0.6691	0.2809		11279	11241	11425		563751	582889	589292	
0.2024	0.4138		7842	8027	8859		576310	583772	686510	
0.5143	0.6998		14597	15074	14579		625823	660847	691716	
0.9875	0.4049		16202	16298	16250		625155	655146	670446	
0.1779	0.7297		10497	10582	10477		673133	654449	696740	
0.0992	0.3002		7148	6738	7134		621832	605624	692421	
0.7835	0.7286		18188	18097	18101		645047	655043	652644	
0.5031	0.1125		8941	8422	8378		653719	622486	691415	
0.4261	0.9325		15560	15648	15570		619568	661558	688293	
0.705	0.901		19462	19499	19472		680687	703162	713271	
0.5095	0.4196		11770	11909	11878		628911	650179	642439	
0.2484	0.4628		9237	9284	9181		638944	668879	634992	
0.9929	0.9913		24333	23109	24230		614352	553115	646913	
0.079	0.3289		6481	6614	6444		557349	572709	580849	
0.3602	0.4532		11016	10507	10441		577897	592284	638037	
0.9016	0.9954		22681	22128	22078		618556	574342	583013	
0.9195	0.8555		21265	21482	21443		615228	619781	643890	
0.8829	0.5679		17062	16987	16923		646076	654582	660119	
0.6638	0.8446		18076	18089	18095		610109	662134	644633	
0.1933	0.1656		7033	6100	6598		618403	542839	591647	
0.9894	0.7486		20487	20286	20333		602505	632237	688947	
0.5667	0.6029		14708	14287	14184		647997	658894	692769	
0.1081	0.6034		9068	9110	9083		618681	679119	679419	
0.105	0.4583		8063	8125	8133		584407	628905	634978	
0.8365	0.2959		13309	13440	13452		603734	620738	655008	
0.5368	0.7646		15273	16013	14752		610129	649676	600323	
0.0599	0.9072		10046	9091	9648		645923	569268	599826	
0.8175	0.1897		11936	12453	10758		666207	674960	601236	
0.3374	0.9694		14683	14582	14542		633107	647119	673327	
0.4401	0.5748		12603	12566	12584		634217	659641	700657	
0.3098	0.8743		13013	13018	13094		607331	636929	654809	
0.4037	0.0998		7108	7609	7869		590844	659471	691518	
0.4034	0.8714		13781	13864	14213		589564	604699	668576	
0.3184	0.635		10924	11980	11089		569141	667394	586082	
0.5416	0.9743		16502	16546	16576		564807	565459	578302	
0.6255	0.6233		14630	14723	14801		594001	620655	638467	
0.6377	0.2532		11508	11588	11668		639230	625681	665412	
0.3514	0.2486		8454	8409	8471		620094	641910	636209	
0.2763	0.1745		7427	7456	7447		621433	637184	657677	
0.5467	0.5467		13489	13460	13533		662930	665024	649292	
0.3516	0.9506		14771	14755	14892		681444	697954	706797	
0.2683	0.6566		11296	11523	11358		654623	681957	680681	
0.2412	0.6589		11052	10965	10999		656026	688671	689297	
0.8615	0.3399		13711	13914	13739		633764	664455	660841	
0.0714	0.4036		7432	7418	7378		646903	654276	661851	
0.3433	0.9513		14357	14361	14355		673154	683978	705846	
0.1006	0.4532		8129	7835	8119		646109	643605	676355	
0.875	0.1305		11814	11783	11712		634279	629001	656347	
0.6378	0.6034		14808	14780	14865		651051	657761	689666	
0.6905	0.8728		18932	18470	18369		632421	649236	667892	
0.9979	0.2478		12989	13069	13073		680763	702403	732812	
0.3415	0.4637		10210	10206	10143		603228	638052	630193	
0.0816	0.7577		9088	9137	9221		546956	557373	575895	
0.4859	0.6634		13947	14015	14031		610461	656083	671143	
0.66	0.4892		13124	13159	13676		595606	622978	680791	
0.7182	0.3075		11657	11576	12256		596704	626786	689624	
0.3954	0.137		8310	8135	8526		578045	633412	618059	
0.9106	0.157		12365	12372	12321		708220	712991	711983	
0.473	0.741		14515	14284	14497		681576	686253	680991	
0.9373	0.2241		12492	12524	12506		647197	652713	671329	
0.5606	0.313		10920	10572	10528		645976	597090	608863	
0.9866	0.7315		20407	19313	19311		655213	596486	599714	
0.9114	0.6819		19227	19316	18574		596769	643679	553239	
0.823	0.1189		9778	9877	9630		617999	585160	607428	
0.188	0.2088		7254	6700	8005		683972	670817	713008	
0.4641	0.4961		11568	10487	11559		658626	568296	654158	
0.4742	0.1904		9351	9487	8755		605651	607642	582572	
0.7635	0.8669		19373	18411	18817		672878	586419	608146	
0.7654	0.3089		11700	12768	12826		537082	653917	653672	
0.4916	0.2085		8828	9336	8890		580217	642530	597051	
0.0724	0.4115		7538	7620	7738		629162	641288	642111	
0.7496	0.2063		9958	9998	10472		605713	601530	643450	
0.245	0.7434		10295	11342	10713		577177	683300	615034	
0.0602	0.8857		9053	9967	8966		548331	641854	551279	
0.4908	0.5176		12723	11672	11616		684438	563196	581422	
0.7543	0.6198		15281	15306	15115		531579	547451	554424	
0.8609	0.1542		10859	10787	11481		540406	563298	568049	
0.1158	0.7557		9605	9661	9637		580529	587182	589920	
0.8986	0.7795		20395	20513	20463		612180	614516	636480	
0.3845	0.6564		13068	12954	12824		631840	658770	680361	
0.0952	0.3948		7774	7757	6749		646469	620183	560352	
0.5799	0.8968		17066	17528	17587		612091	606413	698470	
0.0999	0.1971		5579	5850	6601		570106	550708	675313	
0.6218	0.3649		11098	11698	11767		602476	647160	674004	
0.3321	0.5261		11022	10995	11079		651748	650622	686891	
0.4679	0.3646		10276	10377	10405		673466	684855	705560	
0.8429	0.1235		10260	10294	10318		617507	627350	651162	
0.6792	0.6737		16518	17049	16555		686610	693464	723284	
0.8705	0.9146		21957	21937	22014		684307	692082	705564	
0.1902	0.1984		7215	7733	7504		608279	637580	679647	
0.3563	0.6194		11855	11768	11635		622053	644191	667484	
0.1541	0.7554		10492	10511	10498		620271	671860	699301	
0.0882	0.3654		7133	7239	7329		664508	653472	642059	
0.2115	0.118		5559	5831	7338		562077	565010	677372	
0.814	0.4627		14564	14458	14042		584580	605744	591210	
0.1096	0.7782		10148	9551	10150		603017	554494	649544	
0.0971	0.2908		7168	7709	7157		610622	628316	612100	
0.6997	0.7578		17981	18026	18060		626623	652292	663380	
0.2956	0.1916		7924	7896	7912		624880	649899	649544	
0.9826	0.7178		20359	20257	20615		635017	683768	688600	
0.812	0.3638		13313	13801	13458		672080	667949	691743	
0.635	0.8004		17309	17364	17447		651093	666413	667919	
0.2156	0.0577		6073	6087	5517		651936	634978	588786	
0.8219	0.3063		12185	13743	13521		578451	644980	642591	
0.4931	0.8977		16400	16483	16358		627780	644512	642764	
0.1057	0.3794		7798	7827	7650		657071	699331	698742	
0.3041	0.8447		13047	13294	13213		647965	644821	655446	
0.7166	0.5448		15188	15177	15225		689770	688894	673906	
0.2007	0.4782		9098	9633	9101		632976	677520	664914	
0.2828	0.6191		11120	10433	11118		729604	734812	752421	
0.1367	0.9656		12042	11705	11676		653289	661847	684301	
0.8834	0.4821		15738	15843	15816		656360	693517	657270	
0.6672	0.2181		10647	10787	10181		685113	670436	624501	
0.9875	0.8175		22194	22065	22149		673037	672282	697324	
0.4794	0.1615		9115	9330	8978		656194	672572	682827	
0.3374	0.7031		12409	12324	12458		645755	650481	645485	
0.4932	0.7299		13756	13822	13335		583338	591753	572047	
0.6334	0.1143		8073	9123	9110		534548	634842	672627	
0.0887	0.2159		6207	6341	6205		643372	660243	651758	
0.1608	0.3118		7539	8114	7537		621625	641072	652347	
0.3492	0.5981		11837	11767	11732		577684	595969	595296	
0.609	0.3024		10455	11446	10397		506278	578311	521927	
0.8354	0.3611		13703	12570	13709		583255	533452	603960	
0.427	0.9604		15249	15832	15730		575962	607855	647812	
0.1122	0.2576		7026	6976	7015		649571	631233	631658	
0.3933	0.7557		13936	13374	12836		692930	587860	584988	
0.1158	0.4985		7225	7741	8905		548832	580813	637070	
0.6292	0.5183		13282	13255	13195		582323	581120	590158	
0.51	0.9553		17041	17027	17007		623654	643638	658663	
0.0617	0.5067		7887	7859	7892		639514	647947	656455	
0.6973	0.3929		13503	13497	13497		661986	660733	670900	
0.5909	0.4756		12826	12893	12777		667685	676995	675284	
0.7777	0.2787		12594	12599	12639		697058	705659	697535	
0.0587	0.6955		8903	8991	8845		652183	656935	677838	
0.0859	0.8483		10164	10157	10119		639559	646264	668120	
0.881	0.2385		12466	12637	12411		674162	675166	670839	
0.7898	0.7683		19298	19324	19374		653108	645547	653413	
0.1309	0.7132		10061	9621	9612		620791	579918	584355	
0.5203	0.1417		9206	9216	9216		580123	577993	572822	
0.3892	0.3742		9902	9961	10209		600986	619262	611244	
0.5796	0.2195		10169	10110	10375		646395	643529	631408	
0.5463	0.9784		17546	17641	17526		639198	637625	637921	
0.1478	0.5669		9162	8253	8196		628627	543178	559539	
0.3806	0.2421		7740	7667	8742		572263	568602	671251	
0.9865	0.9046		23438	23558	23220		693398	702567	714565	
0.1975	0.6913		10887	10906	10895		663059	655700	656328	
0.5541	0.846		15820	15837	16226		565937	563947	565166	
0.9842	0.3944		16236	16420	16347		636077	638780	672729	
0.2045	0.8109		11531	11556	11552		643142	647666	657334	
0.9207	0.678		19893	19282	19366		622757	635805	619534	
0.2758	0.6761		11416	11437	11428		600924	628483	625297	
0.5889	0.7108		15324	15550	15415		672527	676569	677586	
0.8898	0.9836		22615	22622	22626		677587	678581	672790	
0.4145	0.1086		7799	7257	8041		635727	678776	657630	
0.4254	0.2686		9740	9725	9725		664700	670898	667483	
0.4394	0.9498		16246	16407	16233		691880	698263	707063	
0.332	0.2952		8964	9039	9069		622543	652897	669281	
0.8113	0.4268		14478	15049	14607		638798	683537	666183	
0.8122	0.7501		19209	19260	19491		625175	660900	671003	
0.2991	0.7932		12851	12868	12868		626853	634412	645110	
0.7875	0.9083		20894	20971	21070		661208	663667	680098	
0.3311	0.8668		13478	13464	13500		616849	617325	603523	
0.4665	0.3771		11123	11059	11000		606637	621721	596795	
0.0522	0.5235		7875	7853	7891		636181	626919	662403	
0.4454	0.4686		11383	11579	11612		597130	614003	637368	
0.1732	0.6974		10514	10505	10861		630935	654296	673283	
0.2072	0.6637		10461	10692	10751		605819	621236	644132	
0.5245	0.5271		12118	12010	12166		570293	569578	561792	
0.2424	0.6003		9298	9325	9329		542435	546761	561982	
0.6137	0.1936		10184	10196	10345		624494	632727	677655	
0.9575	0.7248		20183	19511	19986		634923	596761	632042	
0.4237	0.6572		12201	12276	11620		572409	575397	573279	
0.9289	0.7183		19528	19424	19495		658324	654610	620647	
0.8936	0.6611		18966	18998	18940		667164	645551	659737	
0.1163	0.5414		8821	8826	8234		676225	638355	602726	
0.9329	0.1215		10821	10784	10737		649103	680465	685637	
0.2734	0.6397		10486	11046	10598		582404	605574	599645	
0.5725	0.1344		8724	8723	8717		543031	562116	567489	
0.2745	0.1811		6971	7441	7466		583126	577589	634416	
0.8349	0.2441		10865	11873	11953		551766	639262	656668	
0.6342	0.717		16094	15968	15981		639690	662146	670355	
0.6578	0.2922		11997	12047	12085		641476	647161	655741	
0.4228	0.554		11079	11116	12112		553253	539935	621200	
0.5418	0.5589		12883	12971	12886		622719	633753	632980	
0.5109	0.4366		11914	11962	10810		640364	677126	582559	
0.3938	0.5377		11278	11257	11335		566451	600687	590077	
0.6332	0.9506		17670	17742	17738		553558	571336	571771	
0.681	0.2033		10948	9724	10743		640759	573498	667423	
0.9925	0.3365		15226	14877	13815		614907	638059	543045	
0.8858	0.3349		13461	13454	13577		570316	590168	556703	
0.7215	0.2542		11788	12227	11773		559605	580591	571506	
0.1199	0.733		8821	9281	9355		557179	585940	583896	
0.3559	0.8247		13718	12580	13833		649839	560814	638290	
0.2838	0.1233		6536	7138	7460		582393	668047	670480	
0.6676	0.5107		14918	14758	14569		630722	662041	658209	
0.4471	0.1984		8984	9071	9158		667305	659948	668513	
0.9113	0.9195		21571	22807	22145		566410	645194	606899	
0.8701	0.7519		19068	20314	19509		605278	675133	619801	
0.108	0.1882		6526	6540	6532		658791	659445	672277	
0.8769	0.1313		12043	12019	11987		629691	656638	665000	
0.1568	0.3195		7792	7799	7754		628141	629353	648258	
0.4548	0.18		8865	8858	8818		658989	635295	662279	
0.1051	0.711		9709	9655	9710		630630	638291	645157	
0.4934	0.5204		12758	12643	13192		639896	681869	673920	
0.9834	0.8433		21941	22120	22037		654027	696477	691890	
0.146	0.1671		6609	6583	6575		658456	682625	675348	
0.4965	0.8876		16276	16214	16311		635187	683544	687320	
0.877	0.5507		17237	17332	17241		673529	704449	684030	
0.7092	0.0769		9360	9276	8827		634302	661472	607689	
0.823	0.8137		19811	18917	18920		643021	582611	585607	
0.5714	0.282		11103	11251	11514		666881	646264	674924	
0.2219	0.9355		12824	12363	12735		670384	616531	680157	
0.6979	0.6694		16172	16232	15582		581284	579560	579512	
0.6934	0.6791		16671	16697	17140		658899	673529	677629	
0.2457	0.5446		10064	10587	9998		619932	643248	642002	
0.8711	0.3887		14862	14703	14962		661422	608088	653182	
0.43	0.9146		16100	15626	15558		619644	627386	648026	
0.8098	0.8891		21173	20838	20722		623903	632765	629019	
0.6246	0.9629		18369	18352	17328		661670	662322	565330	
0.3344	0.3591		9372	8758	8296		634816	570386	585268	
0.8022	0.9643		20500	20545	20595		598724	597042	601187	
0.3718	0.179		8089	8404	7076		673128	674767	586158	
0.9888	0.126		12683	12729	12596		665241	668269	675674	
0.7093	0.798		18133	18446	18203		636667	658067	662982	
0.2196	0.3774		9012	8958	9118		622833	616331	654023	
0.7664	0.3032		12812	12826	12891		670633	661669	688198	
0.5264	0.6727		14384	14419	14417		638723	629601	682886	
0.4278	0.9039		15426	15364	15329		636954	657118	682343	
0.4104	0.9361		15947	15647	15563		661617	658022	647240	
0.5872	0.5275		14138	13710	13703		649563	647027	662010	
0.3901	0.4897		11007	11081	11012		650270	668169	676933	
0.9206	0.719		19737	20270	19546		657552	689321	690467	
0.1264	0.8363		10904	10940	10799		663351	679880	708620	
0.1794	0.6762		9671	9684	9675		607177	624576	609033	
0.6154	0.2432		10354	10218	10295		672833	689896	695105	
0.5329	0.6442		14550	14521	14574		652587	654961	661059	
0.5126	0.5419		13300	12694	12685		655082	602384	606201	
0.5623	0.255		10647	10622	10595		634955	640690	660537	
0.1033	0.7997		9760	10853	10308		601982	699953	706637	
0.3483	0.7567		13396	13836	13361		688607	691814	699490	
0.4414	0.6411		13451	13581	13423		678309	686409	690412	
0.5162	0.1231		8442	8927	8398		612297	625856	633665	
0.2701	0.3574		8796	8910	8824		669603	657992	672942	
0.6481	0.1323		10095	10115	10085		630749	629970	615093	
0.3525	0.9584		14788	14709	15189		641975	648556	654083	
0.5797	0.9655		17830	17870	17879		642720	649984	682358	
0.6371	0.4841		12833	12761	12754		550539	570677	570944	
0.2447	0.7286		11281	10254	11335		622045	564305	655366	
0.3868	0.3		9559	8582	9678		633887	594501	662212	
0.6234	0.652		14789	14705	14343		619203	638210	609336	
0.8545	0.6469		18340	17447	17369		629393	554704	550586	
0.5354	0.1725		9554	9505	9558		652325	637114	651867	
0.9663	0.2709		14308	13102	14209		629207	556757	646973	
0.616	0.6711		15471	15476	15514		623794	598235	638636	
0.8776	0.4477		15470	15125	14691		612729	625692	597487	
0.8523	0.8104		20254	20675	20136		610925	613854	641318	
0.4029	0.7895		13929	13194	13969		663097	568902	639578	
0.3871	0.2792		9342	9406	9428		687331	677685	688859	
0.7527	0.6364		17274	17266	17418		609363	608261	617787	
0.6578	0.1904		10645	10895	10703		639812	642339	660272	
0.1609	0.19		6899	6937	6912		688039	653913	696105	
0.1629	0.5942		10141	9127	9167		662688	600227	604074	
0.5697	0.3407		11416	10337	10297		642871	547792	549699	
0.7202	0.2796		12281	12357	11240		677622	682987	589648	
0.6124	0.3427		11493	10403	11538		683461	589321	667677	
0.2593	0.7317		11755	10597	10674		609140	549231	553152	
0.3013	0.3007		8776	8291	8892		610188	567314	577656	
0.4021	0.8826		15042	15167	15268		678332	654731	680786	
0.186	0.6654		10234	10267	10743		648895	677229	682369	
0.6644	0.3322		12213	12138	12175		684710	696067	666901	
0.423	0.3852		10827	10854	10836		626909	624739	635232	
0.9665	0.2284		12796	12890	13415		628743	612100	620585	
0.3103	0.9262		12737	13746	13175		588904	669013	617211	
0.3786	0.6835		11850	12371	12430		561608	591675	592623	
0.2679	0.2148		7091	7082	7244		587013	576590	578780	
0.6741	0.9499		19247	19396	19410		636761	657951	660539	
0.5615	0.3152		11008	10983	11098		640937	687656	679408	
0.5551	0.9426		17537	17578	17464		662635	706000	715200	
0.0861	0.7301		9346	9383	8823		632834	671960	606050	
0.6758	0.9648		18911	19407	18797		554532	619848	580994	
0.2188	0.8573		12241	12278	11195		647781	680810	591455	
0.7433	0.5918		15754	16123	14488		657380	635843	573107	
0.3771	0.0797		7535	6444	6764		694584	602188	607668	
0.2721	0.1032		6305	6302	6894		576928	603557	646619	
0.6768	0.5812		15096	15054	15088		698624	700178	683351	
0.1253	0.4387		7921	8060	7878		596344	599868	608668	
0.5334	0.694		14989	14167	14352		642739	589072	582434	
0.6431	0.5812		14741	14574	14688		632646	655244	665785	
0.9008	0.0908		10446	10453	9378		625246	650271	568552	
0.631	0.9957		18803	18438	19069		555705	576506	638332	
0.061	0.4298		7888	7513	6322		683174	675941	591124	
0.5125	0.7312		13736	13773	14840		585081	594787	670981	
0.8804	0.1196		10817	11016	10810		644401	658962	695135	
0.966	0.7529		21423	21428	21301		690636	662182	650860	
0.8416	0.8848		20814	20777	20653		592404	619327	615576	
0.2343	0.8935		11670	12119	12166		555603	596548	606787	
0.5746	0.6961		14744	14920	14846		580490	582876	583274	
0.327	0.566		11332	10250	10215		609503	544610	548880	
0.9005	0.6428		18306	18876	17899		553025	630700	563905	
0.3308	0.9475		14430	13284	13293		634034	567954	566299	
0.2099	0.3216		8203	8141	7631		638651	584476	586405	
0.8962	0.2147		12486	12639	11412		649643	663982	566835	
0.7831	0.9009		21075	20901	20647		645083	624772	652642	
0.3973	0.2414		8328	8787	8847		589461	593347	638647	
0.5419	0.3608		11187	11137	11200		565028	588516	626190	
0.4387	0.1289		9230	9030	8948		605002	634214	626814	
0.1019	0.7009		9832	9701	9651		602988	597269	620187	
0.8103	0.1212		10165	10159	10116		642877	649603	645001	
0.1764	0.1177		6256	6231	6273		627987	647694	645341	
0.84	0.9014		20072	19952	20500		590915	578272	578136	
0.5515	0.9379		17681	17545	17836		635915	650206	637407	
0.4971	0.5401		12287	12280	11873		559730	573121	571827	
0.9644	0.1602		11559	11572	11658		569832	575305	586628	
0.4624	0.4069		10766	10774	10774		556524	563914	534458	
0.5804	0.3644		10546	11476	11568		558166	653580	654929	
0.1995	0.309		7924	6918	7135		620963	538346	537262	
0.6167	0.1716		9500	9402	9536		596074	596737	594862	
0.7236	0.5399		14441	15550	14499		559510	646588	572129	
0.5065	0.8103		14558	14492	14625		558069	575753	571345	
0.2011	0.4868		8122	8268	9091		544785	558473	672620	
0.8725	0.5108		17241	16995	15661		677104	675089	573329	
0.9297	0.4456		15969	14863	15981		692235	601904	714395	
0.4282	0.6748		12269	13427	13415		536336	621659	620923	
0.7525	0.6529		17307	17389	17345		634842	635379	630473	
0.3036	0.5935		10964	11003	10858		609515	649413	653302	
0.1138	0.232		6667	6161	6191		568338	591539	591416	
0.7119	0.252		11396	12089	12123		588620	672830	667622	
0.1105	0.6934		9754	9680	9086		618800	668351	603314	
0.4386	0.5465		12435	11863	11873		663970	615973	625320	
0.4867	0.1946		9789	9391	9315		654007	664184	654325	
0.6437	0.5017		14898	13855	14988		650008	599677	673448	
0.3958	0.4421		10992	10765	11078		636255	664847	671747	
0.968	0.1104		11214	11240	11221		663263	644186	663947	
0.2303	0.6655		10927	10917	11041		628697	590243	650521	
0.1171	0.8704		10592	10639	10644		626992	617871	614363	
0.9644	0.3294		13976	14150	14621		544468	544765	654957	
0.7963	0.8901		20836	19721	20873		608222	535994	616090	
0.6493	0.3492		11440	12079	12072		560144	606236	622850	
0.7957	0.2419		11223	11169	11799		562366	565097	613047	
0.4571	0.4747		10472	11662	11700		534940	609442	594301	
