2	3	
0.2036	0.8997		14378	10693	12303		163444	150167	153716	
0.8815	0.748		15393	13457	13213		159803	151389	149782	
0.4625	0.5767		15281	11989	11744		178056	161973	161064	
0.8015	0.4154		16592	12023	11546		169305	156819	157362	
0.5406	0.4988		18240	17776	19567		242387	237675	240606	
0.1533	0.8637		16118	15092	23112		209567	214381	242522	
0.3028	0.3309		14201	16007	15398		208633	212753	208608	
0.1014	0.9244		11057	18055	10554		178501	187030	159498	
0.1286	0.2092		8919	9363	9211		166686	161924	176141	
0.7717	0.6263		12889	13474	13056		163392	166350	164823	
0.9289	0.3077		11874	14232	12231		153080	165661	154662	
0.5497	0.5965		11252	11709	11727		166586	168409	167391	
0.7346	0.8254		13317	12934	17948		188336	171066	201858	
0.3044	0.1562		9291	9614	15269		160928	167046	218204	
0.9347	0.531		13160	22667	20530		186751	252545	268792	
0.8864	0.8284		21170	21063	20713		218768	216174	216872	
0.1315	0.5007		19219	16509	15874		236988	228944	222753	
0.1604	0.0947		9385	10456	14156		174026	234216	219705	
0.3618	0.5523		10545	10590	11182		163982	167979	176633	
0.6272	0.6938		18148	18749	20066		247060	221296	232572	
0.8578	0.778		13236	13541	13229		167786	169546	164574	
0.6259	0.739		12004	13986	17494		170501	174228	189553	
0.321	0.3649		15361	15590	17186		223210	232204	245373	
0.1869	0.1127		12848	8830	11239		182448	167661	192258	
0.9946	0.9486		21120	14418	14357		193002	162672	171291	
0.0714	0.6613		16643	15405	15201		220401	217154	218558	
0.612	0.9689		18234	12251	14499		188806	165098	175070	
0.0775	0.9899		16716	16357	17421		219146	217565	200211	
0.2314	0.7197		14133	10580	10884		186663	152579	160154	
0.0621	0.8634		10224	10318	10325		171629	156673	192015	
0.1373	0.6389		16453	18699	18189		216013	217658	201393	
0.7437	0.6577		12321	12668	14691		164765	160644	164598	
0.4832	0.5419		15223	10824	11066		200761	158117	158217	
0.8379	0.9628		13349	13341	13709		153504	156068	152154	
0.9348	0.4649		12254	11952	12050		154515	155362	153194	
0.5469	0.9377		12424	12315	12277		158196	158597	161088	
0.518	0.8007		12506	11979	15383		166666	165809	168673	
0.8383	0.718		16279	13528	12852		182302	176283	164489	
0.9406	0.5826		13263	13852	13903		152466	152583	152762	
0.6354	0.183		12232	10462	10434		164738	161289	160370	
0.2224	0.7541		18301	20254	18247		290719	232678	229066	
0.1393	0.3523		9237	9179	9561		166449	163065	164176	
0.6103	0.1619		10019	9909	10187		163928	164800	162918	
0.5507	0.3517		10438	10360	10671		159574	159258	161225	
0.1624	0.5435		10172	10686	10123		151090	151391	148149	
0.6469	0.4798		11500	11435	11699		159789	159765	162179	
0.8681	0.6391		13656	12921	13047		163421	152434	149955	
0.215	0.9211		11220	11176	10999		171742	170214	166703	
0.2776	0.9455		11287	11918	11311		154174	154500	151894	
0.0867	0.2226		9781	8724	9124		161915	160820	156454	
0.4471	0.3973		10320	10424	10663		151510	152193	162179	
0.8973	0.183		11081	10979	13741		157999	158429	167710	
0.267	0.5383		10644	10904	11258		153431	152335	156117	
0.2653	0.3319		12252	9995	10006		158854	156105	152204	
0.317	0.8573		11233	11756	11614		166871	170928	170143	
0.4607	0.9652		11951	12023	12503		155255	167465	175636	
0.2744	0.8413		17573	20803	24154		232886	244901	265388	
0.5832	0.541		19083	17672	18147		214621	210990	205407	
0.916	0.5422		13788	19191	21449		171187	211039	214620	
0.6341	0.1975		13172	11671	12276		186331	201404	162206	
0.4203	0.6461		11504	11419	11639		148107	150144	149908	
0.9421	0.4617		12076	12263	12577		159288	158707	159780	
0.5762	0.7466		11927	11893	11867		157610	157444	156717	
0.3297	0.5077		11653	16113	12667		182166	212834	189810	
0.154	0.0551		9707	9402	9099		182486	162849	170470	
0.914	0.7497		13832	14763	15167		179569	191557	181462	
0.4274	0.7738		12799	12560	17444		170702	191478	219261	
0.4647	0.7933		11861	11810	16904		155672	174168	185982	
0.4906	0.2469		9785	9626	10080		155363	155589	157486	
0.8173	0.214		10860	10795	11445		159525	158324	161398	
0.7484	0.9555		13206	13049	12745		159518	157615	155852	
0.2437	0.3198		15143	14904	9456		188059	196688	163004	
0.0557	0.7487		9786	9781	10244		155175	158881	155672	
0.7137	0.5281		12087	12394	12599		166121	164533	162230	
0.3288	0.612		12886	16676	12799		177093	207468	175082	
0.265	0.1329		9520	9511	9770		162243	164201	166055	
0.7317	0.4594		11406	11344	11540		158978	159228	159002	
0.8851	0.5625		13682	15217	13530		152326	160470	168520	
0.132	0.6897		12445	17824	10682		215581	195619	159826	
0.7171	0.3692		17900	14339	19149		255615	201278	228142	
0.6533	0.7		13855	12617	13319		171276	159608	164380	
0.9928	0.7588		14059	14178	14600		159306	195718	162310	
0.1211	0.177		8919	8751	9221		148584	149968	151357	
0.1651	0.6146		10400	10404	11465		172525	168090	164483	
0.5915	0.1369		10202	9890	10829		156618	155119	161160	
0.1207	0.052		8842	8527	8977		160216	160910	161523	
0.3551	0.7719		11542	11922	11954		160353	164991	159868	
0.2974	0.5489		10979	16462	10800		160835	196641	157441	
0.7417	0.3832		12636	19686	11699		192288	200865	167525	
0.2877	0.4939		16649	17748	17178		227922	234392	236611	
0.9887	0.5867		14331	18927	17127		174345	221047	177920	
0.0802	0.4893		12604	14767	14408		191013	211478	214352	
0.5789	0.5203		12059	11696	15989		162779	159586	187095	
0.0518	0.8098		11868	13628	11395		168360	177430	203320	
0.1907	0.5153		9989	10043	10264		157979	159730	157623	
0.34	0.3837		12216	9828	10431		161318	154593	160191	
0.9452	0.541		19636	18044	14599		226113	232383	189432	
0.4211	0.1464		9936	10227	9840		167925	163241	160657	
0.7599	0.4646		11628	14370	12121		156954	162811	157473	
0.2945	0.7101		11023	10826	10939		157085	160437	159913	
0.3472	0.6219		12120	11281	11126		207650	175187	186965	
0.0575	0.4531		9213	9126	9277		159566	152059	152689	
0.354	0.8329		11358	11120	11787		157671	150870	158378	
0.1812	0.3491		9510	14880	9363		162615	161476	141264	
0.6099	0.8728		12349	12349	12739		155834	156729	156793	
0.3674	0.7921		11198	11398	16463		157345	160469	193017	
0.8035	0.7442		12988	12763	12811		160870	161057	164282	
0.4018	0.7179		11303	11593	12021		154871	154770	156282	
0.3529	0.4263		10308	10528	10139		153113	151738	153681	
0.2154	0.6456		10320	10292	10309		152297	154048	152598	
0.8347	0.3743		11319	11714	11838		161259	160329	165466	
0.2986	0.4315		10840	10251	10509		159407	161784	165538	
0.3375	0.4133		10133	13209	9799		164526	177447	165444	
0.277	0.7564		11956	13925	11162		162156	167722	160712	
0.6956	0.2794		10692	11041	10701		161732	163649	163604	
0.4628	0.2138		9940	9633	12945		164654	155496	171889	
0.0683	0.9689		10606	10675	10872		160912	149669	150703	
0.114	0.7073		18076	10965	11272		219676	185412	188693	
0.282	0.4089		12273	13920	10337		166819	180178	162613	
0.7972	0.5165		12802	13003	12758		159544	163215	164537	
0.3149	0.9949		11589	11687	13743		160874	167169	172176	
0.7228	0.5848		19423	22220	19443		230348	233165	198666	
0.344	0.4752		17930	16782	18029		196347	184146	192064	
0.5919	0.1615		11023	13235	10989		167734	174520	187794	
0.8989	0.9151		14216	21735	20100		193492	231927	231043	
0.1921	0.0906		8706	9156	9700		155437	155289	160019	
0.5365	0.589		11767	11755	11817		164787	167415	164706	
0.9034	0.5333		13209	13376	13714		151907	151931	152343	
0.8643	0.5987		12772	12848	12813		153878	154369	154568	
0.4623	0.689		11718	11511	11262		159657	158996	161373	
0.6598	0.2132		10279	10284	10432		156216	156298	156880	
0.9196	0.7516		13872	14104	20180		156065	164935	193433	
0.999	0.1122		10998	11008	11188		157486	157486	161126	
0.1721	0.6219		10260	10597	11108		154421	153964	170911	
0.5371	0.5881		11809	12276	18027		159428	180749	216011	
0.7529	0.2409		11172	11161	13752		153562	151663	163431	
0.7659	0.174		10752	11100	11282		159414	164889	165378	
0.7515	0.2603		11422	11831	11870		163111	181690	165634	
0.7626	0.778		13399	13090	13732		155932	156073	162934	
0.7758	0.3288		11221	11234	11268		161176	159757	159418	
0.8684	0.6155		12888	12888	12869		162211	159829	163846	
0.3212	0.5139		11055	10985	16777		156359	187816	212522	
0.5839	0.7351		12175	12020	12541		152093	152647	153416	
0.8143	0.7801		13950	13940	13923		182087	187034	183706	
0.4049	0.5697		18285	17860	17061		218006	218943	202419	
0.4091	0.297		12802	9896	9888		160535	154394	155250	
0.9581	0.1326		11016	12749	11472		156671	160989	159419	
0.5663	0.5525		11912	11904	11976		161738	161607	160635	
0.9396	0.5475		13260	13302	13327		149674	150419	151624	
0.2969	0.6803		11070	11259	11134		164552	169159	162249	
0.9065	0.9552		14750	13948	14014		166057	161904	162903	
0.7097	0.9372		12796	13123	12843		155010	154198	155473	
0.3912	0.8969		11842	12211	11901		162034	164734	163914	
0.062	0.7285		9945	10388	10673		158544	158574	158547	
0.1575	0.1894		9312	9617	9070		158192	164623	158640	
0.214	0.0877		8952	9378	9418		155381	154299	159885	
0.243	0.4511		9744	9771	10026		156709	153821	159087	
0.4115	0.2729		10209	9963	10555		153438	160094	164182	
0.5724	0.2407		10040	10129	10304		164998	170404	171405	
0.3533	0.4253		11697	10623	10539		159004	150583	150996	
0.4326	0.0634		9553	9530	10198		155624	158432	163771	
0.8668	0.8286		13983	15170	13530		169022	168669	154863	
0.4684	0.1224		12590	9734	9774		189662	155247	165547	
0.1574	0.0851		8788	9542	9334		158432	163134	160549	
0.9667	0.1783		11172	11489	11094		157500	158507	158387	
0.331	0.6962		15843	17496	16971		205807	208065	199006	
0.2651	0.6538		10903	10773	10990		158758	158643	161601	
0.8486	0.5678		13357	13334	13151		160815	163661	181907	
0.7002	0.2059		10386	10966	10659		158313	156680	157395	
0.446	0.2493		9666	9685	9933		150174	161482	154137	
0.4726	0.0989		10228	9667	9649		160836	155178	155244	
0.6412	0.8435		12428	12726	12913		152406	153695	154268	
0.8536	0.4889		12040	13233	11645		158666	161378	162536	
0.9631	0.6323		13550	13747	19795		169674	185395	200825	
0.7773	0.8113		13266	13397	13450		157526	157675	159022	
0.4131	0.2311		12063	9936	9721		155986	150320	153085	
0.1885	0.8241		11637	12027	11834		188065	190213	212980	
0.7664	0.8421		13219	15751	15740		152581	193977	166158	
0.4374	0.0817		9426	9721	10325		146623	171138	157422	
0.1867	0.529		11426	10440	10134		148876	150289	144983	
0.4469	0.666		11766	11783	15605		158288	158736	164862	
0.8303	0.2944		11360	11991	12026		176687	180173	185483	
0.6214	0.6051		11887	11927	12193		156564	158350	167001	
0.5322	0.1875		10044	10035	10347		163339	161370	163609	
0.2502	0.2347		9776	9473	10434		162696	157617	162090	
0.6695	0.7052		12418	14520	12637		159278	163631	157203	
0.5581	0.1658		10225	12739	10004		164207	166065	159006	
0.729	0.5109		17005	12239	13435		168659	160227	162671	
0.842	0.3727		14570	11544	11692		166392	156496	161036	
0.0912	0.7159		12127	10305	9989		168500	156750	158165	
0.429	0.8411		15556	11833	11922		170571	159095	159338	
0.7426	0.8605		14085	18625	17768		166699	213669	176531	
0.8539	0.4067		19066	18585	12235		218140	209481	161380	
0.0837	0.3804		9574	9169	10970		160481	160738	166313	
0.8691	0.1195		13783	11596	18203		170878	194675	226958	
0.324	0.6238		10582	10667	10675		152299	153638	154025	
0.9908	0.8731		20774	14100	14208		215414	173009	219281	
0.7991	0.2561		17089	11575	12108		180741	182887	174595	
0.802	0.5085		12574	12863	15016		164303	163993	204152	
0.2831	0.3403		9974	9790	9824		157195	158420	157580	
0.4357	0.9286		12090	11817	12194		157728	152040	151961	
0.5406	0.8654		12723	16315	12278		161777	174402	159462	
0.3231	0.2509		9988	9720	9780		157332	157300	160809	
0.2329	0.955		10827	11182	10852		168703	173440	166672	
0.8313	0.3367		11513	11255	11267		157844	162586	159566	
0.183	0.3176		16701	17808	16866		209333	226236	207651	
0.8751	0.3896		11904	12040	12139		152919	154401	159123	
0.8805	0.8263		13981	13744	14259		159763	165466	164208	
0.9689	0.2077		12602	11202	11431		187448	159265	161742	
0.7441	0.6207		13915	16106	18556		171243	191118	230736	
0.6629	0.651		12247	12793	12888		154509	155651	165987	
0.9707	0.2257		11999	11199	14297		164234	161943	170509	
0.2087	0.5013		10044	10197	11028		149331	157659	158312	
0.2184	0.1439		12427	9005	9349		161130	164961	155015	
0.7326	0.8776		13132	13206	13520		162503	158805	171722	
0.4599	0.2211		9763	10148	9828		160417	170081	159352	
0.2839	0.257		10097	9562	9584		168499	161078	161403	
0.2146	0.9229		11442	11264	11316		162983	155510	155802	
0.7233	0.9024		12860	12877	13086		162150	178258	167144	
0.5403	0.887		12303	13629	12783		161955	162971	161200	
0.4779	0.857		11610	11672	11883		160892	165045	167977	
0.319	0.1594		9619	9570	9779		164091	157875	162329	
0.5015	0.4463		10806	10788	10779		156757	152167	153925	
0.6193	0.2741		12447	12592	11498		162558	161208	164190	
0.7811	0.3475		11265	11271	11910		154713	161625	160514	
0.5818	0.4525		11135	11128	11263		161298	158358	157478	
0.5955	0.4846		10865	10968	11212		162055	169038	182804	
0.4462	0.769		11599	11595	11566		161529	167101	164330	
0.1079	0.9729		14769	10743	10843		180191	162398	162786	
0.6949	0.3388		10979	10755	10885		165532	162323	159786	
0.4455	0.6283		11538	12601	12511		150980	155121	172150	
0.9491	0.4811		12058	12690	13051		161185	171571	164147	
0.1218	0.7933		10160	13384	10795		166701	167572	162351	
0.9465	0.4301		12133	12594	12458		157465	163189	162944	
0.8781	0.6044		17023	13870	13386		166243	161814	159763	
0.7731	0.9421		13801	16013	14059		165372	171034	162037	
0.1616	0.8717		10733	10722	10718		160324	157007	161931	
0.9346	0.5891		13595	13512	14063		161434	160736	183119	
0.3285	0.4948		10129	10014	10574		156790	159785	160638	
0.9016	0.5075		16058	13925	13642		173644	165805	167963	
0.3267	0.5571		12113	11055	17005		169156	193986	229923	
0.0644	0.5333		9633	15390	16306		166741	221785	221683	
0.5646	0.7374		12331	15631	12566		157294	163570	154640	
0.7189	0.0987		10196	10427	10469		159161	165957	159923	
0.3213	0.5954		10721	10676	10803		154123	155478	161708	
0.2179	0.7767		17795	16338	16784		226304	224804	228783	
0.649	0.7624		12378	13015	17733		157988	163215	177696	
0.3748	0.9028		11549	11486	13077		161541	160558	175398	
0.2195	0.6446		16298	11233	10791		187133	164095	163212	
0.1675	0.6979		10635	10561	11289		159785	151212	155870	
0.5389	0.2704		10713	12493	12433		156225	163401	165703	
0.5555	0.4197		10680	16633	10805		167407	200335	160551	
0.4942	0.0823		9469	9431	9432		162422	162977	162638	
0.2818	0.853		11587	12421	14891		189438	177692	223057	
0.9544	0.2582		12127	12107	12167		158414	160204	166391	
0.8205	0.9426		14643	17706	16466		168872	181804	167336	
0.6954	0.2793		10723	10809	11012		162771	165382	166547	
0.8773	0.8621		13990	14098	22072		154947	187453	227611	
0.1589	0.9208		13676	13202	10870		184446	178114	158250	
0.5459	0.1133		9746	9738	9898		155223	155752	155326	
0.6976	0.2036		10404	10348	10479		165020	164679	175281	
0.2982	0.919		11424	11343	11873		155249	155512	158920	
0.8848	0.457		18925	19144	21497		227002	253160	267698	
0.6997	0.7956		19123	20525	20766		207663	244427	208496	
0.9607	0.1753		14865	11270	12019		199495	167508	171112	
0.5835	0.9624		12432	12376	17708		166557	165593	212439	
0.3074	0.1262		15652	14023	9509		219946	202033	165031	
0.4167	0.8039		11923	12520	17334		159998	160718	204695	
0.8705	0.1243		15458	10804	10627		202306	166173	171606	
0.345	0.3008		10069	12309	13754		163613	168541	194361	
0.7863	0.1708		11129	10633	10792		162568	158382	159306	
0.5548	0.3255		15060	22794	11836		200253	195903	178529	
0.9177	0.8869		18934	20749	24259		207054	228625	264513	
0.5773	0.8418		19602	18651	18425		215500	212523	216595	
0.729	0.8665		20232	20005	19148		233870	225840	228359	
0.724	0.4248		19934	18753	20531		230434	226303	235155	
0.0912	0.4475		22042	13579	20683		272104	251356	329374	
0.484	0.4505		21487	20873	17366		261210	252078	220528	
0.1831	0.5559		10871	10769	10720		185330	185762	187382	
0.3646	0.1592		16845	16900	14821		253968	237174	221445	
0.2047	0.9467		15885	17707	19932		224847	234575	276413	
0.5697	0.5057		16216	18226	21902		211043	216645	272520	
0.2713	0.2358		14186	9432	9516		168972	152671	158901	
0.9043	0.1953		11133	11398	11160		176586	170425	171713	
0.6035	0.8909		12375	12847	18393		162489	165261	183646	
0.5216	0.3018		10422	10330	10861		162821	158261	160570	
0.2291	0.7729		12746	10803	11016		174798	171520	161475	
0.7922	0.0969		10508	10504	10608		159771	159038	162145	
0.8811	0.9919		13846	13925	13479		161697	161446	164678	
0.5894	0.3549		13218	11369	11018		176697	178237	166931	
0.2911	0.854		11061	13573	15029		155261	172191	177929	
0.5776	0.3848		13208	11938	11338		195954	183643	177440	
0.7398	0.6716		12457	18513	12824		167678	190529	159546	
0.3159	0.4928		18509	15873	16947		250139	224174	231553	
0.1632	0.1327		14211	15549	22210		217801	234881	264019	
0.57	0.2432		16152	17726	16784		214372	243127	216992	
0.9124	0.1874		17674	18049	17964		214144	216969	220594	
0.8875	0.1267		17711	16815	19166		214168	211827	231637	
0.8264	0.841		14367	20025	16292		209302	205205	188938	
0.4882	0.4717		10555	11304	10601		168616	172285	170314	
0.208	0.5182		10428	10171	16548		162771	193443	220176	
0.4414	0.318		9948	10059	10408		162451	163342	164448	
0.5731	0.1455		10208	10217	10593		153466	155445	156780	
0.6339	0.9179		18073	13681	13374		212642	186751	188142	
0.1342	0.7092		10356	10379	10407		157299	157024	159669	
0.1916	0.2559		9291	9504	9712		158662	158842	157354	
0.2305	0.6372		10354	10325	10256		149691	150207	150880	
0.0604	0.1703		12481	8569	9005		170392	162050	167911	
0.8656	0.5406		13603	15597	13599		189039	194362	191858	
0.2187	0.7753		10836	10552	11176		161483	161268	171480	
0.995	0.8514		13953	13785	14088		150241	150763	153965	
0.2485	0.7151		10391	10394	10484		151788	151557	153324	
0.8739	0.5076		12706	13024	13069		162075	162264	164229	
0.7903	0.5485		12748	12804	12824		159671	160740	163138	
0.4378	0.5681		12058	11163	13286		161676	157313	169969	
0.7674	0.5529		12684	12696	13091		154125	154437	156452	
0.8706	0.7793		13292	13247	15950		155459	156860	181417	
0.6481	0.659		12407	12369	12769		158820	159238	165591	
0.4407	0.8997		12001	11999	12121		151147	149233	153840	
0.4256	0.0897		9892	9754	10996		152316	158393	160472	
0.4249	0.8431		11612	11568	11731		156797	157520	159069	
0.4642	0.1088		9426	9442	9527		166728	165052	168950	
0.3611	0.193		12907	9402	9479		158028	147562	146842	
0.2736	0.5707		13868	10944	10728		166288	153630	159146	
0.6391	0.5329		13985	12153	12437		162583	157042	161520	
0.534	0.1916		12407	9951	10088		163038	156106	159394	
0.9273	0.933		15002	13910	13644		160750	155670	157508	
0.9793	0.6928		15512	13561	13511		169057	164177	166173	
0.6421	0.1241		12729	11186	10334		161126	163311	156923	
0.3924	0.2155		11605	12463	10135		168209	166543	163477	
0.801	0.4669		14233	11654	11586		172463	165475	167857	
0.0773	0.5152		11989	9528	10143		156457	150810	152320	
0.8871	0.2062		12231	11271	11304		155471	158486	152749	
0.5903	0.2007		12612	9976	10407		160296	157210	154718	
0.7647	0.4629		14176	11658	11579		167938	165619	165259	
0.724	0.986		15540	13025	15137		167384	161787	168915	
0.5933	0.6546		14125	12356	13759		173002	169335	191893	
0.7127	0.2383		12674	10415	15529		172319	178166	199993	
0.9163	0.6753		13552	13763	13809		162740	163175	169922	
0.8758	0.5873		13479	13499	14041		168026	166175	170594	
0.6521	0.3134		16081	17424	15300		225254	202883	197004	
0.1782	0.0894		11202	10256	11125		194872	184517	188544	
0.9684	0.2518		12201	12519	11573		167099	177536	201138	
0.4066	0.4201		10366	15212	11309		154486	182094	180443	
0.2512	0.9554		11653	12355	18236		165816	167342	187493	
0.7928	0.3747		13463	14117	16491		172511	169746	177671	
0.8615	0.8535		13488	13753	13561		158930	163267	160126	
0.2272	0.8499		11454	11040	13870		160638	157913	165145	
0.5325	0.9348		12594	13120	13262		167481	172102	173166	
0.5031	0.4331		11020	11135	10880		151080	161968	157871	
0.5247	0.6517		12284	14483	12385		160050	168812	161320	
0.9787	0.0723		14047	11254	11829		177791	160384	186952	
0.7176	0.4724		13958	11206	11388		165530	153234	151528	
0.9341	0.4138		17594	18359	19473		222744	247451	207293	
0.2296	0.8674		10747	14102	15492		163612	183465	180603	
0.6145	0.305		16542	16355	17119		217588	217763	186205	
0.7611	0.1283		16368	18957	17047		216617	226860	212582	
0.9195	0.4706		14025	12321	12151		164234	163418	161424	
0.2309	0.6303		16065	16670	15796		226562	225355	220666	
0.9824	0.7324		13580	13554	15644		160788	163230	165874	
0.6575	0.0997		16261	15505	16486		212268	213091	213501	
0.0518	0.8045		11835	10053	16557		168830	160679	215671	
0.7909	0.6294		13120	13872	13496		180344	189099	181999	
0.5533	0.6611		12304	12221	14713		173428	164944	181713	
0.6136	0.5114		12227	11994	12021		163598	165342	161506	
0.9102	0.0516		17017	19204	17159		213531	217275	208939	
0.6118	0.1988		10322	13551	15720		161167	204370	211483	
0.9339	0.323		17822	20610	19007		219990	249266	220191	
0.2048	0.9535		11115	13731	11349		162102	171235	161600	
0.7295	0.09		10564	10972	10749		166710	167294	163479	
0.069	0.3574		17270	15581	16344		226610	219781	225672	
0.8256	0.1673		14679	11334	14614		175739	171980	176332	
0.9218	0.9835		15510	14822	21424		173113	207230	225554	
0.3373	0.2095		9663	10955	15409		168308	183409	238136	
0.9217	0.2513		19192	18163	19091		221112	224303	229805	
0.9734	0.0547		13467	11840	11233		183987	165237	165470	
0.5494	0.3096		10863	10725	13220		166005	167624	174765	
0.3913	0.5946		19688	13288	11326		237504	177761	167188	
0.3972	0.137		10192	9887	9979		156386	156633	155773	
0.6839	0.5488		13643	12515	12498		167229	166282	163355	
0.4772	0.2502		14333	10955	10113		176621	153845	149694	
0.3275	0.1005		10428	9959	12229		164402	168416	182278	
0.057	0.9481		14953	18400	15271		238534	218766	171603	
0.0964	0.8376		15528	16996	17297		216874	273766	232889	
0.6077	0.1781		18110	17079	10950		213267	175548	164484	
0.7145	0.4578		11312	13364	12068		160266	166554	160932	
0.9974	0.4687		12185	12472	12208		166501	169289	174905	
0.7798	0.1032		10536	10756	10736		166998	166783	168069	
0.8336	0.0708		10644	10824	10513		156903	158964	159428	
0.7444	0.2453		10675	10782	10273		161021	161789	161074	
0.835	0.9007		13742	13934	13835		171746	173022	171916	
0.7373	0.713		16852	20942	20068		222883	232218	248945	
0.5607	0.5788		18162	12084	19022		211220	194917	224586	
0.6683	0.9931		20457	20799	14828		217709	208996	158810	
0.429	0.6964		11892	15778	17637		172503	212537	226849	
0.2221	0.45		16184	15734	10503		227842	203748	190170	
0.7927	0.1318		17025	19626	17591		243512	235672	226916	
0.4898	0.5008		18021	18121	11331		217560	201396	161252	
0.3504	0.7527		19485	19042	18193		250163	230637	236077	
0.6297	0.6065		12223	12762	12755		167564	165129	168605	
0.8244	0.0746		12307	18106	20083		193424	216720	218031	
0.9087	0.2657		17228	18478	20910		210529	217487	226557	
0.332	0.5853		15903	17602	17385		222160	222306	228498	
0.9427	0.1431		16200	11510	19549		170966	186429	214202	
0.614	0.2415		10512	10566	11680		161851	180393	167993	
0.9356	0.4821		12376	12784	12399		162361	166888	164214	
0.492	0.6975		12024	11750	11401		162455	157371	160934	
0.7867	0.333		12584	14927	11543		173785	172223	170282	
0.6062	0.7856		12351	12344	16190		156861	153546	161618	
0.8784	0.5786		13629	16727	13162		151551	159521	150850	
0.1816	0.5071		10230	10213	10370		161961	163103	167035	
0.7285	0.8496		17206	18286	18191		199865	224350	218705	
0.4772	0.219		15965	9804	9694		211248	162355	159653	
0.9309	0.2773		11796	11832	11735		154368	154272	156402	
0.3603	0.4457		9998	10153	10657		157396	166579	173144	
0.1534	0.4952		9982	14516	10597		152396	162219	158339	
0.1002	0.8201		11199	12702	10354		196318	193156	172169	
0.5754	0.7159		17166	12290	14010		183216	164131	196269	
0.1922	0.6916		10990	10752	10171		161393	162412	162128	
0.1813	0.2317		15197	9311	9136		187824	154312	168029	
0.1167	0.5196		9584	10392	13710		155254	166381	170369	
0.7252	0.5376		12390	12925	12487		159330	157138	162514	
0.8064	0.1431		10921	11103	10699		159555	159913	176803	
0.2068	0.1304		9492	9326	9730		155941	155188	172081	
0.5066	0.2393		9873	10355	9867		162422	156809	164261	
0.1754	0.8534		14900	17900	12134		224957	221244	169382	
0.5026	0.9664		12396	12851	13257		162529	170597	171364	
0.5453	0.7949		12579	12246	18106		165431	166144	226212	
0.3959	0.2482		9930	10044	9598		163725	163812	161815	
0.5118	0.5427		16592	13303	15281		217832	185954	177283	
0.1553	0.5054		12804	10325	10068		155906	153331	148602	
0.8266	0.3023		11790	13061	11762		171613	176649	169212	
0.8146	0.4343		11675	17937	12071		166557	202514	168376	
0.4116	0.7058		11613	11662	11349		161632	163672	165695	
0.2667	0.9488		11762	17123	18304		173637	223259	225190	
0.3707	0.8477		11400	13153	11680		162212	173327	165075	
0.5647	0.1184		10415	9934	9881		155150	160264	161670	
0.1878	0.6239		11008	10914	10924		175253	175473	152634	
0.1702	0.3237		16619	9276	9999		194248	169598	158370	
0.1024	0.7386		10040	9841	12468		157417	152287	160140	
0.2567	0.3353		9647	13166	10138		151675	173899	148905	
0.3021	0.8575		11473	11601	11766		156778	159260	158783	
0.2061	0.6017		12576	10442	10390		164300	158011	162135	
0.5092	0.701		14269	12214	12321		174827	166690	167273	
0.5218	0.7104		13326	12589	11936		170581	165973	162430	
0.8337	0.4839		15918	12135	11885		173933	165563	165716	
0.2484	0.657		12700	11481	11423		187287	189415	182308	
0.963	0.5397		15968	13679	13315		170008	165565	164946	
0.3742	0.5567		11969	10869	11239		158402	158050	154222	
0.362	0.5688		13496	11305	11398		165018	164287	157513	
0.2311	0.9232		12460	10953	11053		159084	153647	158516	
0.8039	0.5628		14297	13029	13117		165953	163257	161600	
0.4503	0.1303		10818	9981	10072		165021	159550	159574	
0.8944	0.2901		13880	11857	11769		168385	162963	162780	
0.5175	0.2194		13289	10397	10399		169232	160505	161932	
0.2483	0.654		12969	10543	10740		162821	155452	157567	
0.6274	0.4631		15106	11493	11678		169538	161943	161666	
0.4146	0.7287		13549	11502	11347		170381	163455	163217	
0.3707	0.9778		13450	11821	12063		165683	159673	160615	
0.1541	0.3737		10869	9533	10333		169605	169382	168437	
0.1803	0.5023		12962	10487	10499		161353	157603	157934	
0.5105	0.3318		12153	10510	10417		159490	155447	154460	
0.6359	0.7838		15097	13569	13758		186252	181460	182536	
0.7049	0.5929		12948	12951	12416		162301	159609	161676	
0.6455	0.3024		13205	11132	11047		175128	170539	171732	
0.3376	0.4997		11693	10352	10233		168471	163274	165180	
0.2859	0.0556		11863	9304	9420		164649	160776	160861	
0.3779	0.9218		13838	12151	12005		175623	168368	167747	
0.2404	0.1524		10404	8945	9430		162465	156364	156590	
0.2732	0.6535		13502	11896	11875		194091	188755	190654	
0.9601	0.8298		14983	13833	13946		175040	172092	171314	
0.2382	0.8548		13740	10853	10748		158579	154019	153518	
0.7999	0.3775		14736	11793	11628		163913	158045	157615	
0.6693	0.3161		12504	10848	11174		161181	154568	156035	
0.6363	0.2443		12031	10328	10489		170217	164319	164713	
0.4362	0.6341		13433	11382	11809		168079	162993	164563	
0.4383	0.5653		13215	11813	11267		165194	161018	159681	
0.6816	0.8895		14720	12752	17031		162557	157909	173964	
0.4905	0.4003		14375	10858	10444		172943	172724	165605	
0.3268	0.4597		12900	10406	10484		163212	157036	154908	
0.6091	0.2791		12043	10517	10839		163938	159505	159704	
0.2932	0.5811		16870	20052	18169		209634	266100	199664	
0.6346	0.5368		12193	12639	12627		171787	169247	165204	
0.1757	0.3614		15325	14463	9651		221965	199775	168125	
0.0571	0.3406		14955	9420	9400		203539	162679	195824	
0.1376	0.6461		11209	16487	10791		178785	193410	149511	
0.6047	0.5873		12515	12107	12138		196696	165047	166379	
0.4434	0.8281		12000	12294	12113		160024	160655	185397	
0.1	0.5671		10060	9725	10038		160279	160574	161749	
0.1831	0.5173		10816	10494	10343		157394	157545	157086	
0.7905	0.7751		13500	19631	18673		178364	227062	224759	
0.3521	0.3549		16952	17163	18086		221207	264123	254036	
0.5905	0.306		10634	14698	19013		167491	223744	201529	
0.7055	0.554		19227	13179	18869		191886	167053	232998	
0.6612	0.6849		12443	12534	19107		165222	165287	216196	
0.875	0.9781		19707	14845	13667		199145	162755	170361	
0.5939	0.9774		12647	13434	13391		161075	165087	167073	
0.587	0.8225		12543	12537	13015		157067	158867	163103	
0.5068	0.761		12351	12503	12272		155830	158472	157773	
0.7579	0.7614		15043	13559	17253		170867	167444	194645	
0.3107	0.9634		14424	18369	11601		173159	195501	163558	
0.2985	0.4254		14270	16014	14748		204137	207717	199233	
0.265	0.1655		17962	16016	9814		227673	194113	174077	
0.4193	0.6317		11768	11674	11478		164942	165693	163693	
0.5798	0.6771		12367	12123	12664		154216	155035	156982	
0.7581	0.4717		11631	11926	12948		160346	164385	196710	
0.7332	0.8448		15268	13056	13018		156824	152348	153782	
0.1184	0.5344		12704	10054	9743		163681	158963	160861	
0.7658	0.6666		16159	14028	13830		186650	183537	182862	
0.3796	0.0754		11773	9475	9626		160269	155096	153994	
0.5227	0.4805		13659	11528	10995		157682	149297	149274	
0.0933	0.9524		12254	10801	10576		171237	167469	165221	
0.6548	0.0687		12621	10381	10625		163195	158784	158305	
0.6387	0.5232		15216	12435	12502		169102	165120	165715	
0.763	0.5591		17877	20530	23798		208876	217157	245608	
0.2666	0.446		12494	10879	14664		159656	162429	171646	
0.3123	0.5549		10620	11052	11788		159902	179447	171024	
0.269	0.181		9812	11757	9893		169030	164346	159217	
0.4941	0.9317		12232	17910	19429		175405	231692	231501	
0.9148	0.1709		17876	18417	18744		228666	226592	227122	
0.6938	0.8761		18871	19120	20198		232231	231860	252679	
0.4698	0.7028		19904	19440	13094		231701	230203	200313	
0.9655	0.1405		17055	15545	12566		231096	205087	190450	
0.9097	0.0529		18790	16158	16513		231988	230323	223814	
0.3163	0.1813		10652	9967	9776		163132	161756	160625	
0.5772	0.9613		13095	12822	14842		164980	163526	203575	
0.7723	0.1854		17535	18588	11163		228084	224723	171713	
0.8535	0.3459		11819	11777	12251		159623	160496	165086	
0.8671	0.6161		14055	13535	13405		162382	164689	167474	
0.2068	0.3968		15918	9940	10042		212611	162080	170700	
0.4866	0.577		16693	17712	17228		222768	223445	226184	
0.1272	0.0775		8884	13979	13951		172890	209367	206137	
0.9195	0.0568		10917	11540	11380		159564	161975	162517	
0.0787	0.8307		10611	10387	10201		162070	165640	165396	
0.4166	0.4868		12728	10836	13707		170256	167314	184056	
0.6774	0.5186		15312	18434	20101		220062	232794	226181	
0.5196	0.8256		12720	12535	13390		172151	169749	171755	
0.2453	0.6735		10558	19031	20173		187285	189084	270153	
0.7058	0.4061		13437	13957	11440		166033	171290	164787	
0.1284	0.6852		10638	14003	13548		168847	181497	173914	
0.0881	0.1072		8384	8770	13098		155012	177573	210981	
0.7164	0.2493		10849	11075	10945		156460	157901	160100	
0.4903	0.5504		11797	11553	11757		172919	172327	169726	
0.0605	0.4887		9673	9405	14401		163036	158260	169820	
0.1754	0.4871		9730	9711	9487		167232	163296	166039	
0.5156	0.9067		20506	14364	13600		206222	175573	167495	
0.0957	0.3481		9368	9846	17970		174886	194564	230688	
0.6717	0.5366		20184	19750	19551		249119	251235	244331	
0.4128	0.522		18095	20165	18040		236142	226503	224039	
0.7954	0.2956		11621	11324	11306		175393	166793	169862	
0.7957	0.314		11261	11547	11878		169268	162988	168067	
0.2997	0.1909		15035	10278	10182		170618	156069	151289	
0.6418	0.1882		16067	10411	12686		176675	161894	172032	
0.6535	0.9505		20168	14564	17770		202773	191110	207796	
0.5754	0.7205		18960	18596	22666		208945	223152	224420	
0.3068	0.9969		18649	17879	18033		214109	214907	210912	
0.0732	0.5089		15684	16227	16718		220965	230133	227681	
0.0658	0.2923		9098	9078	9509		164862	181547	167245	
0.2207	0.7928		12783	11191	11234		160909	155263	160397	
0.9695	0.3338		18613	19581	20074		221203	239061	241069	
0.1701	0.3419		16479	16048	16679		228436	218280	209551	
0.3824	0.6789		12490	11572	11900		163056	165108	157329	
0.6534	0.8212		13531	13596	13580		193340	194099	192210	
0.1203	0.3568		9436	13028	9553		160746	173209	168576	
0.1393	0.5604		17589	17456	15233		226598	220555	220927	
0.165	0.4855		12980	10014	10017		173811	166854	165812	
0.5685	0.7972		16541	12441	12764		176838	166948	168354	
0.171	0.4345		12201	10069	9745		165592	159320	158399	
0.564	0.5396		13710	11853	12093		175751	166898	166329	
0.6108	0.8556		14155	12650	13113		175354	196273	168447	
0.1626	0.3415		11125	9499	9536		179356	173240	168911	
0.7752	0.9916		16437	13529	13628		160658	152338	151179	
0.5021	0.1939		11721	9811	10325		172021	163902	166012	
0.9667	0.1663		15661	16328	11588		201724	197699	168163	
0.3906	0.4419		10304	13490	11083		167346	180122	170411	
0.4519	0.6742		12051	11436	11817		172243	171758	168375	
0.3737	0.8575		19239	11802	11948		220009	166712	158522	
0.5633	0.9611		13296	12973	13003		184062	184667	180759	
0.5038	0.9242		12753	12686	12224		160022	160448	158438	
0.5946	0.5598		18554	12518	12804		221383	194318	196408	
0.5	0.7429		11993	17233	13409		193805	219489	177948	
0.9729	0.84		14090	14147	14018		159547	162709	162894	
0.5432	0.6311		19268	12301	11729		208138	161335	162452	
0.9271	0.6472		14204	14007	13985		159593	161586	159157	
0.8744	0.5603		13367	13008	13374		167645	166381	166085	
0.0924	0.7267		14029	10095	13125		177539	162940	172041	
0.8707	0.5985		16163	14689	16894		185178	186128	181442	
0.5277	0.7859		16461	16249	15968		182106	187059	187223	
0.7084	0.281		12911	16212	15407		178011	184497	186136	
0.5455	0.3455		13416	12554	11002		185704	187514	195942	
0.2976	0.9813		11908	11932	11775		162120	161859	162673	
0.1964	0.9512		11133	10915	11140		150963	151337	149953	
0.5847	0.8678		12422	12512	12565		165764	167097	167193	
0.282	0.4321		10010	10316	10398		151422	154438	152985	
0.9225	0.5158		13536	13648	13413		165330	167454	166038	
0.7027	0.2384		10522	10643	10943		168147	170414	173993	
0.8894	0.4577		12202	12344	17922		155258	165225	196521	
0.8064	0.2193		10930	11211	11622		158860	184042	181908	
0.2695	0.217		11429	9352	14058		163100	170878	173204	
0.7796	0.4588		11754	11872	11916		160508	160051	166080	
0.2203	0.8546		10642	10854	10821		165685	162672	167292	
0.2737	0.4321		11580	10817	10282		181489	171355	162857	
0.8766	0.0988		10903	11857	11029		151725	157918	157831	
0.4295	0.7916		12172	12164	13616		148733	152393	156736	
0.3837	0.0877		9421	15359	9748		180054	200309	156951	
0.2097	0.7799		11067	11032	11310		152482	153774	153324	
0.2296	0.7287		10437	10523	10670		149511	151603	150752	
0.9907	0.5601		13402	13614	13658		155183	157901	157080	
0.1269	0.5869		10584	10526	10166		151239	152790	152293	
0.7357	0.1535		10388	10736	11227		167213	170768	168910	
0.5825	0.8726		12227	12475	12742		162953	163204	165193	
0.7684	0.3413		11225	11779	11468		154910	157639	157937	
0.9833	0.2881		11963	12306	11919		166645	168877	168040	
0.3427	0.2155		16647	18088	14042		202816	229874	171583	
0.1714	0.7309		15481	11700	11216		202792	187361	180801	
0.4527	0.6693		11349	11606	12115		155385	156438	173133	
0.3968	0.9059		15127	16557	11895		171402	173680	157909	
0.0868	0.1973		8608	11119	8617		164601	172800	165810	
0.5175	0.2704		10832	10452	10534		157595	156845	153648	
0.133	0.5401		10185	10723	10359		154060	156859	152177	
0.8667	0.3781		11623	11749	12464		150875	153694	177195	
0.775	0.0776		10496	10862	10466		161966	164057	164578	
0.1437	0.221		9234	9144	9114		159214	159275	159094	
0.8001	0.8417		13314	13544	13836		157304	158620	160091	
0.3597	0.7674		11265	11415	11170		156579	156959	157430	
0.6454	0.1709		10537	10699	10694		163109	163217	162222	
0.8539	0.9715		13479	13238	13464		158202	159672	158938	
0.4432	0.2138		9618	9851	11304		162059	169172	181662	
0.7923	0.7232		12951	13925	13187		168476	172101	162324	
0.3234	0.6574		11407	11288	15208		156709	156275	207689	
0.577	0.4651		10938	10815	11261		164432	165820	165661	
0.1185	0.3236		13677	9470	9321		197748	160192	161600	
0.7056	0.5647		13096	12815	13023		183723	182903	181271	
0.231	0.9029		11387	11447	11273		160708	161525	160659	
0.8603	0.9697		13855	13762	13455		167058	167114	165835	
0.8533	0.9043		13990	13729	13788		160399	162547	160611	
0.2241	0.9404		11354	11088	11360		152623	153774	155289	
0.9797	0.1966		11558	11537	11329		175932	177725	174675	
0.725	0.6853		12835	12810	12819		163882	165012	165127	
0.821	0.7177		13893	14167	14087		188931	190340	188657	
0.0654	0.6214		10027	9794	9415		163754	165168	163955	
0.6982	0.9243		13029	12670	12765		163218	162999	162680	
0.3209	0.581		11304	11402	11293		193897	196015	195895	
0.234	0.0896		8996	9512	8809		149350	148658	148178	
0.3194	0.7513		11235	11256	11186		158946	159246	160527	
0.8149	0.0564		10559	10906	10616		158765	162337	158584	
0.0654	0.4924		9482	9387	9397		163663	166124	164968	
0.3741	0.9124		12003	12027	11580		159285	159384	161193	
0.8209	0.2306		11158	10823	11001		155064	156616	155187	
0.2382	0.3435		9587	9322	9586		154406	154032	153913	
0.1213	0.4261		9550	9524	9675		152022	152677	152497	
0.8724	0.7131		13347	13527	13317		161878	162105	162445	
0.2196	0.216		9464	9232	9159		160429	159482	161020	
0.4364	0.1418		9764	9954	9973		162641	164131	164615	
0.8925	0.9541		14181	14347	13740		165608	166214	164527	
0.5539	0.3471		10783	10530	11062		153450	154465	154930	
0.5419	0.2099		10443	10477	10141		156551	156160	157631	
0.5456	0.9872		12772	12730	13238		157338	157964	155983	
0.1223	0.5294		10116	10099	9929		152580	151573	154959	
0.831	0.747		13216	13441	13017		157905	156576	157156	
0.5672	0.2536		11544	10857	10621		188045	162568	158728	
0.1324	0.769		10852	10821	11084		162920	161718	161748	
0.9185	0.1145		10935	11244	11236		158358	159124	157647	
0.235	0.316		9467	9579	9739		155317	155280	157712	
0.2474	0.1345		8894	9093	9659		143837	147905	146358	
0.7093	0.2689		10808	10827	10927		162083	161813	163825	
0.0772	0.5239		9996	9864	9796		154617	154756	153284	
0.5621	0.0525		10731	9731	10168		158786	155311	159032	
0.8518	0.9261		13374	13547	13329		162519	161155	159904	
0.4643	0.7651		11635	11632	11534		162542	161762	161616	
0.5753	0.7553		13531	13537	12845		187366	186497	185591	
0.8304	0.2254		10911	11066	11137		156483	155274	155850	
0.3536	0.5896		10990	10804	10708		153160	153133	161336	
0.3752	0.5653		15141	11385	11683		182425	169555	170312	
0.6606	0.2975		11188	11192	11937		168536	169439	167995	
0.5054	0.5758		12626	17983	12425		192382	232450	184682	
0.1652	0.5288		10129	11120	10570		162265	162290	160959	
0.47	0.3952		10350	11120	10459		160791	166384	160613	
0.5406	0.1595		10320	10391	10200		158573	160405	161080	
0.6586	0.9534		13133	13132	13387		164209	163693	166934	
0.4002	0.1069		9524	9764	10243		155952	155868	156465	
0.2647	0.6702		11522	11786	10648		165254	167311	163469	
0.6048	0.6654		11932	12396	12952		165623	166493	168320	
0.9751	0.4128		12142	12156	12198		161127	160676	172633	
0.9228	0.9324		13803	14620	15033		168654	188582	187125	
0.5234	0.4184		11064	17442	11208		177870	196181	157081	
0.8666	0.2865		11264	11782	14355		165945	159651	167858	
0.4486	0.0822		9559	9408	9543		161959	160887	159955	
0.0609	0.059		8605	8554	8303		154415	153990	153373	
0.6141	0.41		10826	10741	16069		158359	156757	162884	
0.103	0.9244		10315	10379	10425		159976	157524	156225	
0.704	0.5687		12187	12388	12660		162109	161545	161084	
0.5516	0.4069		10828	10810	11257		157610	157492	188275	
0.2218	0.4138		9688	9669	10040		149452	149517	146887	
0.2368	0.5065		10164	10349	10251		162380	163680	159869	
0.2436	0.8788		11340	18314	11279		185934	222487	165009	
0.6704	0.0831		14903	10069	10714		218154	170648	171174	
0.6273	0.2821		10922	10808	10784		149859	148517	149691	
0.7682	0.1981		18905	18476	10516		230118	192139	159614	
0.2518	0.714		10968	10828	11179		172911	170256	169794	
0.6166	0.5085		13357	11778	13593		173624	163513	164372	
0.7765	0.8742		18870	13439	13813		203500	177417	195180	
0.4169	0.7819		12121	11847	12401		159812	181443	170015	
0.7919	0.1051		10938	11666	11184		161940	171814	162274	
0.3397	0.1184		9702	9554	11744		156603	155730	169700	
0.4877	0.7942		12171	12147	11813		156208	154486	159062	
0.5847	0.5913		11581	12053	11870		163017	164363	159410	
0.6478	0.1674		11765	10323	10902		176534	164716	165608	
0.4515	0.7859		12583	12735	12705		194333	195840	184399	
0.4705	0.5639		11358	11207	11043		170299	169777	171181	
0.3571	0.0599		9473	9209	9688		155427	155417	153028	
0.4013	0.746		12990	13260	11429		162903	168394	154249	
0.5729	0.6104		11854	11586	11440		158085	160065	159268	
0.718	0.5962		12884	15905	12650		166946	173189	165404	
0.5644	0.2602		17153	15727	17194		227160	206351	214538	
0.8845	0.6207		16314	13591	13205		166338	157600	152659	
0.4169	0.7572		13340	14072	12005		158211	156554	150610	
0.891	0.2572		14728	12035	11947		167142	163224	160676	
0.5432	0.2889		13400	11002	10701		173316	168187	163226	
0.84	0.0955		12507	10922	12435		163322	157653	162806	
0.7076	0.7783		15045	12558	13038		157781	154795	153217	
0.5685	0.2153		12562	10084	10868		173604	174261	178723	
0.607	0.536		13849	11956	11855		163456	156371	155092	
0.7331	0.6797		15214	12660	12873		168096	161095	160628	
0.9149	0.1617		11305	15107	11382		169839	172540	163365	
0.39	0.3001		10110	16249	10034		163563	175742	159596	
0.4758	0.7843		12017	11817	12459		160146	152336	155236	
0.0648	0.9918		14627	10541	10844		181902	162310	161395	
0.9745	0.297		17333	18341	18228		218629	210432	227901	
0.659	0.9721		13249	13171	19161		167527	183293	222631	
0.5551	0.6205		11836	11747	12171		159606	159809	158552	
0.4798	0.3414		10330	10712	10528		157160	157427	155892	
0.5195	0.8		12674	12156	12175		173146	163497	161516	
0.4826	0.0828		9707	10135	10186		160624	162802	158084	
0.0961	0.0881		8484	8382	8641		155981	157345	155916	
0.6096	0.3888		10655	10912	10544		161101	161031	160493	
0.1803	0.7789		10800	11250	16252		158397	185428	174302	
0.4375	0.0609		9698	9612	9590		162118	159910	157740	
0.7528	0.1405		10840	11200	10584		155794	153772	151059	
0.6737	0.9721		13044	13365	13052		169055	167971	166590	
0.4195	0.0804		10356	10027	10318		203511	186151	183287	
0.704	0.0639		10452	10292	10531		166725	162596	163042	
0.9632	0.8681		13903	13804	14694		170576	171705	168773	
0.4776	0.473		11079	10934	11152		155751	155446	153431	
0.0822	0.3583		8932	9006	9015		162125	159243	160970	
0.133	0.8459		10721	10766	11285		160453	162652	162488	
0.947	0.5496		14183	14117	14544		186850	189287	188567	
0.3783	0.5451		16889	11715	11157		209121	181301	175712	
0.3472	0.7798		12229	12586	12190		182416	183921	182792	
0.4818	0.6538		11805	11323	12160		161688	159457	161236	
0.9897	0.8337		14157	13802	13849		157111	159017	162451	
0.2581	0.9354		15517	11799	11880		181593	165995	165168	
0.5312	0.496		11234	11401	11501		163699	165000	163348	
0.269	0.1502		9835	9840	9806		175049	172756	178436	
0.2546	0.5403		10752	11588	11404		162298	164419	161907	
0.1582	0.7311		10656	11753	10579		163887	166952	164561	
0.2782	0.5202		11191	10881	10868		156871	157605	155631	
0.1327	0.3461		9302	9912	9861		162589	163731	161154	
0.4888	0.4395		10489	10811	10654		161121	161415	162518	
0.4136	0.6596		11687	11899	17053		167290	177214	199965	
0.5972	0.887		12626	12511	12520		166846	167696	167797	
0.6065	0.4344		11268	11498	12852		171496	174158	180018	
0.3819	0.652		12371	12269	12452		190015	191112	189767	
0.3322	0.5272		16085	11173	11040		212237	159731	160167	
0.6326	0.7529		12885	13071	12926		160302	160690	160911	
0.2395	0.642		10742	10861	10613		151614	151349	152808	
0.1591	0.4395		9727	10306	16978		159378	165483	214791	
0.7807	0.8675		13278	12979	13088		164570	163152	163475	
0.7445	0.7078		13850	20369	13103		203974	214761	160585	
0.6491	0.0897		10351	10357	13991		159742	167595	184978	
0.2568	0.2259		12521	9805	10050		159522	154620	151776	
0.4548	0.8898		12383	11855	11975		159750	158055	157102	
0.9181	0.1908		11888	11207	11000		159364	159241	157804	
0.4042	0.1892		9717	9733	10170		161930	163589	160419	
0.3574	0.6347		11317	11516	11443		156965	155662	154271	
0.9766	0.4646		12505	12515	12727		154672	152994	152288	
0.8012	0.4791		11892	11744	12414		165531	166387	164103	
0.4932	0.9637		12176	12210	12836		155911	155739	155113	
0.9432	0.6489		13706	13747	13911		166006	167560	165881	
0.9012	0.3844		12344	12303	12760		169895	169354	167751	
0.9272	0.6269		13773	13758	13689		159442	159022	156667	
0.0796	0.896		10824	10663	10468		158014	158343	157919	
0.7262	0.8099		12913	12938	13184		165789	165583	168945	
0.4251	0.5322		11460	11412	11339		157627	158143	156571	
0.8948	0.2465		11289	11617	11705		156370	159114	160307	
0.3084	0.2568		9635	10217	10315		154070	159264	156997	
0.0701	0.6551		10488	9974	9887		160084	157917	156087	
0.8626	0.0947		11165	11029	11142		155104	157396	156607	
0.8901	0.5934		13828	13592	13430		149174	151954	150539	
0.1795	0.1817		10026	10002	10059		176388	177266	180537	
0.2983	0.3332		10216	10485	10207		151457	151930	153413	
0.3905	0.9555		12030	12251	12235		161648	163564	165380	
0.5741	0.7526		15716	14036	12188		182382	170953	168802	
0.3779	0.4662		10724	11005	10734		165412	165047	165626	
0.748	0.3384		10964	13678	11331		160759	174242	160886	
0.0798	0.4739		9865	9483	9525		169430	167037	165790	
0.336	0.7653		11511	11300	11266		162260	160408	162505	
0.8097	0.6409		13012	13133	13170		164679	163993	164096	
0.7635	0.2862		12292	16769	11296		164180	215546	158284	
0.1493	0.3957		9539	9617	9643		153888	153729	157020	
0.6338	0.449		11271	11215	15375		157213	156946	208108	
0.8241	0.8882		13308	15159	21016		169539	214339	205920	
0.8004	0.1163		10737	10592	10601		163258	169325	161367	
0.1442	0.9646		10946	10937	11450		163043	161641	161832	
0.1627	0.172		9355	9196	8949		160453	161239	160515	
0.9773	0.0913		11419	11367	11378		157721	159980	166658	
0.8564	0.6955		13337	13122	12988		165934	165927	165867	
0.4153	0.2636		10345	9904	10353		158842	158415	159859	
0.6012	0.7857		12618	12185	12270		164567	164688	169840	
0.2054	0.146		9281	8944	9065		149474	149938	149922	
0.8259	0.0847		10553	10922	10985		157830	159842	158100	
0.6434	0.256		10698	11145	11187		154516	155505	157069	
0.9939	0.9399		14372	13949	13942		163189	160619	161017	
0.2752	0.221		9478	9869	9791		157251	155570	157030	
0.1607	0.3957		9892	9726	10299		157830	154410	155006	
0.4119	0.3758		10511	10360	10407		172577	167198	168497	
0.9866	0.2123		11288	11388	11303		165552	165645	166189	
0.4745	0.6299		12791	12261	12318		191554	188228	191839	
0.5563	0.23		13877	10667	10502		181571	165381	162542	
0.7944	0.6043		18022	20397	20827		225034	238813	240541	
0.2639	0.5366		16681	22001	16405		230336	242792	219850	
0.3119	0.2525		10274	10148	10304		161380	159430	170090	
0.4359	0.4991		10675	12680	16199		169077	187417	234036	
0.3795	0.4074		15991	10985	16517		245504	185596	228918	
0.3131	0.2037		14838	15410	16106		226106	226728	238630	
0.679	0.419		19113	18461	12183		235740	200826	159911	
0.48	0.2878		10308	10369	10755		156685	156266	155033	
0.6581	0.2115		11014	16909	19395		182987	224015	221649	
0.7622	0.2294		17563	18546	15554		237437	201307	190982	
0.0828	0.2831		11946	13112	12788		191432	196142	186918	
0.323	0.3731		13326	23353	17296		216611	275257	253053	
0.4699	0.782		18765	19140	11991		215782	210501	178543	
0.3249	0.4416		16693	15596	10649		209618	205234	153937	
0.1129	0.6194		17021	19780	18504		233444	251265	233637	
0.5917	0.7399		12112	12351	12231		163469	166271	165093	
0.6434	0.9407		13107	16315	15827		159952	193609	197337	
0.1121	0.6535		10620	10881	10142		171119	167416	157450	
0.6513	0.5578		16947	13067	14930		182621	173519	164975	
0.8161	0.1275		10980	11208	11050		163517	159476	158793	
0.8616	0.1668		10824	10884	10805		155840	160869	157238	
0.8294	0.2106		11071	11490	10829		159544	164956	155317	
0.4307	0.4081		16547	16473	16751		238762	242063	216062	
0.4117	0.2674		12156	10134	10318		164810	160694	164062	
0.2165	0.4372		11893	9621	10315		165996	158336	161021	
0.0778	0.8562		12436	10288	10726		165306	158422	160470	
0.0736	0.9227		14864	10931	10795		174425	163131	161588	
0.9938	0.8622		16861	14320	14301		176755	165543	164251	
0.6194	0.1718		14007	10289	10777		177176	166285	164694	
0.2423	0.2816		9749	9914	9788		167213	169056	168373	
0.6347	0.089		10051	10797	10694		158919	174056	161967	
0.5699	0.535		15721	11683	12036		168368	162026	156789	
0.5898	0.7309		18707	18586	18004		219255	217501	219265	
0.8975	0.6748		16874	14413	14459		192796	185322	183408	
0.7564	0.0898		13812	10957	10736		177490	169018	166400	
0.8442	0.8688		13470	15849	13575		163102	167748	171163	
0.9952	0.8429		16883	13928	13883		172197	162082	160584	
0.9482	0.9736		20944	21394	21471		219156	224817	220835	
0.8674	0.8119		21294	21315	19639		235459	228814	191545	
0.7454	0.1523		14075	16352	12181		183361	170178	168005	
0.4711	0.4505		13153	10688	10418		169767	158590	155216	
0.4461	0.3362		11611	10622	10221		170272	159404	159675	
0.0937	0.9725		12602	10338	10533		171378	164433	162885	
0.1103	0.7638		13382	11824	11193		196134	187613	190103	
0.982	0.539		14815	13487	13325		172357	163490	164675	
0.4471	0.0892		11186	9714	9884		168471	160980	160796	
0.3465	0.9721		13779	11509	11715		175098	165810	164181	
0.5038	0.3424		12970	10212	10390		156702	149445	149240	
0.5619	0.6845		13197	11999	12748		167616	161185	163425	
0.5358	0.563		14251	11904	12225		163098	155512	155823	
0.1262	0.1726		11260	8883	8886		159977	149992	149416	
0.895	0.4373		16485	12248	13241		172865	165791	162630	
0.3359	0.4922		11779	10339	10165		165911	162897	160418	
0.0688	0.7675		12294	10336	10143		166538	160088	182587	
0.9849	0.4375		14873	12913	18078		185153	178637	194458	
0.0993	0.2687		10507	8994	8962		163956	157699	155388	
0.9519	0.052		12678	11017	10956		165297	159735	156807	
0.8641	0.6753		14887	14069	13349		167371	163633	161142	
0.055	0.0917		9604	8503	8722		169496	162761	162270	
0.7299	0.3951		13219	11630	11310		169374	164282	163402	
0.7756	0.1418		13146	10869	15435		163326	156121	173715	
0.2079	0.6413		12218	13769	13284		176404	209475	187301	
0.1224	0.6874		11359	14187	16455		167669	212489	214343	
0.2342	0.0516		16493	15465	17613		210781	230889	203181	
0.3592	0.2541		9816	9830	19487		159203	180793	213357	
0.686	0.4598		15364	17935	15022		192397	211696	182079	
0.9142	0.5315		15067	16870	18481		191196	192467	203972	
0.8988	0.6273		18065	15866	16953		179147	183034	184483	
0.4059	0.6886		19081	14254	13680		194624	182035	178669	
0.704	0.9141		20536	17580	23635		204056	208935	233136	
0.179	0.7256		13917	14823	13529		202744	202807	207435	
0.218	0.4534		14481	14587	12929		211430	206458	208189	
0.5125	0.6502		13779	14887	17212		189050	187833	198939	
0.8453	0.0606		16060	15103	18687		191008	221482	232133	
0.0664	0.6216		10390	11504	11640		162807	189317	191386	
0.9652	0.4041		13210	13065	12383		192417	186789	166181	
0.809	0.788		13554	16282	14002		186230	186211	180190	
0.3229	0.7602		11598	11318	11217		164735	166093	163781	
0.8831	0.4816		12655	12974	12571		163829	162745	162430	
0.1109	0.3588		9779	9486	9143		161857	160221	157614	
0.4297	0.9557		12310	11876	12180		166762	166422	165953	
0.3287	0.2307		9419	9385	9754		148908	149418	150936	
0.9608	0.9557		14319	14304	13976		166978	167943	165969	
0.0771	0.8988		10946	10532	10427		150226	152332	146846	
0.5856	0.5903		12018	11980	12340		164960	169228	165475	
0.9147	0.4341		12177	12250	12265		166082	162973	162374	
0.4449	0.2229		10592	10472	11054		198336	195364	194760	
0.6971	0.3922		11326	11181	11322		159354	159317	156324	
0.5482	0.8218		12543	12397	12632		168957	167887	168097	
0.7491	0.6145		12553	13194	12381		157217	158781	156687	
0.7929	0.7297		13383	13831	13235		161182	162632	159369	
0.6911	0.9643		13286	13052	13712		154276	154336	154170	
0.6384	0.9239		12951	13753	13607		164317	167606	165235	
0.4444	0.737		11787	12258	11562		163992	165025	164270	
0.084	0.9896		10875	10779	10748		165450	160239	159668	
0.8762	0.2572		11951	11552	12150		155886	152992	156028	
0.351	0.5896		11086	11180	11298		164966	166233	164979	
0.3475	0.2817		9975	9985	10034		159076	153992	152481	
0.9259	0.3149		11856	11674	11955		166867	165509	169500	
0.2901	0.9075		11599	11642	11389		161680	161292	163266	
0.4394	0.3354		10456	10438	10729		159739	159158	158250	
0.0871	0.3013		9339	9326	8983		154896	155718	155116	
0.3777	0.3332		10978	10321	9981		158452	153851	151208	
0.9669	0.7676		14128	13884	13899		160704	159101	158436	
0.4459	0.9469		12111	12487	11950		160147	160262	159561	
0.8151	0.2137		11341	11287	11328		161825	160951	160499	
0.2197	0.7683		10813	10692	10888		159428	159841	158397	
0.8371	0.5327		12847	13091	13282		154264	153812	152330	
0.2692	0.7153		10822	10943	11416		166208	164292	162934	
0.073	0.1482		9349	8653	8946		150257	149979	150807	
0.1473	0.1239		9554	8755	9912		158494	156355	157937	
0.318	0.4114		14290	10185	12802		184926	172632	175435	
0.5062	0.6928		14009	14126	13986		167156	167874	172598	
0.1072	0.779		10897	11059	10792		176118	175559	175204	
0.437	0.3687		10540	10088	10185		163007	158964	153186	
0.9696	0.7673		13748	19944	20341		191123	211026	187549	
0.4537	0.7575		11870	11839	12461		162321	156267	172040	
0.4916	0.7579		11830	11792	12271		162135	161925	161619	
0.2919	0.3191		10291	10240	9851		165465	166535	161880	
0.3889	0.3085		10146	10239	10623		158946	158269	160073	
0.3612	0.8461		11502	11324	11208		153583	154707	154324	
0.9055	0.4717		12525	12950	12036		162864	164222	160402	
0.6844	0.5996		12887	12399	12447		164005	161991	160951	
0.0746	0.6876		10179	10440	9958		161977	162132	159060	
0.7058	0.2474		11011	10443	10653		168223	167387	166381	
0.3406	0.9353		11605	11435	11723		165195	164879	165750	
0.2774	0.1677		14437	11381	16623		189176	191204	217216	
0.6291	0.6064		14035	13131	16866		197785	193840	201870	
0.2397	0.9727		11425	11188	11004		151871	154135	151193	
0.2192	0.9654		11095	11354	11051		158750	160945	160012	
0.8114	0.3906		19689	11859	16301		190965	174910	173936	
0.1943	0.2277		13098	9128	9077		170978	163783	158836	
0.1382	0.578		12619	13334	13747		182897	184325	191495	
0.8614	0.8205		17338	18062	21728		200052	207238	212009	
0.0973	0.3806		13455	13066	13997		196320	188752	197894	
0.3388	0.7046		15139	17119	14443		210206	208522	185099	
0.8637	0.8554		17807	17680	17380		197487	199171	193581	
0.6717	0.9056		17209	16580	15458		190862	190052	184158	
0.5382	0.5862		13863	14807	17019		179624	188391	194933	
0.6428	0.2382		12955	15199	13699		188593	187897	185037	
0.7746	0.148		16273	17784	18312		199876	210053	194072	
0.0963	0.9713		12662	14214	14804		191757	199556	185389	
0.2692	0.6223		15686	14501	12209		195041	189876	186846	
0.2817	0.7475		15035	13837	13141		183132	182081	179787	
0.1937	0.33		11866	13357	12322		185616	182262	182295	
0.6941	0.9235		16377	16653	16709		195272	191258	194801	
0.1845	0.5544		14303	11979	14712		186571	180366	180552	
0.2991	0.2294		11889	13086	12332		189708	186766	184905	
0.3041	0.1739		11981	13276	11177		186919	182574	209060	
0.3308	0.2233		11574	13367	13821		184716	182607	186050	
0.7294	0.1659		11719	10524	15731		170117	159904	192450	
0.2527	0.7362		11217	10930	11389		179548	171130	171901	
0.6556	0.3284		11007	11148	11192		173345	175273	173634	
0.6046	0.9263		12588	13451	14918		164403	162584	176245	
0.2086	0.595		18079	13739	15402		212030	182530	186129	
0.65	0.8695		15301	16469	16634		192431	192734	194359	
0.135	0.2147		17186	15983	10504		235627	202559	175096	
0.6148	0.8664		16614	17349	14847		186964	195489	188086	
0.8337	0.0869		14719	12989	14725		187092	187414	190692	
0.946	0.5334		17878	18683	19223		180945	181557	185403	
0.6698	0.5024		16493	18295	16597		207081	234857	198134	
0.9735	0.4377		16456	17273	14918		207534	201999	196280	
0.915	0.3493		16419	15985	17825		200274	206736	205111	
0.2983	0.0731		13919	15784	12953		198302	208988	179804	
0.0652	0.6844		13195	13313	12551		194491	190207	178176	
0.5764	0.6005		17256	16234	17150		188503	190596	192858	
0.3747	0.9835		16547	14763	16217		193056	191466	195678	
0.3616	0.8164		16220	15713	15241		189882	183563	180499	
0.9753	0.5593		17998	13556	14085		193755	170106	170903	
0.6098	0.5808		15797	12270	12708		172675	166209	168903	
1.0	0.8865		15878	13896	14062		173368	168240	170534	
0.597	0.6247		13265	12127	11616		168384	162368	166214	
0.4503	0.7987		14378	12218	17895		165749	168650	192704	
0.3883	0.0592		9512	9794	9507		158081	158357	164007	
0.0635	0.5004		10296	10849	10326		179779	184224	159242	
0.5131	0.3454		18041	17066	17545		223528	217296	197157	
0.6954	0.8184		12949	13147	13338		171799	168629	168200	
0.497	0.2203		10131	10407	9841		164234	162125	173821	
0.8882	0.8892		18779	17482	16208		197424	196749	190463	
0.8982	0.428		18009	19669	21464		223397	249639	229509	
0.248	0.1036		11273	12539	13267		181221	182061	183734	
