22	23	
0.6175	0.0808		2159	2211	2182		163444	150167	153716	
0.2993	0.4382		2618	2460	2496		159803	151389	149782	
0.0719	0.996		3179	3050	2889		178056	161973	161064	
0.0789	0.6521		2287	2394	2390		169305	156819	157362	
0.8445	0.5823		5804	5959	5599		242387	237675	240606	
0.2637	0.9028		3971	4423	4171		209567	214381	242522	
0.3889	0.9254		5307	5025	4338		208633	212753	208608	
0.7265	0.0859		3356	2812	2425		178501	187030	159498	
0.3721	0.633		3328	3179	3260		166686	161924	176141	
0.976	0.5108		4647	4671	4701		163392	166350	164823	
0.6703	0.7709		5060	5441	4603		153080	165661	154662	
0.221	0.3382		2184	2292	2195		166586	168409	167391	
0.3615	0.6049		3078	3266	3817		188336	171066	201858	
0.276	0.3766		2681	2528	4312		160928	167046	218204	
0.5748	0.1754		3154	3141	4488		186751	252545	268792	
0.5899	0.7133		4516	5274	4870		218768	216174	216872	
0.2406	0.2916		2615	3088	2517		236988	228944	222753	
0.1442	0.1321		2010	3594	3016		174026	234216	219705	
0.49	0.7464		3726	3605	3815		163982	167979	176633	
0.7759	0.0668		3913	3475	3400		247060	221296	232572	
0.8507	0.6625		4725	4649	5001		167786	169546	164574	
0.6644	0.3131		3278	3382	3225		170501	174228	189553	
0.8381	0.7858		5996	6369	6166		223210	232204	245373	
0.8507	0.9845		5906	5808	6567		182448	167661	192258	
0.4917	0.7264		4409	3764	3830		193002	162672	171291	
0.6263	0.5323		5517	4822	4699		220401	217154	218558	
0.2047	0.7855		3078	3322	3222		188806	165098	175070	
0.1085	0.4409		2767	3019	2237		219146	217565	200211	
0.8967	0.4462		5044	4220	4120		186663	152579	160154	
0.8108	0.5089		4842	4062	4927		171629	156673	192015	
0.6101	0.1459		3750	3958	2827		216013	217658	201393	
0.5166	0.9042		4381	4347	4257		164765	160644	164598	
0.343	0.4407		3753	2717	2632		200761	158117	158217	
0.5752	0.4764		3349	3714	3402		153504	156068	152154	
0.7897	0.9364		5327	5456	5339		154515	155362	153194	
0.4828	0.5284		3236	3313	3529		158196	158597	161088	
0.7881	0.1487		3042	2855	2890		166666	165809	168673	
0.5805	0.4623		3363	3509	3246		182302	176283	164489	
0.136	0.058		1538	1948	1979		152466	152583	152762	
0.5706	0.9555		4803	4590	4568		164738	161289	160370	
0.6225	0.9105		5748	5604	5848		290719	232678	229066	
0.5112	0.9548		4575	4412	4339		166449	163065	164176	
0.3363	0.2816		2402	2490	2396		163928	164800	162918	
0.4176	0.7043		3589	3669	3561		159574	159258	161225	
0.0503	0.2363		1772	1719	1716		151090	151391	148149	
0.1211	0.7006		2535	2685	2590		159789	159765	162179	
0.5666	0.5307		3922	3778	3504		163421	152434	149955	
0.9997	0.9271		6453	5970	6054		171742	170214	166703	
0.6205	0.2593		3023	3018	3112		154174	154500	151894	
0.772	0.2614		3268	3251	3489		161915	160820	156454	
0.5957	0.257		3051	3053	3033		151510	152193	162179	
0.8074	0.8827		5329	5279	5362		157999	158429	167710	
0.4081	0.2813		3079	2763	2549		153431	152335	156117	
0.2358	0.2		1980	2541	1994		158854	156105	152204	
0.5099	0.8825		4489	4271	4276		166871	170928	170143	
0.161	0.1957		1917	2583	2125		155255	167465	175636	
0.558	0.1656		3402	3852	3664		232886	244901	265388	
0.8714	0.3603		5052	4176	4343		214621	210990	205407	
0.4001	0.5664		3376	4345	4582		171187	211039	214620	
0.1638	0.2938		2369	2848	2035		186331	201404	162206	
0.5174	0.9423		4294	4435	4304		148107	150144	149908	
0.9745	0.8449		5672	5836	5669		159288	158707	159780	
0.7343	0.8608		4855	4772	4803		157610	157444	156717	
0.3755	0.375		3167	3381	2966		182166	212834	189810	
0.9494	0.3614		4573	3935	4503		182486	162849	170470	
0.3527	0.7797		3693	3692	3673		179569	191557	181462	
0.5078	0.4238		2991	3706	4013		170702	191478	219261	
0.4857	0.8686		4065	4205	4062		155672	174168	185982	
0.1213	0.4666		2260	2284	2275		155363	155589	157486	
0.6015	0.785		4359	4340	4316		159525	158324	161398	
0.0914	0.341		1873	1868	1893		159518	157615	155852	
0.3665	0.1616		2686	2308	2175		188059	196688	163004	
0.5257	0.4066		3124	3042	3051		155175	158881	155672	
0.7095	0.5588		3868	3873	3857		166121	164533	162230	
0.177	0.0749		1674	1875	1889		177093	207468	175082	
0.7295	0.6816		4310	4477	4326		162243	164201	166055	
0.8051	0.2643		3285	3368	3421		158978	159228	159002	
0.1203	0.1648		1746	1835	1927		152326	160470	168520	
0.1871	0.3432		3462	2170	2180		215581	195619	159826	
0.6079	0.8835		6892	5658	5595		255615	201278	228142	
0.1648	0.9438		3249	3345	3057		171276	159608	164380	
0.7078	0.6637		4279	5432	4277		159306	195718	162310	
0.3455	0.1523		2130	2234	2132		148584	149968	151357	
0.5629	0.7038		4036	4014	3991		172525	168090	164483	
0.9852	0.1288		3202	3170	3224		156618	155119	161160	
0.2539	0.8829		3456	3382	3682		160216	160910	161523	
0.0527	0.1205		1545	1570	1574		160353	164991	159868	
0.4722	0.9218		4203	5347	4194		160835	196641	157441	
0.4506	0.7153		4005	3608	3556		192288	200865	167525	
0.4686	0.2056		3539	3200	3034		227922	234392	236611	
0.4229	0.8084		3834	5037	3772		174345	221047	177920	
0.6229	0.6154		4793	5228	4725		191013	211478	214352	
0.143	0.5263		2472	2416	2383		162779	159586	187095	
0.4413	0.431		2991	3002	3492		168360	177430	203320	
0.9575	0.9471		5937	5974	6223		157979	159730	157623	
0.1007	0.7782		2599	2759	3066		161318	154593	160191	
0.9844	0.2043		5006	5111	4013		226113	232383	189432	
0.5732	0.9635		5360	4737	4935		167925	163241	160657	
0.3664	0.8649		3623	3706	3844		156954	162811	157473	
0.2817	0.7416		3120	3285	3128		157085	160437	159913	
0.59	0.4127		4615	3775	3881		207650	175187	186965	
0.9529	0.7184		5370	5255	5145		159566	152059	152689	
0.3217	0.4202		3725	2612	2791		157671	150870	158378	
0.2269	0.9366		3678	3441	3309		162615	161476	141264	
0.2244	0.6214		2758	2830	2862		155834	156729	156793	
0.8591	0.7475		4817	4791	4947		157345	160469	193017	
0.6651	0.9253		4768	5007	4855		160870	161057	164282	
0.3453	0.3576		2713	2495	2577		154871	154770	156282	
0.1	0.4397		2430	2254	2178		153113	151738	153681	
0.3144	0.1425		2219	2055	2099		152297	154048	152598	
0.1224	0.1998		1802	1859	2171		161259	160329	165466	
0.7722	0.3156		3533	3593	3435		159407	161784	165538	
0.8656	0.7408		4950	5417	4907		164526	177447	165444	
0.9379	0.6796		5011	5055	5044		162156	167722	160712	
0.1946	0.7317		2862	2964	2838		161732	163649	163604	
0.9936	0.8201		6829	5645	5756		164654	155496	171889	
0.364	0.8887		4331	3779	3786		160912	149669	150703	
0.824	0.3361		3959	4198	4967		219676	185412	188693	
0.7744	0.7303		4703	4988	4570		166819	180178	162613	
0.271	0.9084		3584	3845	3610		159544	163215	164537	
0.9823	0.1584		3359	3676	3662		160874	167169	172176	
0.9204	0.8576		7124	6511	5460		230348	233165	198666	
0.2118	0.6956		3633	3142	3190		196347	184146	192064	
0.7495	0.7611		5229	5500	4928		167734	174520	187794	
0.7629	0.6941		5371	5832	5715		193492	231927	231043	
0.8959	0.2862		3602	3614	3719		155437	155289	160019	
0.4633	0.0574		2010	2143	2037		164787	167415	164706	
0.5629	0.2978		2982	2977	2941		151907	151931	152343	
0.659	0.5565		3846	3831	3843		153878	154369	154568	
0.3013	0.733		3199	3210	3159		159657	158996	161373	
0.0546	0.2908		1854	1946	1847		156216	156298	156880	
0.0829	0.7978		2625	2704	3042		156065	164935	193433	
0.809	0.5941		4379	4407	4424		157486	157486	161126	
0.1296	0.1211		1745	1641	1794		154421	153964	170911	
0.1421	0.6811		2822	3004	3137		159428	180749	216011	
0.9259	0.2444		3318	3299	3381		153562	151663	163431	
0.1653	0.2807		2024	2837	2449		159414	164889	165378	
0.2429	0.5324		2808	3542	2668		163111	181690	165634	
0.8059	0.6614		4527	4525	4590		155932	156073	162934	
0.1445	0.3552		2081	2205	2074		161176	159757	159418	
0.6311	0.0526		2516	2308	2311		162211	159829	163846	
0.4533	0.9472		4134	5521	4951		156359	187816	212522	
0.5343	0.4945		3205	3159	3225		152093	152647	153416	
0.4259	0.6438		3829	4027	3787		182087	187034	183706	
0.9493	0.3771		4988	5593	4975		218006	218943	202419	
0.1907	0.4748		2424	2499	2525		160535	154394	155250	
0.8559	0.3468		3633	3619	3660		156671	160989	159419	
0.9436	0.7328		5102	5305	5079		161738	161607	160635	
0.0685	0.84		2597	2705	2987		149674	150419	151624	
0.6338	0.4471		3540	4063	3420		164552	169159	162249	
0.422	0.2646		2618	2527	2608		166057	161904	162903	
0.9376	0.1555		3187	3218	3237		155010	154198	155473	
0.0613	0.423		2076	2066	2036		162034	164734	163914	
0.2219	0.7197		2896	3012	2931		158544	158574	158547	
0.7717	0.9189		5416	5178	5227		158192	164623	158640	
0.8157	0.1183		2865	2805	2745		155381	154299	159885	
0.905	0.4195		4303	4102	3980		156709	153821	159087	
0.6279	0.9826		5041	5053	4790		153438	160094	164182	
0.5288	0.9228		4353	4710	4249		164998	170404	171405	
0.5441	0.3603		3032	3061	2977		159004	150583	150996	
0.2536	0.6801		3052	3197	3192		155624	158432	163771	
0.2688	0.5389		2792	2757	2735		169022	168669	154863	
0.3325	0.5555		3467	2945	3262		189662	155247	165547	
0.673	0.8962		4945	4984	4844		158432	163134	160549	
0.297	0.5902		2946	2924	2982		157500	158507	158387	
0.4483	0.3064		3736	3589	3384		205807	208065	199006	
0.0738	0.941		2819	2828	2900		158758	158643	161601	
0.0941	0.3378		2272	2053	2923		160815	163661	181907	
0.2459	0.8007		3185	3090	3197		158313	156680	157395	
0.5511	0.0967		2308	2573	2307		150174	161482	154137	
0.3061	0.3675		2463	2510	2509		160836	155178	155244	
0.6073	0.7572		4387	4538	4528		152406	153695	154268	
0.5253	0.5549		3479	3490	3464		158666	161378	162536	
0.2309	0.9883		3495	3595	3614		169674	185395	200825	
0.5988	0.7893		4457	4461	4375		157526	157675	159022	
0.0924	0.6722		2464	2536	2776		155986	150320	153085	
0.9537	0.7891		5931	5939	6724		188065	190213	212980	
0.6101	0.3905		3424	4300	3251		152581	193977	166158	
0.292	0.9329		3527	4012	3661		146623	171138	157422	
0.0652	0.9318		2771	2782	2817		148876	150289	144983	
0.263	0.3793		2511	2437	2452		158288	158736	164862	
0.0943	0.5594		2760	2758	2718		176687	180173	185483	
0.3189	0.4716		2832	2781	3363		156564	158350	167001	
0.5572	0.242		2668	2569	2709		163339	161370	163609	
0.9565	0.446		4331	4216	4558		162696	157617	162090	
0.7459	0.188		3402	3037	2937		159278	163631	157203	
0.5371	0.6121		3544	3582	3845		164207	166065	159006	
0.1665	0.2611		2062	2093	2033		168659	160227	162671	
0.5127	0.3553		3042	2930	2909		166392	156496	161036	
0.2655	0.8249		3214	3329	3409		168500	156750	158165	
0.6266	0.4654		3609	3509	3432		170571	159095	159338	
0.0762	0.3468		2012	2915	2261		166699	213669	176531	
0.4687	0.5484		3990	4485	3281		218140	209481	161380	
0.3339	0.1856		2225	2213	2308		160481	160738	166313	
0.551	0.735		3865	5012	4563		170878	194675	226958	
0.8559	0.5412		4291	4390	4328		152299	153638	154025	
0.8141	0.7163		4716	4766	5667		215414	173009	219281	
0.9388	0.063		2796	3405	2935		180741	182887	174595	
0.9085	0.5316		4623	4606	5666		164303	163993	204152	
0.7071	0.3493		3262	3284	3250		157195	158420	157580	
0.6654	0.095		2628	2523	2490		157728	152040	151961	
0.3281	0.7052		3276	3244	3325		161777	174402	159462	
0.524	0.526		3369	3429	3630		157332	157300	160809	
0.9279	0.6421		4947	5114	4909		168703	173440	166672	
0.7703	0.053		2560	2616	2703		157844	162586	159566	
0.065	0.5268		3396	3727	2946		209333	226236	207651	
0.7799	0.7944		4997	4831	5129		152919	154401	159123	
0.4726	0.4672		3024	3262	3206		159763	165466	164208	
0.3853	0.7435		4397	3405	3478		187448	159265	161742	
0.9026	0.2752		3539	3895	4371		171243	191118	230736	
0.6187	0.2856		3092	2964	2984		154509	155651	165987	
0.7817	0.5901		4284	4229	4224		164234	161943	170509	
0.5773	0.3065		2914	3098	2956		149331	157659	158312	
0.3791	0.9094		3883	3911	3926		161130	164961	155015	
0.4825	0.7602		3855	3848	3966		162503	158805	171722	
0.6765	0.6948		4184	4683	4173		160417	170081	159352	
0.1586	0.9132		3179	3079	3171		168499	161078	161403	
0.5659	0.6348		4038	3813	3840		162983	155510	155802	
0.969	0.7051		5061	5065	5501		162150	178258	167144	
0.9231	0.2042		3391	3373	3394		161955	162971	161200	
0.3472	0.3192		2580	2543	2508		160892	165045	167977	
0.3897	0.0679		1973	2301	2000		164091	157875	162329	
0.2973	0.0577		2555	2021	1862		156757	152167	153925	
0.9098	0.7144		5202	5016	5075		162558	161208	164190	
0.2441	0.6248		2709	2916	2710		154713	161625	160514	
0.0535	0.886		2705	2635	2873		161298	158358	157478	
0.066	0.9187		2924	2779	3289		162055	169038	182804	
0.3977	0.587		3107	3333	3168		161529	167101	164330	
0.9814	0.6034		4779	4877	4814		180191	162398	162786	
0.9973	0.2317		3533	3503	3465		165532	162323	159786	
0.445	0.5156		3213	3189	3711		150980	155121	172150	
0.4163	0.721		3501	3555	3511		161185	171571	164147	
0.2885	0.8427		3415	3489	3462		166701	167572	162351	
0.4555	0.1128		2177	2628	2167		157465	163189	162944	
0.0963	0.8006		2933	2811	2911		166243	161814	159763	
0.9989	0.8763		6107	6193	5927		165372	171034	162037	
0.9338	0.7786		5805	5349	5378		160324	157007	161931	
0.9855	0.4993		4286	4343	4537		161434	160736	183119	
0.9163	0.7285		5062	5212	5113		156790	159785	160638	
0.1067	0.8302		2770	2748	2859		173644	165805	167963	
0.5691	0.4389		3329	4542	4023		169156	193986	229923	
0.9689	0.0991		3145	4745	4488		166741	221785	221683	
0.6233	0.3476		3661	3237	3076		157294	163570	154640	
0.8998	0.2584		3663	4231	3568		159161	165957	159923	
0.5972	0.7566		4304	4363	4505		154123	155478	161708	
0.4929	0.659		4152	4794	4483		226304	224804	228783	
0.8118	0.0804		2691	2992	2774		157988	163215	177696	
0.9837	0.3339		3943	3805	3933		161541	160558	175398	
0.1082	0.9061		2916	3019	2967		187133	164095	163212	
0.1082	0.2157		1793	1897	1865		159785	151212	155870	
0.45	0.4656		2999	2960	2953		156225	163401	165703	
0.3302	0.1836		2181	2409	2117		167407	200335	160551	
0.8802	0.9176		5616	5760	5717		162422	162977	162638	
0.1409	0.4644		2623	2210	2922		189438	177692	223057	
0.1687	0.986		3236	3280	3154		158414	160204	166391	
0.5596	0.5872		3803	3650	3497		168872	181804	167336	
0.5403	0.9744		4516	4498	4522		162771	165382	166547	
0.5301	0.1328		2391	2729	2949		154947	187453	227611	
0.365	0.9957		4304	4503	3792		184446	178114	158250	
0.2057	0.9247		3229	3213	3270		155223	155752	155326	
0.7679	0.8742		5293	5047	5264		165020	164679	175281	
0.9857	0.214		3450	3500	3382		155249	155512	158920	
0.2963	0.8694		4581	5053	4978		227002	253160	267698	
0.6706	0.3158		3422	4625	3888		207663	244427	208496	
0.5267	0.6417		3658	3617	3738		199495	167508	171112	
0.711	0.3063		3211	3225	4149		166557	165593	212439	
0.6708	0.2244		3236	3797	2796		219946	202033	165031	
0.6034	0.6267		3960	3922	5042		159998	160718	204695	
0.7338	0.6942		4554	4480	4405		202306	166173	171606	
0.2269	0.6712		2850	2869	2927		163613	168541	194361	
0.7428	0.0682		2475	2476	2761		162568	158382	159306	
0.274	0.9277		3439	4034	3582		200253	195903	178529	
0.4596	0.8336		4372	4832	4996		207054	228625	264513	
0.4187	0.2624		3753	3254	3525		215500	212523	216595	
0.5526	0.9684		6196	6185	5248		233870	225840	228359	
0.7157	0.9349		6265	6387	6016		230434	226303	235155	
0.5732	0.6612		6131	4212	5808		272104	251356	329374	
0.2234	0.7979		4237	4319	3781		261210	252078	220528	
0.1366	0.9754		3652	3452	3807		185330	185762	187382	
0.1755	0.4611		4069	3386	2842		253968	237174	221445	
0.2507	0.8288		4547	4649	4686		224847	234575	276413	
0.2691	0.7732		4323	4454	4970		211043	216645	272520	
0.6684	0.5581		3878	3807	4549		168972	152671	158901	
0.6396	0.5485		3856	3702	3856		176586	170425	171713	
0.8176	0.5562		4340	4357	4251		162489	165261	183646	
0.3035	0.9692		3863	3661	3610		162821	158261	160570	
0.5228	0.3986		3117	3017	3066		174798	171520	161475	
0.7993	0.9972		5403	5540	5403		159771	159038	162145	
0.8865	0.4218		3992	4019	4073		161697	161446	164678	
0.8739	0.9498		6262	5683	5565		176697	178237	166931	
0.4514	0.4754		2968	2996	3042		155261	172191	177929	
0.5895	0.9734		5687	5025	5089		195954	183643	177440	
0.2596	0.7933		3662	3926	3335		167678	190529	159546	
0.0795	0.6525		2881	3819	3120		250139	224174	231553	
0.9144	0.6432		6257	5980	7073		217801	234881	264019	
0.4639	0.1705		2954	4285	3044		214372	243127	216992	
0.8503	0.6967		5654	5809	5307		214144	216969	220594	
0.3196	0.8653		5035	4453	5913		214168	211827	231637	
0.201	0.3188		3261	2704	2921		209302	205205	188938	
0.42	0.404		2832	2954	2874		168616	172285	170314	
0.3879	0.2605		2594	3765	3269		162771	193443	220176	
0.2938	0.5618		2915	2835	3045		162451	163342	164448	
0.6344	0.0858		2340	2492	2361		153466	155445	156780	
0.3198	0.4098		3746	3320	3158		212642	186751	188142	
0.8086	0.2845		3409	3392	3372		157299	157024	159669	
0.7146	0.8945		4965	4929	5029		158662	158842	157354	
0.9406	0.5798		4770	4701	4683		149691	150207	150880	
0.1181	0.9886		2945	3056	2972		170392	162050	167911	
0.8784	0.651		5315	5293	5262		189039	194362	191858	
0.5995	0.2617		2964	2976	2956		161483	161268	171480	
0.1443	0.4428		2203	2280	2182		150241	150763	153965	
0.2293	0.9867		3406	3429	3395		151788	151557	153324	
0.3343	0.073		1885	2013	1908		162075	162264	164229	
0.4712	0.081		2218	2288	2109		159671	160740	163138	
0.4029	0.942		3895	4001	3934		161676	157313	169969	
0.8252	0.3698		3609	3682	3545		154125	154437	156452	
0.3962	0.6315		3251	3338	4193		155459	156860	181417	
0.705	0.3711		3273	3279	3513		158820	159238	165591	
0.3485	0.2686		2709	2413	2604		151147	149233	153840	
0.8836	0.3007		3558	3819	3608		152316	158393	160472	
0.9677	0.9696		5908	6095	5948		156797	157520	159069	
0.0665	0.6845		2386	2364	2454		166728	165052	168950	
0.6421	0.792		4457	4446	4474		158028	147562	146842	
0.1048	0.0915		1609	1696	1880		166288	153630	159146	
0.5828	0.6321		3834	3946	3900		162583	157042	161520	
0.4036	0.7499		3357	3493	3391		163038	156106	159394	
0.2392	0.3347		2255	2342	2257		160750	155670	157508	
0.6724	0.8066		4539	4522	4556		169057	164177	166173	
0.2395	0.7386		3069	3049	2994		161126	163311	156923	
0.6818	0.3517		3245	3214	3271		168209	166543	163477	
0.1406	0.9488		3034	2999	3192		172463	165475	167857	
0.2312	0.4049		2348	2464	2376		156457	150810	152320	
0.8201	0.3799		3719	4024	3843		155471	158486	152749	
0.2982	0.7395		3226	3157	3136		160296	157210	154718	
0.9924	0.5672		4726	5092	4732		167938	165619	165259	
0.2789	0.7171		3087	2983	3051		167384	161787	168915	
0.7272	0.2334		3060	3053	3508		173002	169335	191893	
0.9193	0.6618		4960	4944	5032		172319	178166	199993	
0.4944	0.1381		2311	2515	2865		162740	163175	169922	
0.7652	0.5021		4157	4027	4074		168026	166175	170594	
0.4961	0.7561		4827	4672	4345		225254	202883	197004	
0.5998	0.7359		4875	4426	4421		194872	184517	188544	
0.8357	0.4262		4368	3964	4937		167099	177536	201138	
0.5568	0.1342		2470	2442	2881		154486	182094	180443	
0.7514	0.1202		3123	2668	3095		165816	167342	187493	
0.635	0.147		3053	2676	2669		172511	169746	177671	
0.5399	0.3001		2969	3045	3306		158930	163267	160126	
0.1795	0.873		2929	3024	3153		160638	157913	165145	
0.3001	0.386		2580	3275	2587		167481	172102	173166	
0.0742	0.3742		2090	2082	2061		151080	161968	157871	
0.9537	0.263		3943	3880	3796		160050	168812	161320	
0.8552	0.3776		4033	3890	3813		177791	160384	186952	
0.8172	0.9741		5572	5575	5523		165530	153234	151528	
0.9499	0.2872		4703	7317	4658		222744	247451	207293	
0.7487	0.2176		2845	3430	2938		163612	183465	180603	
0.899	0.9048		6569	6391	5571		217588	217763	186205	
0.2425	0.4544		3095	3254	3451		216617	226860	212582	
0.7809	0.0829		2588	2805	2528		164234	163418	161424	
0.5728	0.9268		5726	5675	5066		226562	225355	220666	
0.2821	0.4807		2641	2668	2627		160788	163230	165874	
0.0508	0.6123		3177	2902	2940		212268	213091	213501	
0.3349	0.4654		2686	2685	3905		168830	160679	215671	
0.8472	0.621		5002	4529	4492		180344	189099	181999	
0.8089	0.1593		2939	3224	3085		173428	164944	181713	
0.6736	0.7613		4992	4700	5084		163598	165342	161506	
0.4447	0.3872		3804	3981	4272		213531	217275	208939	
0.3894	0.1132		2670	2840	2483		161167	204370	211483	
0.9677	0.4129		4853	5541	5324		219990	249266	220191	
0.0983	0.625		2391	2526	2527		162102	171235	161600	
0.5228	0.8671		4213	4226	4095		166710	167294	163479	
0.5762	0.6956		4755	5125	5589		226610	219781	225672	
0.2173	0.0646		1716	1826	1803		175739	171980	176332	
0.3834	0.8493		3996	4619	4918		173113	207230	225554	
0.9577	0.5951		4782	4837	5611		168308	183409	238136	
0.7739	0.668		5365	6178	5769		221112	224303	229805	
0.8822	0.776		5413	5460	5294		183987	165237	165470	
0.6762	0.8465		4562	4614	4591		166005	167624	174765	
0.6014	0.7087		4773	4313	4021		237504	177761	167188	
0.9754	0.5862		4953	4930	4888		156386	156633	155773	
0.6807	0.1539		3350	2968	2947		167229	166282	163355	
0.7133	0.5865		4038	4176	4005		176621	153845	149694	
0.6126	0.1817		2625	2694	3470		164402	168416	182278	
0.452	0.6644		4751	4222	3546		238534	218766	171603	
0.8591	0.6522		5637	5782	5482		216874	273766	232889	
0.2709	0.4709		3486	2772	2587		213267	175548	164484	
0.441	0.6632		3691	3666	3626		160266	166554	160932	
0.9919	0.4456		4550	4448	4530		166501	169289	174905	
0.6242	0.8607		4447	4406	4421		166998	166783	168069	
0.4416	0.7204		3589	3750	4101		156903	158964	159428	
0.2489	0.346		2307	2366	2396		161021	161789	161074	
0.352	0.3303		2557	2652	2633		171746	173022	171916	
0.2796	0.278		3036	2959	2887		222883	232218	248945	
0.893	0.3178		3995	4158	4695		211220	194917	224586	
0.4434	0.7785		4526	4715	3779		217709	208996	158810	
0.346	0.6804		3365	4018	3870		172503	212537	226849	
0.4427	0.9386		5137	4898	4290		227842	203748	190170	
0.5031	0.5793		5839	4555	4379		243512	235672	226916	
0.4583	0.4539		3703	4156	3022		217560	201396	161252	
0.6348	0.7668		5947	5231	5926		250163	230637	236077	
0.8267	0.3112		3650	3631	3544		167564	165129	168605	
0.2614	0.2057		2928	2688	2703		193424	216720	218031	
0.6106	0.5042		4316	4297	5059		210529	217487	226557	
0.9565	0.813		6200	6413	6912		222160	222306	228498	
0.5922	0.1793		2904	3120	3099		170966	186429	214202	
0.9117	0.5714		4628	4639	4661		161851	180393	167993	
0.993	0.5325		4752	4954	4721		162361	166888	164214	
0.6723	0.161		2775	2835	3177		162455	157371	160934	
0.9926	0.4542		4821	4454	4254		173785	172223	170282	
0.2152	0.145		2074	1933	1823		156861	153546	161618	
0.9511	0.4926		4298	4253	4297		151551	159521	150850	
0.205	0.7189		2811	3023	2826		161961	163103	167035	
0.447	0.5861		3609	3934	4176		199865	224350	218705	
0.4975	0.1005		2773	2287	2176		211248	162355	159653	
0.645	0.0751		2383	2346	2354		154368	154272	156402	
0.3748	0.7645		3454	3507	3765		157396	166579	173144	
0.6296	0.1698		2793	2941	3185		152396	162219	158339	
0.6267	0.2021		3230	3171	2913		196318	193156	172169	
0.6838	0.7667		4534	4566	5402		183216	164131	196269	
0.45	0.8177		4108	4119	4117		161393	162412	162128	
0.6307	0.4407		3724	3525	3574		187824	154312	168029	
0.4673	0.8822		4184	4636	4055		155254	166381	170369	
0.0895	0.5298		2301	2335	2217		159330	157138	162514	
0.5461	0.9577		4429	4461	5180		159555	159913	176803	
0.1801	0.4582		2401	2574	2843		155941	155188	172081	
0.3977	0.8069		3634	3627	3744		162422	156809	164261	
0.1313	0.5957		3889	3216	2517		224957	221244	169382	
0.4076	0.0711		2132	2039	2079		162529	170597	171364	
0.7421	0.9131		5224	5116	6208		165431	166144	226212	
0.8081	0.0973		2712	2777	2667		163725	163812	161815	
0.2836	0.7497		3776	3207	3089		217832	185954	177283	
0.4848	0.3757		3012	3098	2918		155906	153331	148602	
0.6653	0.3689		3347	3329	3197		171613	176649	169212	
0.9033	0.3548		3789	5097	3698		166557	202514	168376	
0.6825	0.6913		4154	4259	4457		161632	163672	165695	
0.8578	0.0898		3112	3978	3769		173637	223259	225190	
0.0973	0.485		2210	2417	2207		162212	173327	165075	
0.1425	0.3764		2150	2644	2192		155150	160264	161670	
0.0996	0.0978		2135	2381	1592		175253	175473	152634	
0.052	0.7353		2435	2821	2403		194248	169598	158370	
0.7063	0.3013		3281	3299	3517		157417	152287	160140	
0.4747	0.6242		3525	4599	3448		151675	173899	148905	
0.7153	0.4183		3552	3506	3531		156778	159260	158783	
0.192	0.7682		3029	2931	2947		164300	158011	162135	
0.5199	0.4267		3224	3091	3097		174827	166690	167273	
0.458	0.586		3668	3319	3307		170581	165973	162430	
0.1297	0.9175		3135	2990	3006		173933	165563	165716	
0.1757	0.7393		3168	3487	3251		187287	189415	182308	
0.6417	0.9407		4862	5003	4812		170008	165565	164946	
0.8095	0.7837		4902	4923	4934		158402	158050	154222	
0.757	0.8141		4930	5139	4886		165018	164287	157513	
0.7761	0.6014		4310	4278	4766		159084	153647	158516	
0.11	0.8773		3083	2909	2831		165953	163257	161600	
0.7103	0.7457		4375	4347	4397		165021	159550	159574	
0.7893	0.4381		3850	3811	3815		168385	162963	162780	
0.8891	0.8878		5665	5569	5702		169232	160505	161932	
0.6702	0.7156		4190	4172	4221		162821	155452	157567	
0.6163	0.9101		4880	4774	4726		169538	161943	161666	
0.6054	0.1773		2917	2705	2628		170381	163455	163217	
0.541	0.6621		3832	3774	3889		165683	159673	160615	
0.9348	0.5191		4508	4528	4563		169605	169382	168437	
0.757	0.2825		3288	3310	3378		161353	157603	157934	
0.7703	0.1486		2872	2866	2885		159490	155447	154460	
0.4424	0.4483		3390	3535	3421		186252	181460	182536	
0.6048	0.691		4014	4017	4087		162301	159609	161676	
0.4852	0.9824		4199	4224	4367		175128	170539	171732	
0.5796	0.5932		3595	3624	3941		168471	163274	165180	
0.6195	0.2134		2665	2706	2664		164649	160776	160861	
0.8456	0.8209		5719	5452	5211		175623	168368	167747	
0.5083	0.9624		4374	4401	4436		162465	156364	156590	
0.2997	0.943		3991	4069	3996		194091	188755	190654	
0.9238	0.4788		4309	4131	4276		175040	172092	171314	
0.0801	0.5986		2351	2425	2379		158579	154019	153518	
0.1897	0.4505		2501	2583	2422		163913	158045	157615	
0.5808	0.8593		4553	4290	4333		161181	154568	156035	
0.9391	0.513		4550	4615	4568		170217	164319	164713	
0.9801	0.6149		4838	4840	4855		168079	162993	164563	
0.511	0.4281		3189	3221	3161		165194	161018	159681	
0.1274	0.3551		2080	2092	2126		162557	157909	173964	
0.9357	0.3751		4090	3977	4063		172943	172724	165605	
0.4034	0.1438		2292	2263	2205		163212	157036	154908	
0.1903	0.6423		2997	2943	2722		163938	159505	159704	
0.07	0.061		2136	3178	1529		209634	266100	199664	
0.0527	0.754		2697	2535	2483		171787	169247	165204	
0.4638	0.3775		4059	3751	3381		221965	199775	168125	
0.5273	0.9424		4644	4380	5069		203539	162679	195824	
0.3933	0.8727		4101	4589	3670		178785	193410	149511	
0.7187	0.26		4176	3239	3120		196696	165047	166379	
0.1038	0.7918		2943	2687	3167		160024	160655	185397	
0.4661	0.3622		2722	2754	2747		160279	160574	161749	
0.8605	0.2497		3253	3359	3151		157394	157545	157086	
0.9858	0.4623		4900	5606	5271		178364	227062	224759	
0.6804	0.4535		4370	5728	3781		221207	264123	254036	
0.3645	0.7537		3551	4714	3472		167491	223744	201529	
0.6899	0.3115		3274	3294	4928		191886	167053	232998	
0.234	0.7073		3421	2906	4321		165222	165287	216196	
0.0832	0.9398		3902	3177	3206		199145	162755	170361	
0.724	0.2273		2901	2930	3215		161075	165087	167073	
0.7678	0.5046		4069	4015	4057		157067	158867	163103	
0.36	0.3853		2676	2679	2670		155830	158472	157773	
0.2943	0.1642		2191	2259	2212		170867	167444	194645	
0.6096	0.6015		3780	3742	3780		173159	195501	163558	
0.8701	0.1826		3366	3865	3554		204137	207717	199233	
0.4606	0.6853		4716	3840	4031		227673	194113	174077	
0.3654	0.3564		2533	2528	2524		164942	165693	163693	
0.4475	0.3224		2834	2686	2745		154216	155035	156982	
0.8016	0.7381		4612	4917	5476		160346	164385	196710	
0.3682	0.1745		2201	2180	2521		156824	152348	153782	
0.2701	0.3755		2435	2417	2476		163681	158963	160861	
0.4558	0.9838		4615	4825	4643		186650	183537	182862	
0.6401	0.5531		3921	3984	3789		160269	155096	153994	
0.3712	0.4735		2879	2758	2744		157682	149297	149274	
0.6552	0.5694		3901	3794	3973		171237	167469	165221	
0.0606	0.9489		2729	2969	2733		163195	158784	158305	
0.6229	0.8185		4371	4501	4377		169102	165120	165715	
0.4683	0.1348		2936	3025	2933		208876	217157	245608	
0.2077	0.2759		2117	2137	2113		159656	162429	171646	
0.3676	0.9143		3747	3940	3822		159902	179447	171024	
0.2373	0.6564		3411	2862	2890		169030	164346	159217	
0.8688	0.9487		5589	6853	7411		175405	231692	231501	
0.2774	0.8803		4058	4531	4461		228666	226592	227122	
0.3619	0.4962		3405	3518	4016		232231	231860	252679	
0.4258	0.7218		4907	4569	4450		231701	230203	200313	
0.7077	0.562		5086	4290	4206		231096	205087	190450	
0.7998	0.3535		4721	4367	4790		231988	230323	223814	
0.8531	0.606		4639	4608	4501		163132	161756	160625	
0.966	0.9623		6159	5890	7422		164980	163526	203575	
0.6305	0.7519		5394	5156	4474		228084	224723	171713	
0.6128	0.7275		4216	4101	4991		159623	160496	165086	
0.8668	0.7087		4904	4871	4945		162382	164689	167474	
0.305	0.9481		4251	3791	3628		212611	162080	170700	
0.4757	0.9562		5400	5774	4644		222768	223445	226184	
0.2054	0.989		4175	4783	4108		172890	209367	206137	
0.4806	0.0964		2190	2211	2262		159564	161975	162517	
0.9005	0.7111		4847	4901	4862		162070	165640	165396	
0.2224	0.4857		2514	2731	2456		170256	167314	184056	
0.2631	0.2486		4049	3887	2990		220062	232794	226181	
0.9954	0.1596		3468	3309	3350		172151	169749	171755	
0.5868	0.2437		3129	2786	4534		187285	189084	270153	
0.5423	0.9554		4440	4463	4768		166033	171290	164787	
0.3357	0.2274		2212	2302	2214		168847	181497	173914	
0.4499	0.5143		3716	3708	4280		155012	177573	210981	
0.0801	0.5315		2260	2374	2220		156460	157901	160100	
0.6788	0.9709		4875	5033	4885		172919	172327	169726	
0.8423	0.0834		2904	2706	2644		163036	158260	169820	
0.4032	0.0542		2215	1909	2064		167232	163296	166039	
0.2588	0.715		3096	3797	2986		206222	175573	167495	
0.767	0.6789		4743	4768	4849		174886	194564	230688	
0.6831	0.1486		3500	4803	3895		249119	251235	244331	
0.195	0.681		3321	3634	3421		236142	226503	224039	
0.5812	0.4474		3954	3264	3592		175393	166793	169862	
0.3148	0.8094		3570	3394	3493		169268	162988	168067	
0.2399	0.0814		1882	1810	1777		170618	156069	151289	
0.1065	0.9996		3076	3015	3067		176675	161894	172032	
0.313	0.4316		2660	2844	3877		202773	191110	207796	
0.6935	0.1433		4133	3713	4004		208945	223152	224420	
0.2964	0.5103		3485	3433	4111		214109	214907	210912	
0.09	0.4325		2842	3276	2450		220965	230133	227681	
0.3066	0.1356		2029	2490	2039		164862	181547	167245	
0.7861	0.3443		3573	3491	3505		160909	155263	160397	
0.1615	0.6722		3521	3575	3405		221203	239061	241069	
0.36	0.2184		2781	3261	3319		228436	218280	209551	
0.1954	0.3545		2310	2285	2231		163056	165108	157329	
0.1231	0.4269		2794	2616	2522		193340	194099	192210	
0.4297	0.4365		2818	2820	2856		160746	173209	168576	
0.6271	0.0734		3529	3152	2914		226598	220555	220927	
0.6911	0.8859		5129	5093	5004		173811	166854	165812	
0.2445	0.9974		3458	3452	3460		176838	166948	168354	
0.756	0.8673		4999	4926	5156		165592	159320	158399	
0.4427	0.7588		4115	3916	3935		175751	166898	166329	
0.3673	0.2527		2508	2868	2457		175354	196273	168447	
0.3493	0.5113		2962	3063	3007		179356	173240	168911	
0.2676	0.5223		2724	2845	2690		160658	152338	151179	
0.9643	0.4559		4246	4342	4252		172021	163902	166012	
0.6863	0.0794		3276	2908	2438		201724	197699	168163	
0.3952	0.758		3597	3579	3705		167346	180122	170411	
0.282	0.42		2653	2594	2601		172243	171758	168375	
0.8728	0.1302		3742	3123	3082		220009	166712	158522	
0.4522	0.7896		4270	4394	4266		184062	184667	180759	
0.1162	0.1259		1905	1701	1716		160022	160448	158438	
0.8241	0.0566		2961	2996	3437		221383	194318	196408	
0.768	0.1219		3189	3916	2660		193805	219489	177948	
0.3228	0.1261		2080	2482	2089		159547	162709	162894	
0.3357	0.2603		3375	2568	2337		208138	161335	162452	
0.9737	0.4449		4276	4222	4268		159593	161586	159157	
0.1789	0.6803		2899	2691	2711		167645	166381	166085	
0.2815	0.858		3489	3470	3501		177539	162940	172041	
0.2976	0.6213		3139	2865	2974		185178	186128	181442	
0.5679	0.2695		2965	2995	3108		182106	187059	187223	
0.6021	0.3283		3731	3407	3590		178011	184497	186136	
0.9763	0.9259		6262	6158	7584		185704	187514	195942	
0.9959	0.3878		4039	4067	4086		162120	161859	162673	
0.9212	0.2042		3291	3500	3271		150963	151337	149953	
0.3477	0.0926		2170	2047	1998		165764	167097	167193	
0.7867	0.2158		3079	3063	3014		151422	154438	152985	
0.4138	0.1789		2522	2315	2315		165330	167454	166038	
0.7455	0.2445		3044	3141	2957		168147	170414	173993	
0.5376	0.5185		3460	3707	4343		155258	165225	196521	
0.7385	0.6382		4275	4850	4842		158860	184042	181908	
0.929	0.4036		4048	4644	4026		163100	170878	173204	
0.2585	0.3797		2518	2706	2467		160508	160051	166080	
0.3943	0.5069		3559	3009	3099		165685	162672	167292	
0.7887	0.9128		5620	5502	5413		181489	171355	162857	
0.2526	0.9343		3406	3565	4099		151725	157918	157831	
0.229	0.0884		1759	1771	2195		148733	152393	156736	
0.3553	0.1025		2863	3117	2048		180054	200309	156951	
0.0822	0.8195		2604	2714	2638		152482	153774	153324	
0.9241	0.3566		3750	3965	3804		149511	151603	150752	
0.7761	0.5875		4140	4126	4140		155183	157901	157080	
0.592	0.0652		2356	2270	2272		151239	152790	152293	
0.6689	0.767		4422	4411	4454		167213	170768	168910	
0.8035	0.1262		3047	2954	2973		162953	163204	165193	
0.2312	0.2002		1989	1998	2000		154910	157639	157937	
0.9388	0.091		2828	2955	2816		166645	168877	168040	
0.462	0.8066		5181	4966	4004		202816	229874	171583	
0.1817	0.2187		2411	2341	2363		202792	187361	180801	
0.9256	0.961		6006	5918	6218		155385	156438	173133	
0.6896	0.5679		3960	3997	3996		171402	173680	157909	
0.9748	0.1493		3302	3309	3267		164601	172800	165810	
0.8696	0.3098		3507	3615	3843		157595	156845	153648	
0.1027	0.0542		1537	1556	1848		154060	156859	152177	
0.9154	0.076		2781	2812	3257		150875	153694	177195	
0.4195	0.8066		3705	3929	3708		161966	164057	164578	
0.556	0.7806		4227	4066	4093		159214	159275	159094	
0.3725	0.2947		2440	2628	2488		157304	158620	160091	
0.6321	0.0922		2379	2531	2381		156579	156959	157430	
0.2683	0.5636		2834	3058	2760		163109	163217	162222	
0.6434	0.3887		3641	3365	3313		158202	159672	158938	
0.9627	0.713		5150	5164	5623		162059	169172	181662	
0.5925	0.9892		4715	4692	4563		168476	172101	162324	
0.8886	0.405		3957	3949	4961		156709	156275	207689	
0.9787	0.7953		5786	5675	5604		164432	165820	165661	
0.1509	0.3373		2738	2107	2023		197748	160192	161600	
0.348	0.6368		3645	3872	3624		183723	182903	181271	
0.2779	0.2068		2147	2057	2105		160708	161525	160659	
0.0701	0.6049		2315	2316	2377		167058	167114	165835	
0.253	0.7692		3291	3202	3171		160399	162547	160611	
0.2017	0.2035		1935	1951	2232		152623	153774	155289	
0.711	0.2706		3169	3334	3136		175932	177725	174675	
0.5686	0.6971		3934	3968	4036		163882	165012	165127	
0.9293	0.8013		5981	6013	5885		188931	190340	188657	
0.2283	0.6891		2896	2996	2907		163754	165168	163955	
0.3438	0.9854		3756	3780	3804		163218	162999	162680	
0.7468	0.0608		2856	2868	2812		193897	196015	195895	
0.3644	0.1237		2125	2084	1983		149350	148658	148178	
0.2641	0.8297		3283	3373	3233		158946	159246	160527	
0.7983	0.0528		2525	2516	2489		158765	162337	158584	
0.7023	0.6259		4199	4238	4463		163663	166124	164968	
0.9311	0.2349		3300	3317	3411		159285	159384	161193	
0.1995	0.2959		2159	2126	2134		155064	156616	155187	
0.5648	0.1399		2506	2604	2518		154406	154032	153913	
0.8065	0.3104		3553	3407	3498		152022	152677	152497	
0.6226	0.081		2302	2574	2297		161878	162105	162445	
0.6962	0.7993		4779	4778	4721		160429	159482	161020	
0.611	0.3813		3302	3270	3272		162641	164131	164615	
0.6405	0.6458		4150	3947	3963		165608	166214	164527	
0.8074	0.2103		3045	3130	3032		153450	154465	154930	
0.0596	0.4182		2014	2252	2035		156551	156160	157631	
0.2801	0.7153		2987	2994	3085		157338	157964	155983	
0.4073	0.3891		2858	2844	2807		152580	151573	154959	
0.1612	0.6805		2653	2760	2665		157905	156576	157156	
0.4353	0.7037		3986	3539	3513		188045	162568	158728	
0.7109	0.6743		4407	4343	4239		162920	161718	161748	
0.4437	0.3334		2826	2758	2792		158358	159124	157647	
0.7664	0.1646		2929	2900	2905		155317	155280	157712	
0.2075	0.9246		3188	3326	3311		143837	147905	146358	
0.6643	0.2535		3188	3192	3129		162083	161813	163825	
0.0611	0.9549		2836	2708	2761		154617	154756	153284	
0.9462	0.6677		4990	4970	5034		158786	155311	159032	
0.7466	0.3224		3271	3380	3335		162519	161155	159904	
0.936	0.5722		4540	4576	4581		162542	161762	161616	
0.5134	0.9029		4731	4760	4926		187366	186497	185591	
0.3087	0.172		2068	2123	2075		156483	155274	155850	
0.4574	0.814		4001	4058	3895		153160	153133	161336	
0.7072	0.6615		4260	4473	4282		182425	169555	170312	
0.9381	0.8691		5667	5568	5588		168536	169439	167995	
0.3746	0.8075		4000	4846	3928		192382	232450	184682	
0.3929	0.1443		2211	2215	2414		162265	162290	160959	
0.5236	0.7542		4027	4213	4259		160791	166384	160613	
0.1078	0.4593		2195	2162	2283		158573	160405	161080	
0.8402	0.3297		3474	3476	3748		164209	163693	166934	
0.79	0.5782		4306	4522	4434		155952	155868	156465	
0.9453	0.2456		3392	3467	3407		165254	167311	163469	
0.5524	0.3082		2933	2863	2878		165623	166493	168320	
0.1227	0.6675		2530	2525	3212		161127	160676	172633	
0.7761	0.3161		3433	3843	4003		168654	188582	187125	
0.1762	0.9499		3806	3244	3194		177870	196181	157081	
0.4595	0.6579		3489	3649	3535		165945	159651	167858	
0.8458	0.4924		4091	4076	4016		161959	160887	159955	
0.514	0.505		3444	3475	3637		154415	153990	153373	
0.3951	0.3001		2535	2548	2541		158359	156757	162884	
0.1558	0.8172		2958	2866	2845		159976	157524	156225	
0.4839	0.7117		3842	3723	3625		162109	161545	161084	
0.5091	0.838		4095	4292	5248		157610	157492	188275	
0.4876	0.4288		3074	2995	2998		149452	149517	146887	
0.5012	0.2579		2747	2778	2783		162380	163680	159869	
0.5791	0.8441		4852	5189	4555		185934	222487	165009	
0.8349	0.6305		5536	4615	4703		218154	170648	171174	
0.5646	0.1588		2539	2782	2591		149859	148517	149691	
0.4757	0.0652		3262	2142	2125		230118	192139	159614	
0.9394	0.6618		4995	5015	5005		172911	170256	169794	
0.6866	0.3267		3175	3201	3214		173624	163513	164372	
0.5785	0.5884		3766	3643	4820		203500	177417	195180	
0.2123	0.7394		2936	3616	3076		159812	181443	170015	
0.4	0.8637		3659	3819	3687		161940	171814	162274	
0.1986	0.1503		1913	2268	2046		156603	155730	169700	
0.882	0.2272		3408	3296	3361		156208	154486	159062	
0.3943	0.6555		3371	3387	3263		163017	164363	159410	
0.1277	0.3915		2565	2167	2183		176534	164716	165608	
0.6108	0.797		5128	6259	4820		194333	195840	184399	
0.9938	0.8576		5774	5780	6342		170299	169777	171181	
0.8048	0.6517		4623	4563	4629		155427	155417	153028	
0.4798	0.9909		4262	4319	4266		162903	168394	154249	
0.9294	0.9859		5977	5960	5880		158085	160065	159268	
0.5328	0.9917		5366	4563	4600		166946	173189	165404	
0.8528	0.6426		5189	6188	5888		227160	206351	214538	
0.1274	0.5629		2418	2550	2525		166338	157600	152659	
0.4721	0.8266		3924	3965	3959		158211	156554	150610	
0.7947	0.3173		3423	3455	3451		167142	163224	160676	
0.4605	0.4043		2878	2932	2890		173316	168187	163226	
0.5308	0.5953		3592	3431	3447		163322	157653	162806	
0.8201	0.1844		3022	3266	3039		157781	154795	153217	
0.5566	0.2667		3075	3110	3098		173604	174261	178723	
0.1005	0.5235		2277	2393	2269		163456	156371	155092	
0.857	0.5876		4429	4553	4462		168096	161095	160628	
0.3794	0.734		3405	3424	3457		169839	172540	163365	
0.4444	0.4894		3083	3496	3019		163563	175742	159596	
0.0916	0.2202		2004	1815	2169		160146	152336	155236	
0.6668	0.3543		3455	3276	3229		181902	162310	161395	
0.9701	0.4318		5344	4269	5505		218629	210432	227901	
0.628	0.9727		4903	5561	5796		167527	183293	222631	
0.6884	0.8832		5131	5105	4920		159606	159809	158552	
0.6381	0.7425		4172	4140	4153		157160	157427	155892	
0.2851	0.0888		1924	1915	1901		173146	163497	161516	
0.592	0.9181		4628	4703	4505		160624	162802	158084	
0.4657	0.1039		2180	2168	2183		155981	157345	155916	
0.8114	0.6208		4239	4251	4288		161101	161031	160493	
0.31	0.5427		2928	3720	2813		158397	185428	174302	
0.3491	0.6129		3088	3157	3090		162118	159910	157740	
0.8047	0.1768		2961	3087	2971		155794	153772	151059	
0.8512	0.0982		2945	2836	2849		169055	167971	166590	
0.4924	0.7646		5426	4336	4266		203511	186151	183287	
0.4489	0.4942		3158	3085	3096		166725	162596	163042	
0.1402	0.6964		2698	2849	2657		170576	171705	168773	
0.4973	0.586		3577	3325	3443		155751	155446	153431	
0.0519	0.9168		2684	2749	2796		162125	159243	160970	
0.0579	0.141		1681	1682	1624		160453	162652	162488	
0.7168	0.9963		5451	5600	5526		186850	189287	188567	
0.694	0.183		2903	3002	3238		209121	181301	175712	
0.1017	0.7268		2985	3061	3010		182416	183921	182792	
0.6653	0.4957		3561	3488	3484		161688	159457	161236	
0.5805	0.6829		4012	3969	3986		157111	159017	162451	
0.4883	0.4472		2991	3029	3007		181593	165995	165168	
0.8125	0.8563		5132	5235	5165		163699	165000	163348	
0.7556	0.3483		3474	3503	3534		175049	172756	178436	
0.288	0.5801		2887	2822	2897		162298	164419	161907	
0.9137	0.868		5710	5551	5553		163887	166952	164561	
0.2668	0.2737		2350	2197	2227		156871	157605	155631	
0.65	0.0935		2439	2388	2338		162589	163731	161154	
0.9849	0.4219		4184	4197	4317		161121	161415	162518	
0.6577	0.9599		4920	5297	4918		167290	177214	199965	
0.6513	0.4141		3351	3389	3515		166846	167696	167797	
0.6324	0.1037		2534	2629	2451		171496	174158	180018	
0.3608	0.4807		3285	3201	3184		190015	191112	189767	
0.7142	0.5994		5717	4074	4008		212237	159731	160167	
0.8456	0.0741		2802	2819	2994		160302	160690	160911	
0.4434	0.4836		3014	3037	3009		151614	151349	152808	
0.6763	0.5991		3973	4287	4988		159378	165483	214791	
0.5905	0.2565		2892	2877	2991		164570	163152	163475	
0.3383	0.195		3309	2824	2455		203974	214761	160585	
0.1176	0.6278		2430	2709	2606		159742	167595	184978	
0.1449	0.7718		3008	3063	2798		159522	154620	151776	
0.9558	0.4028		4048	4112	4074		159750	158055	157102	
0.4273	0.1792		2554	2317	2485		159364	159241	157804	
0.2562	0.1726		2175	2009	2179		161930	163589	160419	
0.2817	0.6712		3169	3065	3052		156965	155662	154271	
0.0722	0.9165		2814	3055	2743		154672	152994	152288	
0.3875	0.5746		3264	3194	3211		165531	166387	164103	
0.9949	0.6181		4936	4807	4871		155911	155739	155113	
0.7991	0.3151		3449	3437	3482		166006	167560	165881	
0.0926	0.3045		1918	1997	1938		169895	169354	167751	
0.3295	0.8512		3484	3607	3514		159442	159022	156667	
0.3743	0.8223		3552	3550	3565		158014	158343	157919	
0.1756	0.9926		3340	3175	3231		165789	165583	168945	
0.2081	0.3398		2149	2184	2186		157627	158143	156571	
0.2715	0.9764		3609	3656	3557		156370	159114	160307	
0.196	0.2637		2160	2069	2180		154070	159264	156997	
0.6186	0.9188		4788	4678	4678		160084	157917	156087	
0.62	0.6046		3764	3774	3763		155104	157396	156607	
0.824	0.3729		3540	3685	3871		149174	151954	150539	
0.55	0.3736		3339	3495	3241		176388	177266	180537	
0.8976	0.2295		3329	3498	3302		151457	151930	153413	
0.5793	0.5067		3655	3617	3643		161648	163564	165380	
0.9379	0.5161		4577	4563	4555		182382	170953	168802	
0.2075	0.9038		3296	3261	3274		165412	165047	165626	
0.3182	0.8679		3492	3781	3697		160759	174242	160886	
0.3508	0.5054		3034	2974	2969		169430	167037	165790	
0.8038	0.2189		3068	3150	3316		162260	160408	162505	
0.74	0.0912		2656	2594	2910		164679	163993	164096	
0.943	0.7659		5584	6359	5408		164180	215546	158284	
0.1193	0.8647		2761	2794	2878		153888	153729	157020	
0.9862	0.5105		4808	4833	5937		157213	156946	208108	
0.8106	0.5385		4256	5673	4320		169539	214339	205920	
0.8766	0.9322		5725	5881	5785		163258	169325	161367	
0.5245	0.8731		4234	4214	4238		163043	161641	161832	
0.5168	0.3174		2865	2983	2879		160453	161239	160515	
0.355	0.5706		3160	3314	3058		157721	159980	166658	
0.8765	0.9877		5800	6004	5807		165934	165927	165867	
0.2044	0.8457		3294	3131	3135		158842	158415	159859	
0.8874	0.4408		4070	4212	3987		164567	164688	169840	
0.3146	0.2371		2255	2459	2483		149474	149938	149922	
0.2213	0.7839		3192	3257	3099		157830	159842	158100	
0.4231	0.3264		2632	2634	2643		154516	155505	157069	
0.6559	0.1977		2840	2845	2883		163189	160619	161017	
0.7398	0.2751		3296	3246	3507		157251	155570	157030	
0.7438	0.834		4770	4790	4920		157830	154410	155006	
0.6095	0.7397		4857	4132	4073		172577	167198	168497	
0.6043	0.6287		3962	3942	3898		165552	165645	166189	
0.4592	0.4812		3491	3439	3445		191554	188228	191839	
0.3947	0.3498		2789	2771	2628		181571	165381	162542	
0.9632	0.1788		4354	4118	4803		225034	238813	240541	
0.262	0.5037		3380	3896	3378		230336	242792	219850	
0.8814	0.3166		3790	3653	3912		161380	159430	170090	
0.4889	0.255		2891	2939	3782		169077	187417	234036	
0.9428	0.8444		7187	5704	6861		245504	185596	228918	
0.333	0.8602		4299	5066	7038		226106	226728	238630	
0.3523	0.7575		5380	3610	3568		235740	200826	159911	
0.2085	0.8097		3036	3159	3156		156685	156266	155033	
0.8855	0.8488		5891	6191	6576		182987	224015	221649	
0.9417	0.0689		3498	2947	3090		237437	201307	190982	
0.6804	0.5981		4074	4196	4306		191432	196142	186918	
0.7868	0.4384		5113	6830	5189		216611	275257	253053	
0.8934	0.8082		6398	6403	5965		215782	210501	178543	
0.0744	0.3719		2699	2507	2032		209618	205234	153937	
0.7224	0.8264		7050	6154	5747		233444	251265	233637	
0.2962	0.7916		3311	3523	3621		163469	166271	165093	
0.5321	0.5574		3498	3690	3939		159952	193609	197337	
0.3465	0.5468		3261	3650	2986		171119	167416	157450	
0.0506	0.4522		2361	2144	2173		182621	173519	164975	
0.2182	0.5637		2676	2845	2656		163517	159476	158793	
0.1259	0.8533		3062	3027	3651		155840	160869	157238	
0.2371	0.8575		3186	3287	3198		159544	164956	155317	
0.2546	0.4649		3796	3915	3072		238762	242063	216062	
0.9536	0.7978		5548	5455	5881		164810	160694	164062	
0.0862	0.5691		2285	2441	2323		165996	158336	161021	
0.3352	0.8528		3572	3741	3512		165306	158422	160470	
0.1267	0.494		2237	2324	2385		174425	163131	161588	
0.6939	0.8279		4692	4672	4683		176755	165543	164251	
0.9644	0.7177		5104	5153	5068		177176	166285	164694	
0.3793	0.729		3612	3441	3434		167213	169056	168373	
0.4514	0.2067		2430	2692	2412		158919	174056	161967	
0.6244	0.9906		4801	4904	4806		168368	162026	156789	
0.9968	0.3083		5074	4619	4817		219255	217501	219265	
0.5289	0.3734		3385	3373	3346		192796	185322	183408	
0.2947	0.1755		2138	2297	2277		177490	169018	166400	
0.6131	0.1546		3010	2716	3427		163102	167748	171163	
0.9702	0.8522		5732	5732	5735		172197	162082	160584	
0.7537	0.6267		5384	5874	5436		219156	224817	220835	
0.2589	0.966		5460	4331	4474		235459	228814	191545	
0.4957	0.4373		3190	3343	3582		183361	170178	168005	
0.6351	0.4174		3389	3602	3502		169767	158590	155216	
0.3507	0.648		3314	3190	3215		170272	159404	159675	
0.9826	0.2906		3857	4007	3822		171378	164433	162885	
0.254	0.667		3476	3318	3363		196134	187613	190103	
0.1641	0.4579		2344	2343	2325		172357	163490	164675	
0.5939	0.9791		4747	4806	4713		168471	160980	160796	
0.8095	0.0841		2723	2565	2623		175098	165810	164181	
0.9647	0.603		4692	4866	5005		156702	149445	149240	
0.7405	0.5811		4036	4078	4047		167616	161185	163425	
0.0568	0.816		2583	2740	2638		163098	155512	155823	
0.6454	0.0533		2597	2387	2340		159977	149992	149416	
0.8235	0.4741		3979	4144	3869		172865	165791	162630	
0.4454	0.5815		3289	3362	3399		165911	162897	160418	
0.244	0.3623		2416	2454	2732		166538	160088	182587	
0.3959	0.105		2575	2500	2916		185153	178637	194458	
0.6489	0.803		4435	4435	4437		163956	157699	155388	
0.8735	0.3666		3630	3737	3752		165297	159735	156807	
0.7845	0.0614		2510	2507	2603		167371	163633	161142	
0.0943	0.4298		2270	2123	2220		169496	162761	162270	
0.8968	0.917		5648	5648	5788		169374	164282	163402	
0.1405	0.087		1756	1741	1705		163326	156121	173715	
0.3291	0.7025		3207	3944	3238		176404	209475	187301	
0.2075	0.9856		3422	4795	4064		167669	212489	214343	
0.4729	0.702		3774	4627	4112		210781	230889	203181	
0.4039	0.4016		2743	3306	2820		159203	180793	213357	
0.0653	0.8517		3175	3684	3540		192397	211696	182079	
0.8007	0.8147		5513	5746	6206		191196	192467	203972	
0.8213	0.4089		4615	4469	3995		179147	183034	184483	
0.571	0.2527		2864	2918	2897		194624	182035	178669	
0.5459	0.0603		2197	2580	3589		204056	208935	233136	
0.8622	0.2209		4020	3832	3631		202744	202807	207435	
0.8547	0.7003		5420	5955	5402		211430	206458	208189	
0.377	0.8181		4270	4399	3817		189050	187833	198939	
0.9292	0.0814		3028	3804	3996		191008	221482	232133	
0.6726	0.8744		4599	5250	5170		162807	189317	191386	
0.2195	0.4635		2977	2934	2453		192417	186789	166181	
0.7546	0.1938		3038	3170	3021		186230	186211	180190	
0.7118	0.5402		3938	3918	3942		164735	166093	163781	
0.8982	0.4443		4179	4193	4041		163829	162745	162430	
0.9874	0.9294		6237	6217	5978		161857	160221	157614	
0.6472	0.5915		3780	4294	4067		166762	166422	165953	
0.7961	0.2554		3335	3357	3362		148908	149418	150936	
0.0522	0.3061		2010	1973	1905		166978	167943	165969	
0.7875	0.3007		3409	3678	3469		150226	152332	146846	
0.1851	0.3604		2222	2495	2181		164960	169228	165475	
0.3143	0.6717		3252	3176	3169		166082	162973	162374	
0.3552	0.3779		3281	3175	3187		198336	195364	194760	
0.825	0.4067		3955	4037	3894		159354	159317	156324	
0.9621	0.7315		5135	5243	5275		168957	167887	168097	
0.2154	0.6468		2991	2769	2900		157217	158781	156687	
0.7072	0.1248		2646	2807	2621		161182	162632	159369	
0.1107	0.2426		1849	1978	1896		154276	154336	154170	
0.6881	0.5894		3941	3908	3966		164317	167606	165235	
0.9396	0.1403		3318	3224	3343		163992	165025	164270	
0.4557	0.081		2325	2139	2440		165450	160239	159668	
0.6975	0.6798		4449	4448	4370		155886	152992	156028	
0.2735	0.5785		2934	2775	2762		164966	166233	164979	
0.1291	0.5729		2583	2525	2521		159076	153992	152481	
0.9499	0.1203		3042	3031	3053		166867	165509	169500	
0.2483	0.1098		1878	1966	1875		161680	161292	163266	
0.2201	0.4376		2572	2472	2479		159739	159158	158250	
0.653	0.7312		4327	4171	4427		154896	155718	155116	
0.8366	0.3473		3877	3582	3593		158452	153851	151208	
0.1025	0.149		1736	1787	1710		160704	159101	158436	
0.9754	0.3868		4493	4201	4199		160147	160262	159561	
0.4394	0.4311		2978	3099	3040		161825	160951	160499	
0.9526	0.6515		5094	4976	4974		159428	159841	158397	
0.8676	0.732		5000	4969	4908		154264	153812	152330	
0.7745	0.8659		4933	4939	4929		166208	164292	162934	
0.3598	0.4003		2667	2701	2866		150257	149979	150807	
0.8745	0.3131		3718	3780	3557		158494	156355	157937	
0.452	0.7768		4003	3888	3971		184926	172632	175435	
0.6549	0.9935		4768	5039	4857		167156	167874	172598	
0.1444	0.7171		3250	3037	3041		176118	175559	175204	
0.2475	0.8367		3232	3311	3184		163007	158964	153186	
0.7235	0.3326		4150	3577	3370		191123	211026	187549	
0.1303	0.9747		3316	3104	3496		162321	156267	172040	
0.6573	0.7847		4661	4699	4566		162135	161925	161619	
0.4273	0.1672		2358	2379	2611		165465	166535	161880	
0.9471	0.2182		3421	3417	3472		158946	158269	160073	
0.4025	0.931		3893	3882	3911		153583	154707	154324	
0.3304	0.9102		3766	3745	3700		162864	164222	160402	
0.7534	0.5677		4162	4141	4214		164005	161991	160951	
0.4991	0.2601		2816	2699	2792		161977	162132	159060	
0.7432	0.3163		3411	3452	3604		168223	167387	166381	
0.2828	0.3351		2468	2424	2506		165195	164879	165750	
0.4823	0.8031		3917	5525	4552		189176	191204	217216	
0.1753	0.703		3262	3414	3012		197785	193840	201870	
0.2383	0.3818		2508	2525	2402		151871	154135	151193	
0.6695	0.5643		3984	3908	3891		158750	160945	160012	
0.2817	0.6185		2907	3078	3053		190965	174910	173936	
0.3373	0.2558		2378	2386	2351		170978	163783	158836	
0.3776	0.4775		3526	3070	2890		182897	184325	191495	
0.4779	0.1281		3147	3289	2883		200052	207238	212009	
0.9904	0.6139		5434	4772	5535		196320	188752	197894	
0.7015	0.1612		4045	2918	2990		210206	208522	185099	
0.8305	0.2455		3491	3153	3818		197487	199171	193581	
0.4836	0.8736		4814	4085	4132		190862	190052	184158	
0.1303	0.9949		3367	3283	3618		179624	188391	194933	
0.6814	0.1885		3747	3132	3461		188593	187897	185037	
0.1067	0.8526		3114	3497	3552		199876	210053	194072	
0.4023	0.7849		3681	3593	3876		191757	199556	185389	
0.9045	0.9142		5771	6252	6469		195041	189876	186846	
0.4138	0.2787		2547	2885	2603		183132	182081	179787	
0.7842	0.5771		4743	4747	4550		185616	182262	182295	
0.764	0.8176		5140	5778	6124		195272	191258	194801	
0.4562	0.0623		2170	2166	2013		186571	180366	180552	
0.9691	0.582		5985	5202	5022		189708	186766	184905	
0.488	0.9708		4603	4609	5649		186919	182574	209060	
0.7394	0.918		6385	5280	5568		184716	182607	186050	
0.6806	0.7516		4537	4659	4664		170117	159904	192450	
0.67	0.2821		3142	3174	3176		179548	171130	171901	
0.9098	0.1196		3532	3120	3276		173345	175273	173634	
0.4634	0.5116		3275	3240	3186		164403	162584	176245	
0.7273	0.6072		5160	4787	4738		212030	182530	186129	
0.4814	0.3687		2799	3356	2779		192431	192734	194359	
0.412	0.625		4361	3851	3932		235627	202559	175096	
0.2507	0.9343		3819	3542	4134		186964	195489	188086	
0.8264	0.971		6113	6295	5570		187092	187414	190692	
0.5904	0.3669		3029	3241	3191		180945	181557	185403	
0.3989	0.2803		3674	3105	2878		207081	234857	198134	
0.4007	0.7185		3703	3567	3514		207534	201999	196280	
0.836	0.8795		6366	6830	5606		200274	206736	205111	
0.7332	0.2056		2983	3075	3236		198302	208988	179804	
0.4701	0.9151		5183	4768	4140		194491	190207	178176	
0.2211	0.38		2733	2845	2644		188503	190596	192858	
0.316	0.1628		2756	2626	2289		193056	191466	195678	
0.1365	0.1766		3143	2941	1953		189882	183563	180499	
0.3822	0.1536		2526	2176	2367		193755	170106	170903	
0.658	0.2672		3347	3299	3148		172675	166209	168903	
0.8433	0.9843		5585	5601	5554		173368	168240	170534	
0.3232	0.4342		2773	2769	2647		168384	162368	166214	
0.4898	0.4633		3178	3111	3481		165749	168650	192704	
0.9675	0.4214		4157	4187	4250		158081	158357	164007	
0.1175	0.1036		2223	2274	1623		179779	184224	159242	
0.2574	0.1879		2609	2981	2256		223528	217296	197157	
0.8325	0.5685		4507	4464	4324		171799	168629	168200	
0.6401	0.8195		4453	4605	4749		164234	162125	173821	
0.6595	0.3798		3878	4154	3589		197424	196749	190463	
0.3775	0.7715		4157	5483	4595		223397	249639	229509	
0.8384	0.3956		4129	4001	4083		181221	182061	183734	
