10	11	
0.9436	0.4974		6095	5929	5732		163444	150167	153716	
0.798	0.813		6759	6898	6668		159803	151389	149782	
0.738	0.9572		7291	6937	6833		178056	161973	161064	
0.5583	0.3958		4733	4851	4518		169305	156819	157362	
0.6066	0.5249		7797	7249	8071		242387	237675	240606	
0.9078	0.8879		9296	9608	10371		209567	214381	242522	
0.5951	0.2461		5402	5730	6807		208633	212753	208608	
0.4092	0.3741		4301	4124	4983		178501	187030	159498	
0.7799	0.5419		6350	5892	6108		166686	161924	176141	
0.6032	0.7332		5623	5669	5740		163392	166350	164823	
0.4733	0.6779		5170	5931	5365		153080	165661	154662	
0.802	0.682		6056	6204	6087		166586	168409	167391	
0.1924	0.5434		5295	4417	5715		188336	171066	201858	
0.9677	0.8253		8132	8027	10111		160928	167046	218204	
0.8344	0.8663		6942	10898	10630		186751	252545	268792	
0.3748	0.117		4571	4364	5214		218768	216174	216872	
0.4654	0.7854		8114	7459	8290		236988	228944	222753	
0.4966	0.8938		5793	9261	9461		174026	234216	219705	
0.5357	0.9199		5990	6036	5990		163982	167979	176633	
0.5342	0.5017		6490	7813	8284		247060	221296	232572	
0.2947	0.2735		3738	3703	3804		167786	169546	164574	
0.869	0.6345		6930	6371	6348		170501	174228	189553	
0.2842	0.4429		5492	5506	6188		223210	232204	245373	
0.607	0.1076		3963	3868	4220		182448	167661	192258	
0.7741	0.0585		4078	4761	4602		193002	162672	171291	
0.8142	0.2364		6476	6769	6135		220401	217154	218558	
0.5884	0.9146		7915	7987	8404		188806	165098	175070	
0.8212	0.1214		7089	7153	6318		219146	217565	200211	
0.8483	0.3075		6749	5972	5323		186663	152579	160154	
0.2034	0.619		4195	4206	4435		171629	156673	192015	
0.5928	0.8845		8027	9197	8664		216013	217658	201393	
0.4054	0.2497		4924	3822	3965		164765	160644	164598	
0.3057	0.7177		6438	4586	4850		200761	158117	158217	
0.7651	0.5369		5971	5902	5914		153504	156068	152154	
0.5308	0.5522		5323	5172	5336		154515	155362	153194	
0.0776	0.3829		4158	3541	3476		158196	158597	161088	
0.6927	0.8569		6613	7275	6674		166666	165809	168673	
0.9711	0.8922		8514	8288	7646		182302	176283	164489	
0.4271	0.2396		3753	3776	3822		152466	152583	152762	
0.6658	0.7308		6417	5879	6479		164738	161289	160370	
0.2445	0.8433		17802	7297	6871		290719	232678	229066	
0.6774	0.9481		6555	6555	6657		166449	163065	164176	
0.9008	0.2119		4872	4897	5340		163928	164800	162918	
0.3097	0.0879		3252	3220	3240		159574	159258	161225	
0.4358	0.7863		5928	5969	5470		151090	151391	148149	
0.9894	0.1682		4671	4675	4713		159789	159765	162179	
0.1793	0.6001		4551	4902	4073		163421	152434	149955	
0.4372	0.2873		4708	4737	4131		171742	170214	166703	
0.2943	0.4408		4722	4081	4060		154174	154500	151894	
0.2448	0.233		3328	3329	3335		161915	160820	156454	
0.8514	0.2474		4717	4727	4767		151510	152193	162179	
0.9648	0.383		6518	6415	5810		157999	158429	167710	
0.1125	0.4165		3470	4221	4522		153431	152335	156117	
0.6874	0.8049		6387	6801	6304		158854	156105	152204	
0.8043	0.9416		7667	7110	7119		166871	170928	170143	
0.386	0.7187		5130	5018	5531		155255	167465	175636	
0.5298	0.4942		7452	7768	7605		232886	244901	265388	
0.1367	0.2617		6329	5109	5417		214621	210990	205407	
0.0928	0.2436		3789	5404	4952		171187	211039	214620	
0.133	0.7693		6330	7737	5041		186331	201404	162206	
0.2089	0.7449		4435	5098	4685		148107	150144	149908	
0.885	0.4298		5647	5686	5642		159288	158707	159780	
0.1079	0.2668		3338	4093	3305		157610	157444	156717	
0.3835	0.5312		5142	7723	5160		182166	212834	189810	
0.1019	0.4139		3963	3558	4484		182486	162849	170470	
0.8571	0.1399		4992	5825	4551		179569	191557	181462	
0.4454	0.7135		5194	6712	7242		170702	191478	219261	
0.6698	0.8754		6562	7146	6682		155672	174168	185982	
0.5354	0.9194		6082	6701	6103		155363	155589	157486	
0.5937	0.2508		4530	4562	4559		159525	158324	161398	
0.2363	0.2648		4115	3620	4275		159518	157615	155852	
0.4072	0.4497		4713	5709	4701		188059	196688	163004	
0.2113	0.8751		4950	4935	4869		155175	158881	155672	
0.6058	0.3319		5316	4712	4743		166121	164533	162230	
0.8895	0.1963		5434	6803	4872		177093	207468	175082	
0.7135	0.8072		6628	6606	6670		162243	164201	166055	
0.5851	0.1443		4598	4007	3985		158978	159228	159002	
0.3726	0.2173		3688	3832	4276		152326	160470	168520	
0.194	0.3777		5316	5277	3967		215581	195619	159826	
0.5893	0.08		6027	3810	5694		255615	201278	228142	
0.318	0.1094		4388	4049	3432		171276	159608	164380	
0.1918	0.2331		3398	5656	3410		159306	195718	162310	
0.6983	0.1839		4235	4257	4243		148584	149968	151357	
0.8551	0.9454		7436	7429	7314		172525	168090	164483	
0.477	0.2846		4273	4292	4277		156618	155119	161160	
0.8205	0.1235		4282	4320	4350		160216	160910	161523	
0.7276	0.1525		4271	4967	4312		160353	164991	159868	
0.2053	0.2281		4024	6091	3361		160835	196641	157441	
0.5831	0.7685		6892	7723	6472		192288	200865	167525	
0.3623	0.5559		6656	6980	6815		227922	234392	236611	
0.4543	0.8713		6582	7780	6686		174345	221047	177920	
0.9311	0.1015		6229	6387	6060		191013	211478	214352	
0.7738	0.3626		5219	5260	7032		162779	159586	187095	
0.879	0.9414		8063	8116	7956		168360	177430	203320	
0.6853	0.4189		5746	5861	5111		157979	159730	157623	
0.6015	0.06		3706	3729	3811		161318	154593	160191	
0.5441	0.2964		6187	7157	6241		226113	232383	189432	
0.5064	0.5489		5200	5298	5197		167925	163241	160657	
0.6008	0.0876		4123	4501	3833		156954	162811	157473	
0.7186	0.3627		5696	5229	5042		157085	160437	159913	
0.2434	0.2578		6742	4068	5342		207650	175187	186965	
0.0965	0.8205		5158	5009	4786		159566	152059	152689	
0.5525	0.2096		5159	4734	4669		157671	150870	158378	
0.3753	0.0945		4018	3507	3430		162615	161476	141264	
0.7069	0.3157		5124	5125	5038		155834	156729	156793	
0.5787	0.2287		4259	4219	6272		157345	160469	193017	
0.3309	0.4844		4371	4300	4276		160870	161057	164282	
0.7537	0.3138		5809	5261	5288		154871	154770	156282	
0.7199	0.739		6319	6056	6080		153113	151738	153681	
0.6653	0.5288		5667	5607	5560		152297	154048	152598	
0.5137	0.9956		6184	6162	6399		161259	160329	165466	
0.9533	0.7633		7423	7725	8025		159407	161784	165538	
0.9402	0.4804		5878	6521	5869		164526	177447	165444	
0.4195	0.9919		5707	6339	5686		162156	167722	160712	
0.9425	0.3908		6061	5858	5796		161732	163649	163604	
0.7158	0.9873		6805	6903	6917		164654	155496	171889	
0.8963	0.8336		7473	7567	7429		160912	149669	150703	
0.1726	0.8956		7449	6536	7194		219676	185412	188693	
0.4544	0.4919		4710	6131	4607		166819	180178	162613	
0.2041	0.9436		5149	4965	5041		159544	163215	164537	
0.9897	0.7762		7596	8519	7714		160874	167169	172176	
0.193	0.5285		5812	5763	5833		230348	233165	198666	
0.3075	0.1756		5816	4123	3776		196347	184146	192064	
0.2222	0.3483		3916	3904	5081		167734	174520	187794	
0.5603	0.4666		4970	7108	6813		193492	231927	231043	
0.8901	0.7277		6771	6679	6713		155437	155289	160019	
0.8689	0.7836		7594	7046	7103		164787	167415	164706	
0.116	0.4364		3554	3605	3563		151907	151931	152343	
0.0613	0.5431		3601	3628	3634		153878	154369	154568	
0.4277	0.9972		5854	5696	5656		159657	158996	161373	
0.3595	0.1287		3485	3507	3473		156216	156298	156880	
0.8486	0.8786		7414	7274	9253		156065	164935	193433	
0.1275	0.9706		4732	4799	5397		157486	157486	161126	
0.7495	0.0872		4161	4289	4505		154421	153964	170911	
0.1578	0.7515		5118	5361	6562		159428	180749	216011	
0.8881	0.1141		4441	4522	4488		153562	151663	163431	
0.6622	0.4534		5095	5207	5092		159414	164889	165378	
0.3491	0.6374		6351	5448	5003		163111	181690	165634	
0.2618	0.8402		5081	5052	5206		155932	156073	162934	
0.948	0.3819		5753	5850	5801		161176	159757	159418	
0.0549	0.9098		4276	4283	4268		162211	159829	163846	
0.7391	0.3977		5303	6060	7273		156359	187816	212522	
0.8628	0.2901		5284	5429	5394		152093	152647	153416	
0.7071	0.4325		5679	5938	5963		182087	187034	183706	
0.5523	0.97		7977	8520	8295		218006	218943	202419	
0.3661	0.7442		4820	4854	4839		160535	154394	155250	
0.9205	0.2036		4954	4976	5528		156671	160989	159419	
0.3259	0.6268		4756	4776	4757		161738	161607	160635	
0.6396	0.1059		4569	4716	4539		149674	150419	151624	
0.9324	0.7524		7375	7328	7381		164552	169159	162249	
0.5841	0.9253		6330	6241	6308		166057	161904	162903	
0.4566	0.178		4349	3762	4315		155010	154198	155473	
0.7217	0.1431		4317	4297	4310		162034	164734	163914	
0.6942	0.807		6626	7192	6674		158544	158574	158547	
0.9517	0.9967		7658	7592	7606		158192	164623	158640	
0.053	0.1707		2960	3639	3617		155381	154299	159885	
0.2605	0.9439		5166	5175	5288		156709	153821	159087	
0.0574	0.965		4415	4932	4507		153438	160094	164182	
0.3922	0.9859		5644	5646	6381		164998	170404	171405	
0.6523	0.9435		8313	6871	6767		159004	150583	150996	
0.2313	0.8002		4769	4739	4807		155624	158432	163771	
0.4816	0.7054		6011	5903	5221		169022	168669	154863	
0.3126	0.58		5847	4747	4798		189662	155247	165547	
0.8141	0.8837		7196	7410	7374		158432	163134	160549	
0.5164	0.23		4090	4130	4080		157500	158507	158387	
0.4954	0.5984		6653	7141	7060		205807	208065	199006	
0.5992	0.5312		5524	5961	5346		158758	158643	161601	
0.3062	0.1612		3988	4323	5977		160815	163661	181907	
0.455	0.9277		6696	5852	5952		158313	156680	157395	
0.3248	0.4882		4265	4360	4296		150174	161482	154137	
0.3096	0.7093		4669	5406	4676		160836	155178	155244	
0.8874	0.7487		6729	7260	6784		152406	153695	154268	
0.5872	0.9792		6541	6392	6325		158666	161378	162536	
0.4825	0.0891		3584	4175	4709		169674	185395	200825	
0.1597	0.14		3151	3256	3886		157526	157675	159022	
0.8283	0.758		7059	7050	7099		155986	150320	153085	
0.5781	0.5287		5839	5912	6167		188065	190213	212980	
0.3812	0.2393		3844	5799	3763		152581	193977	166158	
0.6522	0.1554		4166	4787	4803		146623	171138	157422	
0.2514	0.2468		4150	4879	3484		148876	150289	144983	
0.7247	0.5687		6585	5914	5835		158288	158736	164862	
0.814	0.9697		7418	7939	8947		176687	180173	185483	
0.6953	0.2389		4546	4515	4460		156564	158350	167001	
0.6515	0.4778		5103	5240	5921		163339	161370	163609	
0.8117	0.3523		5407	5240	5426		162696	157617	162090	
0.6021	0.1057		4465	3909	4526		159278	163631	157203	
0.6829	0.9761		7168	6701	6612		164207	166065	159006	
0.8613	0.2998		5371	5280	5310		168659	160227	162671	
0.8589	0.8627		7149	7295	7912		166392	156496	161036	
0.9748	0.8197		7623	7669	7556		168500	156750	158165	
0.6144	0.503		6040	5309	5297		170571	159095	159338	
0.9464	0.4615		6397	8504	6285		166699	213669	176531	
0.6284	0.6025		7577	7829	5667		218140	209481	161380	
0.8057	0.6132		6091	6047	6051		160481	160738	166313	
0.3296	0.0823		3456	5328	5611		170878	194675	226958	
0.8726	0.2145		4799	4744	4711		152299	153638	154025	
0.8332	0.4366		7466	5469	7652		215414	173009	219281	
0.5952	0.8697		6297	6602	7083		180741	182887	174595	
0.6864	0.0748		4073	3968	5633		164303	163993	204152	
0.6079	0.5564		5376	6011	5520		157195	158420	157580	
0.8096	0.5487		6094	5961	6100		157728	152040	151961	
0.1351	0.9712		4940	5696	4906		161777	174402	159462	
0.9472	0.2056		5054	4969	4939		157332	157300	160809	
0.5079	0.0567		3634	3621	3620		168703	173440	166672	
0.9536	0.8163		7599	8675	7548		157844	162586	159566	
0.0727	0.7227		5810	5903	6505		209333	226236	207651	
0.461	0.0945		3582	3578	3629		152919	154401	159123	
0.4347	0.3256		4189	4774	4388		159763	165466	164208	
0.8104	0.311		6810	5098	5083		187448	159265	161742	
0.6019	0.4907		4859	5661	7153		171243	191118	230736	
0.2398	0.0938		3080	3180	3221		154509	155651	165987	
0.8788	0.5077		6700	6515	6712		164234	161943	170509	
0.6334	0.0833		3902	4219	6204		149331	157659	158312	
0.8899	0.8964		7527	8179	7455		161130	164961	155015	
0.7704	0.104		6023	4856	4320		162503	158805	171722	
0.7354	0.1046		4099	4158	4128		160417	170081	159352	
0.4979	0.1655		3791	3839	3729		168499	161078	161403	
0.5397	0.3471		5712	4578	4568		162983	155510	155802	
0.8383	0.2089		5371	4838	4776		162150	178258	167144	
0.5764	0.3473		5075	4701	4683		161955	162971	161200	
0.524	0.9539		6125	6742	6281		160892	165045	167977	
0.8299	0.3526		5403	5390	5369		164091	157875	162329	
0.7307	0.3679		5981	5137	5431		156757	152167	153925	
0.505	0.2337		4107	4093	4405		162558	161208	164190	
0.3131	0.6684		4797	5408	4794		154713	161625	160514	
0.8932	0.9751		8362	7540	7553		161298	158358	157478	
0.4141	0.8525		5679	5921	8269		162055	169038	182804	
0.7082	0.8186		6642	7373	7240		161529	167101	164330	
0.1856	0.756		4553	4492	4452		180191	162398	162786	
0.7022	0.115		4795	4068	4075		165532	162323	159786	
0.1392	0.515		4025	4038	4904		150980	155121	172150	
0.9856	0.1531		4746	4765	4907		161185	171571	164147	
0.3558	0.5218		4638	4605	4580		166701	167572	162351	
0.9542	0.1491		4879	4767	4766		157465	163189	162944	
0.7491	0.8348		6766	6689	6790		166243	161814	159763	
0.6813	0.259		5840	4808	4854		165372	171034	162037	
0.1037	0.5087		4672	3755	3737		160324	157007	161931	
0.3326	0.3735		3976	4042	4784		161434	160736	183119	
0.801	0.3014		5986	5219	5292		156790	159785	160638	
0.6255	0.4689		5819	5232	5321		173644	165805	167963	
0.1086	0.0819		4386	4122	4948		169156	193986	229923	
0.1642	0.6575		5446	5907	6307		166741	221785	221683	
0.728	0.4743		5618	5869	5308		157294	163570	154640	
0.3233	0.3709		4587	4075	4004		159161	165957	159923	
0.7248	0.5311		5747	6450	5888		154123	155478	161708	
0.4924	0.9274		7617	8134	8249		226304	224804	228783	
0.2709	0.449		4146	4098	4771		157988	163215	177696	
0.8983	0.4309		5777	5724	6940		161541	160558	175398	
0.3102	0.8425		6903	5186	5795		187133	164095	163212	
0.0565	0.0624		4695	2797	3663		159785	151212	155870	
0.363	0.3241		4023	4171	4384		156225	163401	165703	
0.6532	0.2231		4716	6552	4345		167407	200335	160551	
0.4253	0.6271		5569	5027	5078		162422	162977	162638	
0.1519	0.8958		6882	5074	7100		189438	177692	223057	
0.9509	0.9721		7629	8104	8125		158414	160204	166391	
0.8578	0.2203		4935	5570	4808		168872	181804	167336	
0.6978	0.5948		5973	6067	5855		162771	165382	166547	
0.7093	0.3196		5190	5569	7661		154947	187453	227611	
0.9536	0.4848		7741	6196	5903		184446	178114	158250	
0.8335	0.061		4316	4227	4226		155223	155752	155326	
0.6224	0.3567		4805	5499	4742		165020	164679	175281	
0.2819	0.8164		5024	5137	5144		155249	155512	158920	
0.977	0.5857		8707	10033	9253		227002	253160	267698	
0.7821	0.2352		6382	8080	7691		207663	244427	208496	
0.6673	0.2684		7263	4899	5030		199495	167508	171112	
0.2274	0.6891		5098	4431	7075		166557	165593	212439	
0.8477	0.8032		9156	9153	7106		219946	202033	165031	
0.8591	0.7389		6543	6514	9145		159998	160718	204695	
0.8714	0.6563		8837	6335	6353		202306	166173	171606	
0.7637	0.1894		4706	4716	4973		163613	168541	194361	
0.5044	0.1231		3918	3749	3749		162568	158382	159306	
0.9864	0.0659		5420	5441	4686		200253	195903	178529	
0.6571	0.7632		8299	8305	8929		207054	228625	264513	
0.5732	0.1083		5574	5774	5677		215500	212523	216595	
0.6184	0.1348		5853	5361	6162		233870	225840	228359	
0.3707	0.3332		6655	5650	5747		230434	226303	235155	
0.7187	0.7506		11498	11911	11826		272104	251356	329374	
0.5207	0.776		12013	13897	8236		261210	252078	220528	
0.9383	0.3554		6787	6274	6271		185330	185762	187382	
0.6024	0.8575		9107	8003	11013		253968	237174	221445	
0.2761	0.4448		7008	6657	7807		224847	234575	276413	
0.7381	0.2979		7234	6950	8347		211043	216645	272520	
0.1713	0.0624		2985	2940	3676		168972	152671	158901	
0.801	0.9711		7788	7617	7219		176586	170425	171713	
0.791	0.8801		7094	7047	7028		162489	165261	183646	
0.1577	0.4755		3998	3783	3731		162821	158261	160570	
0.4807	0.0593		4794	5012	4168		174798	171520	161475	
0.7669	0.8029		7405	6848	6835		159771	159038	162145	
0.3336	0.9116		5384	5355	5332		161697	161446	164678	
0.5237	0.7333		5667	6950	5512		176697	178237	166931	
0.3011	0.1116		3980	4480	3393		155261	172191	177929	
0.2703	0.5933		5165	5074	5679		195954	183643	177440	
0.0993	0.3292		3432	3536	4220		167678	190529	159546	
0.1076	0.556		7225	6771	6797		250139	224174	231553	
0.5283	0.8435		8610	7589	9527		217801	234881	264019	
0.095	0.5802		5329	7801	6333		214372	243127	216992	
0.882	0.7986		9392	9474	9327		214144	216969	220594	
0.6516	0.7415		7707	8694	8444		214168	211827	231637	
0.4793	0.565		6888	7581	6992		209302	205205	188938	
0.1301	0.2116		3244	3348	3438		168616	172285	170314	
0.5697	0.3704		4731	5921	6227		162771	193443	220176	
0.8789	0.5205		7010	7013	6367		162451	163342	164448	
0.5715	0.6684		5588	5656	5751		153466	155445	156780	
0.2003	0.8088		7509	5325	6336		212642	186751	188142	
0.6754	0.5021		5516	5610	5556		157299	157024	159669	
0.2083	0.5173		4442	4180	4459		158662	158842	157354	
0.848	0.7612		7058	7145	7025		149691	150207	150880	
0.6927	0.0511		4603	3988	3952		170392	162050	167911	
0.1478	0.1757		3687	3719	3595		189039	194362	191858	
0.4029	0.4012		4948	4395	4318		161483	161268	171480	
0.1493	0.1882		3951	3303	3288		150241	150763	153965	
0.9245	0.4412		5812	5813	5803		151788	151557	153324	
0.8449	0.3399		5378	5385	5358		162075	162264	164229	
0.9219	0.2983		5527	5485	5481		159671	160740	163138	
0.5478	0.4724		4905	4859	5012		161676	157313	169969	
0.4749	0.8501		5678	5726	5731		154125	154437	156452	
0.3605	0.675		5429	4943	6421		155459	156860	181417	
0.1011	0.6438		4056	4163	4019		158820	159238	165591	
0.6449	0.7461		6442	5969	5894		151147	149233	153840	
0.2066	0.3172		4441	4644	3707		152316	158393	160472	
0.2684	0.5331		5071	4385	4971		156797	157520	159069	
0.4834	0.8795		5855	5852	5873		166728	165052	168950	
0.0628	0.3233		3524	3424	3620		158028	147562	146842	
0.0571	0.1779		3313	2938	3010		166288	153630	159146	
0.3943	0.5411		4831	4801	5031		162583	157042	161520	
0.5781	0.1565		4015	4095	3994		163038	156106	159394	
0.4432	0.5492		4993	5045	4983		160750	155670	157508	
0.241	0.4873		4631	3948	3959		169057	164177	166173	
0.0594	0.5863		4092	4758	3782		161126	163311	156923	
0.2407	0.564		4498	4309	4223		168209	166543	163477	
0.9404	0.5932		7198	6593	6689		172463	165475	167857	
0.1856	0.0953		3733	3702	3031		156457	150810	152320	
0.3977	0.8113		5458	6284	5341		155471	158486	152749	
0.8948	0.1811		5301	5316	5729		160296	157210	154718	
0.5969	0.4422		4900	4914	4925		167938	165619	165259	
0.2284	0.3902		3865	3869	3848		167384	161787	168915	
0.5583	0.8057		5860	5888	5956		173002	169335	191893	
0.5502	0.4652		5430	4795	4838		172319	178166	199993	
0.5346	0.7622		5887	5845	5952		162740	163175	169922	
0.9664	0.7422		6760	7382	6825		168026	166175	170594	
0.7433	0.2164		6387	5004	4852		225254	202883	197004	
0.9069	0.5226		6900	7566	7096		194872	184517	188544	
0.101	0.7164		4792	5373	6053		167099	177536	201138	
0.6853	0.1045		4008	3980	4528		154486	182094	180443	
0.0675	0.4201		4963	3584	3627		165816	167342	187493	
0.3669	0.1437		4092	3637	5038		172511	169746	177671	
0.3264	0.252		4963	5125	4008		158930	163267	160126	
0.929	0.3779		5765	5776	5883		160638	157913	165145	
0.7439	0.4519		5280	5430	5276		167481	172102	173166	
0.1061	0.3723		3509	3461	3435		151080	161968	157871	
0.4698	0.1589		3760	3861	3909		160050	168812	161320	
0.4714	0.7273		7111	5319	5391		177791	160384	186952	
0.3568	0.3172		4435	4113	4703		165530	153234	151528	
0.753	0.7609		9468	10022	8393		222744	247451	207293	
0.3185	0.47		4270	5250	4239		163612	183465	180603	
0.2954	0.3347		5385	5072	4113		217588	217763	186205	
0.0908	0.3922		5306	6127	5368		216617	226860	212582	
0.353	0.0857		4053	3415	3326		164234	163418	161424	
0.2102	0.8116		8096	8089	6873		226562	225355	220666	
0.4207	0.2839		4153	4786	4261		160788	163230	165874	
0.0792	0.2893		4939	5110	4623		212268	213091	213501	
0.3226	0.8002		5994	5241	7660		168830	160679	215671	
0.9559	0.6727		6712	8415	8467		180344	189099	181999	
0.139	0.7966		6511	4593	5505		173428	164944	181713	
0.7008	0.3471		6179	5935	5097		163598	165342	161506	
0.1635	0.2966		6210	5970	5658		213531	217275	208939	
0.7933	0.9371		7033	8855	8706		161167	204370	211483	
0.7277	0.4102		6728	7626	6998		219990	249266	220191	
0.4478	0.5166		4983	5062	4971		162102	171235	161600	
0.8553	0.5177		7294	6164	6149		166710	167294	163479	
0.3394	0.9319		7739	8950	7061		226610	219781	225672	
0.8014	0.8742		8820	7023	8052		175739	171980	176332	
0.7668	0.8289		7808	10535	9118		173113	207230	225554	
0.4975	0.2226		3873	3990	5207		168308	183409	238136	
0.8016	0.2085		6512	6770	6590		221112	224303	229805	
0.3285	0.2722		4879	3991	4463		183987	165237	165470	
0.7403	0.1127		4690	4159	4194		166005	167624	174765	
0.4603	0.5521		7339	5620	5109		237504	177761	167188	
0.9488	0.4995		6476	6071	5963		156386	156633	155773	
0.553	0.9523		6387	7311	7488		167229	166282	163355	
0.0787	0.2313		4379	3322	3241		176621	153845	149694	
0.6699	0.995		7362	7697	6822		164402	168416	182278	
0.2468	0.7654		9346	7027	4750		238534	218766	171603	
0.0851	0.977		5999	9374	7963		216874	273766	232889	
0.4684	0.7024		7991	6154	6623		213267	175548	164484	
0.766	0.6607		6552	6322	6920		160266	166554	160932	
0.2164	0.8165		5483	4851	5173		166501	169289	174905	
0.6299	0.8508		7050	6474	6441		166998	166783	168069	
0.3607	0.9312		5551	5986	5366		156903	158964	159428	
0.8403	0.8246		7313	7131	7153		161021	161789	161074	
0.7574	0.19		4755	4763	4777		171746	173022	171916	
0.2459	0.1791		5201	5641	5934		222883	232218	248945	
0.5339	0.8792		7767	8235	8116		211220	194917	224586	
0.1728	0.2051		5074	5660	3981		217709	208996	158810	
0.6333	0.8453		7392	9665	8945		172503	212537	226849	
0.16	0.5716		6403	5504	4181		227842	203748	190170	
0.4346	0.4075		7102	6777	5855		243512	235672	226916	
0.9422	0.4913		8600	7851	5934		217560	201396	161252	
0.6884	0.6446		8821	8678	8782		250163	230637	236077	
0.3706	0.3345		4033	4104	4630		167564	165129	168605	
0.5899	0.6245		8028	7718	6611		193424	216720	218031	
0.9889	0.9908		9157	9895	9418		210529	217487	226557	
0.843	0.3048		8401	6247	8330		222160	222306	228498	
0.2042	0.9138		5184	6802	7770		170966	186429	214202	
0.643	0.5842		5839	5816	5778		161851	180393	167993	
0.5536	0.1077		3757	3771	3842		162361	166888	164214	
0.2921	0.2145		3540	3580	4088		162455	157371	160934	
0.6731	0.829		6524	6497	7064		173785	172223	170282	
0.4836	0.6178		5531	5254	5129		156861	153546	161618	
0.2209	0.2395		3358	3415	3427		151551	159521	150850	
0.9397	0.4767		6482	5903	5941		161961	163103	167035	
0.0746	0.5293		4610	6593	5558		199865	224350	218705	
0.2563	0.6804		7080	5234	4666		211248	162355	159653	
0.5871	0.8977		6312	6318	6330		154368	154272	156402	
0.2182	0.7109		4525	4813	4591		157396	166579	173144	
0.5705	0.3459		4753	4735	5550		152396	162219	158339	
0.4695	0.6205		5894	5540	5298		196318	193156	172169	
0.4453	0.4885		4682	5220	6475		183216	164131	196269	
0.4344	0.5377		4717	4815	4722		161393	162412	162128	
0.4422	0.6137		6679	5076	5119		187824	154312	168029	
0.333	0.4391		4296	4282	4251		155254	166381	170369	
0.2173	0.5181		4225	4814	5423		159330	157138	162514	
0.1288	0.8495		4536	4574	6198		159555	159913	176803	
0.3779	0.707		5659	5205	5708		155941	155188	172081	
0.9594	0.3102		5704	5596	5826		162422	156809	164261	
0.7832	0.2615		6897	7085	5312		224957	221244	169382	
0.7199	0.1616		4254	4269	5317		162529	170597	171364	
0.0675	0.265		3379	3293	5456		165431	166144	226212	
0.5826	0.7007		5641	5727	5661		163725	163812	161815	
0.6563	0.9177		8076	8033	6797		217832	185954	177283	
0.6457	0.2556		4923	5534	4760		155906	153331	148602	
0.9419	0.4678		7366	6023	6636		171613	176649	169212	
0.8775	0.9042		7411	9581	8368		166557	202514	168376	
0.6693	0.179		4160	4264	4273		161632	163672	165695	
0.9112	0.672		6855	8625	8924		173637	223259	225190	
0.5563	0.3158		5171	4589	4552		162212	173327	165075	
0.9298	0.3728		5525	6627	6768		155150	160264	161670	
0.5447	0.182		4376	4378	3882		175253	175473	152634	
0.6883	0.4493		7265	5645	5250		194248	169598	158370	
0.8683	0.0733		5507	4321	4879		157417	152287	160140	
0.4358	0.8026		5406	6152	5400		151675	173899	148905	
0.5844	0.7046		5626	5646	5779		156778	159260	158783	
0.7239	0.7061		6025	6034	6246		164300	158011	162135	
0.8908	0.5861		6468	6582	6645		174827	166690	167273	
0.2275	0.1235		3729	3219	3162		170581	165973	162430	
0.4016	0.7571		5518	5438	5474		173933	165563	165716	
0.7802	0.4654		6537	6022	6175		187287	189415	182308	
0.9408	0.6954		7355	7604	6996		170008	165565	164946	
0.079	0.3832		4323	3779	3572		158402	158050	154222	
0.913	0.4708		6326	6355	5921		165018	164287	157513	
0.2965	0.1315		3514	3459	4040		159084	153647	158516	
0.777	0.5182		6628	6689	6045		165953	163257	161600	
0.086	0.0742		2965	2958	2950		165021	159550	159574	
0.5872	0.828		6203	6202	6207		168385	162963	162780	
0.9177	0.1876		5372	4971	5079		169232	160505	161932	
0.222	0.6376		4370	4433	4521		162821	155452	157567	
0.2227	0.8762		4936	5589	4993		169538	161943	161666	
0.4253	0.511		4759	4770	4753		170381	163455	163217	
0.4808	0.8727		5787	5796	5791		165683	159673	160615	
0.1059	0.8376		4466	4465	4473		169605	169382	168437	
0.6397	0.4763		5173	5218	5128		161353	157603	157934	
0.7758	0.3559		5329	5909	5884		159490	155447	154460	
0.7216	0.3113		5520	5483	5560		186252	181460	182536	
0.5822	0.3125		4667	4618	4707		162301	159609	161676	
0.3463	0.3695		3951	4079	4533		175128	170539	171732	
0.7663	0.8555		6912	6919	6878		168471	163274	165180	
0.77	0.9764		7207	7146	7199		164649	160776	160861	
0.7766	0.3598		5260	5380	5520		175623	168368	167747	
0.4054	0.8857		6318	5608	5638		162465	156364	156590	
0.6987	0.3641		5632	5621	5575		194091	188755	190654	
0.3825	0.8737		5502	5476	5523		175040	172092	171314	
0.5267	0.3505		4662	4670	4961		158579	154019	153518	
0.1756	0.1866		3793	3154	3244		163913	158045	157615	
0.9002	0.9846		7741	7594	7677		161181	154568	156035	
0.9725	0.8018		7467	7484	7416		170217	164319	164713	
0.9302	0.3912		5759	5663	5667		168079	162993	164563	
0.3239	0.8709		5248	5385	5266		165194	161018	159681	
0.4064	0.0745		4114	3474	4269		162557	157909	173964	
0.211	0.0833		3086	3150	3296		172943	172724	165605	
0.8558	0.8555		7250	7140	7093		163212	157036	154908	
0.3395	0.5824		4706	4663	4913		163938	159505	159704	
0.5601	0.1168		5442	6496	4845		209634	266100	199664	
0.185	0.089		3214	3062	3051		171787	169247	165204	
0.7656	0.5333		8897	8152	6154		221965	199775	168125	
0.99	0.4287		8333	5852	7243		203539	162679	195824	
0.4605	0.3747		4847	6284	4511		178785	193410	149511	
0.7649	0.5973		8210	6165	6177		196696	165047	166379	
0.9294	0.2583		5475	5519	6025		160024	160655	185397	
0.5801	0.7394		5679	5617	5801		160279	160574	161749	
0.5795	0.8405		6855	6209	6361		157394	157545	157086	
0.8994	0.8663		7316	9984	9929		178364	227062	224759	
0.9067	0.4713		7241	30055	9333		221207	264123	254036	
0.6552	0.3914		5021	6905	5073		167491	223744	201529	
0.8575	0.7116		7170	6750	8707		191886	167053	232998	
0.3634	0.6899		5706	4929	6390		165222	165287	216196	
0.189	0.4464		5419	3975	3931		199145	162755	170361	
0.7502	0.4409		5507	5460	5528		161075	165087	167073	
0.8057	0.0669		4311	4196	4198		157067	158867	163103	
0.849	0.0857		4306	4368	4312		155830	158472	157773	
0.3804	0.6189		4937	5041	5042		170867	167444	194645	
0.6045	0.2987		4821	6075	4785		173159	195501	163558	
0.7226	0.994		8089	8334	8761		204137	207717	199233	
0.3771	0.4814		7356	6257	4744		227673	194113	174077	
0.1308	0.7948		4603	4537	4513		164942	165693	163693	
0.1734	0.1502		3891	3177	3167		154216	155035	156982	
0.4659	0.614		5037	5688	5798		160346	164385	196710	
0.6759	0.6548		6504	5818	5829		156824	152348	153782	
0.9776	0.2287		5051	4996	5059		163681	158963	160861	
0.3546	0.9886		6506	6006	5982		186650	183537	182862	
0.7055	0.4015		5229	5228	5481		160269	155096	153994	
0.7996	0.2118		5607	4676	5255		157682	149297	149274	
0.9219	0.9473		7508	7519	7528		171237	167469	165221	
0.8717	0.9043		7983	7271	7249		163195	158784	158305	
0.2877	0.3513		4092	3928	4631		169102	165120	165715	
0.8768	0.3843		7505	7612	10634		208876	217157	245608	
0.631	0.4905		5839	5816	6393		159656	162429	171646	
0.8536	0.501		6126	6391	6313		159902	179447	171024	
0.3941	0.7463		7067	5761	6033		169030	164346	159217	
0.9421	0.9411		8419	10253	9964		175405	231692	231501	
0.5431	0.4317		6609	7102	7111		228666	226592	227122	
0.9634	0.6491		9311	8802	10411		232231	231860	252679	
0.1316	0.5602		6883	6939	5186		231701	230203	200313	
0.6861	0.7708		10132	7011	7543		231096	205087	190450	
0.9814	0.2798		8361	7945	7752		231988	230323	223814	
0.3835	0.4973		4432	5126	4736		163132	161756	160625	
0.1751	0.1206		3163	3176	5707		164980	163526	203575	
0.1462	0.9047		6903	7119	4912		228084	224723	171713	
0.7529	0.1008		4344	4279	4204		159623	160496	165086	
0.8784	0.831		7453	8122	8521		162382	164689	167474	
0.798	0.8738		8773	6982	7555		212611	162080	170700	
0.898	0.2483		7849	6528	7778		222768	223445	226184	
0.4591	0.5187		5028	7294	6441		172890	209367	206137	
0.1938	0.0795		3102	3847	3174		159564	161975	162517	
0.5207	0.6216		5255	5925	5428		162070	165640	165396	
0.3616	0.3235		4136	4797	6377		170256	167314	184056	
0.1199	0.8439		6574	6182	6680		220062	232794	226181	
0.2811	0.4764		4084	4152	4104		172151	169749	171755	
0.9999	0.5786		7754	6659	9151		187285	189084	270153	
0.4893	0.2457		3956	4078	3922		166033	171290	164787	
0.7424	0.1749		4302	4417	4321		168847	181497	173914	
0.3333	0.8973		5636	5740	7229		155012	177573	210981	
0.6729	0.1682		4171	4209	4182		156460	157901	160100	
0.9879	0.8873		7693	7728	7706		172919	172327	169726	
0.1069	0.4126		3822	4265	4061		163036	158260	169820	
0.7088	0.7937		7201	6648	7423		167232	163296	166039	
0.4413	0.7554		6312	5695	5888		206222	175573	167495	
0.5785	0.3716		5326	5258	7003		174886	194564	230688	
0.331	0.6279		9831	8524	8033		249119	251235	244331	
0.1619	0.7469		6696	6259	7872		236142	226503	224039	
0.7073	0.7587		6974	6643	6681		175393	166793	169862	
0.9446	0.4296		6877	5827	5947		169268	162988	168067	
0.6845	0.6038		5787	6900	5683		170618	156069	151289	
0.5374	0.5709		5185	5398	5294		176675	161894	172032	
0.4926	0.2734		5024	5633	5940		202773	191110	207796	
0.8586	0.0693		6694	6768	9679		208945	223152	224420	
0.6391	0.1484		5804	7116	6845		214109	214907	210912	
0.6769	0.8193		8560	9098	9259		220965	230133	227681	
0.4041	0.1608		3701	4393	3648		164862	181547	167245	
0.2687	0.2611		3769	3841	4250		160909	155263	160397	
0.796	0.3286		7062	8042	7340		221203	239061	241069	
0.1535	0.6082		7367	7431	6983		228436	218280	209551	
0.6932	0.9393		6989	8298	7004		163056	165108	157329	
0.4062	0.5292		6047	5303	5303		193340	194099	192210	
0.115	0.4361		3653	4358	3592		160746	173209	168576	
0.5664	0.5449		7339	7625	7428		226598	220555	220927	
0.5753	0.3182		4745	5442	4777		173811	166854	165812	
0.5373	0.8385		6079	6182	6030		176838	166948	168354	
0.0522	0.9996		4311	4972	4340		165592	159320	158399	
0.5348	0.6008		5452	5334	5304		175751	166898	166329	
0.3607	0.9077		5606	6295	5577		175354	196273	168447	
0.9263	0.9314		8109	7949	7427		179356	173240	168911	
0.7697	0.2816		5771	5152	5133		160658	152338	151179	
0.4777	0.6846		5236	5826	5334		172021	163902	166012	
0.0996	0.2777		5469	4322	3352		201724	197699	168163	
0.5145	0.264		4454	4638	4928		167346	180122	170411	
0.6277	0.9385		6775	7627	6783		172243	171758	168375	
0.2552	0.6966		6526	4730	4813		220009	166712	158522	
0.273	0.989		5733	5792	5877		184062	184667	180759	
0.8785	0.3417		5559	5674	5537		160022	160448	158438	
0.8859	0.7402		7364	7289	7426		221383	194318	196408	
0.8223	0.5045		7473	7920	6563		193805	219489	177948	
0.7407	0.3		4970	5041	4980		159547	162709	162894	
0.4219	0.3686		6237	4246	4241		208138	161335	162452	
0.8621	0.2319		4876	4864	4853		159593	161586	159157	
0.4274	0.8215		5675	5537	5536		167645	166381	166085	
0.281	0.4639		4107	4190	4730		177539	162940	172041	
0.5027	0.6707		6307	7062	5800		185178	186128	181442	
0.4758	0.3954		4700	4620	5399		182106	187059	187223	
0.4953	0.0696		5200	5105	6114		178011	184497	186136	
0.7576	0.8815		8177	7454	8670		185704	187514	195942	
0.8223	0.9468		7375	7438	7487		162120	161859	162673	
0.0508	0.0583		2721	2743	2779		150963	151337	149953	
0.2382	0.5843		4354	4264	4899		165764	167097	167193	
0.4628	0.7841		5685	5665	5669		151422	154438	152985	
0.6776	0.1355		4812	4249	4871		165330	167454	166038	
0.9401	0.3698		5668	5752	5644		168147	170414	173993	
0.8376	0.6189		6359	6284	8279		155258	165225	196521	
0.9019	0.9804		7547	8128	8107		158860	184042	181908	
0.4876	0.9399		6288	8280	6684		163100	170878	173204	
0.2247	0.9233		5127	5579	5558		160508	160051	166080	
0.2814	0.853		5740	5083	6465		165685	162672	167292	
0.6487	0.0643		5079	4299	4016		181489	171355	162857	
0.8246	0.6422		6448	7141	6410		151725	157918	157831	
0.0527	0.8553		4767	4190	4150		148733	152393	156736	
0.1988	0.2724		5152	5855	3662		180054	200309	156951	
0.5745	0.6187		5344	5305	5336		152482	153774	153324	
0.7275	0.7454		6031	6011	6015		149511	151603	150752	
0.6065	0.6007		5460	5431	5490		155183	157901	157080	
0.9984	0.8086		7561	7470	7417		151239	152790	152293	
0.3605	0.9565		5585	5498	5557		167213	170768	168910	
0.6244	0.7129		5622	5713	5747		162953	163204	165193	
0.6163	0.773		6136	6094	6210		154910	157639	157937	
0.791	0.5405		6003	6015	6662		166645	168877	168040	
0.7474	0.7877		7277	10199	6607		202816	229874	171583	
0.8128	0.6849		7661	7013	7514		202792	187361	180801	
0.8199	0.1602		4621	4714	5580		155385	156438	173133	
0.8369	0.5974		6685	6496	6378		171402	173680	157909	
0.9321	0.6762		6602	6776	6580		164601	172800	165810	
0.5284	0.7323		5566	6116	5487		157595	156845	153648	
0.2058	0.1038		3117	3158	3147		154060	156859	152177	
0.5232	0.4082		4665	4689	5231		150875	153694	177195	
0.4092	0.5446		4783	5407	5012		161966	164057	164578	
0.8799	0.3418		5563	5621	6206		159214	159275	159094	
0.0918	0.2986		3321	3336	3541		157304	158620	160091	
0.3433	0.593		4626	4622	4633		156579	156959	157430	
0.4224	0.0549		3408	3358	3481		163109	163217	162222	
0.714	0.6002		6024	5963	5994		158202	159672	158938	
0.2562	0.4705		4178	4186	5114		162059	169172	181662	
0.3091	0.0779		4003	3222	3272		168476	172101	162324	
0.9341	0.485		5899	5823	8030		156709	156275	207689	
0.9798	0.6768		6736	6870	6845		164432	165820	165661	
0.8453	0.5856		8540	6224	6309		197748	160192	161600	
0.9095	0.216		5448	5432	5454		183723	182903	181271	
0.7413	0.1349		4383	4491	4384		160708	161525	160659	
0.0931	0.7331		4171	4153	4208		167058	167114	165835	
0.3931	0.7525		5401	5403	5398		160399	162547	160611	
0.5913	0.3982		4967	4837	4820		152623	153774	155289	
0.6946	0.5256		5883	5789	5859		175932	177725	174675	
0.4261	0.9904		5660	5665	5827		163882	165012	165127	
0.5619	0.8072		6433	6477	6387		188931	190340	188657	
0.4578	0.4375		4535	4518	4494		163754	165168	163955	
0.1855	0.6962		4438	4320	4544		163218	162999	162680	
0.5048	0.9747		6846	6729	6713		193897	196015	195895	
0.5537	0.3856		5376	4683	4689		149350	148658	148178	
0.1175	0.435		3613	3545	3540		158946	159246	160527	
0.9074	0.5666		6473	7091	6487		158765	162337	158584	
0.392	0.3279		4277	4264	4253		163663	166124	164968	
0.9226	0.295		5574	5518	5496		159285	159384	161193	
0.496	0.8039		5749	5643	5806		155064	156616	155187	
0.1589	0.9448		5397	4773	4777		154406	154032	153913	
0.6097	0.4914		4959	4947	4949		152022	152677	152497	
0.7991	0.6793		6318	6278	6223		161878	162105	162445	
0.1312	0.2493		3383	3264	3290		160429	159482	161020	
0.7594	0.3697		5194	5297	5250		162641	164131	164615	
0.3966	0.1628		3602	3673	3667		165608	166214	164527	
0.6513	0.2377		4405	5066	4396		153450	154465	154930	
0.8758	0.0662		4464	4523	5047		156551	156160	157631	
0.1535	0.7217		4584	4339	4335		157338	157964	155983	
0.9153	0.4203		5665	5715	5699		152580	151573	154959	
0.4118	0.1244		3526	3525	4686		157905	156576	157156	
0.2299	0.2142		3965	3405	3434		188045	162568	158728	
0.8117	0.4354		5562	5341	5325		162920	161718	161748	
0.214	0.108		3171	3173	3135		158358	159124	157647	
0.4035	0.1407		4336	3646	3646		155317	155280	157712	
0.2526	0.7735		4965	4976	4969		143837	147905	146358	
0.6154	0.6986		5719	5673	5624		162083	161813	163825	
0.9177	0.4149		5717	5706	5701		154617	154756	153284	
0.6838	0.5983		5642	5714	6238		158786	155311	159032	
0.6547	0.7034		5928	5991	5946		162519	161155	159904	
0.4428	0.3862		4546	4576	4822		162542	161762	161616	
0.736	0.0692		5254	4655	4695		187366	186497	185591	
0.7696	0.4762		5641	5571	5704		156483	155274	155850	
0.1358	0.078		3694	3071	3028		153160	153133	161336	
0.6583	0.5271		5715	5660	5688		182425	169555	170312	
0.9683	0.5964		6685	6686	6879		168536	169439	167995	
0.7383	0.5628		6528	8988	6382		192382	232450	184682	
0.5359	0.9905		6217	6202	6320		162265	162290	160959	
0.4443	0.4423		4606	4772	4862		160791	166384	160613	
0.9435	0.8372		7540	7501	8299		158573	160405	161080	
0.4144	0.3867		4344	4387	4388		164209	163693	166934	
0.5952	0.1403		4105	4047	4057		155952	155868	156465	
0.2842	0.568		4497	4481	4502		165254	167311	163469	
0.524	0.708		5582	5523	5522		165623	166493	168320	
0.4502	0.9291		6470	5869	6067		161127	160676	172633	
0.624	0.5223		6020	5880	6074		168654	188582	187125	
0.6246	0.8875		8025	8969	6426		177870	196181	157081	
0.7694	0.1591		5262	4404	4582		165945	159651	167858	
0.1251	0.7177		4308	4312	4297		161959	160887	159955	
0.2165	0.5639		4318	4349	4295		154415	153990	153373	
0.533	0.5983		5286	5334	5329		158359	156757	162884	
0.4975	0.9741		6024	5943	6023		159976	157524	156225	
0.2106	0.5919		4244	4310	4250		162109	161545	161084	
0.6078	0.907		6495	6324	7222		157610	157492	188275	
0.1213	0.7422		4385	4170	4132		149452	149517	146887	
0.6184	0.8268		6216	6835	6209		162380	163680	159869	
0.5815	0.6585		7522	8251	5608		185934	222487	165009	
0.8014	0.2285		6436	4639	4739		218154	170648	171174	
0.8735	0.2799		5333	5269	5309		149859	148517	149691	
0.7078	0.5181		8017	5965	5749		230118	192139	159614	
0.816	0.9704		7340	7370	7335		172911	170256	169794	
0.999	0.4171		7383	6489	6046		173624	163513	164372	
0.4736	0.9467		9173	6115	7714		203500	177417	195180	
0.2826	0.8994		5210	5738	5787		159812	181443	170015	
0.2464	0.1342		3387	3512	3996		161940	171814	162274	
0.7153	0.6687		6094	6178	7090		156603	155730	169700	
0.4827	0.2879		4535	4329	5085		156208	154486	159062	
0.0735	0.5663		3962	3868	4430		163017	164363	159410	
0.7866	0.3694		5393	6369	5344		176534	164716	165608	
0.0881	0.4462		4188	4396	4550		194333	195840	184399	
0.9418	0.3014		5602	5754	6004		170299	169777	171181	
0.162	0.1392		3263	4528	3804		155427	155417	153028	
0.4323	0.3258		4254	5284	4300		162903	168394	154249	
0.0615	0.6475		4061	3909	3884		158085	160065	159268	
0.9964	0.3228		5924	5835	5723		166946	173189	165404	
0.439	0.3662		5880	5739	6182		227160	206351	214538	
0.7113	0.066		4456	4086	4131		166338	157600	152659	
0.0766	0.9412		4581	4579	4576		158211	156554	150610	
0.8898	0.4367		5715	5743	6300		167142	163224	160676	
0.9654	0.6765		6760	6872	6864		173316	168187	163226	
0.9432	0.9499		7791	7818	8385		163322	157653	162806	
0.486	0.5545		4988	5044	4983		157781	154795	153217	
0.933	0.7553		7274	7367	7767		173604	174261	178723	
0.8087	0.5942		6124	6096	6242		163456	156371	155092	
0.3399	0.0784		4053	3348	3473		168096	161095	160628	
0.8709	0.0857		4311	4577	4911		169839	172540	163365	
0.326	0.2907		5671	4079	4181		163563	175742	159596	
0.6676	0.3361		6118	4897	4901		160146	152336	155236	
0.3763	0.9944		6486	5654	5781		181902	162310	161395	
0.3818	0.7399		6596	6953	7357		218629	210432	227901	
0.4712	0.0931		4266	3606	5111		167527	183293	222631	
0.2892	0.336		4165	4579	3959		159606	159809	158552	
0.6286	0.4864		5179	5101	5135		157160	157427	155892	
0.6085	0.5712		5606	5399	5738		173146	163497	161516	
0.1087	0.3042		3424	4064	3531		160624	162802	158084	
0.0782	0.4525		3611	3636	3600		155981	157345	155916	
0.9513	0.5856		6606	6609	6615		161101	161031	160493	
0.0839	0.8302		4452	5737	4500		158397	185428	174302	
0.7767	0.7512		6795	6748	6728		162118	159910	157740	
0.677	0.4484		5120	5171	5124		155794	153772	151059	
0.9821	0.0506		4436	4403	4426		169055	167971	166590	
0.5468	0.8703		7437	7040	6562		203511	186151	183287	
0.4632	0.864		6349	5759	5761		166725	162596	163042	
0.9716	0.4685		5934	5973	5961		170576	171705	168773	
0.2759	0.2535		3827	3794	3803		155751	155446	153431	
0.2966	0.5238		5225	4379	4625		162125	159243	160970	
0.8831	0.2077		5516	4905	4942		160453	162652	162488	
0.109	0.4773		4749	4104	4109		186850	189287	188567	
0.6314	0.6895		7677	6154	7273		209121	181301	175712	
0.5718	0.5406		5993	5926	5915		182416	183921	182792	
0.545	0.828		6078	5933	6156		161688	159457	161236	
0.4903	0.561		5048	4940	5179		157111	159017	162451	
0.7858	0.7273		6405	6427	6256		181593	165995	165168	
0.9772	0.2779		5718	6248	5632		163699	165000	163348	
0.8069	0.7871		7109	6743	7169		175049	172756	178436	
0.7615	0.2408		4666	4600	4651		162298	164419	161907	
0.8451	0.6415		6538	7002	6400		163887	166952	164561	
0.663	0.5674		5756	5690	5830		156871	157605	155631	
0.5024	0.1077		3840	3691	3884		162589	163731	161154	
0.6585	0.5283		5590	5603	5613		161121	161415	162518	
0.8358	0.9486		7359	7332	9073		167290	177214	199965	
0.1904	0.8503		4842	4824	4965		166846	167696	167797	
0.6663	0.3328		5003	4954	5054		171496	174158	180018	
0.6449	0.3015		5529	5371	5316		190015	191112	189767	
0.4023	0.1719		6069	3680	4227		212237	159731	160167	
0.089	0.3523		3456	3459	4002		160302	160690	160911	
0.8765	0.3772		5746	5690	5696		151614	151349	152808	
0.839	0.8301		7150	7146	10103		159378	165483	214791	
0.3193	0.8177		5303	5324	5324		164570	163152	163475	
0.4509	0.5494		6803	8216	4986		203974	214761	160585	
0.3679	0.8297		5923	5594	5431		159742	167595	184978	
0.7978	0.1546		4473	5135	4711		159522	154620	151776	
0.3651	0.1294		3508	3523	3575		159750	158055	157102	
0.8414	0.0748		4344	4347	4380		159364	159241	157804	
0.6363	0.3454		5017	5578	5044		161930	163589	160419	
0.809	0.9285		7845	7040	7070		156965	155662	154271	
0.3407	0.4087		4901	4186	4222		154672	152994	152288	
0.8395	0.3323		5505	5414	5692		165531	166387	164103	
0.1648	0.8405		4680	4568	4812		155911	155739	155113	
0.6422	0.1552		4188	4197	4197		166006	167560	165881	
0.303	0.4647		4166	4168	4129		169895	169354	167751	
0.316	0.4285		4886	4206	4219		159442	159022	156667	
0.0504	0.8221		4425	4212	4515		158014	158343	157919	
0.6068	0.9137		6349	7053	6480		165789	165583	168945	
0.5533	0.949		6196	6201	6293		157627	158143	156571	
0.157	0.7668		4790	4567	4660		156370	159114	160307	
0.6513	0.5192		5610	5583	5595		154070	159264	156997	
0.7728	0.4494		6225	5555	5504		160084	157917	156087	
0.1012	0.5675		3966	3985	3976		155104	157396	156607	
0.4026	0.0865		3470	3464	3506		149174	151954	150539	
0.5522	0.2022		4586	4612	4589		176388	177266	180537	
0.1403	0.7651		5161	4584	4632		151457	151930	153413	
0.9983	0.1562		4760	4765	4758		161648	163564	165380	
0.4615	0.1511		4473	4774	3818		182382	170953	168802	
0.8984	0.2396		5002	4961	4981		165412	165047	165626	
0.9594	0.8937		8369	8635	8342		160759	174242	160886	
0.9711	0.3713		5900	5794	5767		169430	167037	165790	
0.2386	0.7528		4871	4734	4759		162260	160408	162505	
0.7585	0.3953		5393	5418	5627		164679	163993	164096	
0.9029	0.8778		8394	10500	7575		164180	215546	158284	
0.1614	0.2089		3309	3342	3851		153888	153729	157020	
0.5945	0.6171		5500	5476	6623		157213	156946	208108	
0.5891	0.8552		6288	8665	7883		169539	214339	205920	
0.4674	0.7404		5383	5339	5385		163258	169325	161367	
0.0611	0.6006		3799	3863	4060		163043	161641	161832	
0.9343	0.4936		6448	5829	5872		160453	161239	160515	
0.9732	0.7384		7047	6843	6930		157721	159980	166658	
0.9445	0.8871		7823	7731	7710		165934	165927	165867	
0.1006	0.8789		4516	4472	4530		158842	158415	159859	
0.0774	0.8151		4403	4414	4461		164567	164688	169840	
0.4165	0.0934		4146	3559	3539		149474	149938	149922	
0.3449	0.1938		3775	3718	4247		157830	159842	158100	
0.0955	0.797		4391	4373	4371		154516	155505	157069	
0.7805	0.74		6923	6283	6587		163189	160619	161017	
0.3022	0.3865		4054	4008	4370		157251	155570	157030	
0.3256	0.6853		4860	4798	4770		157830	154410	155006	
0.8495	0.3203		5422	5401	5390		172577	167198	168497	
0.9603	0.4787		5942	5919	5904		165552	165645	166189	
0.1862	0.0993		3501	3494	3598		191554	188228	191839	
0.356	0.7501		6197	5321	5336		181571	165381	162542	
0.5351	0.1024		5169	5975	5583		225034	238813	240541	
0.6465	0.2799		7081	8057	7339		230336	242792	219850	
0.27	0.2011		4115	3567	4394		161380	159430	170090	
0.7483	0.2832		5421	5663	7304		169077	187417	234036	
0.819	0.9425		10872	7513	9199		245504	185596	228918	
0.466	0.3061		6213	6317	6784		226106	226728	238630	
0.9046	0.5622		9533	8618	6638		235740	200826	159911	
0.5353	0.7624		5961	6118	5986		156685	156266	155033	
0.9409	0.3684		5785	7391	8459		182987	224015	221649	
0.0871	0.7873		7457	4883	6023		237437	201307	190982	
0.4744	0.9883		6897	7136	6465		191432	196142	186918	
0.145	0.8045		5670	7826	7400		216611	275257	253053	
0.7318	0.0524		6314	6277	5551		215782	210501	178543	
0.6504	0.4485		8282	6982	5132		209618	205234	153937	
0.9523	0.5239		8799	9280	8642		233444	251265	233637	
0.4667	0.3075		4782	4296	4369		163469	166271	165093	
0.5032	0.7116		6337	5696	6190		159952	193609	197337	
0.5215	0.3875		5694	5367	4676		171119	167416	157450	
0.3507	0.4937		5517	5271	4700		182621	173519	164975	
0.1777	0.3328		3670	3598	4043		163517	159476	158793	
0.7438	0.2311		4471	4555	4520		155840	160869	157238	
0.2405	0.4959		4073	3980	4085		159544	164956	155317	
0.3325	0.7136		6982	7812	6721		238762	242063	216062	
0.7761	0.5396		6066	5976	6027		164810	160694	164062	
0.7955	0.1932		4698	4654	5322		165996	158336	161021	
0.4425	0.3242		4362	4397	4466		165306	158422	160470	
0.5153	0.307		5192	4458	4452		174425	163131	161588	
0.9339	0.2245		5087	4944	4943		176755	165543	164251	
0.4732	0.4164		5353	4518	5218		177176	166285	164694	
0.8844	0.3964		5737	5796	5760		167213	169056	168373	
0.7085	0.8803		6883	8077	6760		158919	174056	161967	
0.4571	0.3782		4504	5622	4819		168368	162026	156789	
0.3374	0.9544		7130	7152	7011		219255	217501	219265	
0.639	0.7851		6979	6922	7473		192796	185322	183408	
0.6065	0.8453		6261	6837	6319		177490	169018	166400	
0.8359	0.0823		4402	4293	5718		163102	167748	171163	
0.2999	0.0793		4092	3337	3323		172197	162082	160584	
0.6492	0.5126		7608	7622	8045		219156	224817	220835	
0.7907	0.771		9563	9031	9169		235459	228814	191545	
0.2694	0.4729		7293	5821	4195		183361	170178	168005	
0.3046	0.0956		3517	3286	3917		169767	158590	155216	
0.6268	0.487		5238	5151	5285		170272	159404	159675	
0.6223	0.8996		6395	6358	6940		171378	164433	162885	
0.9842	0.0505		5559	5019	4945		196134	187613	190103	
0.6271	0.6707		6062	5863	6534		172357	163490	164675	
0.5523	0.7489		5919	5547	5508		168471	160980	160796	
0.2566	0.1553		3399	3536	3434		175098	165810	164181	
0.4004	0.4138		4437	4378	4456		156702	149445	149240	
0.1808	0.4881		3828	3795	4138		167616	161185	163425	
0.3759	0.3526		4976	4221	4265		163098	155512	155823	
0.4669	0.1994		3999	3997	3960		159977	149992	149416	
0.7382	0.2069		5161	5128	4559		172865	165791	162630	
0.5459	0.4146		4831	5049	4762		165911	162897	160418	
0.0599	0.2798		3182	3167	3730		166538	160088	182587	
0.4357	0.5716		5389	5383	5431		185153	178637	194458	
0.0902	0.7333		4182	4141	4200		163956	157699	155388	
0.4687	0.76		5640	5573	5575		165297	159735	156807	
0.6195	0.4386		4950	4883	5176		167371	163633	161142	
0.6053	0.6026		5427	5441	5447		169496	162761	162270	
0.7863	0.1793		5080	4449	4423		169374	164282	163402	
0.6187	0.0718		3929	3825	4586		163326	156121	173715	
0.1346	0.657		4904	5875	5793		176404	209475	187301	
0.3938	0.1647		3706	5231	5669		167669	212489	214343	
0.9347	0.7757		11355	10495	9184		210781	230889	203181	
0.9456	0.1938		5029	5734	6777		159203	180793	213357	
0.9171	0.7606		7899	9902	7797		192397	211696	182079	
0.5075	0.2782		6225	5861	6090		191196	192467	203972	
0.849	0.8965		7510	7561	7973		179147	183034	184483	
0.4817	0.4587		4677	5894	5850		194624	182035	178669	
0.6489	0.9273		8303	7209	8456		204056	208935	233136	
0.4975	0.9455		7974	9315	7546		202744	202807	207435	
0.1576	0.6237		4851	5342	4894		211430	206458	208189	
0.7033	0.0921		6251	5000	4292		189050	187833	198939	
0.6086	0.2722		5438	6383	6592		191008	221482	232133	
0.653	0.9308		7165	7146	7117		162807	189317	191386	
0.2936	0.3456		5660	4390	4105		192417	186789	166181	
0.5394	0.1942		4834	4249	4062		186230	186211	180190	
0.9641	0.2876		5642	5621	5620		164735	166093	163781	
0.1242	0.3422		3527	3543	3924		163829	162745	162430	
0.3414	0.7983		5212	5234	5314		161857	160221	157614	
0.9939	0.4416		6216	5867	6124		166762	166422	165953	
0.9042	0.6443		7244	6654	6667		148908	149418	150936	
0.6746	0.1769		4213	4302	4708		166978	167943	165969	
0.7612	0.2526		5140	5194	5144		150226	152332	146846	
0.0815	0.5504		3848	3859	3898		164960	169228	165475	
0.9017	0.5274		6509	6454	6446		166082	162973	162374	
0.1001	0.8713		4937	4879	5560		198336	195364	194760	
0.2524	0.0612		3124	3143	3120		159354	159317	156324	
0.9953	0.8701		7637	7560	7660		168957	167887	168097	
0.7398	0.081		4157	4114	4152		157217	158781	156687	
0.1647	0.4915		3772	3913	3777		161182	162632	159369	
0.0555	0.9469		4427	4366	4603		154276	154336	154170	
0.772	0.4787		5683	5602	6099		164317	167606	165235	
0.8104	0.4772		5533	5450	5442		163992	165025	164270	
0.3123	0.6846		4625	4586	4814		165450	160239	159668	
0.6222	0.9871		6312	6323	6467		155886	152992	156028	
0.6148	0.6607		5647	5592	5705		164966	166233	164979	
0.7499	0.6117		6515	5983	5885		159076	153992	152481	
0.3599	0.7501		5319	5409	5276		166867	165509	169500	
0.6207	0.8063		6119	6113	6093		161680	161292	163266	
0.5488	0.2369		4089	4107	4570		159739	159158	158250	
0.503	0.6162		5273	5311	5271		154896	155718	155116	
0.7767	0.2154		5604	4660	4630		158452	153851	151208	
0.2889	0.0552		3205	3184	3194		160704	159101	158436	
0.4689	0.291		5025	4425	4931		160147	160262	159561	
0.5044	0.9301		6217	6101	6853		161825	160951	160499	
0.2863	0.746		4824	5256	4706		159428	159841	158397	
0.8427	0.6044		6340	6251	6334		154264	153812	152330	
0.5933	0.6225		5403	5331	5401		166208	164292	162934	
0.1003	0.9409		4629	4643	4786		150257	149979	150807	
0.1391	0.097		3736	3014	3723		158494	156355	157937	
0.9936	0.5806		7547	8318	7578		184926	172632	175435	
0.9716	0.084		4566	4554	4623		167156	167874	172598	
0.4359	0.2329		4386	4313	5333		176118	175559	175204	
0.2556	0.3618		4031	4667	4377		163007	158964	153186	
0.7537	0.4046		7363	5882	5476		191123	211026	187549	
0.2759	0.4072		4139	4121	4064		162321	156267	172040	
0.6633	0.652		6055	5869	5819		162135	161925	161619	
0.1107	0.8641		4518	4572	4450		165465	166535	161880	
0.9264	0.712		6786	6821	6969		158946	158269	160073	
0.6059	0.2702		4672	4641	4679		153583	154707	154324	
0.8832	0.5302		6514	6572	6622		162864	164222	160402	
0.8201	0.7115		6540	6550	7168		164005	161991	160951	
0.1566	0.7904		4523	4521	4615		161977	162132	159060	
0.0617	0.2133		3094	3180	3128		168223	167387	166381	
0.319	0.8129		5379	5350	5349		165195	164879	165750	
0.6182	0.7267		6297	7477	7982		189176	191204	217216	
0.1612	0.6705		4779	4756	6197		197785	193840	201870	
0.3154	0.3636		4102	4131	4116		151871	154135	151193	
0.4879	0.4977		4654	5145	4543		158750	160945	160012	
0.9252	0.9816		7707	7661	7936		190965	174910	173936	
0.653	0.9985		6858	6789	6696		170978	163783	158836	
0.9428	0.3367		7040	6055	5862		182897	184325	191495	
0.3232	0.781		8250	8077	7298		200052	207238	212009	
0.5128	0.2828		5768	4609	5897		196320	188752	197894	
0.0931	0.3505		4505	5533	3601		210206	208522	185099	
0.0867	0.5068		4610	4904	5343		197487	199171	193581	
0.7187	0.948		7356	6991	7588		190862	190052	184158	
0.42	0.131		4870	4490	4915		179624	188391	194933	
0.214	0.3943		4775	4075	5242		188593	187897	185037	
0.9021	0.9036		8453	9103	8013		199876	210053	194072	
0.9897	0.7648		7947	7881	8810		191757	199556	185389	
0.2485	0.136		3518	3573	4358		195041	189876	186846	
0.5206	0.2583		4589	5012	5141		183132	182081	179787	
0.3337	0.9351		7109	5760	6538		185616	182262	182295	
0.9352	0.8949		8660	8245	8554		195272	191258	194801	
0.1197	0.2304		3365	3610	3958		186571	180366	180552	
0.3439	0.8561		7038	6393	5361		189708	186766	184905	
0.7801	0.2722		6601	5646	6621		186919	182574	209060	
0.6249	0.5601		6660	5465	6150		184716	182607	186050	
0.8184	0.3004		6185	5929	8655		170117	159904	192450	
0.5369	0.8569		6244	6040	6271		179548	171130	171901	
0.9658	0.5717		6711	6736	7585		173345	175273	173634	
0.4492	0.9344		7219	5954	6680		164403	162584	176245	
0.3672	0.5342		6795	5804	5738		212030	182530	186129	
0.9542	0.5233		6549	7115	7516		192431	192734	194359	
0.3223	0.6053		7335	6807	6315		235627	202559	175096	
0.3345	0.9203		6366	6691	7176		186964	195489	188086	
0.9267	0.9424		8221	8159	8075		187092	187414	190692	
0.6463	0.0911		4383	5661	4794		180945	181557	185403	
0.4284	0.9305		8551	10950	5771		207081	234857	198134	
0.6526	0.3013		7279	5150	6473		207534	201999	196280	
0.8856	0.3045		7549	7100	7399		200274	206736	205111	
0.1764	0.7703		6683	7316	5501		198302	208988	179804	
0.0959	0.7938		6072	5742	5497		194491	190207	178176	
0.1418	0.074		4019	3494	4578		188503	190596	192858	
0.7605	0.3876		6537	5819	6320		193056	191466	195678	
0.6322	0.7778		8498	6470	7365		189882	183563	180499	
0.866	0.2678		5932	6006	5328		193755	170106	170903	
0.0567	0.709		3990	3940	4226		172675	166209	168903	
0.7403	0.2998		5063	5024	5024		173368	168240	170534	
0.8272	0.5276		6342	6259	6325		168384	162368	166214	
0.5683	0.3428		4749	4762	4902		165749	168650	192704	
0.3085	0.4111		4176	4711	3989		158081	158357	164007	
0.266	0.1136		3938	4289	4442		179779	184224	159242	
0.2108	0.1642		4581	4692	5503		223528	217296	197157	
0.0576	0.5481		3637	3815	3714		171799	168629	168200	
0.1766	0.9621		4820	4855	5667		164234	162125	173821	
0.8218	0.8722		7989	7511	8048		197424	196749	190463	
0.3004	0.207		5137	6753	6043		223397	249639	229509	
0.5187	0.125		4524	4107	4141		181221	182061	183734	
