14	15	
0.3144	0.3708		7426	7802	7652		163444	150167	153716	
0.4312	0.8288		9090	8893	8918		159803	151389	149782	
0.9677	0.5599		11395	11254	11057		178056	161973	161064	
0.478	0.6766		9891	9070	9023		169305	156819	157362	
0.8797	0.2046		12880	13823	12460		242387	237675	240606	
0.3162	0.9669		11353	11757	10785		209567	214381	242522	
0.9372	0.6141		13311	14250	14105		208633	212753	208608	
0.5528	0.2618		8828	8422	8509		178501	187030	159498	
0.1155	0.2315		7522	6893	7463		166686	161924	176141	
0.2821	0.911		8529	8452	8933		163392	166350	164823	
0.9429	0.0591		9941	10800	9553		153080	165661	154662	
0.0814	0.9912		7527	7418	7774		166586	168409	167391	
0.8289	0.1553		9792	9922	12038		188336	171066	201858	
0.1245	0.5983		6934	7522	10442		160928	167046	218204	
0.8932	0.6469		11315	14255	16338		186751	252545	268792	
0.72	0.8056		14392	14165	14123		218768	216174	216872	
0.8051	0.5992		12942	14537	13506		236988	228944	222753	
0.8255	0.2529		9665	13774	12552		174026	234216	219705	
0.8979	0.5777		10746	10745	11296		163982	167979	176633	
0.3755	0.7726		12348	12508	11902		247060	221296	232572	
0.3853	0.0732		7466	7932	8652		167786	169546	164574	
0.7019	0.5515		9847	9818	9797		170501	174228	189553	
0.6465	0.3219		13141	12479	12842		223210	232204	245373	
0.89	0.8446		11980	11910	13261		182448	167661	192258	
0.8261	0.9681		11964	12119	13409		193002	162672	171291	
0.8308	0.9687		15617	15949	15261		220401	217154	218558	
0.1351	0.6949		7499	9420	7812		188806	165098	175070	
0.4954	0.6413		11060	11740	12325		219146	217565	200211	
0.9171	0.8552		15448	12040	12236		186663	152579	160154	
0.4345	0.6846		10826	9032	11200		171629	156673	192015	
0.9546	0.7254		15030	15040	15057		216013	217658	201393	
0.423	0.3899		9224	8363	8797		164765	160644	164598	
0.7679	0.4923		12921	10089	9736		200761	158117	158217	
0.6072	0.2646		8820	9333	8812		153504	156068	152154	
0.1612	0.9847		8588	8097	7981		154515	155362	153194	
0.4063	0.2846		8063	8324	8386		158196	158597	161088	
0.9697	0.7846		12207	11878	12025		166666	165809	168673	
0.3899	0.485		8651	8296	8137		182302	176283	164489	
0.0762	0.341		6633	6574	6430		152466	152583	152762	
0.943	0.5357		11165	11192	11042		164738	161289	160370	
0.1335	0.5582		13469	9886	10541		290719	232678	229066	
0.8889	0.7529		11794	11592	11636		166449	163065	164176	
0.761	0.2142		9144	9273	9216		163928	164800	162918	
0.7469	0.2694		9514	9545	9578		159574	159258	161225	
0.3319	0.3141		7719	7590	7539		151090	151391	148149	
0.6712	0.9509		11055	11296	10844		159789	159765	162179	
0.3789	0.6166		9355	8670	8443		163421	152434	149955	
0.6872	0.4486		10123	9794	9327		171742	170214	166703	
0.5559	0.4451		8989	8861	8816		154174	154500	151894	
0.7901	0.4872		10148	10169	9964		161915	160820	156454	
0.9335	0.8697		11956	12222	11946		151510	152193	162179	
0.1535	0.3047		6835	7284	6757		157999	158429	167710	
0.7885	0.0724		9820	9216	9826		153431	152335	156117	
0.121	0.7341		7423	8986	7251		158854	156105	152204	
0.5993	0.737		9874	9863	9881		166871	170928	170143	
0.2852	0.0696		7042	8660	9399		155255	167465	175636	
0.3105	0.4198		10441	12008	12494		232886	244901	265388	
0.4976	0.3549		11431	11125	11048		214621	210990	205407	
0.8521	0.0609		10494	12331	12594		171187	211039	214620	
0.1456	0.9838		8902	11373	8069		186331	201404	162206	
0.2284	0.6691		7804	7890	7876		148107	150144	149908	
0.0755	0.4433		6806	6708	6836		159288	158707	159780	
0.6708	0.2436		8713	8731	8906		157610	157444	156717	
0.7621	0.976		12319	15453	12084		182166	212834	189810	
0.7659	0.6111		10856	10287	10446		182486	162849	170470	
0.8895	0.566		11261	11585	11187		179569	191557	181462	
0.3739	0.9218		8684	10919	12426		170702	191478	219261	
0.0874	0.1288		5899	6372	6562		155672	174168	185982	
0.8748	0.1657		9069	9464	9561		155363	155589	157486	
0.4886	0.3775		8473	8853	8702		159525	158324	161398	
0.7831	0.5391		10558	10701	10425		159518	157615	155852	
0.5744	0.7895		11548	13328	10269		188059	196688	163004	
0.23	0.842		8367	8237	8378		155175	158881	155672	
0.9106	0.1223		9578	9509	9401		166121	164533	162230	
0.894	0.2096		10551	13399	10105		177093	207468	175082	
0.7108	0.0782		8205	8601	8579		162243	164201	166055	
0.7992	0.2019		8811	8935	9539		158978	159228	159002	
0.369	0.1879		7073	7230	9197		152326	160470	168520	
0.4224	0.8693		12042	11869	10490		215581	195619	159826	
0.1637	0.0791		9082	7986	8872		255615	201278	228142	
0.9287	0.0721		9742	9497	9777		171276	159608	164380	
0.7822	0.2499		8850	11953	9550		159306	195718	162310	
0.2369	0.2529		6653	7242	7039		148584	149968	151357	
0.9227	0.6418		11445	11584	11388		172525	168090	164483	
0.6118	0.1134		8421	8333	8221		156618	155119	161160	
0.4338	0.9806		9572	9531	9732		160216	160910	161523	
0.784	0.6012		10560	10776	10697		160353	164991	159868	
0.1145	0.6289		8121	9635	7155		160835	196641	157441	
0.9466	0.8353		12965	12644	12705		192288	200865	167525	
0.8767	0.9974		15412	15500	16165		227922	234392	236611	
0.1744	0.4878		7495	9897	7426		174345	221047	177920	
0.4544	0.559		11454	11935	12026		191013	211478	214352	
0.6783	0.4846		9511	9085	11515		162779	159586	187095	
0.4976	0.2839		8736	8437	10328		168360	177430	203320	
0.2775	0.4824		9478	7541	8025		157979	159730	157623	
0.8799	0.3331		9600	10065	10508		161318	154593	160191	
0.765	0.9736		15602	14417	13646		226113	232383	189432	
0.8829	0.5056		10875	10563	11048		167925	163241	160657	
0.2367	0.5701		8170	8098	7763		156954	162811	157473	
0.2937	0.8477		8099	8222	8543		157085	160437	159913	
0.3345	0.305		9930	8094	8918		207650	175187	186965	
0.8589	0.2036		10280	8997	9916		159566	152059	152689	
0.0938	0.6372		8727	6755	7209		157671	150870	158378	
0.3787	0.2322		8741	7401	7986		162615	161476	141264	
0.4911	0.1532		7385	7486	7913		155834	156729	156793	
0.3424	0.3747		7473	7458	9664		157345	160469	193017	
0.6471	0.7586		9934	10086	10502		160870	161057	164282	
0.5652	0.6986		9351	9901	9662		154871	154770	156282	
0.2735	0.6118		7520	7614	8032		153113	151738	153681	
0.416	0.1035		7920	7822	7634		152297	154048	152598	
0.7364	0.2774		9298	9320	10611		161259	160329	165466	
0.1371	0.3503		6871	7111	6856		159407	161784	165538	
0.5467	0.3175		8611	8718	8707		164526	177447	165444	
0.1199	0.9455		7796	7819	7817		162156	167722	160712	
0.6179	0.9998		10192	10698	10750		161732	163649	163604	
0.5819	0.1526		9767	8347	8636		164654	155496	171889	
0.789	0.0856		9288	8980	9018		160912	149669	150703	
0.1478	0.9406		9006	9422	10639		219676	185412	188693	
0.7862	0.8932		11423	13231	11746		166819	180178	162613	
0.6426	0.4109		9218	9244	9945		159544	163215	164537	
0.4666	0.48		8565	9086	8550		160874	167169	172176	
0.3466	0.9264		12092	12143	9525		230348	233165	198666	
0.8189	0.0774		9933	9691	9984		196347	184146	192064	
0.7982	0.079		10471	10138	10236		167734	174520	187794	
0.0772	0.0642		7641	8994	10295		193492	231927	231043	
0.5349	0.8309		9509	9731	10137		155437	155289	160019	
0.9763	0.163		9901	10950	9838		164787	167415	164706	
0.3903	0.9489		9559	9370	9345		151907	151931	152343	
0.3664	0.9132		9240	9154	9052		153878	154369	154568	
0.9224	0.1556		9827	9657	9566		159657	158996	161373	
0.6217	0.9044		10827	10504	10421		156216	156298	156880	
0.5358	0.9094		10100	10833	13484		156065	164935	193433	
0.9264	0.3232		10218	10229	11424		157486	157486	161126	
0.8835	0.6992		11283	11385	13191		154421	153964	170911	
0.5348	0.3329		8371	9656	12844		159428	180749	216011	
0.6468	0.1684		8295	8571	8761		153562	151663	163431	
0.5638	0.2889		8210	8958	8752		159414	164889	165378	
0.844	0.9089		12380	13365	11796		163111	181690	165634	
0.2519	0.2984		6888	6934	7371		155932	156073	162934	
0.3394	0.5927		7771	7887	8311		161176	159757	159418	
0.2175	0.7416		7498	7400	7491		162211	159829	163846	
0.6668	0.6289		9757	12086	13230		156359	187816	212522	
0.1979	0.5093		7027	7030	7421		152093	152647	153416	
0.1504	0.6812		7734	8749	7971		182087	187034	183706	
0.7223	0.827		13883	13969	13006		218006	218943	202419	
0.2316	0.2821		6680	6755	7196		160535	154394	155250	
0.6878	0.2013		8424	8457	9297		156671	160989	159419	
0.0862	0.184		6102	5906	5965		161738	161607	160635	
0.8812	0.577		10510	10522	11028		149674	150419	151624	
0.4403	0.3904		7962	8031	8428		164552	169159	162249	
0.7001	0.5902		9583	9577	9936		166057	161904	162903	
0.457	0.2742		7788	7686	7741		155010	154198	155473	
0.7017	0.9878		10714	10993	11092		162034	164734	163914	
0.2312	0.7155		7821	7510	7913		158544	158574	158547	
0.4096	0.9419		8989	9226	9129		158192	164623	158640	
0.5066	0.1951		8201	8481	8308		155381	154299	159885	
0.66	0.9207		10654	10741	11182		156709	153821	159087	
0.817	0.1082		9063	10645	9179		153438	160094	164182	
0.819	0.6283		10902	11138	10937		164998	170404	171405	
0.4065	0.6576		9249	9264	8940		159004	150583	150996	
0.8847	0.3626		9682	9779	10102		155624	158432	163771	
0.7208	0.1299		8800	9116	9095		169022	168669	154863	
0.5199	0.3242		10858	8284	8966		189662	155247	165547	
0.6821	0.661		10112	10160	10067		158432	163134	160549	
0.2896	0.6337		8171	8020	8073		157500	158507	158387	
0.4482	0.5412		10756	12106	12052		205807	208065	199006	
0.6603	0.4026		9341	9287	9299		158758	158643	161601	
0.7499	0.6285		10537	10801	12545		160815	163661	181907	
0.323	0.8247		8244	8651	8819		158313	156680	157395	
0.584	0.6633		9444	11441	9764		150174	161482	154137	
0.6396	0.663		9578	9608	10396		160836	155178	155244	
0.1266	0.0827		6145	6574	6468		152406	153695	154268	
0.8103	0.1567		8783	9109	10351		158666	161378	162536	
0.8562	0.115		8867	8965	12061		169674	185395	200825	
0.9165	0.0956		9138	9235	9564		157526	157675	159022	
0.1874	0.8192		7468	7500	7857		155986	150320	153085	
0.5966	0.5657		9764	9805	11329		188065	190213	212980	
0.1731	0.1134		6443	9162	6729		152581	193977	166158	
0.7977	0.6557		10293	11524	11076		146623	171138	157422	
0.2683	0.596		7867	8878	7904		148876	150289	144983	
0.1888	0.182		7026	7081	6968		158288	158736	164862	
0.1857	0.7366		7939	8476	8765		176687	180173	185483	
0.9375	0.5338		10598	10691	11030		156564	158350	167001	
0.9493	0.5994		11502	11380	11187		163339	161370	163609	
0.382	0.1408		7194	7482	8131		162696	157617	162090	
0.1791	0.6727		8047	7581	7646		159278	163631	157203	
0.6353	0.6834		9931	10041	9925		164207	166065	159006	
0.271	0.2355		7120	7327	7126		168659	160227	162671	
0.2292	0.2506		6945	6975	7327		166392	156496	161036	
0.5722	0.5806		9297	9172	9094		168500	156750	158165	
0.2224	0.4009		6906	6995	7283		170571	159095	159338	
0.9984	0.3279		9838	14383	10613		166699	213669	176531	
0.83	0.3388		12968	12558	9853		218140	209481	161380	
0.5938	0.6758		9422	9570	9847		160481	160738	166313	
0.4326	0.2743		7601	9863	11424		170878	194675	226958	
0.086	0.8766		7002	7733	7476		152299	153638	154025	
0.7294	0.9574		12050	11478	13266		215414	173009	219281	
0.4544	0.7693		9087	11970	9938		180741	182887	174595	
0.0928	0.4806		6684	6845	9226		164303	163993	204152	
0.2207	0.3076		7059	7132	7111		157195	158420	157580	
0.6684	0.9156		12034	10950	10765		157728	152040	151961	
0.6427	0.3277		8993	10358	9293		161777	174402	159462	
0.4188	0.1353		7245	7832	8067		157332	157300	160809	
0.6424	0.7561		10276	10469	10218		168703	173440	166672	
0.5874	0.6865		9665	10098	9596		157844	162586	159566	
0.8525	0.8001		15300	14713	14444		209333	226236	207651	
0.8859	0.3372		10484	9948	10008		152919	154401	159123	
0.489	0.3787		8501	8737	9374		159763	165466	164208	
0.1395	0.2228		9188	6646	6677		187448	159265	161742	
0.5707	0.0646		7846	8567	10894		171243	191118	230736	
0.82	0.9819		11419	11836	12116		154509	155651	165987	
0.6914	0.0502		8650	8568	8762		164234	161943	170509	
0.6532	0.6367		9982	11281	11558		149331	157659	158312	
0.5243	0.2988		8042	9535	8387		161130	164961	155015	
0.9637	0.918		13100	12533	14010		162503	158805	171722	
0.121	0.8718		7188	8989	7512		160417	170081	159352	
0.6734	0.6572		9824	10326	10410		168499	161078	161403	
0.301	0.818		9824	8577	8837		162983	155510	155802	
0.8473	0.5407		10292	10275	10866		162150	178258	167144	
0.0869	0.889		7653	7212	7900		161955	162971	161200	
0.4248	0.6728		8401	8895	9021		160892	165045	167977	
0.582	0.1977		8082	8011	8579		164091	157875	162329	
0.7068	0.0701		9027	8196	8822		156757	152167	153925	
0.4837	0.4528		8167	8385	9914		162558	161208	164190	
0.2758	0.2816		6916	7364	8691		154713	161625	160514	
0.203	0.662		8464	7684	8016		161298	158358	157478	
0.4472	0.4529		8016	9800	10065		162055	169038	182804	
0.228	0.8608		7843	9317	8509		161529	167101	164330	
0.0876	0.5544		6998	6431	7009		180191	162398	162786	
0.0767	0.5803		6613	6709	7050		165532	162323	159786	
0.703	0.3209		9297	9221	10103		150980	155121	172150	
0.5042	0.7425		9206	10032	9487		161185	171571	164147	
0.9034	0.5109		10523	10527	10967		166701	167572	162351	
0.1109	0.7914		7038	9018	7747		157465	163189	162944	
0.8252	0.1776		9089	9044	9579		166243	161814	159763	
0.5227	0.1133		8310	7919	8078		165372	171034	162037	
0.0535	0.986		8553	7383	8020		160324	157007	161931	
0.2032	0.4198		7180	7252	9598		161434	160736	183119	
0.5354	0.1838		7886	7923	8505		156790	159785	160638	
0.5968	0.5685		9275	9298	9494		173644	165805	167963	
0.96	0.3368		10197	11902	14195		169156	193986	229923	
0.9158	0.3326		10387	13979	13099		166741	221785	221683	
0.4714	0.2598		9435	8156	8446		157294	163570	154640	
0.1012	0.2265		6176	7347	6541		159161	165957	159923	
0.3715	0.2148		7560	7934	7692		154123	155478	161708	
0.2594	0.2865		10102	10970	9896		226304	224804	228783	
0.3924	0.4724		7818	7814	9688		157988	163215	177696	
0.6759	0.2178		8568	8545	10280		161541	160558	175398	
0.4524	0.9817		9570	9615	10205		187133	164095	163212	
0.9549	0.1628		10812	9433	10040		159785	151212	155870	
0.9128	0.3374		9989	9899	10308		156225	163401	165703	
0.7293	0.194		9496	10747	9140		167407	200335	160551	
0.9602	0.2829		9878	10071	10361		162422	162977	162638	
0.8234	0.2066		10914	9252	11590		189438	177692	223057	
0.6002	0.6606		9705	9590	11229		158414	160204	166391	
0.202	0.691		8740	8770	8278		168872	181804	167336	
0.775	0.8189		10794	11385	11256		162771	165382	166547	
0.5043	0.8096		9563	10350	13090		154947	187453	227611	
0.3196	0.8791		11132	10039	9121		184446	178114	158250	
0.8463	0.5976		10554	10342	10713		155223	155752	155326	
0.6944	0.7628		10717	10269	11520		165020	164679	175281	
0.1987	0.279		6834	6630	7022		155249	155512	158920	
0.6056	0.624		11717	12857	14438		227002	253160	267698	
0.6446	0.7177		10327	12818	10680		207663	244427	208496	
0.8797	0.579		13597	10571	10917		199495	167508	171112	
0.5171	0.7801		9426	9284	12989		166557	165593	212439	
0.322	0.7927		11099	10627	9204		219946	202033	165031	
0.4534	0.106		7448	7552	10668		159998	160718	204695	
0.8063	0.6456		12710	10378	10828		202306	166173	171606	
0.4173	0.6737		8631	8513	9418		163613	168541	194361	
0.654	0.338		8766	8588	9263		162568	158382	159306	
0.492	0.4424		10031	8341	9578		200253	195903	178529	
0.5719	0.9143		12817	13330	14749		207054	228625	264513	
0.4862	0.2372		11224	11279	11032		215500	212523	216595	
0.8463	0.3883		13354	13044	13931		233870	225840	228359	
0.6396	0.2083		11750	12284	12702		230434	226303	235155	
0.0762	0.7474		11955	10213	15738		272104	251356	329374	
0.9377	0.7194		18071	16639	14989		261210	252078	220528	
0.7075	0.0689		9514	9516	9401		185330	185762	187382	
0.252	0.5176		12361	11319	10716		253968	237174	221445	
0.823	0.8112		14687	16620	15525		224847	234575	276413	
0.5028	0.9309		12705	12687	15562		211043	216645	272520	
0.7378	0.2907		9494	9453	9546		168972	152671	158901	
0.3122	0.058		7042	7307	7489		176586	170425	171713	
0.8889	0.1585		9605	9704	10209		162489	165261	183646	
0.9105	0.3118		10727	10213	10488		162821	158261	160570	
0.7712	0.5692		10031	11393	10325		174798	171520	161475	
0.3366	0.9343		8699	8891	8985		159771	159038	162145	
0.0658	0.562		6900	6507	7089		161697	161446	164678	
0.798	0.349		9700	9579	9835		176697	178237	166931	
0.3562	0.7101		8111	10162	8643		155261	172191	177929	
0.1159	0.2307		8286	7387	7516		195954	183643	177440	
0.3211	0.6826		8501	9077	8867		167678	190529	159546	
0.8757	0.6998		14387	15704	15468		250139	224174	231553	
0.2304	0.5854		11460	9025	12040		217801	234881	264019	
0.8096	0.8695		14303	16975	14487		214372	243127	216992	
0.1899	0.9266		10947	11806	12144		214144	216969	220594	
0.6672	0.7562		13166	13302	14299		214168	211827	231637	
0.7433	0.7598		12590	13540	13281		209302	205205	188938	
0.944	0.2774		9885	9947	11010		168616	172285	170314	
0.9142	0.0943		9115	12003	12906		162771	193443	220176	
0.9052	0.2536		9767	10293	10047		162451	163342	164448	
0.5361	0.9599		10024	10049	10778		153466	155445	156780	
0.6276	0.9549		14365	12658	12495		212642	186751	188142	
0.0808	0.076		6029	6208	6255		157299	157024	159669	
0.5824	0.7296		9668	9653	9685		158662	158842	157354	
0.7452	0.4124		9456	9303	9603		149691	150207	150880	
0.9503	0.5048		10945	10781	11191		170392	162050	167911	
0.7062	0.9989		11555	11533	11991		189039	194362	191858	
0.9995	0.1706		9364	9821	9793		161483	161268	171480	
0.5413	0.6089		8980	8927	9507		150241	150763	153965	
0.3983	0.5172		8359	8607	8688		151788	151557	153324	
0.2901	0.0997		7099	7064	7274		162075	162264	164229	
0.8502	0.7581		11275	11244	11586		159671	160740	163138	
0.1661	0.6209		7388	7088	7667		161676	157313	169969	
0.1729	0.1309		6333	6710	6720		154125	154437	156452	
0.4473	0.2572		7792	7646	8536		155459	156860	181417	
0.7786	0.7854		11330	10768	11060		158820	159238	165591	
0.1424	0.8626		7854	7746	8013		151147	149233	153840	
0.2346	0.4319		7166	7679	7472		152316	158393	160472	
0.892	0.7679		11481	11480	11701		156797	157520	159069	
0.5823	0.0584		8169	7927	8194		166728	165052	168950	
0.5118	0.0577		7925	7582	7924		158028	147562	146842	
0.5194	0.4782		8635	8764	8788		166288	153630	159146	
0.5527	0.8531		9619	9884	10238		162583	157042	161520	
0.121	0.4509		6527	6494	6914		163038	156106	159394	
0.9087	0.8524		11677	12031	12193		160750	155670	157508	
0.8412	0.9382		11530	11503	12230		169057	164177	166173	
0.6637	0.8968		10534	10615	11247		161126	163311	156923	
0.879	0.9897		12209	12006	12454		168209	166543	163477	
0.6285	0.2262		8437	8627	8772		172463	165475	167857	
0.6993	0.4427		9384	9320	9534		156457	150810	152320	
0.2668	0.1434		6870	6880	7137		155471	158486	152749	
0.4327	0.8282		8803	8994	9150		160296	157210	154718	
0.2125	0.642		7535	7921	7925		167938	165619	165259	
0.5501	0.8167		9649	9847	10234		167384	161787	168915	
0.7137	0.1401		8531	8525	9799		173002	169335	191893	
0.4228	0.8662		8875	9137	10293		172319	178166	199993	
0.7695	0.1629		8893	9171	9120		162740	163175	169922	
0.1638	0.8052		7756	7481	7742		168026	166175	170594	
0.0642	0.5056		9799	9204	9183		225254	202883	197004	
0.252	0.086		7220	7354	7690		194872	184517	188544	
0.1484	0.2686		6360	8450	9949		167099	177536	201138	
0.6919	0.1778		8480	8974	9677		154486	182094	180443	
0.5135	0.35		9785	8639	9581		165816	167342	187493	
0.1887	0.3165		7548	7102	7216		172511	169746	177671	
0.3319	0.5067		8263	9507	9952		158930	163267	160126	
0.1456	0.4142		6915	7354	7280		160638	157913	165145	
0.5886	0.1759		8583	8900	8480		167481	172102	173166	
0.3244	0.4269		8061	7974	8136		151080	161968	157871	
0.2173	0.8572		8114	8344	8110		160050	168812	161320	
0.5236	0.1771		8642	8228	8291		177791	160384	186952	
0.3512	0.653		8816	8686	8569		165530	153234	151528	
0.0879	0.6765		9508	11935	7523		222744	247451	207293	
0.2003	0.0525		6771	7958	6627		163612	183465	180603	
0.7969	0.2818		12691	12556	9495		217588	217763	186205	
0.3682	0.3038		9536	10446	10020		216617	226860	212582	
0.6811	0.3566		9166	9658	9365		164234	163418	161424	
0.5595	0.2884		11419	11413	11119		226562	225355	220666	
0.4237	0.408		8275	8527	8306		160788	163230	165874	
0.7392	0.9808		14402	14821	14303		212268	213091	213501	
0.2999	0.6212		8790	8144	12277		168830	160679	215671	
0.5586	0.8519		10692	13587	11857		180344	189099	181999	
0.9461	0.8208		14815	12245	13060		173428	164944	181713	
0.9889	0.2176		10845	9781	10752		163598	165342	161506	
0.6179	0.8177		12781	14007	13266		213531	217275	208939	
0.6118	0.0868		8227	11339	10905		161167	204370	211483	
0.7123	0.058		11079	12335	10927		219990	249266	220191	
0.8469	0.8006		11112	11531	11908		162102	171235	161600	
0.537	0.8618		9990	10459	9994		166710	167294	163479	
0.7605	0.5575		13044	13085	14466		226610	219781	225672	
0.9579	0.5624		11508	11474	11927		175739	171980	176332	
0.7926	0.079		10293	11311	12721		173113	207230	225554	
0.8069	0.7132		11138	11030	13404		168308	183409	238136	
0.6645	0.2215		10766	12609	11746		221112	224303	229805	
0.6627	0.1998		9567	8953	8921		183987	165237	165470	
0.3927	0.8925		9826	9015	9681		166005	167624	174765	
0.6813	0.4817		13036	9528	9505		237504	177761	167188	
0.2966	0.234		7560	7765	7767		156386	156633	155773	
0.6637	0.1976		9879	11108	9517		167229	166282	163355	
0.9457	0.2282		11446	10380	9937		176621	153845	149694	
0.8341	0.6502		11141	11327	11631		164402	168416	182278	
0.2523	0.4234		12327	11092	8129		238534	218766	171603	
0.7559	0.0777		11865	15526	12243		216874	273766	232889	
0.0878	0.7669		10877	7675	7718		213267	175548	164484	
0.8189	0.5829		10500	11012	10831		160266	166554	160932	
0.4889	0.8245		9139	9668	9931		166501	169289	174905	
0.4198	0.7652		9165	9447	9285		166998	166783	168069	
0.2035	0.2526		7417	7518	7490		156903	158964	159428	
0.6723	0.3254		9344	9283	9176		161021	161789	161074	
0.0774	0.2194		6453	6593	6500		171746	173022	171916	
0.7578	0.1973		13175	12698	12179		222883	232218	248945	
0.2262	0.9648		9380	11601	11549		211220	194917	224586	
0.6474	0.8183		13293	14074	10794		217709	208996	158810	
0.9337	0.3999		12515	13906	13958		172503	212537	226849	
0.7786	0.5015		15008	13466	10862		227842	203748	190170	
0.85	0.7718		15177	16183	14394		243512	235672	226916	
0.6513	0.2618		11325	9135	9293		217560	201396	161252	
0.3286	0.6744		11661	11438	11924		250163	230637	236077	
0.7704	0.8955		11561	11342	12562		167564	165129	168605	
0.1979	0.3374		8910	10119	9675		193424	216720	218031	
0.866	0.6943		13307	14131	13677		210529	217487	226557	
0.7584	0.1049		12800	11006	11551		222160	222306	228498	
0.1432	0.0732		6530	9042	10151		170966	186429	214202	
0.4783	0.2645		8056	8244	8108		161851	180393	167993	
0.8968	0.8504		11940	12246	11870		162361	166888	164214	
0.4773	0.3228		8405	8487	9986		162455	157371	160934	
0.7089	0.4307		10055	9792	9672		173785	172223	170282	
0.0928	0.6757		7211	7625	7077		156861	153546	161618	
0.6898	0.3388		9491	9385	9296		151551	159521	150850	
0.9251	0.5964		11230	11205	11464		161961	163103	167035	
0.5151	0.2233		10707	10986	11246		199865	224350	218705	
0.5648	0.6445		13318	9637	9651		211248	162355	159653	
0.1182	0.2301		6623	6717	6893		154368	154272	156402	
0.1622	0.5324		7357	9159	7844		157396	166579	173144	
0.3351	0.2254		7919	7614	9235		152396	162219	158339	
0.6979	0.7217		11246	11187	11016		196318	193156	172169	
0.7253	0.7184		10992	10708	14202		183216	164131	196269	
0.4828	0.6303		9141	9054	9067		161393	162412	162128	
0.2543	0.1132		7199	7289	7347		187824	154312	168029	
0.2299	0.0982		6829	7089	7194		155254	166381	170369	
0.8412	0.2319		9384	9482	10155		159330	157138	162514	
0.4273	0.9328		9471	9433	11458		159555	159913	176803	
0.3491	0.2209		7768	7804	9034		155941	155188	172081	
0.4358	0.8507		9783	9369	10133		162422	156809	164261	
0.8759	0.4565		13968	12875	10503		224957	221244	169382	
0.5422	0.4738		9136	9018	10106		162529	170597	171364	
0.3974	0.8751		9434	9396	12260		165431	166144	226212	
0.313	0.7593		8796	8767	8582		163725	163812	161815	
0.0627	0.7714		10442	9239	9561		217832	185954	177283	
0.0663	0.2115		6467	6800	6866		155906	153331	148602	
0.111	0.2394		6939	7002	7449		171613	176649	169212	
0.1958	0.427		7492	11228	8607		166557	202514	168376	
0.0503	0.2659		6795	6517	7042		161632	163672	165695	
0.353	0.9813		9872	13271	12988		173637	223259	225190	
0.7425	0.2497		9121	9746	9316		162212	173327	165075	
0.2672	0.4703		7241	9528	8044		155150	160264	161670	
0.136	0.8912		8668	8787	7954		175253	175473	152634	
0.7138	0.8542		12908	12194	10822		194248	169598	158370	
0.2041	0.9041		8781	8292	8559		157417	152287	160140	
0.0702	0.5723		7384	11231	7047		151675	173899	148905	
0.1734	0.2381		6374	6755	7157		156778	159260	158783	
0.2097	0.8625		7835	7707	8406		164300	158011	162135	
0.1847	0.6606		7531	7488	7998		174827	166690	167273	
0.894	0.3267		10205	10905	10068		170581	165973	162430	
0.409	0.4895		8761	8400	8707		173933	165563	165716	
0.3455	0.3768		8315	9664	9210		187287	189415	182308	
0.1182	0.8841		8333	8060	7610		170008	165565	164946	
0.536	0.5263		8853	9988	9127		158402	158050	154222	
0.4677	0.1701		7568	9756	8009		165018	164287	157513	
0.3599	0.1641		7063	7226	7688		159084	153647	158516	
0.0795	0.863		7129	7695	7605		165953	163257	161600	
0.8172	0.6202		10303	10349	11181		165021	159550	159574	
0.5687	0.5793		9052	9466	9525		168385	162963	162780	
0.7557	0.1366		9601	9128	9249		169232	160505	161932	
0.9217	0.3434		10198	10315	10231		162821	155452	157567	
0.4437	0.6134		8814	9242	8846		169538	161943	161666	
0.839	0.5394		10902	10702	11049		170381	163455	163217	
0.6409	0.2515		8929	9262	8855		165683	159673	160615	
0.8852	0.1178		9280	9493	9309		169605	169382	168437	
0.7353	0.4822		9545	9742	10059		161353	157603	157934	
0.5414	0.2102		8352	8290	8971		159490	155447	154460	
0.3102	0.3384		7727	8305	8384		186252	181460	182536	
0.5399	0.5226		8925	9261	9126		162301	159609	161676	
0.6766	0.4218		8978	9440	9441		175128	170539	171732	
0.7364	0.685		10092	10506	10441		168471	163274	165180	
0.7567	0.3709		9574	9523	9540		164649	160776	160861	
0.7973	0.9034		11787	11567	11645		175623	168368	167747	
0.7258	0.9014		11495	11301	11209		162465	156364	156590	
0.3268	0.5019		8409	9021	8973		194091	188755	190654	
0.3161	0.942		8974	9382	9158		175040	172092	171314	
0.1895	0.8646		7998	7961	8340		158579	154019	153518	
0.2545	0.8905		8647	8470	8665		163913	158045	157615	
0.2451	0.1534		7043	6965	7050		161181	154568	156035	
0.8749	0.0881		9342	9332	9095		170217	164319	164713	
0.5967	0.3295		8435	8834	8799		168079	162993	164563	
0.3619	0.1006		7276	7236	7221		165194	161018	159681	
0.132	0.8701		7802	8185	9091		162557	157909	173964	
0.6925	0.6711		10358	10754	10279		172943	172724	165605	
0.5131	0.3313		8907	8888	8523		163212	157036	154908	
0.1403	0.2383		6728	6948	7031		163938	159505	159704	
0.8645	0.2228		12991	12739	9690		209634	266100	199664	
0.4852	0.2983		8746	8351	8284		171787	169247	165204	
0.3356	0.4613		11290	12086	7821		221965	199775	168125	
0.6089	0.4787		10273	9330	12598		203539	162679	195824	
0.2534	0.7002		8723	10706	8242		178785	193410	149511	
0.3963	0.7357		12141	8861	9007		196696	165047	166379	
0.5513	0.0984		8244	8215	9056		160024	160655	185397	
0.636	0.5551		10019	9804	10133		160279	160574	161749	
0.1926	0.4828		6923	7394	7410		157394	157545	157086	
0.7012	0.4805		9224	13369	13554		178364	227062	224759	
0.7473	0.6583		13058	19603	14903		221207	264123	254036	
0.9209	0.5254		10883	14624	11338		167491	223744	201529	
0.4355	0.439		8069	8636	13712		191886	167053	232998	
0.6033	0.6211		11769	9746	12391		165222	165287	216196	
0.1453	0.2012		8518	6878	7235		199145	162755	170361	
0.2298	0.0944		6477	7337	6927		161075	165087	167073	
0.4153	0.9617		9520	9473	9413		157067	158867	163103	
0.2003	0.1034		6860	6769	6716		155830	158472	157773	
0.3672	0.9094		9073	9626	9689		170867	167444	194645	
0.6396	0.6666		9724	11208	10101		173159	195501	163558	
0.1557	0.1206		8966	9066	8414		204137	207717	199233	
0.665	0.9318		15367	11912	12201		227673	194113	174077	
0.5021	0.6805		9444	9303	9241		164942	165693	163693	
0.9801	0.2082		10054	9597	9556		154216	155035	156982	
0.8195	0.4928		9823	10238	11855		160346	164385	196710	
0.2011	0.2127		7165	6889	7712		156824	152348	153782	
0.6342	0.8587		10662	10588	10468		163681	158963	160861	
0.1073	0.7707		7831	8173	8434		186650	183537	182862	
0.0938	0.2145		6660	6649	6498		160269	155096	153994	
0.506	0.1875		8462	8207	8390		157682	149297	149274	
0.8129	0.6445		10544	10970	10990		171237	167469	165221	
0.3829	0.1386		7857	7669	8094		163195	158784	158305	
0.5122	0.9216		9913	10151	10208		169102	165120	165715	
0.6686	0.5399		12047	12728	12089		208876	217157	245608	
0.6221	0.9437		10885	10567	11481		159656	162429	171646	
0.6357	0.7135		9878	10781	10230		159902	179447	171024	
0.9324	0.5627		13698	11172	12838		169030	164346	159217	
0.2226	0.1395		7570	9227	10236		175405	231692	231501	
0.8081	0.427		13928	12809	13524		228666	226592	227122	
0.8882	0.6953		14475	15255	15668		232231	231860	252679	
0.2788	0.2207		10845	10453	8706		231701	230203	200313	
0.4741	0.1214		12797	9362	9033		231096	205087	190450	
0.8752	0.3193		13543	13041	13271		231988	230323	223814	
0.3443	0.8733		9274	9537	9101		163132	161756	160625	
0.5676	0.8221		10418	10543	13323		164980	163526	203575	
0.7335	0.848		13748	13809	11164		228084	224723	171713	
0.4102	0.3588		8301	8409	8448		159623	160496	165086	
0.1722	0.9033		8516	8182	9109		162382	164689	167474	
0.1636	0.877		11387	10165	8734		212611	162080	170700	
0.3608	0.695		11409	11426	12856		222768	223445	226184	
0.0863	0.1949		7116	8597	9024		172890	209367	206137	
0.4659	0.841		10077	9399	9568		159564	161975	162517	
0.8757	0.8359		11872	12003	11835		162070	165640	165396	
0.6389	0.5805		9962	9867	11309		170256	167314	184056	
0.8179	0.4039		15065	12892	14459		220062	232794	226181	
0.2587	0.8383		7979	8319	8367		172151	169749	171755	
0.6135	0.7899		11369	10314	15573		187285	189084	270153	
0.4987	0.6669		9174	9281	9101		166033	171290	164787	
0.2882	0.6255		9686	8610	8260		168847	181497	173914	
0.8102	0.1337		10721	11478	12620		155012	177573	210981	
0.3918	0.7986		9098	9356	9349		156460	157901	160100	
0.9795	0.7325		11784	11942	12073		172919	172327	169726	
0.5618	0.0561		8800	8015	8043		163036	158260	169820	
0.7263	0.3782		9655	9698	10685		167232	163296	166039	
0.3681	0.5857		8816	8399	8588		206222	175573	167495	
0.8512	0.4888		12095	11693	11980		174886	194564	230688	
0.2009	0.1755		12863	12345	11282		249119	251235	244331	
0.3514	0.1763		11112	10024	11039		236142	226503	224039	
0.5624	0.7472		10626	9725	10421		175393	166793	169862	
0.4674	0.5258		9069	8811	8977		169268	162988	168067	
0.3931	0.9533		10772	9669	9622		170618	156069	151289	
0.8281	0.6708		10990	12003	12035		176675	161894	172032	
0.2028	0.4858		7201	10987	10290		202773	191110	207796	
0.3182	0.0742		9223	9774	9754		208945	223152	224420	
0.7382	0.7153		13630	12996	13966		214109	214907	210912	
0.9693	0.3235		14753	14368	13742		220965	230133	227681	
0.0979	0.6126		7486	7704	7164		164862	181547	167245	
0.6078	0.6587		9893	9893	9860		160909	155263	160397	
0.6016	0.6822		13200	16109	12784		221203	239061	241069	
0.4095	0.5845		12038	12116	11105		228436	218280	209551	
0.1002	0.8857		7767	9785	7970		163056	165108	157329	
0.1095	0.7437		8720	8298	8015		193340	194099	192210	
0.6264	0.6415		9641	10262	10479		160746	173209	168576	
0.8222	0.9321		16474	15364	15744		226598	220555	220927	
0.7025	0.6833		10563	10325	10372		173811	166854	165812	
0.3086	0.698		8331	8314	8288		176838	166948	168354	
0.5519	0.8969		10904	10231	10649		165592	159320	158399	
0.6781	0.6615		10938	10186	10446		175751	166898	166329	
0.4801	0.6582		9345	10748	9152		175354	196273	168447	
0.7306	0.8301		11118	11149	11037		179356	173240	168911	
0.0559	0.3777		6603	6542	6846		160658	152338	151179	
0.6168	0.9638		10549	10625	10731		172021	163902	166012	
0.0673	0.1043		8558	9056	6556		201724	197699	168163	
0.9884	0.934		12502	12598	12598		167346	180122	170411	
0.4276	0.2602		8255	8683	8414		172243	171758	168375	
0.5303	0.8342		13217	9894	9839		220009	166712	158522	
0.3812	0.6978		9824	9488	9694		184062	184667	180759	
0.5597	0.6209		9533	9338	9553		160022	160448	158438	
0.579	0.8072		11096	10897	12749		221383	194318	196408	
0.8683	0.6686		14014	14915	11536		193805	219489	177948	
0.5017	0.0958		8064	8008	8174		159547	162709	162894	
0.9084	0.3376		13658	10189	10464		208138	161335	162452	
0.7465	0.5617		10189	10183	10252		159593	161586	159157	
0.8543	0.2164		9628	9543	9486		167645	166381	166085	
0.4651	0.555		8911	8794	9828		177539	162940	172041	
0.8728	0.7243		12457	12422	13191		185178	186128	181442	
0.6975	0.4054		11870	10616	10079		182106	187059	187223	
0.2757	0.2874		8261	7901	9003		178011	184497	186136	
0.674	0.8028		12140	11196	13932		185704	187514	195942	
0.5099	0.0688		7993	7989	8286		162120	161859	162673	
0.9203	0.3809		10630	10479	10595		150963	151337	149953	
0.3807	0.7533		8544	8981	9069		165764	167097	167193	
0.0908	0.8823		7092	7458	7432		151422	154438	152985	
0.3252	0.3983		7443	8139	7875		165330	167454	166038	
0.2573	0.6125		7644	8103	8219		168147	170414	173993	
0.768	0.3876		9625	10445	13292		155258	165225	196521	
0.6175	0.6819		9549	10710	10703		158860	184042	181908	
0.4634	0.9614		9519	11493	10168		163100	170878	173204	
0.9985	0.4997		10461	10848	10847		160508	160051	166080	
0.5496	0.9526		10116	10257	11678		165685	162672	167292	
0.4124	0.459		9072	8741	8404		181489	171355	162857	
0.3736	0.5796		7959	8866	8856		151725	157918	157831	
0.2575	0.4705		7759	7730	8387		148733	152393	156736	
0.1811	0.059		6978	10022	6994		180054	200309	156951	
0.7229	0.5754		10118	10097	10409		152482	153774	153324	
0.1319	0.6667		7020	7468	7364		149511	151603	150752	
0.1092	0.3533		6300	6882	7059		155183	157901	157080	
0.141	0.7279		7692	7668	7507		151239	152790	152293	
0.8735	0.1182		8881	9247	9296		167213	170768	168910	
0.4744	0.7922		9234	9466	9461		162953	163204	165193	
0.1593	0.7119		7385	7643	7540		154910	157639	157937	
0.4177	0.4143		8525	8468	8213		166645	168877	168040	
0.6357	0.0938		9629	11749	8714		202816	229874	171583	
0.1779	0.2619		8366	7559	7512		202792	187361	180801	
0.6223	0.7788		9756	10275	11008		155385	156438	173133	
0.6838	0.8743		10957	10883	10573		171402	173680	157909	
0.0566	0.9961		7164	7765	7753		164601	172800	165810	
0.2533	0.6249		8032	7869	8187		157595	156845	153648	
0.6198	0.9606		10779	10483	10509		154060	156859	152177	
0.0676	0.9273		7412	7819	8236		150875	153694	177195	
0.0869	0.5015		6958	6732	6881		161966	164057	164578	
0.8308	0.7267		10751	10724	11227		159214	159275	159094	
0.7138	0.2425		8511	9025	8913		157304	158620	160091	
0.1252	0.4186		6555	7163	7287		156579	156959	157430	
0.7762	0.9495		11180	11581	11523		163109	163217	162222	
0.7848	0.5105		9932	10434	10612		158202	159672	158938	
0.4392	0.9224		9794	9655	10702		162059	169172	181662	
0.8288	0.437		10077	10281	10244		168476	172101	162324	
0.2179	0.8833		8248	8184	11424		156709	156275	207689	
0.598	0.7759		10259	10171	10348		164432	165820	165661	
0.4996	0.6337		12032	9033	9010		197748	160192	161600	
0.9665	0.7751		12655	12711	12763		183723	182903	181271	
0.4097	0.6492		8798	8883	9257		160708	161525	160659	
0.5901	0.6108		9489	9556	9571		167058	167114	165835	
0.3571	0.1379		7451	7704	7410		160399	162547	160611	
0.7997	0.3005		9923	9814	10131		152623	153774	155289	
0.9914	0.9253		12688	12495	12400		175932	177725	174675	
0.4957	0.566		9111	8917	9227		163882	165012	165127	
0.4255	0.0714		8410	8270	8633		188931	190340	188657	
0.8371	0.3604		10227	9833	9944		163754	165168	163955	
0.8946	0.8044		11990	12178	11834		163218	162999	162680	
0.7722	0.3432		10612	10244	10263		193897	196015	195895	
0.9349	0.0614		9798	9312	9638		149350	148658	148178	
0.5209	0.0799		8154	7936	8388		158946	159246	160527	
0.9599	0.4158		10871	10742	10674		158765	162337	158584	
0.5001	0.2033		8185	8144	8468		163663	166124	164968	
0.1329	0.5159		7225	7332	7071		159285	159384	161193	
0.3538	0.3807		8068	7901	7852		155064	156616	155187	
0.3851	0.21		7665	7726	7625		154406	154032	153913	
0.8563	0.3981		10228	10185	10195		152022	152677	152497	
0.6962	0.847		10795	10946	11043		161878	162105	162445	
0.8928	0.5082		10833	10547	11046		160429	159482	161020	
0.8569	0.5068		10548	11001	10709		162641	164131	164615	
0.7124	0.3833		9781	9390	9497		165608	166214	164527	
0.7834	0.7754		11164	11468	11516		153450	154465	154930	
0.949	0.2217		9902	9924	10157		156551	156160	157631	
0.7263	0.4821		10353	9984	9982		157338	157964	155983	
0.3069	0.2456		7113	7124	7255		152580	151573	154959	
0.1361	0.2129		6675	6648	6590		157905	156576	157156	
0.436	0.8276		10243	9255	9129		188045	162568	158728	
0.85	0.918		12074	11912	12132		162920	161718	161748	
0.4469	0.7277		9251	9196	9172		158358	159124	157647	
0.0913	0.6372		7122	7285	7293		155317	155280	157712	
0.0868	0.4132		6397	6761	6639		143837	147905	146358	
0.1377	0.9951		8053	8456	7851		162083	161813	163825	
0.6373	0.8594		10525	10565	10425		154617	154756	153284	
0.4927	0.3127		8651	8276	8177		158786	155311	159032	
0.3729	0.1927		7595	7449	7415		162519	161155	159904	
0.6733	0.7497		10718	10197	10214		162542	161762	161616	
0.4796	0.088		8574	8902	8493		187366	186497	185591	
0.5397	0.5704		9358	9499	9784		156483	155274	155850	
0.308	0.1729		7353	7241	7710		153160	153133	161336	
0.946	0.6404		12040	11641	11722		182425	169555	170312	
0.7769	0.5781		10463	10427	10562		168536	169439	167995	
0.0987	0.8217		8390	11907	8441		192382	232450	184682	
0.9632	0.692		11691	11589	11852		162265	162290	160959	
0.3387	0.9549		8981	9840	9233		160791	166384	160613	
0.5465	0.3042		8647	8909	8535		158573	160405	161080	
0.6097	0.304		8754	8833	8994		164209	163693	166934	
0.9091	0.6846		11393	11323	11773		155952	155868	156465	
0.6295	0.1878		8891	8994	8648		165254	167311	163469	
0.8502	0.7459		11218	11205	11134		165623	166493	168320	
0.8774	0.7306		11409	11447	11438		161127	160676	172633	
0.9654	0.9435		12472	13392	13435		168654	188582	187125	
0.4733	0.175		9523	10914	8181		177870	196181	157081	
0.0647	0.7594		7440	7250	7531		165945	159651	167858	
0.4023	0.0966		7443	7792	7454		161959	160887	159955	
0.6788	0.5712		10039	9949	10162		154415	153990	153373	
0.4031	0.2296		7616	7789	7768		158359	156757	162884	
0.7401	0.666		10542	10483	10536		159976	157524	156225	
0.1109	0.8707		7587	7649	8045		162109	161545	161084	
0.8254	0.2498		9496	9470	13355		157610	157492	188275	
0.7007	0.055		8614	8928	8540		149452	149517	146887	
0.4251	0.9603		9576	9735	9644		162380	163680	159869	
0.8974	0.6164		12258	14694	11091		185934	222487	165009	
0.7171	0.2097		12350	8963	8853		218154	170648	171174	
0.331	0.4997		8096	7978	8194		149859	148517	149691	
0.6158	0.3534		12348	9362	8839		230118	192139	159614	
0.81	0.1468		9230	9339	9332		172911	170256	169794	
0.1528	0.1495		7405	8007	6738		173624	163513	164372	
0.8313	0.4994		14136	11114	12332		203500	177417	195180	
0.4233	0.4567		8474	10144	9293		159812	181443	170015	
0.2334	0.9484		8582	8759	8885		161940	171814	162274	
0.0757	0.4028		6979	6886	7392		156603	155730	169700	
0.2346	0.721		8609	8187	9064		156208	154486	159062	
0.3735	0.2654		7819	7907	8164		163017	164363	159410	
0.2963	0.4715		8405	9214	8069		176534	164716	165608	
0.8294	0.1905		10563	11948	10147		194333	195840	184399	
0.8996	0.729		11773	11395	11426		170299	169777	171181	
0.9926	0.4737		11334	11376	10545		155427	155417	153028	
0.9787	0.9578		12540	13699	12702		162903	168394	154249	
0.9326	0.7915		12006	11966	11974		158085	160065	159268	
0.3646	0.9251		10595	9250	9263		166946	173189	165404	
0.7222	0.8438		15371	13742	14097		227160	206351	214538	
0.4735	0.5247		9105	9227	9190		166338	157600	152659	
0.7035	0.2263		9064	9109	9114		158211	156554	150610	
0.2706	0.5629		8062	8048	8029		167142	163224	160676	
0.7354	0.4235		9928	9768	9781		173316	168187	163226	
0.1425	0.7908		7980	7975	8335		163322	157653	162806	
0.5075	0.0603		8203	8040	8077		157781	154795	153217	
0.3631	0.7432		8816	9062	10204		173604	174261	178723	
0.3162	0.5		8018	7947	8227		163456	156371	155092	
0.9622	0.5865		11448	11274	11210		168096	161095	160628	
0.9066	0.8102		12406	12118	11910		169839	172540	163365	
0.1321	0.3684		8892	7046	8757		163563	175742	159596	
0.4631	0.9551		11771	9778	10351		160146	152336	155236	
0.8636	0.8339		12498	11784	11850		181902	162310	161395	
0.3718	0.4459		11389	10857	11354		218629	210432	227901	
0.6799	0.7554		10714	10982	13827		167527	183293	222631	
0.7366	0.1483		9159	9260	9497		159606	159809	158552	
0.5984	0.7695		10357	10545	10391		157160	157427	155892	
0.4155	0.5657		9346	8697	8569		173146	163497	161516	
0.2208	0.6927		8068	7977	8251		160624	162802	158084	
0.1017	0.5262		7114	7160	7218		155981	157345	155916	
0.2554	0.2284		7294	7179	7149		161101	161031	160493	
0.0507	0.9701		7377	9362	7456		158397	185428	174302	
0.7472	0.3592		9557	9521	9505		162118	159910	157740	
0.2015	0.3881		7265	7210	7200		155794	153772	151059	
0.9833	0.5568		11198	11242	11035		169055	167971	166590	
0.9862	0.7453		14085	12795	12366		203511	186151	183287	
0.637	0.0931		9449	8594	8367		166725	162596	163042	
0.6636	0.8581		10679	10700	10612		170576	171705	168773	
0.074	0.8488		7914	7781	7403		155751	155446	153431	
0.6372	0.4021		9649	9303	9368		162125	159243	160970	
0.4149	0.0993		7691	7751	7625		160453	162652	162488	
0.8195	0.0668		10313	10249	9929		186850	189287	188567	
0.703	0.9971		11318	12072	12637		209121	181301	175712	
0.3886	0.3928		9074	9118	9271		182416	183921	182792	
0.9855	0.0812		9644	9190	9136		161688	159457	161236	
0.1456	0.2666		6895	6906	6853		157111	159017	162451	
0.4111	0.0584		7809	7717	7532		181593	165995	165168	
0.6003	0.2909		8857	8930	8930		163699	165000	163348	
0.7397	0.1379		9363	9023	9791		175049	172756	178436	
0.9675	0.1811		9875	9837	9773		162298	164419	161907	
0.1476	0.3958		7224	7169	7257		163887	166952	164561	
0.4251	0.6669		8902	9050	9169		156871	157605	155631	
0.3423	0.7153		8409	8446	8481		162589	163731	161154	
0.5144	0.773		9681	9667	10005		161121	161415	162518	
0.3544	0.0658		7321	7366	7516		167290	177214	199965	
0.4435	0.6375		9116	9491	9158		166846	167696	167797	
0.8152	0.4445		10302	10493	10152		171496	174158	180018	
0.9401	0.8959		13280	13302	13161		190015	191112	189767	
0.5275	0.5428		12749	9072	9216		212237	159731	160167	
0.3729	0.418		8623	8257	7931		160302	160690	160911	
0.7788	0.4052		10233	9873	9769		151614	151349	152808	
0.7835	0.2499		9383	9411	12676		159378	165483	214791	
0.7485	0.3575		9384	9368	9391		164570	163152	163475	
0.7726	0.9008		14943	15137	11626		203974	214761	160585	
0.6104	0.8666		10337	11304	12775		159742	167595	184978	
0.8307	0.3984		10206	10157	10193		159522	154620	151776	
0.2599	0.5485		8204	7800	8006		159750	158055	157102	
0.2282	0.7435		7948	8289	8253		159364	159241	157804	
0.6504	0.9351		10817	11144	10723		161930	163589	160419	
0.8291	0.2475		9445	9457	9543		156965	155662	154271	
0.5703	0.1876		8515	8383	8694		154672	152994	152288	
0.6393	0.4039		9398	9570	9213		165531	166387	164103	
0.4872	0.5949		8883	8909	9198		155911	155739	155113	
0.704	0.9757		11112	11464	11157		166006	167560	165881	
0.8412	0.4986		10297	10221	10608		169895	169354	167751	
0.8898	0.1877		9688	9571	9735		159442	159022	156667	
0.9804	0.3557		10260	10264	10206		158014	158343	157919	
0.9381	0.0713		9539	9529	9774		165789	165583	168945	
0.0603	0.2594		6446	6421	6574		157627	158143	156571	
0.1473	0.457		7598	7069	7116		156370	159114	160307	
0.4207	0.0736		7360	7701	7567		154070	159264	156997	
0.4005	0.1139		7559	7710	7580		160084	157917	156087	
0.3243	0.3801		7799	8237	7825		155104	157396	156607	
0.1105	0.3138		7027	6874	7217		149174	151954	150539	
0.3674	0.7549		9761	9712	9704		176388	177266	180537	
0.4213	0.407		8524	8826	8394		151457	151930	153413	
0.9078	0.9065		12180	12156	12391		161648	163564	165380	
0.8277	0.1027		10383	9398	9148		182382	170953	168802	
0.6098	0.4476		9196	9239	9140		165412	165047	165626	
0.5417	0.779		9959	10972	9987		160759	174242	160886	
0.6576	0.9358		11181	11134	11081		169430	167037	165790	
0.5417	0.6749		9525	9789	9895		162260	160408	162505	
0.4025	0.6309		8880	8688	8661		164679	163993	164096	
0.3724	0.0853		7635	10897	7936		164180	215546	158284	
0.3859	0.9657		9406	9430	9412		153888	153729	157020	
0.0597	0.6425		7138	7019	9758		157213	156946	208108	
0.9446	0.9841		12763	16207	13459		169539	214339	205920	
0.8653	0.7035		11318	11717	11253		163258	169325	161367	
0.4448	0.6276		9237	9008	9014		163043	161641	161832	
0.0751	0.2375		6474	7117	6872		160453	161239	160515	
0.3506	0.4251		8100	8033	8266		157721	159980	166658	
0.4436	0.3893		8543	8498	8469		165934	165927	165867	
0.101	0.7352		7431	7478	7343		158842	158415	159859	
0.8901	0.2705		10110	10415	10180		164567	164688	169840	
0.1426	0.076		6594	6633	6571		149474	149938	149922	
0.2935	0.4595		7751	7812	8148		157830	159842	158100	
0.2781	0.7324		7803	8218	8289		154516	155505	157069	
0.3505	0.137		7497	7618	7899		163189	160619	161017	
0.9488	0.4894		10830	11013	10747		157251	155570	157030	
0.6566	0.2308		9431	8432	8724		157830	154410	155006	
0.8108	0.6087		10563	10634	10524		172577	167198	168497	
0.63	0.2954		9496	9351	9213		165552	165645	166189	
0.2478	0.9934		9208	9549	9246		191554	188228	191839	
0.194	0.7467		8470	8099	7799		181571	165381	162542	
0.976	0.9682		16603	16174	17416		225034	238813	240541	
0.6731	0.9464		14738	13437	13779		230336	242792	219850	
0.8	0.33		9783	9766	11320		161380	159430	170090	
0.5338	0.0964		8331	9604	11298		169077	187417	234036	
0.2693	0.961		13286	10557	11960		245504	185596	228918	
0.9966	0.1826		13377	12854	15360		226106	226728	238630	
0.1722	0.0556		10030	9031	6668		235740	200826	159911	
0.0543	0.4248		6760	6697	6774		156685	156266	155033	
0.1875	0.1436		7605	9915	9608		182987	224015	221649	
0.5235	0.2227		11816	10934	8851		237437	201307	190982	
0.6348	0.6733		11726	12218	11352		191432	196142	186918	
0.3052	0.3214		10223	11827	10813		216611	275257	253053	
0.3232	0.7964		11723	11585	10709		215782	210501	178543	
0.8887	0.1752		12701	13039	9826		209618	205234	153937	
0.6515	0.7895		13200	16148	15473		233444	251265	233637	
0.355	0.9959		9256	9280	9313		163469	166271	165093	
0.0996	0.499		7069	8226	7913		159952	193609	197337	
0.639	0.8374		13142	10642	10502		171119	167416	157450	
0.3555	0.6951		10860	11417	8874		182621	173519	164975	
0.6795	0.2103		8892	8940	8857		163517	159476	158793	
0.0703	0.5334		6968	7063	7954		155840	160869	157238	
0.1387	0.1752		6748	6660	7108		159544	164956	155317	
0.3933	0.186		11167	11043	10868		238762	242063	216062	
0.768	0.2906		9564	9682	9529		164810	160694	164062	
0.2652	0.4652		7662	8070	7838		165996	158336	161021	
0.5302	0.764		9839	9916	9649		165306	158422	160470	
0.4531	0.7634		9458	9460	9310		174425	163131	161588	
0.4403	0.7826		9620	9599	9487		176755	165543	164251	
0.8869	0.411		10839	10415	10424		177176	166285	164694	
0.3747	0.6456		8789	8701	8675		167213	169056	168373	
0.4507	0.7866		9512	11636	9650		158919	174056	161967	
0.1344	0.3474		6943	7695	7280		168368	162026	156789	
0.0895	0.8987		10413	9598	10255		219255	217501	219265	
0.3578	0.3253		8723	8630	8584		192796	185322	183408	
0.6649	0.8888		10878	10835	10870		177490	169018	166400	
0.0619	0.0559		7499	6254	6502		163102	167748	171163	
0.7017	0.3646		9441	9500	9463		172197	162082	160584	
0.5007	0.669		12508	12739	12404		219156	224817	220835	
0.4644	0.104		11248	11766	8401		235459	228814	191545	
0.2786	0.582		10838	8699	8703		183361	170178	168005	
0.86	0.2941		9892	9960	10263		169767	158590	155216	
0.8116	0.1015		9234	9078	9034		170272	159404	159675	
0.9958	0.2312		10648	9917	9963		171378	164433	162885	
0.0989	0.9797		9545	8574	8657		196134	187613	190103	
0.311	0.5664		8356	8157	8165		172357	163490	164675	
0.3327	0.404		8525	7873	7944		168471	160980	160796	
0.6564	0.3008		10230	9381	9006		175098	165810	164181	
0.1078	0.0728		6323	6729	6321		156702	149445	149240	
0.201	0.8315		8060	7940	7935		167616	161185	163425	
0.891	0.2865		10239	10051	10026		163098	155512	155823	
0.1182	0.5493		7381	7146	7147		159977	149992	149416	
0.6512	0.6997		10095	10205	10223		172865	165791	162630	
0.0874	0.8492		7518	7513	7469		165911	162897	160418	
0.6428	0.7391		10314	10297	10992		166538	160088	182587	
0.5711	0.3642		9621	10095	9813		185153	178637	194458	
0.1754	0.3614		7572	7132	6978		163956	157699	155388	
0.737	0.3024		9744	9459	9394		165297	159735	156807	
0.6366	0.4798		9730	9433	9712		167371	163633	161142	
0.4518	0.2623		8270	8328	8383		169496	162761	162270	
0.8212	0.9173		12081	12107	11922		169374	164282	163402	
0.9807	0.8509		13220	12421	12458		163326	156121	173715	
0.3716	0.3407		7730	11117	7902		176404	209475	187301	
0.3811	0.2218		8005	10903	10485		167669	212489	214343	
0.7633	0.5986		14385	15503	10679		210781	230889	203181	
0.5402	0.0639		10073	9653	9962		159203	180793	213357	
0.2831	0.9082		9539	12758	9525		192397	211696	182079	
0.0756	0.9213		9910	8647	8512		191196	192467	203972	
0.0908	0.2658		7850	7554	8049		179147	183034	184483	
0.1397	0.5845		7477	11112	8398		194624	182035	178669	
0.0564	0.974		8077	8673	11304		204056	208935	233136	
0.0723	0.7275		8534	9395	9468		202744	202807	207435	
0.6679	0.1304		11746	11002	11200		211430	206458	208189	
0.7363	0.7948		11447	12868	12471		189050	187833	198939	
0.7601	0.8217		11944	15413	16013		191008	221482	232133	
0.2097	0.4687		7459	8183	8429		162807	189317	191386	
0.6211	0.2028		8809	9623	8895		192417	186789	166181	
0.2758	0.2307		8412	7289	7305		186230	186211	180190	
0.6348	0.7592		10359	10800	10402		164735	166093	163781	
0.6748	0.8736		10942	10654	10665		163829	162745	162430	
0.5977	0.6889		9828	9843	9961		161857	160221	157614	
0.3688	0.7043		8624	10197	8736		166762	166422	165953	
0.248	0.3995		7476	7540	7349		148908	149418	150936	
0.4468	0.1653		7943	7883	7886		166978	167943	165969	
0.1957	0.4889		7321	7886	7227		150226	152332	146846	
0.4893	0.8863		10143	11252	9665		164960	169228	165475	
0.9265	0.2921		10502	10226	10525		166082	162973	162374	
0.5324	0.4067		9648	9642	9564		198336	195364	194760	
0.1719	0.2983		7065	7393	6881		159354	159317	156324	
0.0591	0.379		6682	6722	7011		168957	167887	168097	
0.2163	0.4817		7292	7406	7686		157217	158781	156687	
0.2139	0.5815		7647	7698	7636		161182	162632	159369	
0.689	0.4271		9753	9554	9687		154276	154336	154170	
0.1557	0.6241		7298	7597	7611		164317	167606	165235	
0.3193	0.3558		7918	7779	7696		163992	165025	164270	
0.5036	0.4477		9335	8871	9036		165450	160239	159668	
0.481	0.1157		8010	7992	8231		155886	152992	156028	
0.7489	0.9154		11353	11533	11429		164966	166233	164979	
0.663	0.5474		10317	9987	9986		159076	153992	152481	
0.1413	0.5168		7402	7422	7447		166867	165509	169500	
0.358	0.4046		8091	8157	8299		161680	161292	163266	
0.767	0.3024		9573	9515	9628		159739	159158	158250	
0.3575	0.7172		8641	8694	8723		154896	155718	155116	
0.1345	0.4247		7329	6966	7381		158452	153851	151208	
0.4936	0.5649		8848	8875	8839		160704	159101	158436	
0.3763	0.495		8262	8629	8996		160147	160262	159561	
0.9474	0.3731		10576	10656	10369		161825	160951	160499	
0.6048	0.552		9502	9674	9487		159428	159841	158397	
0.2176	0.3751		7271	7262	7147		154264	153812	152330	
0.1087	0.6824		7302	7310	7609		166208	164292	162934	
0.5621	0.654		9544	9492	9480		150257	149979	150807	
0.2655	0.275		7927	7326	7706		158494	156355	157937	
0.0923	0.4534		8173	7457	8781		184926	172632	175435	
0.3831	0.1884		7945	8068	8015		167156	167874	172598	
0.5779	0.1631		9643	9322	9864		176118	175559	175204	
0.7482	0.579		10446	10585	10214		163007	158964	153186	
0.8988	0.6989		12802	12777	11517		191123	211026	187549	
0.1216	0.0522		7496	6721	6866		162321	156267	172040	
0.8891	0.7176		11500	11452	11762		162135	161925	161619	
0.2063	0.3776		7492	7514	7544		165465	166535	161880	
0.5019	0.6289		9595	9575	10153		158946	158269	160073	
0.2186	0.4674		7666	7536	7529		153583	154707	154324	
0.7477	0.9738		11873	11533	11455		162864	164222	160402	
0.4883	0.8768		9997	9796	9913		164005	161991	160951	
0.8566	0.6364		11111	11195	11216		161977	162132	159060	
0.7832	0.3789		10365	10000	10181		168223	167387	166381	
0.4951	0.9246		10048	9786	10418		165195	164879	165750	
0.9471	0.1201		9924	12593	13155		189176	191204	217216	
0.4529	0.9011		11460	10831	12231		197785	193840	201870	
0.9008	0.6376		11446	11617	11408		151871	154135	151193	
0.7987	0.0776		9089	9078	9237		158750	160945	160012	
0.5704	0.7221		10091	12760	10040		190965	174910	173936	
0.0648	0.9538		7770	8091	7891		170978	163783	158836	
0.683	0.7201		11166	11016	10977		182897	184325	191495	
0.3707	0.0565		11294	11100	8437		200052	207238	212009	
0.8685	0.1977		11580	9982	11471		196320	188752	197894	
0.6855	0.644		13196	12928	11061		210206	208522	185099	
0.1881	0.2372		8354	9795	8557		197487	199171	193581	
0.7996	0.3154		10260	10310	10558		190862	190052	184158	
0.6933	0.3003		10247	10668	11706		179624	188391	194933	
0.9054	0.6784		12466	11613	11860		188593	187897	185037	
0.3148	0.0721		9854	9907	9239		199876	210053	194072	
0.5371	0.1001		9639	8515	9217		191757	199556	185389	
0.7411	0.1733		11173	9689	10348		195041	189876	186846	
0.5889	0.3595		9194	10374	10580		183132	182081	179787	
0.1102	0.1536		8029	7989	8628		185616	182262	182295	
0.2023	0.8188		8640	9216	9416		195272	191258	194801	
0.5214	0.5968		9922	10296	9548		186571	180366	180552	
0.868	0.7573		13024	13367	11959		189708	186766	184905	
0.3778	0.8467		10438	10130	11030		186919	182574	209060	
0.3101	0.5838		9432	10554	9141		184716	182607	186050	
0.2336	0.5177		7921	7739	10109		170117	159904	192450	
0.7955	0.3523		10128	9969	9837		179548	171130	171901	
0.7074	0.8809		11955	13513	11865		173345	175273	173634	
0.4403	0.556		9285	9322	9699		164403	162584	176245	
0.4512	0.6431		12399	10477	11314		212030	182530	186129	
0.6179	0.1989		10331	9857	8901		192431	192734	194359	
0.3365	0.4266		13168	9940	10637		235627	202559	175096	
0.2614	0.7719		10281	8993	9624		186964	195489	188086	
0.3976	0.831		10501	10098	9897		187092	187414	190692	
0.0721	0.6873		8713	7418	9501		180945	181557	185403	
0.8787	0.8973		15618	30113	14642		207081	234857	198134	
0.5521	0.5217		12041	10395	10829		207534	201999	196280	
0.936	0.4363		12582	12854	12002		200274	206736	205111	
0.6618	0.5331		11199	13501	11195		198302	208988	179804	
0.9852	0.3301		12895	11339	11643		194491	190207	178176	
0.9281	0.3352		11757	12234	11718		188503	190596	192858	
0.2955	0.9289		10496	9937	10407		193056	191466	195678	
0.1827	0.7641		9845	10292	9151		189882	183563	180499	
0.1642	0.5913		8388	7733	7500		193755	170106	170903	
0.2747	0.5625		7974	8052	7939		172675	166209	168903	
0.32	0.669		8492	8528	8683		173368	168240	170534	
0.77	0.13		9315	9224	9358		168384	162368	166214	
0.3363	0.1202		7431	7785	9418		165749	168650	192704	
0.5369	0.2781		8678	8701	9339		158081	158357	164007	
0.6136	0.1817		9702	10285	9297		179779	184224	159242	
0.1357	0.6638		11216	10929	10471		223528	217296	197157	
0.5658	0.6049		11090	9475	9512		171799	168629	168200	
0.7841	0.818		11490	11046	13478		164234	162125	173821	
0.5075	0.9277		11688	11460	11599		197424	196749	190463	
0.8891	0.7416		16298	15687	15688		223397	249639	229509	
0.8386	0.1668		10264	9700	10217		181221	182061	183734	
