30	31	
0.9872	0.8099		5303	5043	5158		163444	150167	153716	
0.182	0.4133		1686	1709	1753		159803	151389	149782	
0.9233	0.5891		4766	4407	4447		178056	161973	161064	
0.5043	0.8688		3673	3639	3523		169305	156819	157362	
0.7418	0.7856		5345	6211	5885		242387	237675	240606	
0.3619	0.424		2999	2979	2572		209567	214381	242522	
0.2617	0.1595		2055	1849	2008		208633	212753	208608	
0.9216	0.6526		4958	4541	4596		178501	187030	159498	
0.813	0.4502		3592	3496	3798		166686	161924	176141	
0.6269	0.1232		2067	2087	2116		163392	166350	164823	
0.4328	0.3892		2779	2426	2318		153080	165661	154662	
0.7324	0.9679		4888	4927	4927		166586	168409	167391	
0.9443	0.8256		10490	5762	5622		188336	171066	201858	
0.2858	0.6911		3093	2901	3309		160928	167046	218204	
0.1909	0.4853		2597	2791	3041		186751	252545	268792	
0.6853	0.1812		3006	3334	2614		218768	216174	216872	
0.5688	0.9584		5743	5443	5446		236988	228944	222753	
0.9108	0.3339		3536	6587	4436		174026	234216	219705	
0.5311	0.5297		2890	2950	3477		163982	167979	176633	
0.4104	0.6163		3590	3499	3774		247060	221296	232572	
0.899	0.4601		4138	3802	3895		167786	169546	164574	
0.9699	0.373		3657	3674	4481		170501	174228	189553	
0.1468	0.6016		2700	3213	2638		223210	232204	245373	
0.9154	0.5284		4310	4272	5318		182448	167661	192258	
0.4495	0.0967		2392	1616	1832		193002	162672	171291	
0.1376	0.4211		2144	2130	2734		220401	217154	218558	
0.6881	0.7086		4139	3977	3765		188806	165098	175070	
0.3948	0.3893		3299	2640	2759		219146	217565	200211	
0.458	0.3786		3132	2555	2461		186663	152579	160154	
0.5853	0.486		3541	3018	3946		171629	156673	192015	
0.6244	0.0928		2836	2932	1915		216013	217658	201393	
0.568	0.6464		3487	3413	3384		164765	160644	164598	
0.0891	0.4713		2046	1639	1653		200761	158117	158217	
0.4086	0.363		2244	2262	2220		153504	156068	152154	
0.8029	0.1091		2162	2155	2245		154515	155362	153194	
0.5001	0.7866		3417	3402	3608		158196	158597	161088	
0.9838	0.8939		5938	5903	5991		166666	165809	168673	
0.1581	0.4561		1998	2029	1888		182302	176283	164489	
0.1902	0.8645		2697	2678	2661		152466	152583	152762	
0.2849	0.1887		1681	1639	1679		164738	161289	160370	
0.4788	0.6384		4303	4437	3995		290719	232678	229066	
0.5825	0.888		4341	4293	4292		166449	163065	164176	
0.4653	0.1095		1811	1795	1825		163928	164800	162918	
0.5472	0.3453		2511	2457	2486		159574	159258	161225	
0.367	0.908		3271	3299	3228		151090	151391	148149	
0.418	0.7917		3167	3165	3146		159789	159765	162179	
0.5894	0.9465		5099	4422	4327		163421	152434	149955	
0.8736	0.8559		5188	4996	4964		171742	170214	166703	
0.7698	0.4247		3430	3442	3414		154174	154500	151894	
0.9516	0.4943		4222	4320	4135		161915	160820	156454	
0.6757	0.1845		2391	2493	2551		151510	152193	162179	
0.6367	0.2191		2506	2524	2518		157999	158429	167710	
0.1891	0.0723		1116	1191	1113		153431	152335	156117	
0.7465	0.6083		4082	4176	4104		158854	156105	152204	
0.405	0.0882		1502	1471	1497		166871	170928	170143	
0.1558	0.1184		1212	1739	1577		155255	167465	175636	
0.6929	0.9603		6849	6834	6911		232886	244901	265388	
0.0895	0.2071		1736	2201	1364		214621	210990	205407	
0.4786	0.6317		3498	4109	4111		171187	211039	214620	
0.8751	0.3364		3976	3726	3484		186331	201404	162206	
0.1117	0.1605		1364	1299	1259		148107	150144	149908	
0.5375	0.4233		2815	2804	2804		159288	158707	159780	
0.1441	0.7105		2322	2305	2302		157610	157444	156717	
0.246	0.9582		3512	3539	3591		182166	212834	189810	
0.6516	0.5914		4051	3620	4106		182486	162849	170470	
0.3499	0.9257		3468	3458	3428		179569	191557	181462	
0.5692	0.9157		4238	5459	5199		170702	191478	219261	
0.1274	0.9047		2500	3124	2899		155672	174168	185982	
0.3312	0.9266		3409	3401	3338		155363	155589	157486	
0.5797	0.1402		2136	2186	2112		159525	158324	161398	
0.0802	0.9829		2512	2434	2453		159518	157615	155852	
0.9154	0.2942		3767	3387	3368		188059	196688	163004	
0.7701	0.7277		4689	4948	4614		155175	158881	155672	
0.2826	0.9049		3097	3104	3098		166121	164533	162230	
0.84	0.2671		3168	3832	3395		177093	207468	175082	
0.2206	0.5027		2188	2215	2205		162243	164201	166055	
0.4608	0.784		3469	3480	3462		158978	159228	159002	
0.4478	0.5706		3125	3029	3579		152326	160470	168520	
0.1022	0.4308		2265	1704	1707		215581	195619	159826	
0.7612	0.4593		5339	4185	3935		255615	201278	228142	
0.5301	0.4729		3000	2964	2941		171276	159608	164380	
0.1922	0.3071		1870	2495	1677		159306	195718	162310	
0.349	0.7753		3122	3094	3115		148584	149968	151357	
0.3995	0.7551		3822	3445	3336		172525	168090	164483	
0.2367	0.8668		2846	2832	2807		156618	155119	161160	
0.0523	0.6991		2194	2142	2249		160216	160910	161523	
0.0735	0.8519		2197	2199	2217		160353	164991	159868	
0.972	0.1499		3043	3040	2927		160835	196641	157441	
0.6129	0.7727		4162	3927	3965		192288	200865	167525	
0.6548	0.9823		6053	5948	5876		227922	234392	236611	
0.2452	0.5067		2295	3071	2282		174345	221047	177920	
0.9806	0.2226		3988	4009	4364		191013	211478	214352	
0.1011	0.2062		1352	1285	1453		162779	159586	187095	
0.9368	0.2435		3263	3166	3621		168360	177430	203320	
0.1738	0.9444		2896	2816	3001		157979	159730	157623	
0.949	0.384		3804	3834	4786		161318	154593	160191	
0.0688	0.7475		3181	2598	2610		226113	232383	189432	
0.7619	0.905		6187	5283	5088		167925	163241	160657	
0.1825	0.5675		2219	2204	2204		156954	162811	157473	
0.0917	0.4159		1621	1684	1625		157085	160437	159913	
0.6395	0.9824		5858	5213	5442		207650	175187	186965	
0.4277	0.2326		2071	2100	2064		159566	152059	152689	
0.1636	0.3875		1910	1795	2005		157671	150870	158378	
0.2683	0.8016		3327	2966	2879		162615	161476	141264	
0.4185	0.752		3436	3385	3374		155834	156729	156793	
0.7723	0.3477		3286	3227	3279		157345	160469	193017	
0.3843	0.8053		3271	3266	3259		160870	161057	164282	
0.7432	0.4807		3597	3482	3537		154871	154770	156282	
0.5038	0.4125		2777	2812	2763		153113	151738	153681	
0.783	0.5705		4054	4333	4033		152297	154048	152598	
0.2164	0.5682		2485	2374	2901		161259	160329	165466	
0.5495	0.3966		2812	2956	3154		159407	161784	165538	
0.1198	0.2193		1383	1424	1357		164526	177447	165444	
0.5993	0.3198		2816	2811	2799		162156	167722	160712	
0.3326	0.6707		2894	2881	2862		161732	163649	163604	
0.658	0.8083		4776	4349	4373		164654	155496	171889	
0.06	0.2685		1719	1290	1286		160912	149669	150703	
0.1164	0.5468		2484	2348	2368		219676	185412	188693	
0.5323	0.0863		1859	1844	1915		166819	180178	162613	
0.4868	0.2873		2395	2807	2379		159544	163215	164537	
0.7632	0.5144		3719	3635	3682		160874	167169	172176	
0.1008	0.1102		1622	1786	1141		230348	233165	198666	
0.3108	0.8342		3621	3254	3521		196347	184146	192064	
0.1346	0.9953		2770	3012	2903		167734	174520	187794	
0.3078	0.5209		3011	3330	3993		193492	231927	231043	
0.4989	0.6727		3328	3376	3380		155437	155289	160019	
0.1421	0.9722		2855	2857	2847		164787	167415	164706	
0.0763	0.8424		2202	2224	2201		151907	151931	152343	
0.9081	0.705		5067	5074	5013		153878	154369	154568	
0.0531	0.1278		1104	1093	1080		159657	158996	161373	
0.4385	0.5825		2974	2947	2986		156216	156298	156880	
0.3733	0.4314		2342	2364	2374		156065	164935	193433	
0.1573	0.4185		1846	1865	1841		157486	157486	161126	
0.5916	0.9861		4820	4949	5084		154421	153964	170911	
0.9235	0.4753		3989	4869	4884		159428	180749	216011	
0.3951	0.2873		2191	2148	2175		153562	151663	163431	
0.6893	0.2925		2853	2829	3260		159414	164889	165378	
0.9471	0.2086		3128	3474	3112		163111	181690	165634	
0.2805	0.0641		1249	1231	1257		155932	156073	162934	
0.271	0.901		3102	3037	3169		161176	159757	159418	
0.9709	0.7034		4942	4865	5876		162211	159829	163846	
0.9113	0.4445		3850	4630	4971		156359	187816	212522	
0.6552	0.8347		4127	4171	4095		152093	152647	153416	
0.95	0.5971		5178	5195	5202		182087	187034	183706	
0.4677	0.8988		4299	4313	4458		218006	218943	202419	
0.6314	0.9368		4341	4559	4645		160535	154394	155250	
0.6269	0.7424		4090	4223	4099		156671	160989	159419	
0.2724	0.4297		2169	2130	2118		161738	161607	160635	
0.3736	0.5141		2686	2622	2706		149674	150419	151624	
0.322	0.4208		2315	2670	2148		164552	169159	162249	
0.3157	0.7746		2938	2981	2975		166057	161904	162903	
0.8327	0.691		4706	4646	4689		155010	154198	155473	
0.3278	0.9715		3470	3461	3452		162034	164734	163914	
0.6729	0.5187		3499	3526	3499		158544	158574	158547	
0.2402	0.8572		2867	2831	2828		158192	164623	158640	
0.9875	0.3026		3878	3483	3521		155381	154299	159885	
0.288	0.6489		2533	2535	2777		156709	153821	159087	
0.065	0.9831		2412	2399	2831		153438	160094	164182	
0.678	0.501		3334	3378	3284		164998	170404	171405	
0.2425	0.1686		1502	1458	1428		159004	150583	150996	
0.5936	0.2517		2452	2456	2420		155624	158432	163771	
0.604	0.5224		3546	3355	3337		169022	168669	154863	
0.8984	0.1199		3440	2653	3103		189662	155247	165547	
0.9778	0.8248		5578	5525	5416		158432	163134	160549	
0.7629	0.1431		2410	2425	2333		157500	158507	158387	
0.4226	0.7726		3736	4387	4013		205807	208065	199006	
0.2018	0.4201		1965	1822	1771		158758	158643	161601	
0.592	0.6279		4177	3567	4116		160815	163661	181907	
0.4146	0.8301		3230	3293	3226		158313	156680	157395	
0.4969	0.8263		3489	3841	3520		150174	161482	154137	
0.3714	0.6022		2875	2720	2742		160836	155178	155244	
0.1267	0.0817		1003	990	990		152406	153695	154268	
0.1065	0.6686		2089	2093	2096		158666	161378	162536	
0.8456	0.5709		5301	5158	4415		169674	185395	200825	
0.345	0.6315		2977	2890	2908		157526	157675	159022	
0.6334	0.7183		4070	4103	4093		155986	150320	153085	
0.2282	0.659		2948	2925	3455		188065	190213	212980	
0.7903	0.6718		4141	5755	4166		152581	193977	166158	
0.3436	0.8684		3002	3573	3012		146623	171138	157422	
0.2954	0.9348		2973	3000	2991		148876	150289	144983	
0.5083	0.5848		3305	3272	3242		158288	158736	164862	
0.5715	0.6031		4433	3813	3840		176687	180173	185483	
0.5365	0.2474		2220	2324	2237		156564	158350	167001	
0.9276	0.73		5345	5038	4910		163339	161370	163609	
0.6682	0.3965		2920	2932	3083		162696	157617	162090	
0.3958	0.79		3224	3164	3077		159278	163631	157203	
0.9845	0.635		4804	4820	4786		164207	166065	159006	
0.5582	0.0686		1790	1833	1799		168659	160227	162671	
0.3196	0.9871		3742	3682	3606		166392	156496	161036	
0.792	0.417		3444	3434	3451		168500	156750	158165	
0.4178	0.4362		2356	2433	2451		170571	159095	159338	
0.3493	0.3685		2110	2994	2107		166699	213669	176531	
0.6705	0.5591		4451	4096	3534		218140	209481	161380	
0.4484	0.5955		3094	3120	3010		160481	160738	166313	
0.2633	0.5956		2544	3609	4037		170878	194675	226958	
0.202	0.1374		1337	1333	1344		152299	153638	154025	
0.8951	0.4044		4404	3654	5158		215414	173009	219281	
0.945	0.0567		2358	2746	2432		180741	182887	174595	
0.9603	0.1752		3004	2917	4102		164303	163993	204152	
0.2637	0.8166		2880	2946	2826		157195	158420	157580	
0.9132	0.2158		3090	3115	3136		157728	152040	151961	
0.5992	0.137		2280	2326	2165		161777	174402	159462	
0.3975	0.8837		3438	3578	3653		157332	157300	160809	
0.17	0.2938		1654	1570	1571		168703	173440	166672	
0.2803	0.0564		1194	1209	1185		157844	162586	159566	
0.6284	0.1989		2682	3507	3011		209333	226236	207651	
0.8739	0.2638		2975	3055	3574		152919	154401	159123	
0.7652	0.1922		2503	2585	2566		159763	165466	164208	
0.3666	0.6863		4008	2774	2789		187448	159265	161742	
0.6702	0.9764		4834	5519	6105		171243	191118	230736	
0.7565	0.343		3169	3141	3208		154509	155651	165987	
0.9586	0.911		5954	5996	5939		164234	161943	170509	
0.2032	0.1058		1361	1320	1296		149331	157659	158312	
0.3605	0.6163		2647	2861	2629		161130	164961	155015	
0.5696	0.7011		3536	3556	3599		162503	158805	171722	
0.8618	0.5937		4270	4868	4259		160417	170081	159352	
0.4634	0.0989		1671	1668	1616		168499	161078	161403	
0.3952	0.2151		1997	2021	1949		162983	155510	155802	
0.8187	0.1397		2580	9632	2962		162150	178258	167144	
0.3791	0.1612		1843	1802	1796		161955	162971	161200	
0.779	0.646		4354	4916	4296		160892	165045	167977	
0.9164	0.8015		5253	5315	5625		164091	157875	162329	
0.8449	0.5793		4360	4277	4187		156757	152167	153925	
0.6315	0.4235		3174	3149	3152		162558	161208	164190	
0.7025	0.995		5309	5192	5194		154713	161625	160514	
0.2486	0.0609		1131	1150	1144		161298	158358	157478	
0.2817	0.8541		2977	3296	2996		162055	169038	182804	
0.6603	0.992		4959	4983	4913		161529	167101	164330	
0.773	0.9954		5642	5713	5509		180191	162398	162786	
0.1276	0.2484		1403	1599	1418		165532	162323	159786	
0.2615	0.3053		1831	1875	2141		150980	155121	172150	
0.5419	0.2113		2295	2283	2265		161185	171571	164147	
0.8676	0.6276		4980	4624	4617		166701	167572	162351	
0.5271	0.7614		3723	3758	4191		157465	163189	162944	
0.9475	0.3897		3830	3838	3792		166243	161814	159763	
0.1203	0.7548		2366	2748	2333		165372	171034	162037	
0.4795	0.1339		1976	1922	1951		160324	157007	161931	
0.8109	0.5189		3963	3929	4219		161434	160736	183119	
0.0536	0.9875		2526	2567	2512		156790	159785	160638	
0.607	0.2213		2446	2481	2492		173644	165805	167963	
0.8181	0.7752		4987	6003	6227		169156	193986	229923	
0.811	0.4605		3637	4631	5233		166741	221785	221683	
0.3687	0.2957		2148	2063	2065		157294	163570	154640	
0.6049	0.6714		3788	4618	3716		159161	165957	159923	
0.652	0.1426		2276	2282	2322		154123	155478	161708	
0.9063	0.5279		5588	5310	5434		226304	224804	228783	
0.5193	0.275		2371	2560	2417		157988	163215	177696	
0.88	0.656		4722	4706	5536		161541	160558	175398	
0.9891	0.3417		3843	3843	3788		187133	164095	163212	
0.9277	0.0546		2297	2257	2282		159785	151212	155870	
0.062	0.4992		1677	1733	1680		156225	163401	165703	
0.8878	0.9995		6026	6985	6040		167407	200335	160551	
0.6283	0.3997		3101	3115	3093		162422	162977	162638	
0.519	0.3924		3001	2840	3680		189438	177692	223057	
0.8207	0.4131		3558	3498	3745		158414	160204	166391	
0.577	0.4202		3199	3186	2860		168872	181804	167336	
0.5847	0.7298		3905	3919	3918		162771	165382	166547	
0.2467	0.0714		1215	1291	1741		154947	187453	227611	
0.4135	0.0871		1634	2136	1596		184446	178114	158250	
0.7913	0.7414		4638	4602	4619		155223	155752	155326	
0.6593	0.9296		5383	5141	5418		165020	164679	175281	
0.0932	0.3981		1636	1626	1589		155249	155512	158920	
0.9168	0.5367		5564	6010	5972		227002	253160	267698	
0.9319	0.2835		3750	4947	3459		207663	244427	208496	
0.9353	0.885		5712	5607	5477		199495	167508	171112	
0.4812	0.9082		3807	3819	4686		166557	165593	212439	
0.5757	0.0619		2550	1765	1807		219946	202033	165031	
0.5528	0.9794		4637	4569	5874		159998	160718	204695	
0.4869	0.612		3258	3220	3475		202306	166173	171606	
0.3403	0.7645		3060	3062	3445		163613	168541	194361	
0.6141	0.7125		3932	3865	3791		162568	158382	159306	
0.4893	0.3342		2718	2570	2530		200253	195903	178529	
0.7946	0.4619		4157	4337	5031		207054	228625	264513	
0.2571	0.0604		1637	1615	1883		215500	212523	216595	
0.6759	0.2081		3547	3185	3315		233870	225840	228359	
0.6053	0.7632		5287	4954	5446		230434	226303	235155	
0.1146	0.527		2482	3000	3681		272104	251356	329374	
0.845	0.5314		5956	5036	5133		261210	252078	220528	
0.5049	0.5921		3727	3763	3756		185330	185762	187382	
0.0882	0.557		3042	2985	2356		253968	237174	221445	
0.4632	0.8644		4535	4378	4942		224847	234575	276413	
0.2686	0.173		2277	1959	2130		211043	216645	272520	
0.5165	0.4506		2966	2900	2927		168972	152671	158901	
0.9089	0.396		3722	3952	3657		176586	170425	171713	
0.4019	0.5812		2906	2904	3027		162489	165261	183646	
0.1812	0.4684		1952	1918	1875		162821	158261	160570	
0.1247	0.393		1754	1645	1665		174798	171520	161475	
0.9429	0.4984		4238	4267	4225		159771	159038	162145	
0.7118	0.1395		2356	2394	2421		161697	161446	164678	
0.2554	0.1594		1563	1724	1536		176697	178237	166931	
0.4794	0.2863		2298	2323	2432		155261	172191	177929	
0.1326	0.5525		3065	2442	2469		195954	183643	177440	
0.8266	0.0684		2663	3004	2275		167678	190529	159546	
0.7813	0.9989		7728	6886	6862		250139	224174	231553	
0.1145	0.3593		1934	1940	2229		217801	234881	264019	
0.917	0.8235		6670	7521	6637		214372	243127	216992	
0.738	0.4906		4570	3763	4129		214144	216969	220594	
0.2467	0.345		2480	2804	2700		214168	211827	231637	
0.1945	0.149		1683	1636	1406		209302	205205	188938	
0.9527	0.9108		5816	5974	5932		168616	172285	170314	
0.3045	0.4546		2366	3455	2991		162771	193443	220176	
0.64	0.4785		3239	3236	3217		162451	163342	164448	
0.3451	0.7682		3059	3153	3066		153466	155445	156780	
0.2907	0.4135		3213	2964	2627		212642	186751	188142	
0.3786	0.5624		2738	2793	2741		157299	157024	159669	
0.3042	0.8683		3025	2996	3128		158662	158842	157354	
0.1294	0.0524		953	960	1002		149691	150207	150880	
0.8267	0.6421		4379	4327	4320		170392	162050	167911	
0.5379	0.5468		3616	3578	3597		189039	194362	191858	
0.8415	0.1014		2445	2469	2740		161483	161268	171480	
0.1515	0.0667		1049	1035	1035		150241	150763	153965	
0.9703	0.092		2658	2644	2650		151788	151557	153324	
0.8891	0.0998		2526	2526	2503		162075	162264	164229	
0.4842	0.3163		2421	2436	2434		159671	160740	163138	
0.6116	0.258		2622	2589	2642		161676	157313	169969	
0.7579	0.338		2953	2982	3009		154125	154437	156452	
0.1445	0.4143		1777	1743	1737		155459	156860	181417	
0.7913	0.8946		4967	5010	5383		158820	159238	165591	
0.5574	0.7122		3675	3552	3675		151147	149233	153840	
0.6479	0.1656		2237	2323	2236		152316	158393	160472	
0.9436	0.1533		2777	2792	2765		156797	157520	159069	
0.2508	0.9227		2992	2980	3193		166728	165052	168950	
0.0841	0.6879		2271	2253	2244		158028	147562	146842	
0.069	0.1137		1065	1107	1128		166288	153630	159146	
0.8046	0.6749		4303	4261	4775		162583	157042	161520	
0.8866	0.5122		4017	3969	3928		163038	156106	159394	
0.6648	0.1621		2278	2267	2283		160750	155670	157508	
0.3278	0.406		2122	2116	2077		169057	164177	166173	
0.0546	0.3748		1393	1392	1393		161126	163311	156923	
0.802	0.1176		2496	2189	2262		168209	166543	163477	
0.8848	0.1968		3058	3023	2933		172463	165475	167857	
0.2381	0.985		3112	3241	3123		156457	150810	152320	
0.0822	0.0834		913	902	936		155471	158486	152749	
0.7628	0.3396		3166	3180	3198		160296	157210	154718	
0.2543	0.3656		2049	1979	1962		167938	165619	165259	
0.4338	0.117		1690	1705	1704		167384	161787	168915	
0.0583	0.069		828	856	949		173002	169335	191893	
0.5914	0.8372		4178	5673	4654		172319	178166	199993	
0.4448	0.4973		2814	2792	3191		162740	163175	169922	
0.2928	0.6847		2801	2837	2772		168026	166175	170594	
0.5764	0.7544		4575	4281	4330		225254	202883	197004	
0.176	0.7632		2982	2899	2902		194872	184517	188544	
0.6565	0.7381		4162	4177	5138		167099	177536	201138	
0.0726	0.9133		2368	2381	2722		154486	182094	180443	
0.556	0.3995		2938	2879	3308		165816	167342	187493	
0.4562	0.9154		4409	3879	3859		172511	169746	177671	
0.2495	0.6383		2587	2620	2546		158930	163267	160126	
0.8676	0.1855		2794	2799	2752		160638	157913	165145	
0.9185	0.7365		5000	5090	5020		167481	172102	173166	
0.9774	0.4124		3939	3946	4022		151080	161968	157871	
0.8592	0.5584		4178	4170	4136		160050	168812	161320	
0.1607	0.4424		1878	1922	2361		177791	160384	186952	
0.3805	0.4682		2574	2517	2493		165530	153234	151528	
0.106	0.3742		2297	2341	1605		222744	247451	207293	
0.7144	0.8108		4478	4558	4561		163612	183465	180603	
0.3787	0.5185		3207	3177	3259		217588	217763	186205	
0.4454	0.5656		4066	3783	3612		216617	226860	212582	
0.9	0.1246		2656	2696	2653		164234	163418	161424	
0.8627	0.5334		5572	5361	5328		226562	225355	220666	
0.0683	0.1298		1141	1361	1109		160788	163230	165874	
0.1517	0.9996		4107	3513	3310		212268	213091	213501	
0.1392	0.9624		2726	2642	4189		168830	160679	215671	
0.8951	0.9296		6117	5777	5796		180344	189099	181999	
0.6068	0.1926		2428	2365	2369		173428	164944	181713	
0.7495	0.5532		3947	3983	3826		163598	165342	161506	
0.8749	0.065		3288	2955	2698		213531	217275	208939	
0.089	0.6946		3100	2630	2959		161167	204370	211483	
0.3153	0.208		2379	2623	2556		219990	249266	220191	
0.0576	0.5733		2066	1927	1929		162102	171235	161600	
0.2541	0.2666		1799	1771	1802		166710	167294	163479	
0.4575	0.8625		4253	4548	4337		226610	219781	225672	
0.8467	0.2937		3648	3255	3417		175739	171980	176332	
0.2454	0.746		3296	3439	3502		173113	207230	225554	
0.5754	0.5496		3346	4030	4702		168308	183409	238136	
0.769	0.1393		3370	3130	2942		221112	224303	229805	
0.6103	0.6872		3801	3760	3691		183987	165237	165470	
0.6052	0.3382		2769	2782	2800		166005	167624	174765	
0.2851	0.5561		3473	2524	2470		237504	177761	167188	
0.1473	0.9359		2708	2685	2620		156386	156633	155773	
0.1097	0.4693		2140	1916	1828		167229	166282	163355	
0.9177	0.1805		3046	2989	2904		176621	153845	149694	
0.9626	0.8012		5709	5466	6603		164402	168416	182278	
0.7028	0.5722		4883	4529	3783		238534	218766	171603	
0.3307	0.9723		4411	4486	4614		216874	273766	232889	
0.7957	0.1851		3241	2670	2633		213267	175548	164484	
0.71	0.9537		5209	5092	5174		160266	166554	160932	
0.4917	0.5956		3293	3162	3260		166501	169289	174905	
0.3435	0.6525		2887	2814	2822		166998	166783	168069	
0.2099	0.3851		1950	1885	2106		156903	158964	159428	
0.9794	0.3025		3527	3591	3548		161021	161789	161074	
0.2217	0.6898		2598	2659	2586		171746	173022	171916	
0.5257	0.9349		5631	5077	6827		222883	232218	248945	
0.2387	0.9601		3864	3736	3895		211220	194917	224586	
0.0542	0.3634		2010	2110	1378		217709	208996	158810	
0.1987	0.809		2579	3740	3178		172503	212537	226849	
0.4153	0.0955		2438	1633	1682		227842	203748	190170	
0.6218	0.7761		5058	5185	4810		243512	235672	226916	
0.9797	0.2717		4099	4296	3457		217560	201396	161252	
0.3672	0.3649		3593	3189	3395		250163	230637	236077	
0.7123	0.9135		4961	4938	5004		167564	165129	168605	
0.4661	0.8025		4361	4449	4509		193424	216720	218031	
0.6737	0.1915		3642	2728	3751		210529	217487	226557	
0.7583	0.6172		5499	4672	4433		222160	222306	228498	
0.3569	0.2472		1926	2725	2560		170966	186429	214202	
0.9989	0.6993		5450	5715	5180		161851	180393	167993	
0.3627	0.1572		1751	1724	1754		162361	166888	164214	
0.6998	0.6889		4167	3985	4796		162455	157371	160934	
0.9528	0.8007		5596	5505	5531		173785	172223	170282	
0.2138	0.3905		1920	1976	1890		156861	153546	161618	
0.0571	0.9686		2323	2402	2328		151551	159521	150850	
0.133	0.8532		2407	2446	2652		161961	163103	167035	
0.1813	0.8518		3575	3410	3346		199865	224350	218705	
0.5315	0.8202		4784	3900	3885		211248	162355	159653	
0.602	0.6484		3731	3605	3688		154368	154272	156402	
0.3918	0.6617		3151	3535	3302		157396	166579	173144	
0.0615	0.1236		1167	1055	1134		152396	162219	158339	
0.7336	0.8039		4938	5003	4571		196318	193156	172169	
0.2936	0.2059		1709	1698	2149		183216	164131	196269	
0.2947	0.2714		1891	1855	1992		161393	162412	162128	
0.4235	0.5582		2975	2938	3381		187824	154312	168029	
0.8935	0.1838		2807	3151	2832		155254	166381	170369	
0.4874	0.9801		4470	4201	4316		159330	157138	162514	
0.9843	0.9729		6246	6265	7046		159555	159913	176803	
0.3398	0.8388		3173	3629	3525		155941	155188	172081	
0.1488	0.6103		2265	2213	2534		162422	156809	164261	
0.14	0.3155		2178	2095	1597		224957	221244	169382	
0.5908	0.8523		4247	4897	4202		162529	170597	171364	
0.5661	0.6158		3396	3441	5283		165431	166144	226212	
0.8358	0.4876		3941	3868	3893		163725	163812	161815	
0.7496	0.9437		5912	5296	5210		217832	185954	177283	
0.0578	0.4939		1616	1624	1624		155906	153331	148602	
0.6723	0.562		3606	3585	3691		171613	176649	169212	
0.5641	0.7563		4008	4049	4032		166557	202514	168376	
0.6862	0.7409		4229	4224	4747		161632	163672	165695	
0.4764	0.5638		3667	4176	3941		173637	223259	225190	
0.3451	0.2845		2117	2356	2121		162212	173327	165075	
0.0802	0.35		1553	1532	1528		155150	160264	161670	
0.9529	0.0715		3109	3432	2507		175253	175473	152634	
0.7413	0.969		5491	6487	5649		194248	169598	158370	
0.3341	0.8866		3439	3366	3288		157417	152287	160140	
0.5105	0.0702		1761	1970	1748		151675	173899	148905	
0.4556	0.8174		3608	3537	3528		156778	159260	158783	
0.5085	0.5987		3285	3304	3257		164300	158011	162135	
0.6969	0.1891		2455	2528	2459		174827	166690	167273	
0.473	0.2305		2221	2151	2186		170581	165973	162430	
0.1329	0.929		2550	2552	2552		173933	165563	165716	
0.289	0.5942		3017	3003	3018		187287	189415	182308	
0.6629	0.8478		4427	4530	4468		170008	165565	164946	
0.0673	0.5627		2053	2067	2019		158402	158050	154222	
0.5881	0.1061		2041	2104	2055		165018	164287	157513	
0.58	0.2973		2724	2643	2870		159084	153647	158516	
0.1882	0.6034		2445	2372	2289		165953	163257	161600	
0.9712	0.8149		5756	5781	6170		165021	159550	159574	
0.094	0.3359		1522	1509	1513		168385	162963	162780	
0.6388	0.7707		4203	4088	4086		169232	160505	161932	
0.3107	0.1486		1671	1641	1608		162821	155452	157567	
0.7396	0.7767		4504	4464	4570		169538	161943	161666	
0.4307	0.621		3096	3108	3054		170381	163455	163217	
0.5943	0.068		1877	1873	1870		165683	159673	160615	
0.5173	0.6802		3498	3430	3524		169605	169382	168437	
0.4076	0.3598		2417	2404	2418		161353	157603	157934	
0.2619	0.7856		2806	2833	2776		159490	155447	154460	
0.4007	0.6644		3542	3572	3509		186252	181460	182536	
0.8179	0.6283		4443	4401	4395		162301	159609	161676	
0.6387	0.1388		2267	2274	2161		175128	170539	171732	
0.7068	0.2894		2887	2899	2900		168471	163274	165180	
0.3308	0.8045		3076	3093	3078		164649	160776	160861	
0.5094	0.9119		4183	4146	4051		175623	168368	167747	
0.2549	0.1547		1561	1521	1591		162465	156364	156590	
0.9784	0.864		6218	6201	6158		194091	188755	190654	
0.7306	0.8756		5110	5068	5032		175040	172092	171314	
0.6642	0.0622		2014	1943	1964		158579	154019	153518	
0.1978	0.4661		2043	2053	2038		163913	158045	157615	
0.7015	0.5298		3533	3629	3602		161181	154568	156035	
0.565	0.2418		2275	2272	2322		170217	164319	164713	
0.4452	0.8562		3497	3513	3533		168079	162993	164563	
0.5636	0.1072		2030	2027	2018		165194	161018	159681	
0.8923	0.113		2623	2526	2667		162557	157909	173964	
0.7374	0.1466		2586	2916	2478		172943	172724	165605	
0.4959	0.8956		3944	3963	3967		163212	157036	154908	
0.1864	0.1666		1379	1371	1346		163938	159505	159704	
0.9959	0.3077		4704	4738	3635		209634	266100	199664	
0.7367	0.8559		5214	4820	4796		171787	169247	165204	
0.2328	0.1111		2848	1823	1363		221965	199775	168125	
0.4034	0.2658		2210	2140	2911		203539	162679	195824	
0.6573	0.6524		4403	4029	3868		178785	193410	149511	
0.894	0.6519		5859	4722	4684		196696	165047	166379	
0.7314	0.7946		4540	4536	5118		160024	160655	185397	
0.8014	0.3828		3511	3513	3494		160279	160574	161749	
0.7795	0.871		4889	5046	4911		157394	157545	157086	
0.9156	0.3975		4369	4379	4977		178364	227062	224759	
0.2387	0.9577		4303	4505	4019		221207	264123	254036	
0.3952	0.6078		2939	3803	2936		167491	223744	201529	
0.3046	0.2245		1849	1764	2714		191886	167053	232998	
0.1165	0.2679		1515	1635	2202		165222	165287	216196	
0.5644	0.957		5854	4706	5466		199145	162755	170361	
0.2594	0.4152		2160	2094	2047		161075	165087	167073	
0.9364	0.4157		3752	3843	4012		157067	158867	163103	
0.6322	0.5401		3305	3439	3287		155830	158472	157773	
0.1781	0.2623		1831	1767	2147		170867	167444	194645	
0.6874	0.8616		4580	4542	4575		173159	195501	163558	
0.6847	0.5999		4710	4286	4532		204137	207717	199233	
0.9143	0.2747		4007	3327	4361		227673	194113	174077	
0.094	0.9626		2620	2593	2572		164942	165693	163693	
0.2444	0.8013		2755	2833	2725		154216	155035	156982	
0.4674	0.0797		1622	1640	2055		160346	164385	196710	
0.091	0.4424		1702	1710	1733		156824	152348	153782	
0.0825	0.2467		1343	1337	1351		163681	158963	160861	
0.6842	0.369		3419	3396	3408		186650	183537	182862	
0.3523	0.2997		2105	2129	2085		160269	155096	153994	
0.9298	0.4451		3952	4026	3963		157682	149297	149274	
0.4704	0.1777		2468	2025	2008		171237	167469	165221	
0.4856	0.5339		3098	3087	3083		163195	158784	158305	
0.8495	0.9		5391	5432	5386		169102	165120	165715	
0.3133	0.4633		3156	3067	3563		208876	217157	245608	
0.1185	0.4222		1781	2170	1735		159656	162429	171646	
0.6192	0.6551		3712	4259	3677		159902	179447	171024	
0.8304	0.7001		4749	4676	4670		169030	164346	159217	
0.6604	0.5738		4102	4909	4870		175405	231692	231501	
0.2878	0.6861		3811	3218	3194		228666	226592	227122	
0.8163	0.6374		5403	5657	6219		232231	231860	252679	
0.629	0.299		3775	3542	2954		231701	230203	200313	
0.7298	0.4951		3591	3923	3853		231096	205087	190450	
0.1632	0.9782		3529	4022	3687		231988	230323	223814	
0.3587	0.819		3258	3225	3291		163132	161756	160625	
0.3235	0.2747		2122	1971	2773		164980	163526	203575	
0.4478	0.7068		4287	4173	3587		228084	224723	171713	
0.9716	0.8936		5877	5988	6277		159623	160496	165086	
0.1204	0.7581		2432	2335	2383		162382	164689	167474	
0.3945	0.1098		2105	1678	1854		212611	162080	170700	
0.4539	0.2558		3431	2678	2862		222768	223445	226184	
0.8498	0.8892		7129	6182	6504		172890	209367	206137	
0.6881	0.1987		2597	2629	2564		159564	161975	162517	
0.8385	0.2589		3167	3131	3137		162070	165640	165396	
0.6569	0.9774		4852	4818	5058		170256	167314	184056	
0.7283	0.1142		3922	4236	2977		220062	232794	226181	
0.9808	0.9157		6686	6296	5940		172151	169749	171755	
0.5162	0.5723		3656	3258	4442		187285	189084	270153	
0.5366	0.373		2738	2745	2707		166033	171290	164787	
0.5403	0.8635		4024	4132	3989		168847	181497	173914	
0.1741	0.3633		1830	2176	2232		155012	177573	210981	
0.678	0.4822		3454	3418	3813		156460	157901	160100	
0.7565	0.9486		5192	5387	5203		172919	172327	169726	
0.9464	0.5792		4909	4768	4719		163036	158260	169820	
0.1209	0.2336		1633	1395	1419		167232	163296	166039	
0.0621	0.2261		1284	1584	1228		206222	175573	167495	
0.5871	0.5583		3996	3727	3620		174886	194564	230688	
0.4861	0.8754		5607	5341	5492		249119	251235	244331	
0.3992	0.9152		4422	4399	4197		236142	226503	224039	
0.0771	0.4738		2204	1748	2074		175393	166793	169862	
0.4164	0.952		4148	3839	4348		169268	162988	168067	
0.538	0.1272		2096	2109	2058		170618	156069	151289	
0.1653	0.1172		1305	1304	1271		176675	161894	172032	
0.8085	0.0954		2342	2456	3464		202773	191110	207796	
0.9649	0.6377		6475	8623	5783		208945	223152	224420	
0.4294	0.1529		2607	2651	2255		214109	214907	210912	
0.8969	0.9196		6753	7620	6729		220965	230133	227681	
0.5018	0.5636		3265	4744	3199		164862	181547	167245	
0.7853	0.5622		4028	4077	4313		160909	155263	160397	
0.2038	0.1387		1940	2109	2424		221203	239061	241069	
0.8574	0.9698		6805	7079	7018		228436	218280	209551	
0.6274	0.8448		4374	4392	4411		163056	165108	157329	
0.1021	0.8387		2822	2767	2792		193340	194099	192210	
0.9898	0.3564		3899	3767	3761		160746	173209	168576	
0.1146	0.368		2750	2370	2287		226598	220555	220927	
0.7576	0.7159		4482	4512	4453		173811	166854	165812	
0.983	0.9025		5983	5951	5918		176838	166948	168354	
0.2643	0.0622		1221	1194	1192		165592	159320	158399	
0.1224	0.1297		1250	1182	1206		175751	166898	166329	
0.2183	0.8142		2702	3286	2639		175354	196273	168447	
0.6234	0.4637		3161	3203	3193		179356	173240	168911	
0.1369	0.4921		1934	1903	1891		160658	152338	151179	
0.4108	0.673		3172	3191	3171		172021	163902	166012	
0.7107	0.5865		4092	4773	4708		201724	197699	168163	
0.3324	0.256		1974	2110	2082		167346	180122	170411	
0.6856	0.4974		3387	3387	3425		172243	171758	168375	
0.553	0.5716		4684	3508	3435		220009	166712	158522	
0.4938	0.1344		2373	2362	2369		184062	184667	180759	
0.5649	0.935		4388	4422	4363		160022	160448	158438	
0.8577	0.4308		3975	4052	4016		221383	194318	196408	
0.7351	0.1001		3050	3008	2374		193805	219489	177948	
0.2063	0.3042		1701	1764	1719		159547	162709	162894	
0.9086	0.8095		5435	5314	5353		208138	161335	162452	
0.9427	0.193		3149	3085	3114		159593	161586	159157	
0.8679	0.194		3243	2917	2942		167645	166381	166085	
0.3245	0.9433		3549	3573	3597		177539	162940	172041	
0.1344	0.2052		1706	1392	1704		185178	186128	181442	
0.3538	0.8874		3793	3841	3554		182106	187059	187223	
0.6493	0.8497		5083	5410	4623		178011	184497	186136	
0.4788	0.3777		2637	2830	2845		185704	187514	195942	
0.0532	0.4375		1521	1549	1527		162120	161859	162673	
0.2257	0.3794		1940	1926	1950		150963	151337	149953	
0.8242	0.3023		3216	3225	3197		165764	167097	167193	
0.1974	0.2358		1556	1580	1559		151422	154438	152985	
0.8282	0.3373		3415	3348	3320		165330	167454	166038	
0.3536	0.8921		3494	3436	3522		168147	170414	173993	
0.3113	0.1756		1670	1688	1708		155258	165225	196521	
0.9506	0.8148		5625	6118	6081		158860	184042	181908	
0.5832	0.3063		2704	2732	2680		163100	170878	173204	
0.9061	0.7094		5202	5201	4986		160508	160051	166080	
0.1372	0.9739		3085	2840	2832		165685	162672	167292	
0.6257	0.3918		2977	3295	3054		181489	171355	162857	
0.5192	0.575		3277	3274	3610		151725	157918	157831	
0.0742	0.7241		2375	2414	2404		148733	152393	156736	
0.4045	0.6545		3616	3740	2996		180054	200309	156951	
0.1072	0.1867		1239	1252	1273		152482	153774	153324	
0.8845	0.2148		2860	2963	2920		149511	151603	150752	
0.0676	0.4298		1583	1602	1636		155183	157901	157080	
0.415	0.5364		2880	2834	2818		151239	152790	152293	
0.2558	0.3847		2074	2097	2037		167213	170768	168910	
0.216	0.4971		2116	2066	2081		162953	163204	165193	
0.4505	0.4053		2604	2580	2567		154910	157639	157937	
0.7964	0.2835		3050	3027	3054		166645	168877	168040	
0.1294	0.3064		1761	1930	1577		202816	229874	171583	
0.2571	0.2073		2091	2060	2048		202792	187361	180801	
0.1744	0.5019		2020	2059	2022		155385	156438	173133	
0.3116	0.8577		3337	3083	3074		171402	173680	157909	
0.6222	0.9102		4606	4492	4563		164601	172800	165810	
0.4321	0.1286		1852	1868	1825		157595	156845	153648	
0.4221	0.1568		1947	1922	1901		154060	156859	152177	
0.1723	0.8017		2504	2525	3015		150875	153694	177195	
0.7261	0.2		2591	2596	3149		161966	164057	164578	
0.8111	0.0962		2281	2252	2246		159214	159275	159094	
0.6983	0.4497		3266	3312	3252		157304	158620	160091	
0.3806	0.2844		2095	2081	2100		156579	156959	157430	
0.1401	0.5379		2055	1989	1988		163109	163217	162222	
0.4796	0.5276		2984	3055	2988		158202	159672	158938	
0.9865	0.1727		2964	3088	2998		162059	169172	181662	
0.2589	0.0862		1647	1271	1275		168476	172101	162324	
0.4413	0.7794		3382	3382	4178		156709	156275	207689	
0.9495	0.4803		4148	4102	4040		164432	165820	165661	
0.695	0.7173		4027	3993	3989		197748	160192	161600	
0.6561	0.8097		4728	4777	4708		183723	182903	181271	
0.6345	0.689		3974	3984	4045		160708	161525	160659	
0.0588	0.6616		2123	2154	2130		167058	167114	165835	
0.0591	0.1001		1062	1071	1071		160399	162547	160611	
0.6555	0.5234		3374	3378	3380		152623	153774	155289	
0.6115	0.7939		3989	4000	4006		175932	177725	174675	
0.2713	0.8402		2975	2958	2998		163882	165012	165127	
0.7121	0.8894		5337	5370	5390		188931	190340	188657	
0.8956	0.8649		5489	5484	5403		163754	165168	163955	
0.8456	0.1574		2736	2762	2737		163218	162999	162680	
0.7764	0.7911		5100	5093	5184		193897	196015	195895	
0.7864	0.5805		4141	4120	4109		149350	148658	148178	
0.4919	0.4185		2706	2811	2751		158946	159246	160527	
0.6689	0.4463		3355	3398	3322		158765	162337	158584	
0.7439	0.8437		4762	4792	4765		163663	166124	164968	
0.2366	0.5478		2346	2354	2339		159285	159384	161193	
0.3519	0.5666		2726	2721	2754		155064	156616	155187	
0.1643	0.6751		2296	2284	2272		154406	154032	153913	
0.1336	0.3753		1733	1690	1711		152022	152677	152497	
0.8196	0.9535		5657	5624	5551		161878	162105	162445	
0.8938	0.9642		6039	6019	5857		160429	159482	161020	
0.8432	0.9849		5670	5791	5727		162641	164131	164615	
0.3394	0.9436		3631	3617	3712		165608	166214	164527	
0.3435	0.4459		2326	2341	2372		153450	154465	154930	
0.3735	0.4999		2479	2464	2464		156551	156160	157631	
0.7349	0.6988		4339	4355	4341		157338	157964	155983	
0.2975	0.4889		2426	2342	2364		152580	151573	154959	
0.5397	0.558		3256	3285	3209		157905	156576	157156	
0.2882	0.7966		3333	2920	2902		188045	162568	158728	
0.1972	0.6453		2450	2450	2431		162920	161718	161748	
0.9072	0.2459		3171	3176	3102		158358	159124	157647	
0.962	0.1106		2812	2817	2777		155317	155280	157712	
0.1028	0.0926		1013	993	989		143837	147905	146358	
0.3131	0.1756		1670	1672	1690		162083	161813	163825	
0.4865	0.3642		2533	2540	2588		154617	154756	153284	
0.0837	0.975		2649	2645	2638		158786	155311	159032	
0.6221	0.4479		3207	3176	3170		162519	161155	159904	
0.8686	0.4399		3796	3791	3785		162542	161762	161616	
0.4051	0.1224		2097	2114	2135		187366	186497	185591	
0.529	0.285		2492	2487	2489		156483	155274	155850	
0.2358	0.8222		2786	2789	3185		153160	153133	161336	
0.6596	0.1146		2235	2228	2230		182425	169555	170312	
0.294	0.1067		1474	1444	1446		168536	169439	167995	
0.7763	0.8181		5385	6362	5363		192382	232450	184682	
0.843	0.4129		3517	3475	3499		162265	162290	160959	
0.4401	0.5174		2909	2969	2904		160791	166384	160613	
0.5763	0.2756		2614	2547	2519		158573	160405	161080	
0.1235	0.4855		1831	1838	1852		164209	163693	166934	
0.1087	0.1255		1152	1192	1200		155952	155868	156465	
0.8698	0.5538		4271	4309	4287		165254	167311	163469	
0.5952	0.7333		4188	3991	3995		165623	166493	168320	
0.052	0.8053		2024	2069	2206		161127	160676	172633	
0.868	0.9772		6121	6495	6385		168654	188582	187125	
0.5115	0.4361		3517	2741	2750		177870	196181	157081	
0.3276	0.5979		2791	2674	2673		165945	159651	167858	
0.1187	0.6706		2181	2189	2203		161959	160887	159955	
0.8948	0.2011		2992	2988	2992		154415	153990	153373	
0.096	0.9742		2551	2575	2586		158359	156757	162884	
0.4632	0.5026		2827	2897	2808		159976	157524	156225	
0.6366	0.1733		2309	2387	2264		162109	161545	161084	
0.6957	0.4357		3090	3243	4273		157610	157492	188275	
0.3338	0.1461		1700	1695	1695		149452	149517	146887	
0.1257	0.1505		1281	1275	1256		162380	163680	159869	
0.3979	0.8883		3772	4481	3554		185934	222487	165009	
0.925	0.4405		4433	3719	3768		218154	170648	171174	
0.9608	0.1589		2796	2745	2756		149859	148517	149691	
0.1724	0.7798		2972	2360	2300		230118	192139	159614	
0.949	0.8122		5209	5300	5146		172911	170256	169794	
0.1324	0.1181		1226	1255	1198		173624	163513	164372	
0.5967	0.4672		3027	3081	3760		203500	177417	195180	
0.5258	0.8903		4312	4579	4234		159812	181443	170015	
0.8056	0.8698		4782	5006	4933		161940	171814	162274	
0.7297	0.4003		3375	3349	3282		156603	155730	169700	
0.208	0.3428		1784	1816	1788		156208	154486	159062	
0.1099	0.0642		1002	1042	1098		163017	164363	159410	
0.9833	0.3196		3751	3692	3628		176534	164716	165608	
0.0627	0.8817		2772	2791	2656		194333	195840	184399	
0.131	0.7272		2199	2206	2199		170299	169777	171181	
0.4507	0.5729		2919	2959	2927		155427	155417	153028	
0.19	0.6237		2203	2169	2154		162903	168394	154249	
0.4424	0.3764		2448	2470	2485		158085	160065	159268	
0.3889	0.302		2043	2046	2056		166946	173189	165404	
0.2158	0.3104		1893	2086	2037		227160	206351	214538	
0.3198	0.393		2138	2130	2122		166338	157600	152659	
0.8991	0.1022		2527	2536	2557		158211	156554	150610	
0.3998	0.5638		2852	2753	2924		167142	163224	160676	
0.6927	0.3818		3155	3471	3141		173316	168187	163226	
0.4331	0.0894		1599	1599	1709		163322	157653	162806	
0.3343	0.6812		2895	2909	2817		157781	154795	153217	
0.1403	0.9605		2766	3001	3079		173604	174261	178723	
0.7961	0.4327		3397	3405	3379		163456	156371	155092	
0.8671	0.7408		4873	4915	4897		168096	161095	160628	
0.2519	0.5512		2401	2336	2368		169839	172540	163365	
0.9105	0.6308		4782	4857	4970		163563	175742	159596	
0.4261	0.6071		3070	2967	3088		160146	152336	155236	
0.5498	0.283		2564	2561	2606		181902	162310	161395	
0.7593	0.8815		6817	5057	6024		218629	210432	227901	
0.9154	0.5325		4193	5336	5776		167527	183293	222631	
0.0571	0.5433		1878	1963	1878		159606	159809	158552	
0.5947	0.1842		2324	2320	2317		157160	157427	155892	
0.2088	0.855		2714	2725	2749		173146	163497	161516	
0.3617	0.9515		3453	3473	3507		160624	162802	158084	
0.8388	0.9678		5647	5746	5603		155981	157345	155916	
0.1299	0.9831		2788	2786	2801		161101	161031	160493	
0.7324	0.0812		2121	2981	2090		158397	185428	174302	
0.3022	0.7999		2942	2951	2798		162118	159910	157740	
0.1543	0.5344		1957	1993	1924		155794	153772	151059	
0.5945	0.3302		2666	2708	2680		169055	167971	166590	
0.9741	0.1114		3769	3245	3195		203511	186151	183287	
0.088	0.6188		2275	2257	2378		166725	162596	163042	
0.1607	0.3604		1747	1749	1718		170576	171705	168773	
0.3511	0.5008		2605	2695	2594		155751	155446	153431	
0.5871	0.6437		3606	3707	3630		162125	159243	160970	
0.9335	0.6272		4814	4826	4806		160453	162652	162488	
0.9018	0.8205		5864	5873	5842		186850	189287	188567	
0.9558	0.4596		4238	4292	4193		209121	181301	175712	
0.5423	0.6448		3802	3905	3859		182416	183921	182792	
0.1609	0.2128		1449	1460	1444		161688	159457	161236	
0.2547	0.9724		3327	3317	3319		157111	159017	162451	
0.7578	0.1838		2544	2548	2508		181593	165995	165168	
0.2951	0.8101		2959	2920	2909		163699	165000	163348	
0.4218	0.5926		3153	3012	3241		175049	172756	178436	
0.4115	0.8185		3337	3360	3336		162298	164419	161907	
0.8828	0.1256		2799	2740	2729		163887	166952	164561	
0.4118	0.9829		3844	3876	3874		156871	157605	155631	
0.6465	0.2827		2724	2717	2724		162589	163731	161154	
0.1763	0.558		2192	2175	2169		161121	161415	162518	
0.6309	0.9719		5133	5772	5010		167290	177214	199965	
0.5134	0.0846		1780	1712	1741		166846	167696	167797	
0.6471	0.7776		4224	4221	4160		171496	174158	180018	
0.8334	0.8902		5698	5730	5601		190015	191112	189767	
0.7294	0.0581		2920	2050	2036		212237	159731	160167	
0.2792	0.0904		1330	1326	1357		160302	160690	160911	
0.3107	0.0552		1249	1255	1254		151614	151349	152808	
0.7813	0.3728		3174	3179	4129		159378	165483	214791	
0.8655	0.3568		3501	3478	3479		164570	163152	163475	
0.2679	0.4569		3240	3049	2272		203974	214761	160585	
0.6762	0.2146		2541	2603	3042		159742	167595	184978	
0.0725	0.5343		2011	2095	1996		159522	154620	151776	
0.0935	0.8022		2226	2196	2145		159750	158055	157102	
0.7149	0.2598		2806	2708	2795		159364	159241	157804	
0.9765	0.691		5205	5180	5163		161930	163589	160419	
0.4996	0.2489		2154	2244	2181		156965	155662	154271	
0.9912	0.1477		3039	2992	2995		154672	152994	152288	
0.8512	0.4604		3821	3823	3704		165531	166387	164103	
0.0952	0.4636		1743	1743	1751		155911	155739	155113	
0.2586	0.5554		2377	2379	2410		166006	167560	165881	
0.2076	0.4099		1974	1962	1954		169895	169354	167751	
0.5315	0.4553		2934	2968	2953		159442	159022	156667	
0.4291	0.7671		3316	3345	3387		158014	158343	157919	
0.8657	0.7265		4915	4949	4944		165789	165583	168945	
0.9547	0.4524		4212	4259	4222		157627	158143	156571	
0.3285	0.3039		2034	2119	2004		156370	159114	160307	
0.7081	0.7292		4265	4272	4280		154070	159264	156997	
0.2836	0.1302		1554	1564	1561		160084	157917	156087	
0.9185	0.3828		3664	3666	3702		155104	157396	156607	
0.2747	0.7684		2796	2793	2802		149174	151954	150539	
0.6179	0.52		3976	3927	3878		176388	177266	180537	
0.8867	0.146		2838	2828	2803		151457	151930	153413	
0.7451	0.4294		3570	3646	3507		161648	163564	165380	
0.5018	0.3725		2596	2600	2674		182382	170953	168802	
0.7137	0.8442		4818	4708	4767		165412	165047	165626	
0.3596	0.4949		2588	2632	2566		160759	174242	160886	
0.3554	0.259		2014	2035	2019		169430	167037	165790	
0.6864	0.28		2842	2792	2770		162260	160408	162505	
0.3115	0.3815		2143	2211	2200		164679	163993	164096	
0.3047	0.6989		2881	3797	2888		164180	215546	158284	
0.5135	0.3612		2626	2589	2678		153888	153729	157020	
0.2545	0.3622		2030	2004	2583		157213	156946	208108	
0.2112	0.9257		2901	3662	2856		169539	214339	205920	
0.344	0.3945		2356	2502	2340		163258	169325	161367	
0.602	0.6388		3687	3708	3728		163043	161641	161832	
0.582	0.2946		2647	2641	2663		160453	161239	160515	
0.4492	0.2524		2270	2334	2306		157721	159980	166658	
0.625	0.8118		4166	4227	4169		165934	165927	165867	
0.833	0.0566		2282	2391	2301		158842	158415	159859	
0.5496	0.2161		2321	2326	2336		164567	164688	169840	
0.54	0.8648		4170	4371	4186		149474	149938	149922	
0.5858	0.551		3417	3461	3418		157830	159842	158100	
0.9193	0.3322		3623	3610	3636		154516	155505	157069	
0.9118	0.2519		3375	3433	3369		163189	160619	161017	
0.6989	0.6014		3897	3986	3925		157251	155570	157030	
0.1715	0.7597		2510	2491	2487		157830	154410	155006	
0.8156	0.5902		4533	4286	4202		172577	167198	168497	
0.904	0.8164		5326	5430	5359		165552	165645	166189	
0.6685	0.5343		3916	3965	3970		191554	188228	191839	
0.7532	0.845		4883	5109	4836		181571	165381	162542	
0.2045	0.4062		3271	2551	2433		225034	238813	240541	
0.7459	0.7416		5775	5187	5563		230336	242792	219850	
0.0664	0.2002		1277	1230	1235		161380	159430	170090	
0.8922	0.4485		3927	4068	4644		169077	187417	234036	
0.2035	0.9055		3838	2932	3402		245504	185596	228918	
0.3272	0.4168		2633	2701	2923		226106	226728	238630	
0.9467	0.9759		7454	6638	6364		235740	200826	159911	
0.096	0.187		1257	1320	1243		156685	156266	155033	
0.292	0.5577		2870	3572	3189		182987	224015	221649	
0.6888	0.9069		5837	4960	5698		237437	201307	190982	
0.4583	0.9175		4025	4012	3822		191432	196142	186918	
0.9786	0.5367		6076	6390	6379		216611	275257	253053	
0.0995	0.4705		2563	1866	1932		215782	210501	178543	
0.9902	0.4007		4570	5150	4058		209618	205234	153937	
0.2756	0.8463		3515	3475	3686		233444	251265	233637	
0.5861	0.5335		3329	3404	3380		163469	166271	165093	
0.9136	0.7842		5134	6080	5760		159952	193609	197337	
0.5941	0.275		2711	2989	2681		171119	167416	157450	
0.9596	0.7504		6343	5659	5440		182621	173519	164975	
0.9675	0.4748		4698	4277	4235		163517	159476	158793	
0.6194	0.6796		3798	3839	3884		155840	160869	157238	
0.4515	0.5021		2851	3389	2827		159544	164956	155317	
0.7099	0.6743		5699	5714	4569		238762	242063	216062	
0.3924	0.4253		2387	2431	2498		164810	160694	164062	
0.7046	0.3271		3044	3237	3114		165996	158336	161021	
0.0562	0.85		2249	2358	2179		165306	158422	160470	
0.1018	0.7228		2210	2224	2239		174425	163131	161588	
0.5634	0.9604		4633	4732	4636		176755	165543	164251	
0.3614	0.1784		1830	1827	1840		177176	166285	164694	
0.7278	0.2822		2892	2902	2915		167213	169056	168373	
0.9337	0.2004		3326	3518	3035		158919	174056	161967	
0.6748	0.0928		2018	2027	2054		168368	162026	156789	
0.5196	0.4765		3480	3511	3533		219255	217501	219265	
0.8399	0.8152		5629	5486	5439		192796	185322	183408	
0.6343	0.4027		3113	3112	3053		177490	169018	166400	
0.3942	0.291		2203	2200	2207		163102	167748	171163	
0.6277	0.1259		2279	2293	2272		172197	162082	160584	
0.1233	0.4575		2517	2559	2288		219156	224817	220835	
0.7978	0.3213		4515	4775	3312		235459	228814	191545	
0.4356	0.2096		2070	2049	2037		183361	170178	168005	
0.1423	0.7261		2275	2345	2383		169767	158590	155216	
0.8086	0.3141		3361	3403	3380		170272	159404	159675	
0.7436	0.3614		3231	3257	3254		171378	164433	162885	
0.4815	0.7966		3959	3966	3952		196134	187613	190103	
0.9479	0.4947		4422	4212	4236		172357	163490	164675	
0.5103	0.3855		2677	2670	2733		168471	160980	160796	
0.3584	0.9864		3628	3667	3655		175098	165810	164181	
0.8263	0.8456		5114	5072	5067		156702	149445	149240	
0.4411	0.995		3957	4015	3976		167616	161185	163425	
0.9178	0.7287		5069	5044	5069		163098	155512	155823	
0.0677	0.3139		1465	1441	1441		159977	149992	149416	
0.7314	0.6502		4157	4206	4182		172865	165791	162630	
0.7864	0.3153		3229	3225	3240		165911	162897	160418	
0.7623	0.4013		3334	3281	3768		166538	160088	182587	
0.6571	0.7502		4822	4789	4888		185153	178637	194458	
0.4681	0.5901		3125	3170	3158		163956	157699	155388	
0.6691	0.6403		3928	3892	3844		165297	159735	156807	
0.3504	0.2872		2081	2069	2064		167371	163633	161142	
0.3571	0.7607		3165	3241	3200		169496	162761	162270	
0.6275	0.1919		2444	2401	2426		169374	164282	163402	
0.1283	0.9916		2908	2911	2849		163326	156121	173715	
0.7241	0.9023		5148	5994	4957		176404	209475	187301	
0.5138	0.0527		1727	2314	2669		167669	212489	214343	
0.3677	0.9207		3607	4487	3612		210781	230889	203181	
0.0754	0.0518		859	1048	1012		159203	180793	213357	
0.8935	0.274		4182	4099	3481		192397	211696	182079	
0.4255	0.5467		3179	4018	6028		191196	192467	203972	
0.2424	0.9738		3339	3786	3279		179147	183034	184483	
0.7426	0.2124		2798	2753	2674		194624	182035	178669	
0.4156	0.3976		2813	3190	3258		204056	208935	233136	
0.3214	0.2032		2369	2355	2197		202744	202807	207435	
0.5781	0.0643		2193	2344	2393		211430	206458	208189	
0.5548	0.497		3330	3152	3517		189050	187833	198939	
0.75	0.9411		5659	6169	6573		191008	221482	232133	
0.5454	0.2531		2330	2787	2794		162807	189317	191386	
0.7051	0.32		3390	3456	2994		192417	186789	166181	
0.7215	0.3193		3158	3516	3158		186230	186211	180190	
0.8615	0.8058		5383	5192	5159		164735	166093	163781	
0.1604	0.8236		2538	2525	2521		163829	162745	162430	
0.4019	0.3723		2355	2371	2312		161857	160221	157614	
0.8021	0.8651		5003	5578	5168		166762	166422	165953	
0.1687	0.2749		1588	1601	1594		148908	149418	150936	
0.9072	0.7178		5052	5048	5036		166978	167943	165969	
0.2182	0.5324		2230	2402	2271		150226	152332	146846	
0.9872	0.5134		4589	4882	4628		164960	169228	165475	
0.6278	0.065		1955	1990	1932		166082	162973	162374	
0.5206	0.5306		3514	3568	3531		198336	195364	194760	
0.5203	0.584		3366	3302	3314		159354	159317	156324	
0.229	0.7187		2565	2581	2583		168957	167887	168097	
0.9692	0.238		3273	3316	3251		157217	158781	156687	
0.7762	0.2099		2749	2676	2742		161182	162632	159369	
0.7159	0.2988		2912	2935	2925		154276	154336	154170	
0.3699	0.1352		1728	1803	1768		164317	167606	165235	
0.5465	0.4148		2850	2830	2805		163992	165025	164270	
0.2829	0.2877		1861	1869	1885		165450	160239	159668	
0.4215	0.7815		3302	3280	3286		155886	152992	156028	
0.6029	0.3851		2978	3034	2966		164966	166233	164979	
0.8434	0.4786		3759	3783	3714		159076	153992	152481	
0.7952	0.8734		5026	5043	5040		166867	165509	169500	
0.3551	0.7671		3092	3123	3145		161680	161292	163266	
0.5484	0.4865		3158	3127	3173		159739	159158	158250	
0.4294	0.4027		2487	2532	2513		154896	155718	155116	
0.1308	0.5097		2066	1971	1967		158452	153851	151208	
0.9886	0.2996		3703	3596	3626		160704	159101	158436	
0.1784	0.6777		2342	2454	2380		160147	160262	159561	
0.6765	0.9376		5144	5220	5312		161825	160951	160499	
0.1675	0.2173		1428	1457	1461		159428	159841	158397	
0.39	0.2186		1915	1906	1901		154264	153812	152330	
0.7928	0.8973		5259	5155	5411		166208	164292	162934	
0.5782	0.3419		2757	2727	2729		150257	149979	150807	
0.6366	0.7274		4150	4144	4147		158494	156355	157937	
0.9136	0.3421		3936	4348	4269		184926	172632	175435	
0.248	0.534		2363	2689	2398		167156	167874	172598	
0.9533	0.1295		3384	3371	3398		176118	175559	175204	
0.3333	0.3059		2054	2076	2040		163007	158964	153186	
0.2083	0.92		3362	3912	2866		191123	211026	187549	
0.3875	0.2579		2047	2082	2668		162321	156267	172040	
0.3741	0.6236		2871	2887	2878		162135	161925	161619	
0.6352	0.7868		4290	4330	4351		165465	166535	161880	
0.4347	0.1887		1993	2071	2121		158946	158269	160073	
0.934	0.2898		3395	3461	3435		153583	154707	154324	
0.0743	0.1939		1270	1281	1276		162864	164222	160402	
0.6916	0.8314		4399	4610	4625		164005	161991	160951	
0.4287	0.9055		3624	3634	3648		161977	162132	159060	
0.1573	0.5728		2196	2263	2283		168223	167387	166381	
0.9996	0.843		5890	5810	5960		165195	164879	165750	
0.586	0.2453		2790	2493	2436		189176	191204	217216	
0.2862	0.2818		2278	2319	2320		197785	193840	201870	
0.6975	0.4489		3353	3670	3483		151871	154135	151193	
0.1399	0.8061		2349	2363	2357		158750	160945	160012	
0.4588	0.5213		2951	2986	2975		190965	174910	173936	
0.1262	0.0997		1224	1259	1234		170978	163783	158836	
0.4923	0.574		3261	3292	3639		182897	184325	191495	
0.3335	0.592		2760	3549	3802		200052	207238	212009	
0.1883	0.2674		1983	1673	1681		196320	188752	197894	
0.7113	0.5113		4992	3665	3882		210206	208522	185099	
0.508	0.6144		3489	3354	4125		197487	199171	193581	
0.5016	0.1651		2393	2230	2109		190862	190052	184158	
0.1104	0.606		2352	2720	2114		179624	188391	194933	
0.7422	0.8012		5572	4892	5042		188593	187897	185037	
0.6568	0.2381		3034	3012	2678		199876	210053	194072	
0.9189	0.21		3028	3121	3173		191757	199556	185389	
0.315	0.719		3284	3717	3097		195041	189876	186846	
0.2053	0.8068		2643	2682	2758		183132	182081	179787	
0.2457	0.9164		3841	3327	3398		185616	182262	182295	
0.1947	0.8734		2756	2911	2953		195272	191258	194801	
0.2144	0.4874		2597	2384	2490		186571	180366	180552	
0.5121	0.5686		3307	3349	3424		189708	186766	184905	
0.4365	0.418		2754	2779	3436		186919	182574	209060	
0.1644	0.9774		2937	2969	2825		184716	182607	186050	
0.1499	0.7435		2366	2337	2413		170117	159904	192450	
0.7835	0.9871		5643	5686	5678		179548	171130	171901	
0.7486	0.1175		2661	2381	2367		173345	175273	173634	
0.5027	0.5662		3665	3257	3560		164403	162584	176245	
0.3899	0.3899		2511	2389	2822		212030	182530	186129	
0.9464	0.4037		3976	4219	4355		192431	192734	194359	
0.0859	0.1714		1983	1600	1616		235627	202559	175096	
0.9912	0.7305		5888	5888	5715		186964	195489	188086	
0.9035	0.7543		5769	5837	6019		187092	187414	190692	
0.5216	0.0951		1832	2002	1849		180945	181557	185403	
0.2828	0.304		2113	2984	1988		207081	234857	198134	
0.7999	0.72		4874	5328	5084		207534	201999	196280	
0.2564	0.6685		2983	3310	2643		200274	206736	205111	
0.2397	0.1477		1575	1522	1593		198302	208988	179804	
0.608	0.2512		2796	3500	3043		194491	190207	178176	
0.7049	0.1188		2286	2343	2661		188503	190596	192858	
0.6233	0.0733		2392	2243	2161		193056	191466	195678	
0.2256	0.7933		2967	3360	2832		189882	183563	180499	
0.0986	0.8877		2640	2376	2361		193755	170106	170903	
0.2104	0.181		1526	1531	1537		172675	166209	168903	
0.6622	0.7732		4283	4332	4321		173368	168240	170534	
0.727	0.9851		5345	5271	5346		168384	162368	166214	
0.1959	0.612		2423	2676	2442		165749	168650	192704	
0.9557	0.7058		5233	5271	5148		158081	158357	164007	
0.952	0.3654		4108	4261	3653		179779	184224	159242	
0.7	0.5762		5362	5623	3848		223528	217296	197157	
0.7255	0.8772		4977	5061	5078		171799	168629	168200	
0.0791	0.7462		2449	2419	2674		164234	162125	173821	
0.7112	0.0741		2054	2427	2084		197424	196749	190463	
0.205	0.6782		2884	4314	3598		223397	249639	229509	
0.3029	0.7984		3081	3019	3167		181221	182061	183734	
