18	19	
0.1162	0.9761		2928	2849	3096		163444	150167	153716	
0.6641	0.075		2276	2423	2334		159803	151389	149782	
0.5911	0.4798		3675	3203	3207		178056	161973	161064	
0.9517	0.9173		6212	5749	5897		169305	156819	157362	
0.6569	0.8686		5843	6246	5844		242387	237675	240606	
0.6557	0.6321		4731	5384	4997		209567	214381	242522	
0.1438	0.5279		3239	2956	2754		208633	212753	208608	
0.4543	0.5852		3743	3234	3382		178501	187030	159498	
0.2063	0.3004		2176	2256	2237		166686	161924	176141	
0.2771	0.414		2463	2547	2408		163392	166350	164823	
0.3849	0.2611		2370	2476	2411		153080	165661	154662	
0.9702	0.5022		4545	4551	4587		166586	168409	167391	
0.3058	0.6587		3588	3224	3749		188336	171066	201858	
0.6938	0.1581		2775	2913	3505		160928	167046	218204	
0.1743	0.6138		2849	4363	4538		186751	252545	268792	
0.6491	0.3892		3810	3686	5047		218768	216174	216872	
0.8865	0.8287		6197	6676	6342		236988	228944	222753	
0.7643	0.7382		4865	6590	5663		174026	234216	219705	
0.5339	0.8417		4083	4187	4449		163982	167979	176633	
0.7373	0.3449		4197	4163	4080		247060	221296	232572	
0.3763	0.8601		3685	3653	3718		167786	169546	164574	
0.9973	0.7677		5576	5456	5483		170501	174228	189553	
0.9025	0.0865		3313	3289	3651		223210	232204	245373	
0.4551	0.6598		3586	3459	4024		182448	167661	192258	
0.1805	0.4756		2909	2323	2418		193002	162672	171291	
0.3905	0.7175		4523	4213	4799		220401	217154	218558	
0.8863	0.2596		3667	4138	3596		188806	165098	175070	
0.9266	0.846		6874	6611	6565		219146	217565	200211	
0.2371	0.272		2884	2254	2213		186663	152579	160154	
0.623	0.0858		2860	2334	3003		171629	156673	192015	
0.9735	0.3565		5042	5119	4382		216013	217658	201393	
0.9429	0.2033		3940	3313	3353		164765	160644	164598	
0.554	0.7227		4735	3928	3935		200761	158117	158217	
0.9217	0.054		2664	2991	2682		153504	156068	152154	
0.4502	0.6507		3569	3594	3558		154515	155362	153194	
0.82	0.7886		5044	5192	5244		158196	158597	161088	
0.6175	0.5641		3702	3826	3807		166666	165809	168673	
0.2064	0.6948		2819	3185	2812		182302	176283	164489	
0.8903	0.4654		4117	3995	3990		152466	152583	152762	
0.1518	0.2287		1848	1869	1864		164738	161289	160370	
0.9721	0.3415		7988	4695	4550		290719	232678	229066	
0.7942	0.2918		3538	3395	3377		166449	163065	164176	
0.6491	0.8561		4546	4501	4486		163928	164800	162918	
0.1804	0.2393		2014	1917	1910		159574	159258	161225	
0.2805	0.7265		3043	3064	2987		151090	151391	148149	
0.9686	0.8132		5717	5456	5553		159789	159765	162179	
0.7731	0.1078		3140	2657	2634		163421	152434	149955	
0.752	0.3654		3704	3532	3410		171742	170214	166703	
0.9803	0.5806		4910	4868	4769		154174	154500	151894	
0.1487	0.9407		3012	3304	3058		161915	160820	156454	
0.1259	0.1999		1966	1847	1839		151510	152193	162179	
0.1801	0.592		2674	2523	2503		157999	158429	167710	
0.9999	0.2907		3832	3772	3916		153431	152335	156117	
0.3928	0.2308		2347	3000	2321		158854	156105	152204	
0.5257	0.8206		4103	4233	4074		166871	170928	170143	
0.6309	0.8567		4505	5133	5259		155255	167465	175636	
0.9018	0.6095		5918	6187	6196		232886	244901	265388	
0.4133	0.775		4717	4796	4416		214621	210990	205407	
0.0741	0.6305		2648	3075	3276		171187	211039	214620	
0.3252	0.1078		2523	3212	1930		186331	201404	162206	
0.8255	0.3691		3498	3482	3549		148107	150144	149908	
0.233	0.241		2001	2016	2043		159288	158707	159780	
0.5979	0.336		3230	3090	3072		157610	157444	156717	
0.2899	0.8836		3910	4181	3916		182166	212834	189810	
0.8331	0.5124		4599	4168	4494		182486	162849	170470	
0.9429	0.5966		5105	5308	4729		179569	191557	181462	
0.3541	0.3015		2477	2909	3441		170702	191478	219261	
0.268	0.4962		2512	2519	2570		155672	174168	185982	
0.2749	0.3564		2402	2400	2325		155363	155589	157486	
0.8618	0.3124		3601	3589	3690		159525	158324	161398	
0.329	0.388		2824	2716	2632		159518	157615	155852	
0.9328	0.2165		3739	4008	3294		188059	196688	163004	
0.0971	0.7285		2796	2567	2560		155175	158881	155672	
0.7354	0.9225		5194	5212	5061		166121	164533	162230	
0.9334	0.7666		5928	5801	5833		177093	207468	175082	
0.3853	0.9648		4015	3898	3934		162243	164201	166055	
0.8545	0.7928		5366	5408	5186		158978	159228	159002	
0.6132	0.2468		2715	2744	2979		152326	160470	168520	
0.9915	0.4008		5023	4671	4123		215581	195619	159826	
0.9601	0.9191		8661	6451	7229		255615	201278	228142	
0.4476	0.9403		4458	4142	4404		171276	159608	164380	
0.4996	0.3477		2768	3906	2872		159306	195718	162310	
0.1091	0.8256		2827	2833	2752		148584	149968	151357	
0.3025	0.3223		2447	2448	2355		172525	168090	164483	
0.0645	0.632		2486	2385	2345		156618	155119	161160	
0.4394	0.7705		4037	3916	4047		160216	160910	161523	
0.239	0.7422		2937	3067	3034		160353	164991	159868	
0.8997	0.9912		6156	6998	5883		160835	196641	157441	
0.7373	0.5117		4524	3992	4106		192288	200865	167525	
0.5988	0.6082		4946	4595	5003		227922	234392	236611	
0.8289	0.6508		4942	6038	4710		174345	221047	177920	
0.1014	0.6867		3164	2762	3095		191013	211478	214352	
0.3127	0.4018		2810	2559	2623		162779	159586	187095	
0.283	0.8429		3359	3402	4271		168360	177430	203320	
0.1088	0.2553		1974	2030	2106		157979	159730	157623	
0.4907	0.0646		2332	2227	2159		161318	154593	160191	
0.35	0.7963		4396	4237	4458		226113	232383	189432	
0.7238	0.6882		4471	4624	4357		167925	163241	160657	
0.887	0.7267		5360	4986	5073		156954	162811	157473	
0.1378	0.9008		2953	2930	3063		157085	160437	159913	
0.3663	0.7561		4798	3904	4257		207650	175187	186965	
0.0597	0.2899		2193	1818	1929		159566	152059	152689	
0.0524	0.3875		1973	2199	2072		157671	150870	158378	
0.2632	0.2483		2690	2182	2122		162615	161476	141264	
0.405	0.1186		2057	2210	2070		155834	156729	156793	
0.2597	0.8146		3253	3235	3672		157345	160469	193017	
0.6875	0.2469		2781	2884	2912		160870	161057	164282	
0.5401	0.9335		4614	4391	4522		154871	154770	156282	
0.5548	0.6528		3776	3725	3801		153113	151738	153681	
0.5825	0.6611		4014	4088	3835		152297	154048	152598	
0.1476	0.1037		1868	1665	1898		161259	160329	165466	
0.7039	0.1413		2766	2740	2773		159407	161784	165538	
0.5586	0.6424		3709	3832	3788		164526	177447	165444	
0.3558	0.3829		2760	2623	2660		162156	167722	160712	
0.1337	0.7295		2668	2652	2724		161732	163649	163604	
0.1255	0.8122		2858	2871	2782		164654	155496	171889	
0.8257	0.2016		3113	3216	3084		160912	149669	150703	
0.903	0.4048		5074	4375	4900		219676	185412	188693	
0.5765	0.6459		3814	4334	3790		166819	180178	162613	
0.8814	0.7047		4885	5702	5259		159544	163215	164537	
0.74	0.6961		4540	4425	4408		160874	167169	172176	
0.7099	0.9835		6484	6333	5197		230348	233165	198666	
0.6174	0.3288		3528	3936	3209		196347	184146	192064	
0.6641	0.9587		5750	5101	5453		167734	174520	187794	
0.1175	0.3028		2598	3075	2602		193492	231927	231043	
0.3322	0.8847		3678	3788	3653		155437	155289	160019	
0.4166	0.9323		4056	4070	3961		164787	167415	164706	
0.7388	0.4452		3796	3648	3696		151907	151931	152343	
0.7592	0.5672		4127	4096	4100		153878	154369	154568	
0.6342	0.597		3995	4002	3957		159657	158996	161373	
0.5858	0.7523		4201	4200	4206		156216	156298	156880	
0.6808	0.072		2441	2523	3083		156065	164935	193433	
0.568	0.9744		4662	4588	5117		157486	157486	161126	
0.674	0.2609		3133	3183	3703		154421	153964	170911	
0.3401	0.6116		3117	3576	4186		159428	180749	216011	
0.5508	0.7655		4087	4289	4092		153562	151663	163431	
0.8194	0.8668		5194	5535	5161		159414	164889	165378	
0.4657	0.2592		2606	3281	2631		163111	181690	165634	
0.1385	0.9413		3322	3154	3184		155932	156073	162934	
0.7102	0.527		3891	3870	3871		161176	159757	159418	
0.8921	0.5208		4405	4411	4441		162211	159829	163846	
0.5339	0.7893		4085	5210	5063		156359	187816	212522	
0.257	0.495		2645	2528	2611		152093	152647	153416	
0.0848	0.7927		2989	3075	3060		182087	187034	183706	
0.4658	0.5198		4521	4016	3987		218006	218943	202419	
0.8582	0.1095		2874	2819	3100		160535	154394	155250	
0.6691	0.1895		2891	3091	2814		156671	160989	159419	
0.1547	0.779		2889	2794	2830		161738	161607	160635	
0.2574	0.0822		1943	1799	1870		149674	150419	151624	
0.2765	0.1783		2158	2125	2048		164552	169159	162249	
0.1079	0.5638		2460	2392	2370		166057	161904	162903	
0.1679	0.5891		2537	2538	2533		155010	154198	155473	
0.5615	0.1115		2303	2239	2287		162034	164734	163914	
0.5579	0.3956		3207	3142	3450		158544	158574	158547	
0.9842	0.379		4337	4303	4147		158192	164623	158640	
0.1581	0.1514		1812	1929	2274		155381	154299	159885	
0.3479	0.6229		3200	3074	3105		156709	153821	159087	
0.6341	0.1379		2662	2681	2639		153438	160094	164182	
0.1443	0.7736		2753	2769	2898		164998	170404	171405	
0.716	0.373		3226	3215	3322		159004	150583	150996	
0.4481	0.4782		3174	3013	3118		155624	158432	163771	
0.1492	0.6614		2619	2927	2802		169022	168669	154863	
0.188	0.0682		2416	1717	1682		189662	155247	165547	
0.1422	0.5322		2442	2541	2426		158432	163134	160549	
0.1899	0.6012		2726	2697	2619		157500	158507	158387	
0.8206	0.2962		4414	4396	3961		205807	208065	199006	
0.8035	0.5462		4237	4182	4355		158758	158643	161601	
0.7687	0.4118		3649	3696	4039		160815	163661	181907	
0.1831	0.4197		2461	2269	2287		158313	156680	157395	
0.9293	0.605		4642	5786	4899		150174	161482	154137	
0.3751	0.7671		3617	3578	3562		160836	155178	155244	
0.5132	0.0833		2188	2603	2223		152406	153695	154268	
0.9064	0.3116		3841	3659	3685		158666	161378	162536	
0.4778	0.1435		2472	2530	3074		169674	185395	200825	
0.1204	0.7927		2734	2827	2679		157526	157675	159022	
0.3758	0.118		2062	2131	2083		155986	150320	153085	
0.8703	0.9365		6200	5994	7104		188065	190213	212980	
0.999	0.8271		5769	6634	5692		152581	193977	166158	
0.3696	0.2334		2300	2769	2416		146623	171138	157422	
0.5018	0.4813		3261	3275	3181		148876	150289	144983	
0.6352	0.9962		4785	4841	4797		158288	158736	164862	
0.6498	0.8472		5065	4913	4994		176687	180173	185483	
0.4655	0.7189		3602	3559	3562		156564	158350	167001	
0.706	0.63		4439	4224	4225		163339	161370	163609	
0.2023	0.7535		2954	2918	3065		162696	157617	162090	
0.4599	0.8461		3985	3869	3901		159278	163631	157203	
0.7881	0.5344		4276	4140	4177		164207	166065	159006	
0.3527	0.9457		3863	3918	3810		168659	160227	162671	
0.9469	0.4602		4321	4254	4316		166392	156496	161036	
0.1007	0.4504		2259	2173	2176		168500	156750	158165	
0.4139	0.138		2243	2216	2240		170571	159095	159338	
0.2695	0.3083		2301	2755	2291		166699	213669	176531	
0.7976	0.4731		4962	4935	3789		218140	209481	161380	
0.8859	0.2066		3468	3267	3236		160481	160738	166313	
0.3414	0.801		3423	4334	4373		170878	194675	226958	
0.3161	0.1307		2089	2232	2188		152299	153638	154025	
0.8714	0.3914		4562	3886	4987		215414	173009	219281	
0.6855	0.4795		3476	4284	3822		180741	182887	174595	
0.7475	0.5035		4034	4078	4921		164303	163993	204152	
0.8646	0.8848		5533	5510	5541		157195	158420	157580	
0.9991	0.1008		2960	3187	2966		157728	152040	151961	
0.9821	0.6091		4806	4813	4742		161777	174402	159462	
0.2317	0.2035		2139	2009	2102		157332	157300	160809	
0.957	0.4092		4399	4424	4220		168703	173440	166672	
0.1553	0.5599		2477	2360	2457		157844	162586	159566	
0.0944	0.272		3820	3205	2580		209333	226236	207651	
0.3961	0.3005		2770	2618	2570		152919	154401	159123	
0.3937	0.5872		3135	3146	3220		159763	165466	164208	
0.6473	0.7942		5460	4679	4423		187448	159265	161742	
0.8368	0.6507		4669	4702	5956		171243	191118	230736	
0.8678	0.525		4455	4409	4312		154509	155651	165987	
0.1147	0.9669		2948	3326	2961		164234	161943	170509	
0.4427	0.7306		3766	4166	3746		149331	157659	158312	
0.5112	0.8478		4249	4084	4154		161130	164961	155015	
0.0506	0.614		2382	2256	2828		162503	158805	171722	
0.8414	0.9987		5517	6289	5706		160417	170081	159352	
0.9722	0.4439		4481	4381	4265		168499	161078	161403	
0.6151	0.8891		4665	4805	4666		162983	155510	155802	
0.4183	0.7309		3519	3557	3539		162150	178258	167144	
0.7274	0.6742		4343	4449	4411		161955	162971	161200	
0.1969	0.6966		2965	2889	2981		160892	165045	167977	
0.5684	0.3526		3027	2987	3156		164091	157875	162329	
0.0918	0.6809		2450	2414	2422		156757	152167	153925	
0.0776	0.1314		1659	1643	1685		162558	161208	164190	
0.567	0.7208		4020	4093	4567		154713	161625	160514	
0.6844	0.7089		4271	4278	4158		161298	158358	157478	
0.9784	0.1314		3264	3874	3299		162055	169038	182804	
0.7586	0.9996		5270	5880	5350		161529	167101	164330	
0.0756	0.5254		2241	2216	2295		180191	162398	162786	
0.8392	0.7407		4763	5159	4712		165532	162323	159786	
0.696	0.739		4308	4322	5572		150980	155121	172150	
0.4981	0.8337		3937	4443	3967		161185	171571	164147	
0.5125	0.9821		4435	4361	4389		166701	167572	162351	
0.1203	0.5426		2327	3059	2346		157465	163189	162944	
0.5386	0.3288		2942	3023	2925		166243	161814	159763	
0.2987	0.9976		3636	3716	3689		165372	171034	162037	
0.4697	0.8206		4099	3916	4017		160324	157007	161931	
0.7166	0.5376		3921	4025	4587		161434	160736	183119	
0.77	0.3724		3441	3464	3561		156790	159785	160638	
0.5418	0.7735		4114	4222	4178		173644	165805	167963	
0.6304	0.8883		4879	5761	6400		169156	193986	229923	
0.138	0.5112		2355	2713	3622		166741	221785	221683	
0.324	0.3166		2539	2612	2442		157294	163570	154640	
0.9307	0.6466		4897	5639	5002		159161	165957	159923	
0.9658	0.8418		5622	5545	5681		154123	155478	161708	
0.9186	0.8828		7731	6801	7226		226304	224804	228783	
0.3576	0.7415		3338	3347	3366		157988	163215	177696	
0.1819	0.8801		3201	3179	3112		161541	160558	175398	
0.1653	0.1302		1949	1809	1995		187133	164095	163212	
0.1168	0.3938		2284	2079	2415		159785	151212	155870	
0.8441	0.7187		4833	4776	4733		156225	163401	165703	
0.6038	0.329		3913	4304	3109		167407	200335	160551	
0.789	0.9628		5506	5510	5515		162422	162977	162638	
0.0937	0.8477		3153	2746	3863		189438	177692	223057	
0.9758	0.2536		3817	3763	4827		158414	160204	166391	
0.1407	0.5769		2879	2426	2409		168872	181804	167336	
0.8879	0.4585		4058	4630	3995		162771	165382	166547	
0.9212	0.9		5936	6902	7332		154947	187453	227611	
0.8645	0.8379		6600	5950	5160		184446	178114	158250	
0.873	0.362		3618	3635	3627		155223	155752	155326	
0.958	0.7471		5820	5074	5231		165020	164679	175281	
0.528	0.4598		3323	3288	3260		155249	155512	158920	
0.3533	0.622		4016	4185	4528		227002	253160	267698	
0.4412	0.8858		4118	6029	4113		207663	244427	208496	
0.0748	0.9017		2852	2756	2766		199495	167508	171112	
0.3429	0.6135		3057	3054	3916		166557	165593	212439	
0.358	0.5389		4048	4089	3241		219946	202033	165031	
0.4645	0.3458		2912	2964	3745		159998	160718	204695	
0.5809	0.0662		3597	2369	2325		202306	166173	171606	
0.4883	0.8345		3958	3969	4004		163613	168541	194361	
0.5687	0.3735		3080	3111	2968		162568	158382	159306	
0.5722	0.1617		2984	2639	2819		200253	195903	178529	
0.3149	0.5254		3839	3733	4238		207054	228625	264513	
0.7578	0.1499		4087	3611	4015		215500	212523	216595	
0.4677	0.9361		4929	5451	5163		233870	225840	228359	
0.696	0.102		3933	3799	4050		230434	226303	235155	
0.5062	0.4955		4000	4074	7742		272104	251356	329374	
0.1577	0.2814		4330	2727	3059		261210	252078	220528	
0.5081	0.1633		3010	2910	2893		185330	185762	187382	
0.6291	0.9186		6251	5617	6845		253968	237174	221445	
0.1412	0.3182		3330	3605	3498		224847	234575	276413	
0.5929	0.386		4180	4145	4965		211043	216645	272520	
0.9309	0.8894		5782	5768	6491		168972	152671	158901	
0.1681	0.4929		2481	2506	2300		176586	170425	171713	
0.108	0.5455		2403	2450	2574		162489	165261	183646	
0.5509	0.3574		3482	2947	2957		162821	158261	160570	
0.4932	0.6316		3672	3555	3642		174798	171520	161475	
0.9636	0.6115		4797	4632	4648		159771	159038	162145	
0.3399	0.2194		2192	2160	2196		161697	161446	164678	
0.125	0.1933		1966	1948	1809		176697	178237	166931	
0.4552	0.4778		3024	3015	3032		155261	172191	177929	
0.0949	0.1626		2764	2231	2126		195954	183643	177440	
0.1344	0.1223		1989	2201	1868		167678	190529	159546	
0.924	0.9102		8443	7088	7249		250139	224174	231553	
0.5612	0.4546		4443	3796	4196		217801	234881	264019	
0.1552	0.5842		3107	3340	3550		214372	243127	216992	
0.3369	0.7562		4546	5181	4902		214144	216969	220594	
0.393	0.8038		4524	5155	5336		214168	211827	231637	
0.5882	0.3065		3712	4018	3945		209302	205205	188938	
0.4938	0.9688		4281	4415	4352		168616	172285	170314	
0.6776	0.8196		4603	5340	5931		162771	193443	220176	
0.2694	0.2246		2302	2122	2081		162451	163342	164448	
0.7771	0.0987		2752	2639	2874		153466	155445	156780	
0.112	0.9811		3867	3484	3497		212642	186751	188142	
0.61	0.4186		3332	3288	3482		157299	157024	159669	
0.6009	0.5648		3865	3873	3845		158662	158842	157354	
0.6505	0.4197		3368	3355	3461		149691	150207	150880	
0.5509	0.4311		3267	3330	3134		170392	162050	167911	
0.3054	0.5104		3228	3269	3157		189039	194362	191858	
0.6087	0.9779		4723	4706	5730		161483	161268	171480	
0.2153	0.8089		2998	2985	3051		150241	150763	153965	
0.1376	0.0594		1614	1544	1847		151788	151557	153324	
0.8717	0.5551		4450	4325	4380		162075	162264	164229	
0.5299	0.3589		2872	2882	2885		159671	160740	163138	
0.523	0.5305		3391	3405	3431		161676	157313	169969	
0.9478	0.654		4939	5051	5102		154125	154437	156452	
0.2174	0.162		1953	2096	2033		155459	156860	181417	
0.121	0.5138		2451	2363	2614		158820	159238	165591	
0.8654	0.6386		4830	4805	4670		151147	149233	153840	
0.5927	0.6151		3830	3873	3712		152316	158393	160472	
0.4637	0.6202		3323	3329	3455		156797	157520	159069	
0.9862	0.4875		4326	4254	4250		166728	165052	168950	
0.8951	0.4119		4088	4040	3948		158028	147562	146842	
0.1789	0.7761		2905	2890	3204		166288	153630	159146	
0.6973	0.8023		4733	4658	4680		162583	157042	161520	
0.2255	0.4421		2498	2433	2540		163038	156106	159394	
0.6913	0.4315		3525	3547	3488		160750	155670	157508	
0.3483	0.4594		2869	2696	2725		169057	164177	166173	
0.2576	0.7701		3182	3313	3383		161126	163311	156923	
0.9137	0.8753		5809	5802	5713		168209	166543	163477	
0.303	0.9624		3735	3752	3669		172463	165475	167857	
0.4131	0.1041		2166	2080	2110		156457	150810	152320	
0.4028	0.6075		3163	3641	3152		155471	158486	152749	
0.7417	0.2057		3026	2980	2944		160296	157210	154718	
0.2573	0.8796		3386	3556	3420		167938	165619	165259	
0.2557	0.8668		3343	3352	3290		167384	161787	168915	
0.8626	0.32		3664	3573	4423		173002	169335	191893	
0.2131	0.6002		2709	2678	3325		172319	178166	199993	
0.6831	0.4228		3522	3411	3492		162740	163175	169922	
0.7727	0.1513		3389	2886	2904		168026	166175	170594	
0.8034	0.0815		3028	2754	2740		225254	202883	197004	
0.3312	0.4227		3314	3018	3146		194872	184517	188544	
0.279	0.6969		3531	3120	3963		167099	177536	201138	
0.5233	0.8732		4102	4234	4542		154486	182094	180443	
0.4692	0.7472		3811	3776	3756		165816	167342	187493	
0.2288	0.8647		3219	3293	3487		172511	169746	177671	
0.6912	0.1213		2754	2638	3347		158930	163267	160126	
0.4161	0.7247		3486	3562	3502		160638	157913	165145	
0.2844	0.3652		2563	2772	2401		167481	172102	173166	
0.8969	0.0601		2810	3116	2952		151080	161968	157871	
0.307	0.0552		1942	1863	1834		160050	168812	161320	
0.6132	0.7941		4591	4444	4332		177791	160384	186952	
0.2021	0.6104		2732	2739	2622		165530	153234	151528	
0.1275	0.9781		3886	5375	4007		222744	247451	207293	
0.162	0.4185		2323	3125	2307		163612	183465	180603	
0.1375	0.1652		3038	2121	1803		217588	217763	186205	
0.65	0.8056		6098	5629	5402		216617	226860	212582	
0.3616	0.741		3325	3335	3511		164234	163418	161424	
0.7519	0.4151		4857	4925	4680		226562	225355	220666	
0.6234	0.7584		4311	4241	4260		160788	163230	165874	
0.6411	0.7402		5131	5614	5488		212268	213091	213501	
0.9889	0.7005		5470	5127	6430		168830	160679	215671	
0.6185	0.5717		4526	4672	4489		180344	189099	181999	
0.7582	0.7748		5494	5326	5091		173428	164944	181713	
0.1586	0.1715		1878	2301	2077		163598	165342	161506	
0.7821	0.1663		3956	3904	3771		213531	217275	208939	
0.0778	0.4636		2302	3282	2885		161167	204370	211483	
0.941	0.5127		6162	6252	5785		219990	249266	220191	
0.7621	0.2783		3452	3343	3243		162102	171235	161600	
0.8427	0.617		4552	4587	4361		166710	167294	163479	
0.867	0.136		4411	4085	3802		226610	219781	225672	
0.2342	0.6208		2895	2959	2785		175739	171980	176332	
0.4805	0.2623		2659	3783	4443		173113	207230	225554	
0.1991	0.3744		2196	2198	3176		168308	183409	238136	
0.5763	0.2157		3519	3521	3293		221112	224303	229805	
0.7825	0.3404		3470	3598	3690		183987	165237	165470	
0.9078	0.4697		4124	4198	4143		166005	167624	174765	
0.3746	0.5655		4324	3042	3023		237504	177761	167188	
0.5387	0.3255		2897	2933	2932		156386	156633	155773	
0.1314	0.906		3350	3412	2992		167229	166282	163355	
0.6431	0.2099		2867	2758	2742		176621	153845	149694	
0.0923	0.8704		2757	2843	3101		164402	168416	182278	
0.2842	0.5644		4101	3993	2921		238534	218766	171603	
0.7014	0.9161		5958	7050	6350		216874	273766	232889	
0.105	0.9388		3868	3023	3327		213267	175548	164484	
0.7545	0.2782		3291	3393	3238		160266	166554	160932	
0.9069	0.5205		4638	4577	4545		166501	169289	174905	
0.5394	0.7861		4127	4210	4130		166998	166783	168069	
0.3134	0.2054		2283	2298	2465		156903	158964	159428	
0.2703	0.3214		2347	2359	2423		161021	161789	161074	
0.9856	0.9171		6141	6209	6067		171746	173022	171916	
0.9081	0.1728		4170	4664	4259		222883	232218	248945	
0.7847	0.8168		5920	6720	6057		211220	194917	224586	
0.1485	0.2977		3191	2966	2043		217709	208996	158810	
0.7067	0.5278		3885	4928	5487		172503	212537	226849	
0.9343	0.7342		6484	5782	5007		227842	203748	190170	
0.3835	0.4985		4768	4248	3838		243512	235672	226916	
0.8553	0.4868		4844	4383	3967		217560	201396	161252	
0.3565	0.3339		4030	3525	3755		250163	230637	236077	
0.2632	0.2417		2140	2089	2195		167564	165129	168605	
0.9725	0.3328		5070	5453	4808		193424	216720	218031	
0.7361	0.9123		6019	6073	5681		210529	217487	226557	
0.6967	0.0577		3404	2635	3358		222160	222306	228498	
0.1247	0.0511		1678	2575	2407		170966	186429	214202	
0.1414	0.864		3065	2981	2958		161851	180393	167993	
0.3465	0.5309		3026	2981	2938		162361	166888	164214	
0.8773	0.2235		3303	3293	4050		162455	157371	160934	
0.3689	0.4085		3273	2712	2726		173785	172223	170282	
0.6235	0.0654		2326	2267	2484		156861	153546	161618	
0.0693	0.3552		1949	1967	2097		151551	159521	150850	
0.4102	0.6172		3433	3433	3306		161961	163103	167035	
0.1925	0.0762		2360	3219	2190		199865	224350	218705	
0.4512	0.2818		4281	2660	2710		211248	162355	159653	
0.1233	0.1305		1695	1692	1867		154368	154272	156402	
0.6486	0.7927		4571	5069	4916		157396	166579	173144	
0.2162	0.0903		1711	1681	1864		152396	162219	158339	
0.6932	0.6426		4711	4634	4263		196318	193156	172169	
0.1225	0.4796		2189	2185	3399		183216	164131	196269	
0.1672	0.2498		1933	1950	1933		161393	162412	162128	
0.9779	0.7056		5185	5310	5282		187824	154312	168029	
0.8224	0.3951		3796	3822	3756		155254	166381	170369	
0.7266	0.5413		4024	4024	4041		159330	157138	162514	
0.059	0.2144		1748	1845	1818		159555	159913	176803	
0.1847	0.8919		3088	3111	3045		155941	155188	172081	
0.4785	0.2009		2879	2464	3307		162422	156809	164261	
0.4061	0.2121		3557	2749	2300		224957	221244	169382	
0.3896	0.8957		3813	3800	3984		162529	170597	171364	
0.3548	0.7086		3299	3254	4067		165431	166144	226212	
0.8756	0.4827		4079	4046	4021		163725	163812	161815	
0.4734	0.2765		3488	2682	3272		217832	185954	177283	
0.9027	0.1428		3137	3112	3113		155906	153331	148602	
0.9391	0.3456		4001	3970	4473		171613	176649	169212	
0.5251	0.2401		2552	3303	2731		166557	202514	168376	
0.1332	0.2918		1996	1994	2032		161632	163672	165695	
0.7788	0.7403		4598	5460	5517		173637	223259	225190	
0.5723	0.6029		3806	3589	3676		162212	173327	165075	
0.2085	0.9165		3309	3171	3174		155150	160264	161670	
0.4076	0.1349		2659	2702	2400		175253	175473	152634	
0.1591	0.6427		2834	3526	2668		194248	169598	158370	
0.5155	0.4386		3129	3120	3188		157417	152287	160140	
0.5161	0.6182		3511	4607	3515		151675	173899	148905	
0.1116	0.2116		1807	1810	1783		156778	159260	158783	
0.2787	0.6539		2959	2870	3138		164300	158011	162135	
0.4705	0.3971		2973	3000	3081		174827	166690	167273	
0.4969	0.8317		3986	4012	3922		170581	165973	162430	
0.9033	0.1426		3065	3202	3174		173933	165563	165716	
0.2185	0.126		2314	2677	2241		187287	189415	182308	
0.6079	0.4507		3369	3338	3341		170008	165565	164946	
0.1777	0.953		3165	3551	3186		158402	158050	154222	
0.6269	0.8861		4910	5249	4687		165018	164287	157513	
0.2645	0.5624		2848	2881	2749		159084	153647	158516	
0.6036	0.778		4425	4690	4343		165953	163257	161600	
0.4906	0.6047		3528	3396	3489		165021	159550	159574	
0.1469	0.4811		2400	2207	2253		168385	162963	162780	
0.4248	0.0573		2103	2048	2249		169232	160505	161932	
0.6632	0.5091		3844	3808	3929		162821	155452	157567	
0.4391	0.2082		2411	2521	2408		169538	161943	161666	
0.8121	0.1148		2769	2680	2773		170381	163455	163217	
0.7354	0.4701		3828	3695	3663		165683	159673	160615	
0.3789	0.6368		3404	3305	3291		169605	169382	168437	
0.5148	0.2853		2994	2775	2781		161353	157603	157934	
0.71	0.5082		4078	4204	4283		159490	155447	154460	
0.3874	0.0784		2515	2430	2425		186252	181460	182536	
0.9604	0.1392		3227	3285	3284		162301	159609	161676	
0.9323	0.3377		3718	3766	3793		175128	170539	171732	
0.1691	0.136		1827	1816	1851		168471	163274	165180	
0.2112	0.1971		2025	2068	2105		164649	160776	160861	
0.6713	0.7387		4679	4212	4399		175623	168368	167747	
0.1124	0.786		2693	2702	2688		162465	156364	156590	
0.5932	0.2352		3301	3075	3194		194091	188755	190654	
0.5231	0.288		2815	2856	2946		175040	172092	171314	
0.3845	0.8642		3714	3686	3769		158579	154019	153518	
0.8609	0.5466		4343	4343	4346		163913	158045	157615	
0.3585	0.0583		1916	1920	1965		161181	154568	156035	
0.4478	0.289		2695	2683	2692		170217	164319	164713	
0.3244	0.888		3567	3682	3688		168079	162993	164563	
0.6356	0.1567		2747	2715	2870		165194	161018	159681	
0.2012	0.9706		3326	3399	3281		162557	157909	173964	
0.2924	0.3248		2506	2569	2374		172943	172724	165605	
0.6346	0.4131		3480	3358	3372		163212	157036	154908	
0.747	0.3063		3322	3245	3340		163938	159505	159704	
0.3259	0.9039		4642	5965	3648		209634	266100	199664	
0.8268	0.1287		3028	3003	3017		171787	169247	165204	
0.2606	0.1787		3321	2438	2005		221965	199775	168125	
0.1606	0.1267		1864	1909	2839		203539	162679	195824	
0.394	0.8553		4124	5067	3757		178785	193410	149511	
0.4257	0.7955		5089	3717	3802		196696	165047	166379	
0.7113	0.4104		3504	3516	3972		160024	160655	185397	
0.4262	0.9169		3917	3975	3972		160279	160574	161749	
0.1758	0.2162		1965	1851	2049		157394	157545	157086	
0.5725	0.3737		3274	3688	4059		178364	227062	224759	
0.9774	0.8741		6910	7497	7580		221207	264123	254036	
0.5159	0.7466		3798	4353	3812		167491	223744	201529	
0.776	0.1101		2716	2687	4576		191886	167053	232998	
0.6177	0.2067		3289	2794	3273		165222	165287	216196	
0.9391	0.4715		5365	4163	4442		199145	162755	170361	
0.3462	0.9409		3800	3939	3918		161075	165087	167073	
0.1468	0.9652		3031	3214	3128		157067	158867	163103	
0.5876	0.1569		2595	2573	2804		155830	158472	157773	
0.2988	0.1566		2197	2242	2174		170867	167444	194645	
0.4184	0.0519		1974	2077	2406		173159	195501	163558	
0.5591	0.3097		2952	2993	3313		204137	207717	199233	
0.5332	0.5595		5080	3538	3471		227673	194113	174077	
0.8035	0.8508		5174	5273	5015		164942	165693	163693	
0.1116	0.9829		3053	3019	2920		154216	155035	156982	
0.7529	0.3385		3340	3464	3846		160346	164385	196710	
0.5021	0.8006		4003	4001	4025		156824	152348	153782	
0.2433	0.4138		2403	2417	2497		163681	158963	160861	
0.9278	0.4983		4679	4627	4583		186650	183537	182862	
0.1336	0.2238		1852	1876	1861		160269	155096	153994	
0.2381	0.2429		2106	2038	2170		157682	149297	149274	
0.9466	0.624		4888	4687	4717		171237	167469	165221	
0.5565	0.6724		3782	3917	3904		163195	158784	158305	
0.2306	0.8125		3069	3083	3098		169102	165120	165715	
0.7469	0.291		4259	4177	4234		208876	217157	245608	
0.1344	0.1266		1739	1792	1754		159656	162429	171646	
0.3747	0.3053		2486	2575	2534		159902	179447	171024	
0.5388	0.3588		3542	3073	2997		169030	164346	159217	
0.5999	0.463		3362	4221	4189		175405	231692	231501	
0.4512	0.3652		4042	3698	3615		228666	226592	227122	
0.2928	0.9398		4296	4435	5270		232231	231860	252679	
0.8661	0.5113		5269	5851	4946		231701	230203	200313	
0.1924	0.4326		2578	3204	2454		231096	205087	190450	
0.7367	0.8189		5808	5917	5119		231988	230323	223814	
0.8235	0.298		3701	3580	3469		163132	161756	160625	
0.2357	0.2558		2233	2419	2593		164980	163526	203575	
0.4188	0.3407		3759	3447	2663		228084	224723	171713	
0.4489	0.3569		2785	2808	3102		159623	160496	165086	
0.7942	0.2846		3408	3424	3470		162382	164689	167474	
0.5686	0.2261		3764	3606	2779		212611	162080	170700	
0.607	0.7188		5148	4801	5715		222768	223445	226184	
0.9368	0.9574		6609	6934	6677		172890	209367	206137	
0.7904	0.6117		4450	4268	4275		159564	161975	162517	
0.5828	0.346		2957	3073	2976		162070	165640	165396	
0.5088	0.9847		4496	4399	4482		170256	167314	184056	
0.883	0.3379		5186	4890	4403		220062	232794	226181	
0.3624	0.0884		2216	1964	2196		172151	169749	171755	
0.6491	0.0761		2918	2398	2859		187285	189084	270153	
0.1812	0.2631		2133	2119	2097		166033	171290	164787	
0.7431	0.9918		5167	5180	5196		168847	181497	173914	
0.2081	0.7547		2994	3500	4396		155012	177573	210981	
0.0798	0.5104		2215	2240	2251		156460	157901	160100	
0.9058	0.8501		5518	5585	5376		172919	172327	169726	
0.3688	0.4168		2765	2733	2796		163036	158260	169820	
0.8437	0.1879		3726	3205	3068		167232	163296	166039	
0.512	0.1372		2530	3182	2801		206222	175573	167495	
0.7027	0.444		4691	4970	3626		174886	194564	230688	
0.762	0.6702		6858	5299	5897		249119	251235	244331	
0.4527	0.6702		5258	5165	5471		236142	226503	224039	
0.3523	0.8873		4344	3858	3821		175393	166793	169862	
0.9185	0.4519		4531	4173	4200		169268	162988	168067	
0.6094	0.8538		5297	4760	4543		170618	156069	151289	
0.73	0.5436		4192	4300	4665		176675	161894	172032	
0.2087	0.4046		2440	2951	3436		202773	191110	207796	
0.5456	0.4628		4313	4537	4236		208945	223152	224420	
0.0808	0.2186		2848	2717	2220		214109	214907	210912	
0.7308	0.0876		4077	3609	3584		220965	230133	227681	
0.5382	0.9979		4712	5045	4626		164862	181547	167245	
0.7046	0.1971		2996	2954	2839		160909	155263	160397	
0.121	0.3665		2961	4031	3144		221203	239061	241069	
0.3211	0.4395		3916	3874	3198		228436	218280	209551	
0.9891	0.6915		5423	5416	5249		163056	165108	157329	
0.7037	0.7249		4824	4919	4788		193340	194099	192210	
0.465	0.2937		2666	2898	2826		160746	173209	168576	
0.3279	0.4834		4260	3733	3589		226598	220555	220927	
0.3895	0.518		3158	3045	3061		173811	166854	165812	
0.5105	0.7665		3988	4020	3989		176838	166948	168354	
0.4855	0.8756		4438	4166	4200		165592	159320	158399	
0.9761	0.9655		6438	6078	6002		175751	166898	166329	
0.1614	0.6819		2932	3298	2729		175354	196273	168447	
0.3138	0.5043		3057	2963	2984		179356	173240	168911	
0.1305	0.4276		2242	2183	2196		160658	152338	151179	
0.1847	0.4006		2284	2235	2267		172021	163902	166012	
0.1248	0.929		4044	3626	2886		201724	197699	168163	
0.2897	0.1528		2239	2204	2066		167346	180122	170411	
0.5922	0.3655		3256	3078	3039		172243	171758	168375	
0.4018	0.1619		3045	2363	2297		220009	166712	158522	
0.9701	0.2108		3799	3803	3792		184062	184667	180759	
0.4985	0.2434		2624	2489	2470		160022	160448	158438	
0.7119	0.9817		5665	5510	5715		221383	194318	196408	
0.1151	0.9097		3863	3733	3198		193805	219489	177948	
0.7334	0.7358		4523	4574	4546		159547	162709	162894	
0.6397	0.5371		4876	3792	3823		208138	161335	162452	
0.3989	0.8898		3953	3965	3798		159593	161586	159157	
0.8301	0.3549		3980	3527	3542		167645	166381	166085	
0.8654	0.66		5126	4761	4924		177539	162940	172041	
0.4101	0.8897		4162	4259	4281		185178	186128	181442	
0.6562	0.2463		3075	3297	3104		182106	187059	187223	
0.1474	0.5632		2529	2758	2484		178011	184497	186136	
0.5293	0.913		4515	5004	4985		185704	187514	195942	
0.1134	0.9797		2979	3014	3111		162120	161859	162673	
0.6255	0.6476		4189	4105	4042		150963	151337	149953	
0.1993	0.4932		2546	2391	2401		165764	167097	167193	
0.868	0.6205		4399	4551	4447		151422	154438	152985	
0.3479	0.7344		3340	3516	3318		165330	167454	166038	
0.3785	0.3951		2921	2755	2732		168147	170414	173993	
0.3484	0.0555		1920	1960	2515		155258	165225	196521	
0.1569	0.6406		2691	3063	3051		158860	184042	181908	
0.2991	0.6596		3252	3901	3160		163100	170878	173204	
0.4445	0.1736		2762	2356	2598		160508	160051	166080	
0.9094	0.4961		4541	4347	4169		165685	162672	167292	
0.2485	0.2224		2302	2527	2058		181489	171355	162857	
0.2185	0.1293		1978	1880	1866		151725	157918	157831	
0.1008	0.0921		1688	1560	1940		148733	152393	156736	
0.7707	0.428		4649	4494	3761		180054	200309	156951	
0.2887	0.093		2037	1845	1866		152482	153774	153324	
0.867	0.8276		5332	5198	5312		149511	151603	150752	
0.1461	0.2269		1921	2006	1921		155183	157901	157080	
0.692	0.0533		2394	2358	2385		151239	152790	152293	
0.8726	0.4369		3997	3900	3854		167213	170768	168910	
0.6389	0.307		3097	3152	3183		162953	163204	165193	
0.3405	0.913		3701	3798	3619		154910	157639	157937	
0.9353	0.7743		5336	5382	5317		166645	168877	168040	
0.5302	0.3282		3730	3194	2836		202816	229874	171583	
0.8365	0.6071		4984	4853	4868		202792	187361	180801	
0.5693	0.1391		2616	2496	2730		155385	156438	173133	
0.2821	0.4423		3000	2621	2718		171402	173680	157909	
0.8243	0.8572		5284	5086	5105		164601	172800	165810	
0.6941	0.6565		4393	4322	4244		157595	156845	153648	
0.6062	0.1312		2706	2564	2564		154060	156859	152177	
0.158	0.0899		1650	1664	2387		150875	153694	177195	
0.7326	0.325		3358	3295	3285		161966	164057	164578	
0.0812	0.7234		2608	2596	2482		159214	159275	159094	
0.4739	0.3111		2904	2733	2954		157304	158620	160091	
0.7086	0.2043		2966	2873	2994		156579	156959	157430	
0.997	0.9395		6308	6068	6137		163109	163217	162222	
0.0997	0.9305		2930	3043	2900		158202	159672	158938	
0.6021	0.2095		2705	2695	2666		162059	169172	181662	
0.091	0.7363		3099	2553	2504		168476	172101	162324	
0.8116	0.1816		3121	2952	3945		156709	156275	207689	
0.5421	0.7547		4248	4074	4065		164432	165820	165661	
0.9613	0.5881		6168	4645	4845		197748	160192	161600	
0.373	0.1211		2462	2486	2437		183723	182903	181271	
0.241	0.5996		2884	2844	2779		160708	161525	160659	
0.816	0.1201		2780	2868	2754		167058	167114	165835	
0.8826	0.5269		4467	4327	4312		160399	162547	160611	
0.5852	0.4862		3250	3302	3314		152623	153774	155289	
0.61	0.6093		3801	3713	3704		175932	177725	174675	
0.239	0.0968		1872	1866	1854		163882	165012	165127	
0.4701	0.7455		4138	4125	4183		188931	190340	188657	
0.9795	0.8372		5639	5791	5625		163754	165168	163955	
0.1629	0.8898		3188	3092	3076		163218	162999	162680	
0.2902	0.466		3026	2977	3012		193897	196015	195895	
0.8746	0.2859		3503	3621	3485		149350	148658	148178	
0.5697	0.8951		4603	4469	4593		158946	159246	160527	
0.1152	0.4369		2155	2190	2251		158765	162337	158584	
0.5263	0.8945		4247	4359	4229		163663	166124	164968	
0.9984	0.3634		3999	3900	3892		159285	159384	161193	
0.4716	0.5502		3285	3296	3283		155064	156616	155187	
0.9329	0.1041		2930	2932	2908		154406	154032	153913	
0.4534	0.2384		2430	2485	2608		152022	152677	152497	
0.1054	0.4088		2160	2116	2214		161878	162105	162445	
0.8309	0.1909		3169	3063	3118		160429	159482	161020	
0.172	0.2831		2176	2052	2057		162641	164131	164615	
0.437	0.8496		3896	3731	3850		165608	166214	164527	
0.7651	0.9079		5349	5403	5291		153450	154465	154930	
0.8476	0.7612		5117	5071	5201		156551	156160	157631	
0.6011	0.213		2723	2651	2673		157338	157964	155983	
0.968	0.5681		4714	4784	4634		152580	151573	154959	
0.8724	0.9436		5713	5570	5636		157905	156576	157156	
0.4324	0.1034		2624	2156	2102		188045	162568	158728	
0.2717	0.4738		2551	2533	2622		162920	161718	161748	
0.8285	0.3808		3902	3775	3857		158358	159124	157647	
0.1127	0.6344		2462	2451	2560		155317	155280	157712	
0.6346	0.8474		4743	4533	4636		143837	147905	146358	
0.6667	0.7465		4205	4201	4214		162083	161813	163825	
0.8612	0.2984		3487	3486	3516		154617	154756	153284	
0.9854	0.8026		5611	5593	5679		158786	155311	159032	
0.425	0.7937		3757	3834	3728		162519	161155	159904	
0.2982	0.6944		3080	3110	3096		162542	161762	161616	
0.8442	0.7546		5573	5682	5626		187366	186497	185591	
0.7042	0.4498		3702	3551	3776		156483	155274	155850	
0.4874	0.8162		3993	4022	3947		153160	153133	161336	
0.1483	0.9222		3162	3029	3033		182425	169555	170312	
0.9489	0.9488		5912	5895	5960		168536	169439	167995	
0.7626	0.2832		3907	5121	3724		192382	232450	184682	
0.4925	0.7023		3638	3600	3710		162265	162290	160959	
0.4525	0.0901		2114	2145	2129		160791	166384	160613	
0.3664	0.1815		2193	2215	2221		158573	160405	161080	
0.8664	0.8453		5433	5432	5381		164209	163693	166934	
0.8854	0.9706		5808	5776	5853		155952	155868	156465	
0.8801	0.552		4483	4503	4484		165254	167311	163469	
0.8	0.8469		5284	5182	5075		165623	166493	168320	
0.239	0.2903		2225	2177	2530		161127	160676	172633	
0.2249	0.1313		2058	2436	2399		168654	188582	187125	
0.9798	0.147		3899	3333	3305		177870	196181	157081	
0.7713	0.1207		3136	2765	2688		165945	159651	167858	
0.1001	0.6254		2558	2461	2550		161959	160887	159955	
0.9459	0.2191		3429	3358	3495		154415	153990	153373	
0.3918	0.1922		2484	2302	2341		158359	156757	162884	
0.8546	0.4203		4070	3960	4009		159976	157524	156225	
0.8904	0.4745		4072	4065	4080		162109	161545	161084	
0.2607	0.7564		3377	3340	3862		157610	157492	188275	
0.7023	0.1459		2770	2753	2744		149452	149517	146887	
0.1416	0.0619		1663	1613	1603		162380	163680	159869	
0.9037	0.9324		6271	6631	5645		185934	222487	165009	
0.6462	0.8948		5810	4746	4708		218154	170648	171174	
0.625	0.4517		3527	3459	3472		149859	148517	149691	
0.7202	0.6012		5057	4119	4178		230118	192139	159614	
0.119	0.2478		1850	1881	1846		172911	170256	169794	
0.8336	0.8021		5472	5097	5095		173624	163513	164372	
0.469	0.8756		4970	4496	5307		203500	177417	195180	
0.889	0.461		4036	4547	4461		159812	181443	170015	
0.1178	0.141		1849	1760	1730		161940	171814	162274	
0.7359	0.6		4279	4323	4336		156603	155730	169700	
0.4803	0.4009		2923	2977	3058		156208	154486	159062	
0.0677	0.6391		2421	2400	2419		163017	164363	159410	
0.4562	0.7567		3965	3747	3806		176534	164716	165608	
0.5402	0.1676		3102	3068	2985		194333	195840	184399	
0.5988	0.7331		3967	3941	3957		170299	169777	171181	
0.0636	0.3714		1992	2197	2068		155427	155417	153028	
0.2121	0.686		2757	2857	2916		162903	168394	154249	
0.4536	0.0972		2283	2308	2430		158085	160065	159268	
0.8564	0.2932		3572	3863	3553		166946	173189	165404	
0.7138	0.4834		4642	4425	4325		227160	206351	214538	
0.3771	0.75		3446	3385	3395		166338	157600	152659	
0.1702	0.2412		1938	2052	1992		158211	156554	150610	
0.9403	0.7132		5221	5451	5334		167142	163224	160676	
0.6519	0.5333		3904	3768	3751		173316	168187	163226	
0.7336	0.9493		5141	5146	5333		163322	157653	162806	
0.8846	0.3213		3772	3764	3765		157781	154795	153217	
0.9005	0.5523		4450	4736	5067		173604	174261	178723	
0.7977	0.2226		3089	3082	3350		163456	156371	155092	
0.4654	0.1422		2318	2396	2470		168096	161095	160628	
0.6586	0.1557		2754	2774	2667		169839	172540	163365	
0.0618	0.9411		2954	3345	3175		163563	175742	159596	
0.1731	0.9797		3597	3184	3542		160146	152336	155236	
0.4433	0.8297		4037	3881	3983		181902	162310	161395	
0.5384	0.8972		5221	4700	5277		218629	210432	227901	
0.249	0.325		2268	2691	2881		167527	183293	222631	
0.4434	0.0597		2263	2056	2071		159606	159809	158552	
0.7167	0.9576		5016	5041	5124		157160	157427	155892	
0.5834	0.1833		2853	2753	2556		173146	163497	161516	
0.5381	0.387		3106	3075	3174		160624	162802	158084	
0.2267	0.8005		3261	3101	3108		155981	157345	155916	
0.6467	0.3673		3251	3258	3346		161101	161031	160493	
0.6944	0.1865		2830	3564	2825		158397	185428	174302	
0.2011	0.501		2774	2608	2578		162118	159910	157740	
0.3235	0.5756		3075	2947	3038		155794	153772	151059	
0.3039	0.2516		2279	2375	2284		169055	167971	166590	
0.7471	0.4521		5454	4222	4077		203511	186151	183287	
0.7964	0.4935		3970	4019	3841		166725	162596	163042	
0.6264	0.576		3857	3787	3801		170576	171705	168773	
0.4097	0.2395		2445	2496	2435		155751	155446	153431	
0.8844	0.1669		3351	3140	3177		162125	159243	160970	
0.7466	0.6915		4391	4560	4625		160453	162652	162488	
0.6816	0.8846		5263	5317	5393		186850	189287	188567	
0.8078	0.7315		4821	4789	4620		209121	181301	175712	
0.1411	0.3814		2614	2711	2608		182416	183921	182792	
0.5486	0.1712		2836	2656	2521		161688	159457	161236	
0.1816	0.4286		2347	2283	2338		157111	159017	162451	
0.4833	0.4981		3020	3012	3020		181593	165995	165168	
0.7182	0.8774		4949	4986	5153		163699	165000	163348	
0.175	0.1663		1876	1943	2156		175049	172756	178436	
0.6302	0.2852		3272	3237	3078		162298	164419	161907	
0.3911	0.9552		3940	4238	4019		163887	166952	164561	
0.1403	0.1484		1740	1754	1752		156871	157605	155631	
0.3833	0.7656		3567	3793	3589		162589	163731	161154	
0.2642	0.4278		2589	2492	2463		161121	161415	162518	
0.8979	0.4894		4306	4314	4168		167290	177214	199965	
0.5877	0.4318		3192	3230	3188		166846	167696	167797	
0.7061	0.6172		4153	4011	4133		171496	174158	180018	
0.1606	0.5196		2982	2841	2896		190015	191112	189767	
0.5803	0.3018		3727	2926	2976		212237	159731	160167	
0.7802	0.2446		3156	3007	3024		160302	160690	160911	
0.9434	0.8588		5600	5613	5598		151614	151349	152808	
0.1898	0.2057		2056	1939	2596		159378	165483	214791	
0.8578	0.662		4871	4799	4759		164570	163152	163475	
0.5689	0.1801		3157	3460	3052		203974	214761	160585	
0.8012	0.5067		4117	4146	4588		159742	167595	184978	
0.4275	0.8559		3821	3835	3784		159522	154620	151776	
0.1484	0.8741		2948	2906	2980		159750	158055	157102	
0.4953	0.2606		2688	2757	2698		159364	159241	157804	
0.5915	0.7573		4205	4368	4199		161930	163589	160419	
0.3854	0.5125		3057	3061	3317		156965	155662	154271	
0.0503	0.8516		2614	2731	2686		154672	152994	152288	
0.1993	0.6908		2855	2940	2802		165531	166387	164103	
0.0768	0.8728		2687	2681	2896		155911	155739	155113	
0.4733	0.7842		3897	3910	3973		166006	167560	165881	
0.5085	0.6275		3663	3623	3659		169895	169354	167751	
0.2141	0.517		2617	2581	2652		159442	159022	156667	
0.9824	0.807		5631	5724	5583		158014	158343	157919	
0.638	0.7154		4121	4079	4105		165789	165583	168945	
0.7166	0.2893		3201	3149	3308		157627	158143	156571	
0.422	0.86		3778	3786	3851		156370	159114	160307	
0.7954	0.7804		4894	5148	4942		154070	159264	156997	
0.0711	0.1941		1842	1776	1792		160084	157917	156087	
0.644	0.2329		2809	2796	2793		155104	157396	156607	
0.6466	0.3526		3242	3127	3143		149174	151954	150539	
0.0819	0.4089		2477	2486	2534		176388	177266	180537	
0.6857	0.9828		4887	5004	5141		151457	151930	153413	
0.1706	0.0967		1754	1723	1973		161648	163564	165380	
0.9958	0.8113		6243	5673	5762		182382	170953	168802	
0.268	0.2781		2347	2208	2205		165412	165047	165626	
0.5532	0.5329		3586	3496	3552		160759	174242	160886	
0.2073	0.8693		3243	3131	3125		169430	167037	165790	
0.6803	0.0622		2385	2337	2343		162260	160408	162505	
0.0951	0.5194		2330	2277	2296		164679	163993	164096	
0.9628	0.6164		4740	5905	4704		164180	215546	158284	
0.5175	0.7595		3940	3953	3951		153888	153729	157020	
0.414	0.5607		3180	3314	4019		157213	156946	208108	
0.7627	0.2302		3031	4370	3182		169539	214339	205920	
0.2102	0.0667		1798	2547	1767		163258	169325	161367	
0.6825	0.3166		3277	3207	3208		163043	161641	161832	
0.3339	0.9248		3706	3636	3664		160453	161239	160515	
0.9604	0.8842		5878	5838	5861		157721	159980	166658	
0.1377	0.7807		2855	2752	2751		165934	165927	165867	
0.4349	0.7347		3595	3461	3463		158842	158415	159859	
0.5747	0.5225		3548	3534	3787		164567	164688	169840	
0.9823	0.7813		5761	5594	5587		149474	149938	149922	
0.8256	0.5908		4404	4322	4342		157830	159842	158100	
0.4345	0.3456		2714	2687	2776		154516	155505	157069	
0.8272	0.0823		2765	2799	2719		163189	160619	161017	
0.4728	0.9478		4216	4255	4284		157251	155570	157030	
0.5425	0.7439		4127	3982	3881		157830	154410	155006	
0.3004	0.3925		2943	2605	2587		172577	167198	168497	
0.4628	0.6799		3534	3517	3520		165552	165645	166189	
0.7439	0.361		3824	3851	3810		191554	188228	191839	
0.9174	0.133		3495	3175	3190		181571	165381	162542	
0.6087	0.2586		5109	3878	4374		225034	238813	240541	
0.8473	0.8499		6620	5861	6404		230336	242792	219850	
0.7101	0.6974		4378	4411	4319		161380	159430	170090	
0.9203	0.8512		5706	6150	6772		169077	187417	234036	
0.6407	0.5647		5521	4273	4914		245504	185596	228918	
0.773	0.9532		6356	6726	6665		226106	226728	238630	
0.0672	0.6891		3578	3167	2572		235740	200826	159911	
0.44	0.3237		2851	2838	2855		156685	156266	155033	
0.8853	0.2099		3644	4789	4465		182987	224015	221649	
0.1999	0.685		3969	2930	3131		237437	201307	190982	
0.949	0.8666		6744	6314	6461		191432	196142	186918	
0.3748	0.5908		4293	4798	4886		216611	275257	253053	
0.1197	0.2126		2419	2772	2574		215782	210501	178543	
0.1547	0.3634		2675	2992	2127		209618	205234	153937	
0.3292	0.6189		4039	4029	4113		233444	251265	233637	
0.0706	0.7432		2532	2541	2543		163469	166271	165093	
0.7454	0.0967		2649	2742	3488		159952	193609	197337	
0.3172	0.8009		4333	3866	3507		171119	167416	157450	
0.8638	0.6469		5626	4953	4736		182621	173519	164975	
0.5773	0.0726		2276	2247	2248		163517	159476	158793	
0.6279	0.0882		2379	2362	2503		155840	160869	157238	
0.5838	0.6191		3880	3650	3736		159544	164956	155317	
0.3911	0.7563		4737	4986	4784		238762	242063	216062	
0.3353	0.9214		3616	3596	3753		164810	160694	164062	
0.5217	0.5057		3520	3362	3368		165996	158336	161021	
0.7517	0.8427		4926	4991	4924		165306	158422	160470	
0.5596	0.9388		4488	4480	4464		174425	163131	161588	
0.1731	0.3368		2181	2160	2156		176755	165543	164251	
0.7681	0.8821		5272	5204	5257		177176	166285	164694	
0.7794	0.8814		5300	5197	5199		167213	169056	168373	
0.1479	0.9725		3113	3683	3108		158919	174056	161967	
0.9968	0.7148		5196	5378	5158		168368	162026	156789	
0.7088	0.5823		5221	4754	4724		219255	217501	219265	
0.8612	0.8831		5926	5958	5936		192796	185322	183408	
0.7796	0.7081		4671	4448	4490		177490	169018	166400	
0.2297	0.3883		2737	2434	2590		163102	167748	171163	
0.9711	0.4864		4383	4315	4330		172197	162082	160584	
0.2293	0.4939		3261	3208	4086		219156	224817	220835	
0.1275	0.0807		2691	2324	1818		235459	228814	191545	
0.3791	0.3476		3558	2843	2958		183361	170178	168005	
0.0509	0.0644		1630	1567	1531		169767	158590	155216	
0.7058	0.0973		2817	2604	2589		170272	159404	159675	
0.4386	0.5652		3604	3559	3324		171378	164433	162885	
0.4798	0.9786		4792	4895	4841		196134	187613	190103	
0.9716	0.751		5650	5680	5823		172357	163490	164675	
0.8125	0.4533		3882	3784	3782		168471	160980	160796	
0.9373	0.9411		6123	6022	5939		175098	165810	164181	
0.2539	0.8587		3307	3282	3350		156702	149445	149240	
0.7054	0.4284		3530	3520	3515		167616	161185	163425	
0.1357	0.8073		2834	2794	2825		163098	155512	155823	
0.6407	0.9118		4908	4781	4755		159977	149992	149416	
0.9513	0.7325		5178	5109	5069		172865	165791	162630	
0.8842	0.4819		4231	4132	4092		165911	162897	160418	
0.3268	0.1062		1988	1966	2390		166538	160088	182587	
0.1541	0.1916		2328	2243	2243		185153	178637	194458	
0.7945	0.6166		4349	4350	4607		163956	157699	155388	
0.5411	0.4371		3183	3193	3300		165297	159735	156807	
0.667	0.2746		3299	3317	3108		167371	163633	161142	
0.9789	0.9466		6172	6139	6191		169496	162761	162270	
0.7666	0.945		5299	5298	5286		169374	164282	163402	
0.3807	0.0849		2060	2103	2015		163326	156121	173715	
0.1702	0.4169		2756	3273	2288		176404	209475	187301	
0.6263	0.4848		3509	4783	4452		167669	212489	214343	
0.8969	0.2145		4412	4323	3490		210781	230889	203181	
0.2886	0.8901		3552	3911	4425		159203	180793	213357	
0.1	0.328		2177	3054	2133		192397	211696	182079	
0.8743	0.1527		3374	3071	3098		191196	192467	203972	
0.489	0.9035		4509	4364	4344		179147	183034	184483	
0.9315	0.3529		5369	4297	4023		194624	182035	178669	
0.9687	0.2303		3567	4215	3962		204056	208935	233136	
0.1319	0.7001		3189	3228	4344		202744	202807	207435	
0.9926	0.7281		6282	5760	6125		211430	206458	208189	
0.3455	0.516		3196	3004	3423		189050	187833	198939	
0.4044	0.7022		3384	4519	4597		191008	221482	232133	
0.2716	0.5217		2737	3133	3139		162807	189317	191386	
0.601	0.1575		3124	3072	2646		192417	186789	166181	
0.4426	0.7498		4020	3715	3559		186230	186211	180190	
0.4197	0.809		3735	3843	3733		164735	166093	163781	
0.9958	0.1928		3571	3421	3481		163829	162745	162430	
0.9774	0.5679		4794	4880	4848		161857	160221	157614	
0.5958	0.9099		4663	4642	4707		166762	166422	165953	
0.1863	0.9045		3213	3277	3100		148908	149418	150936	
0.9729	0.4037		4166	4121	4238		166978	167943	165969	
0.6342	0.8707		4601	4765	4638		150226	152332	146846	
0.9417	0.399		4126	4080	4127		164960	169228	165475	
0.4251	0.6168		3273	3250	3267		166082	162973	162374	
0.3638	0.7587		3914	3890	3962		198336	195364	194760	
0.3798	0.193		2428	2304	2289		159354	159317	156324	
0.6389	0.1394		2766	2748	2639		168957	167887	168097	
0.6225	0.5209		3647	3634	3772		157217	158781	156687	
0.2718	0.6159		2850	2970	2822		161182	162632	159369	
0.2618	0.5235		2824	2720	2961		154276	154336	154170	
0.9201	0.7523		5393	5469	5319		164317	167606	165235	
0.434	0.511		3233	3172	3221		163992	165025	164270	
0.294	0.9259		3533	3520	3541		165450	160239	159668	
0.0941	0.5428		2347	2335	2395		155886	152992	156028	
0.6609	0.9893		5033	5036	5111		164966	166233	164979	
0.5697	0.6641		3910	3950	3879		159076	153992	152481	
0.7878	0.9764		5565	5724	5556		166867	165509	169500	
0.4514	0.454		3213	3015	3091		161680	161292	163266	
0.6421	0.074		2354	2308	2546		159739	159158	158250	
0.2559	0.7904		3253	3221	3250		154896	155718	155116	
0.4661	0.1962		2492	2407	2421		158452	153851	151208	
0.6424	0.3136		3084	3119	3339		160704	159101	158436	
0.0871	0.2745		1900	1858	1929		160147	160262	159561	
0.1027	0.9173		2981	2994	2923		161825	160951	160499	
0.8503	0.364		3624	3688	3683		159428	159841	158397	
0.6609	0.2295		2979	2913	2855		154264	153812	152330	
0.5518	0.427		3161	3295	3150		166208	164292	162934	
0.0786	0.5648		2631	2324	2364		150257	149979	150807	
0.1584	0.6423		2671	2767	2661		158494	156355	157937	
0.3378	0.1579		2305	2573	2573		184926	172632	175435	
0.1058	0.1836		1815	1852	2224		167156	167874	172598	
0.7212	0.2644		3807	3825	3795		176118	175559	175204	
0.3304	0.7531		3561	3456	3403		163007	158964	153186	
0.3708	0.3818		2962	3289	2690		191123	211026	187549	
0.6863	0.9304		4929	4948	4905		162321	156267	172040	
0.3977	0.0956		2133	2107	2095		162135	161925	161619	
0.2763	0.2348		2233	2130	2188		165465	166535	161880	
0.2797	0.689		3163	3011	3098		158946	158269	160073	
0.0969	0.8283		2771	2751	2736		153583	154707	154324	
0.5891	0.556		3608	3593	3750		162864	164222	160402	
0.3097	0.8107		3452	3328	3353		164005	161991	160951	
0.8973	0.612		4603	4719	4637		161977	162132	159060	
0.9043	0.3107		3647	3651	3774		168223	167387	166381	
0.7854	0.5425		4294	4171	4183		165195	164879	165750	
0.7238	0.853		4878	5473	5816		189176	191204	217216	
0.9737	0.9536		6620	6993	6880		197785	193840	201870	
0.1928	0.1653		2053	1939	1965		151871	154135	151193	
0.339	0.1306		2111	2124	2096		158750	160945	160012	
0.1966	0.3103		2226	2716	2127		190965	174910	173936	
0.9153	0.4467		4117	4559	4150		170978	163783	158836	
0.4245	0.9809		4118	4200	4690		182897	184325	191495	
0.7771	0.2394		4476	3857	3664		200052	207238	212009	
0.5053	0.5156		3568	4220	3721		196320	188752	197894	
0.7969	0.9159		6379	6379	5644		210206	208522	185099	
0.7535	0.6162		4753	4826	4361		197487	199171	193581	
0.4769	0.9772		4276	5075	5006		190862	190052	184158	
0.5966	0.1048		2971	2468	2698		179624	188391	194933	
0.8619	0.8432		5258	5634	5394		188593	187897	185037	
0.6944	0.3976		3727	4255	4083		199876	210053	194072	
0.2601	0.6421		3846	3746	2945		191757	199556	185389	
0.9594	0.7145		5501	5259	5481		195041	189876	186846	
0.9317	0.2868		4115	4380	4003		183132	182081	179787	
0.1537	0.6437		2555	2657	2655		185616	182262	182295	
0.4201	0.4908		3539	2988	2905		195272	191258	194801	
0.6441	0.5174		4388	4230	4222		186571	180366	180552	
0.1932	0.9743		3539	3677	3904		189708	186766	184905	
0.862	0.5111		4597	4486	5248		186919	182574	209060	
0.5282	0.4692		3135	3440	4027		184716	182607	186050	
0.0775	0.6806		2561	2532	2586		170117	159904	192450	
0.3371	0.2125		2405	2223	2201		179548	171130	171901	
0.3283	0.4546		2674	2848	2731		173345	175273	173634	
0.4339	0.1016		2590	2186	2768		164403	162584	176245	
0.8349	0.8713		6117	5620	5760		212030	182530	186129	
0.8162	0.7232		5253	4817	5347		192431	192734	194359	
0.4122	0.9479		5883	4791	4257		235627	202559	175096	
0.9477	0.443		4323	4664	4212		186964	195489	188086	
0.2185	0.147		1945	1941	2209		187092	187414	190692	
0.1762	0.9615		3597	3257	3614		180945	181557	185403	
0.069	0.7662		2979	3701	3013		207081	234857	198134	
0.7169	0.2594		4173	3594	3792		207534	201999	196280	
0.1279	0.4292		2174	2371	2744		200274	206736	205111	
0.9214	0.9705		6609	7078	6293		198302	208988	179804	
0.4904	0.7347		3658	4301	4438		194491	190207	178176	
0.9131	0.7704		5882	5675	5576		188503	190596	192858	
0.9246	0.7761		5699	5663	5812		193056	191466	195678	
0.4711	0.1024		2273	2197	2569		189882	183563	180499	
0.697	0.9848		5411	5215	5159		193755	170106	170903	
0.6526	0.3269		3139	3104	3099		172675	166209	168903	
0.3195	0.3953		2672	2641	2823		173368	168240	170534	
0.927	0.1489		3212	3277	3556		168384	162368	166214	
0.5351	0.307		2969	3008	3043		165749	168650	192704	
0.8628	0.7137		4890	4806	4840		158081	158357	164007	
0.8531	0.494		4568	4716	4076		179779	184224	159242	
0.6371	0.2536		3838	4062	3070		223528	217296	197157	
0.431	0.3488		2725	2728	2735		171799	168629	168200	
0.5634	0.3323		3166	3085	3457		164234	162125	173821	
0.6458	0.8561		4775	4662	4984		197424	196749	190463	
0.1933	0.4937		3214	3688	2855		223397	249639	229509	
0.9769	0.5221		5945	5215	5076		181221	182061	183734	
