24	25	
0.1768	0.6104		2469	2533	2526		163444	150167	153716	
0.3055	0.9677		3714	3477	3703		159803	151389	149782	
0.3209	0.6943		3506	3229	3138		178056	161973	161064	
0.19	0.5682		2555	2734	2694		169305	156819	157362	
0.1273	0.8834		3504	4425	3566		242387	237675	240606	
0.6528	0.2262		3203	3035	3542		209567	214381	242522	
0.2353	0.4347		3580	3072	3308		208633	212753	208608	
0.2685	0.3334		3123	2406	2296		178501	187030	159498	
0.9338	0.3135		3933	3811	4241		166686	161924	176141	
0.4531	0.506		3115	3236	3424		163392	166350	164823	
0.6071	0.4425		3467	3356	3304		153080	165661	154662	
0.1352	0.8346		2936	3168	2805		166586	168409	167391	
0.5407	0.625		3761	3989	5154		188336	171066	201858	
0.428	0.0778		2316	2591	2617		160928	167046	218204	
0.2628	0.2402		2655	3044	4268		186751	252545	268792	
0.8154	0.3581		4455	4134	4465		218768	216174	216872	
0.096	0.8293		3254	3866	3510		236988	228944	222753	
0.735	0.5764		4621	8244	4866		174026	234216	219705	
0.7487	0.3816		3466	3586	4591		163982	167979	176633	
0.805	0.7927		6450	6177	5946		247060	221296	232572	
0.9246	0.1474		3191	3086	3070		167786	169546	164574	
0.9117	0.5265		4736	4628	5481		170501	174228	189553	
0.4864	0.3219		3503	3846	3918		223210	232204	245373	
0.5594	0.9925		4593	4466	5255		182448	167661	192258	
0.562	0.6391		4961	3894	3851		193002	162672	171291	
0.6976	0.608		5085	5452	5981		220401	217154	218558	
0.9959	0.0621		2897	2958	2829		188806	165098	175070	
0.2816	0.3312		3559	3200	2508		219146	217565	200211	
0.4066	0.6289		4172	3593	3655		186663	152579	160154	
0.2469	0.5972		3127	2947	3348		171629	156673	192015	
0.3586	0.8965		5197	5264	4038		216013	217658	201393	
0.3026	0.2552		2362	2373	2293		164765	160644	164598	
0.2068	0.2041		2674	1967	1897		200761	158117	158217	
0.0953	0.4455		2279	2376	2196		153504	156068	152154	
0.1917	0.1263		1852	1946	1837		154515	155362	153194	
0.9067	0.3373		3698	3762	4201		158196	158597	161088	
0.7746	0.4898		3802	3705	3683		166666	165809	168673	
0.1778	0.9566		3179	3227	3213		182302	176283	164489	
0.1803	0.8159		3149	3099	3040		152466	152583	152762	
0.7679	0.3505		3486	3549	3399		164738	161289	160370	
0.2286	0.8134		5266	4090	3965		290719	232678	229066	
0.1702	0.4333		2335	2247	2373		166449	163065	164176	
0.9965	0.9289		6100	6079	6055		163928	164800	162918	
0.1971	0.7597		3170	3273	3002		159574	159258	161225	
0.9985	0.1948		3485	3510	3362		151090	151391	148149	
0.6749	0.3657		3217	3413	3398		159789	159765	162179	
0.6669	0.1949		3179	2832	2793		163421	152434	149955	
0.4876	0.7335		4045	3628	3877		171742	170214	166703	
0.3444	0.7542		3541	3582	3491		154174	154500	151894	
0.2671	0.8615		3315	3396	3569		161915	160820	156454	
0.1035	0.1737		1961	1972	1762		151510	152193	162179	
0.9794	0.4162		4333	4267	4249		157999	158429	167710	
0.8721	0.9207		5867	5690	5498		153431	152335	156117	
0.4351	0.6635		3405	4033	3407		158854	156105	152204	
0.4379	0.7818		4013	3795	3787		166871	170928	170143	
0.9587	0.0623		2699	3272	3117		155255	167465	175636	
0.9106	0.5772		6327	6613	6328		232886	244901	265388	
0.3148	0.6796		4044	4406	3902		214621	210990	205407	
0.523	0.2545		3238	3402	3211		171187	211039	214620	
0.2862	0.5355		3351	3773	2868		186331	201404	162206	
0.4598	0.3687		2787	2849	2753		148107	150144	149908	
0.8891	0.8058		5250	5445	5329		159288	158707	159780	
0.7764	0.6633		4429	4535	4508		157610	157444	156717	
0.2285	0.629		3363	3903	3223		182166	212834	189810	
0.3276	0.312		2858	2484	2667		182486	162849	170470	
0.6545	0.9304		5134	5032	4948		179569	191557	181462	
0.233	0.6755		2924	3689	3696		170702	191478	219261	
0.1358	0.9439		3147	3639	3137		155672	174168	185982	
0.9668	0.1436		3371	3411	3513		155363	155589	157486	
0.6245	0.4036		3223	3224	3223		159525	158324	161398	
0.3023	0.8641		3396	3406	3429		159518	157615	155852	
0.6732	0.8342		4875	4584	4635		188059	196688	163004	
0.9619	0.6768		5036	5082	5048		155175	158881	155672	
0.1158	0.8617		2890	2871	2799		166121	164533	162230	
0.4377	0.6601		3787	3724	3892		177093	207468	175082	
0.7339	0.2119		2842	3179	2990		162243	164201	166055	
0.7873	0.3428		3365	3408	3551		158978	159228	159002	
0.6923	0.6908		4293	4389	4967		152326	160470	168520	
0.4954	0.3841		4331	3091	3552		215581	195619	159826	
0.9296	0.0705		4481	3891	4043		255615	201278	228142	
0.8659	0.7267		4931	4829	4766		171276	159608	164380	
0.2711	0.7448		3078	3896	3058		159306	195718	162310	
0.9227	0.5116		4658	4580	4488		148584	149968	151357	
0.2404	0.8803		3368	3427	3402		172525	168090	164483	
0.5819	0.7398		3957	3960	3981		156618	155119	161160	
0.1197	0.9177		3031	2916	3455		160216	160910	161523	
0.517	0.7601		4152	4162	4028		160353	164991	159868	
0.5642	0.4197		3223	4083	3230		160835	196641	157441	
0.8928	0.3832		4366	4021	3995		192288	200865	167525	
0.5425	0.4651		4228	3946	3882		227922	234392	236611	
0.7936	0.279		3514	4433	3433		174345	221047	177920	
0.1044	0.6624		3270	3479	3624		191013	211478	214352	
0.517	0.7576		4183	3948	3983		162779	159586	187095	
0.9401	0.278		3713	3888	4268		168360	177430	203320	
0.504	0.7905		4105	4307	4325		157979	159730	157623	
0.7138	0.1523		2772	2848	3033		161318	154593	160191	
0.7079	0.053		3746	3024	3455		226113	232383	189432	
0.8099	0.5546		4647	4140	4300		167925	163241	160657	
0.8683	0.0598		2736	2643	2857		156954	162811	157473	
0.8915	0.4939		4098	4343	4059		157085	160437	159913	
0.241	0.9028		4486	3847	4310		207650	175187	186965	
0.2276	0.5096		2957	2790	2587		159566	152059	152689	
0.8338	0.6379		4993	4739	5031		157671	150870	158378	
0.9761	0.0991		3305	3486	3013		162615	161476	141264	
0.9993	0.2857		3859	3985	3955		155834	156729	156793	
0.7678	0.337		3526	3534	3401		157345	160469	193017	
0.094	0.9831		2946	3141	2988		160870	161057	164282	
0.8341	0.2079		3158	3091	3394		154871	154770	156282	
0.197	0.6292		2755	2837	2745		153113	151738	153681	
0.3801	0.3692		2802	2722	2636		152297	154048	152598	
0.7136	0.7225		4706	4316	4857		161259	160329	165466	
0.8859	0.2646		3647	3827	3578		159407	161784	165538	
0.9399	0.9518		6070	6781	5846		164526	177447	165444	
0.8808	0.4127		3973	3915	3953		162156	167722	160712	
0.4068	0.6432		3416	3396	3365		161732	163649	163604	
0.8842	0.1293		4421	3269	3496		164654	155496	171889	
0.2208	0.6954		3672	2876	2916		160912	149669	150703	
0.4645	0.4501		4135	3428	3683		219676	185412	188693	
0.4921	0.9979		4510	4372	4266		166819	180178	162613	
0.8015	0.0836		2623	3279	2844		159544	163215	164537	
0.6416	0.7569		4388	4720	4565		160874	167169	172176	
0.5094	0.5751		4756	4868	3569		230348	233165	198666	
0.2874	0.9183		4331	3706	3977		196347	184146	192064	
0.1145	0.1933		2099	2276	2093		167734	174520	187794	
0.9778	0.7371		6002	6489	6216		193492	231927	231043	
0.3956	0.4029		2690	2844	2694		155437	155289	160019	
0.6139	0.8876		4669	4806	4686		164787	167415	164706	
0.516	0.9737		4447	4407	4628		151907	151931	152343	
0.4673	0.3331		2716	2844	2796		153878	154369	154568	
0.3783	0.392		2720	2834	2717		159657	158996	161373	
0.5692	0.1721		2579	2975	2607		156216	156298	156880	
0.1655	0.8088		3045	3242	2899		156065	164935	193433	
0.2071	0.5202		2634	2657	2769		157486	157486	161126	
0.8995	0.3536		3713	3695	4030		154421	153964	170911	
0.4576	0.8759		4280	4840	4925		159428	180749	216011	
0.5887	0.476		3575	3420	3272		153562	151663	163431	
0.7397	0.2394		2969	3253	3756		159414	164889	165378	
0.4716	0.376		3082	3457	2980		163111	181690	165634	
0.0519	0.6992		2398	2385	2512		155932	156073	162934	
0.6878	0.3718		3286	3384	3264		161176	159757	159418	
0.5223	0.3304		2949	2856	2882		162211	159829	163846	
0.5634	0.0562		2207	3080	2842		156359	187816	212522	
0.2668	0.3881		2471	2572	2450		152093	152647	153416	
0.3206	0.1433		2492	2591	2497		182087	187034	183706	
0.4137	0.6654		4329	5094	4069		218006	218943	202419	
0.6855	0.4838		3486	3561	3482		160535	154394	155250	
0.9318	0.6588		4905	4917	5158		156671	160989	159419	
0.6426	0.1175		2591	2724	2469		161738	161607	160635	
0.1829	0.1342		1929	1926	1837		149674	150419	151624	
0.6236	0.5032		3698	4100	3631		164552	169159	162249	
0.2725	0.216		2132	2134	2048		166057	161904	162903	
0.2807	0.3477		2385	2489	2370		155010	154198	155473	
0.1568	0.3639		2107	2250	2145		162034	164734	163914	
0.2843	0.2762		2319	2267	2423		158544	158574	158547	
0.6445	0.4704		3462	3402	3520		158192	164623	158640	
0.6725	0.8233		4500	4791	4562		155381	154299	159885	
0.2715	0.1158		2042	1978	2132		156709	153821	159087	
0.6964	0.8765		4959	4943	5404		153438	160094	164182	
0.8854	0.3189		3633	3993	3640		164998	170404	171405	
0.2174	0.8992		3202	3387	3526		159004	150583	150996	
0.569	0.9124		4612	5113	4540		155624	158432	163771	
0.2179	0.7183		2829	2978	2796		169022	168669	154863	
0.6506	0.7984		5709	4410	5393		189662	155247	165547	
0.5035	0.5241		3335	3616	3365		158432	163134	160549	
0.453	0.0912		2207	2289	2229		157500	158507	158387	
0.347	0.2497		3219	2819	2957		205807	208065	199006	
0.8907	0.9459		5788	5837	5750		158758	158643	161601	
0.5581	0.5393		3765	3457	4421		160815	163661	181907	
0.2542	0.9138		3433	3477	3462		158313	156680	157395	
0.3584	0.9755		3922	4187	3982		150174	161482	154137	
0.1815	0.6099		2533	2672	2594		160836	155178	155244	
0.5956	0.4475		3344	3693	3428		152406	153695	154268	
0.4199	0.8341		3771	3905	3892		158666	161378	162536	
0.9156	0.3523		3910	3883	3862		169674	185395	200825	
0.5002	0.1666		2473	2443	2521		157526	157675	159022	
0.7942	0.0702		2622	2974	2969		155986	150320	153085	
0.3536	0.8434		3958	4039	4440		188065	190213	212980	
0.6387	0.7088		4214	5526	4138		152581	193977	166158	
0.4002	0.2264		2317	2755	2423		146623	171138	157422	
0.3289	0.3438		2537	2522	2486		148876	150289	144983	
0.6064	0.1977		2679	2837	2708		158288	158736	164862	
0.7512	0.0517		2851	3261	3303		176687	180173	185483	
0.9474	0.869		5703	5719	6351		156564	158350	167001	
0.9876	0.9508		6398	6025	6096		163339	161370	163609	
0.7245	0.9974		5243	5188	5489		162696	157617	162090	
0.2787	0.9783		4151	3475	3515		159278	163631	157203	
0.4341	0.0974		2102	2137	2432		164207	166065	159006	
0.0616	0.667		2321	2369	2442		168659	160227	162671	
0.755	0.6849		4547	4670	4452		166392	156496	161036	
0.8867	0.2677		3550	3525	3676		168500	156750	158165	
0.5378	0.7051		3897	3833	3840		170571	159095	159338	
0.9349	0.4187		4118	5875	4320		166699	213669	176531	
0.1777	0.8861		3888	3861	3168		218140	209481	161380	
0.7296	0.9872		5120	5285	5325		160481	160738	166313	
0.8331	0.1618		3033	3924	4647		170878	194675	226958	
0.6026	0.3678		3075	3100	3184		152299	153638	154025	
0.1371	0.5906		2482	2490	3342		215414	173009	219281	
0.2294	0.2148		2017	2397	2221		180741	182887	174595	
0.2954	0.6517		3063	3008	3723		164303	163993	204152	
0.9246	0.0535		2700	2673	2675		157195	158420	157580	
0.5663	0.6016		4190	3799	3652		157728	152040	151961	
0.2789	0.7781		3184	3266	3251		161777	174402	159462	
0.4899	0.8374		3921	4044	4100		157332	157300	160809	
0.5242	0.2666		2757	2926	2747		168703	173440	166672	
0.2442	0.3131		2321	2615	2342		157844	162586	159566	
0.4	0.177		3112	3334	3026		209333	226236	207651	
0.7235	0.2804		3276	3325	3451		152919	154401	159123	
0.1721	0.6906		2875	2906	2758		159763	165466	164208	
0.9309	0.2836		4792	3822	3670		187448	159265	161742	
0.5837	0.6322		3917	4160	5032		171243	191118	230736	
0.5031	0.5102		3456	3511	3443		154509	155651	165987	
0.3149	0.4241		2676	2691	2723		164234	161943	170509	
0.4704	0.5704		3349	3506	3402		149331	157659	158312	
0.3753	0.1346		2177	2344	2200		161130	164961	155015	
0.0546	0.8459		2627	2741	2582		162503	158805	171722	
0.8944	0.0663		2865	2878	2859		160417	170081	159352	
0.6745	0.4074		3425	3575	3578		168499	161078	161403	
0.609	0.9534		4990	4680	4719		162983	155510	155802	
0.6297	0.4255		3353	3494	3616		162150	178258	167144	
0.9801	0.5378		4679	4783	4785		161955	162971	161200	
0.3822	0.5057		3033	3067	3127		160892	165045	167977	
0.6349	0.7643		4386	4355	4404		164091	157875	162329	
0.7697	0.1869		3074	3110	2925		156757	152167	153925	
0.5858	0.5387		3671	3825	3651		162558	161208	164190	
0.9842	0.4013		4127	4261	4410		154713	161625	160514	
0.4046	0.8748		3749	3953	3694		161298	158358	157478	
0.3881	0.2456		2336	2811	2546		162055	169038	182804	
0.3614	0.2205		2254	2403	2275		161529	167101	164330	
0.913	0.7343		5278	4970	5030		180191	162398	162786	
0.4276	0.7122		3553	4060	3472		165532	162323	159786	
0.5272	0.5214		3474	3457	3783		150980	155121	172150	
0.4364	0.953		3925	4117	4028		161185	171571	164147	
0.2349	0.0669		1890	1801	2012		166701	167572	162351	
0.9252	0.4164		4256	4567	4359		157465	163189	162944	
0.8366	0.4249		3885	4002	3931		166243	161814	159763	
0.1293	0.2816		2045	2046	2042		165372	171034	162037	
0.7731	0.3438		3359	3430	3565		160324	157007	161931	
0.4415	0.3465		2756	2925	3164		161434	160736	183119	
0.1284	0.1077		1680	1665	1676		156790	159785	160638	
0.3758	0.7678		3605	3744	3661		173644	165805	167963	
0.2231	0.5498		2854	3849	4030		169156	193986	229923	
0.6001	0.1026		2630	3320	3143		166741	221785	221683	
0.1527	0.2459		2110	2078	1856		157294	163570	154640	
0.3907	0.9519		3960	4443	4098		159161	165957	159923	
0.8807	0.9522		5864	5732	5900		154123	155478	161708	
0.6005	0.3871		4189	4147	4285		226304	224804	228783	
0.7497	0.1363		2832	3087	3482		157988	163215	177696	
0.3207	0.7522		3357	3403	3639		161541	160558	175398	
0.965	0.5825		4719	4698	4690		187133	164095	163212	
0.2637	0.6199		2930	2957	3036		159785	151212	155870	
0.9338	0.8966		5755	5725	6007		156225	163401	165703	
0.5097	0.8015		4387	5125	4050		167407	200335	160551	
0.9761	0.3389		3866	3945	3854		162422	162977	162638	
0.9615	0.3807		4860	4247	5893		189438	177692	223057	
0.2037	0.866		3223	3209	3098		158414	160204	166391	
0.1765	0.1416		2048	1862	2040		168872	181804	167336	
0.1601	0.7025		2779	2766	2795		162771	165382	166547	
0.4439	0.4757		3022	3902	3808		154947	187453	227611	
0.3622	0.9013		3964	4701	3761		184446	178114	158250	
0.7649	0.4031		3670	3800	3795		155223	155752	155326	
0.3182	0.2108		2169	2382	2274		165020	164679	175281	
0.763	0.1769		2923	3117	2934		155249	155512	158920	
0.7971	0.477		5109	5264	5174		227002	253160	267698	
0.7094	0.5885		4138	6058	4521		207663	244427	208496	
0.7497	0.5874		4177	4062	4041		199495	167508	171112	
0.5629	0.3316		2963	2967	3889		166557	165593	212439	
0.6111	0.7845		5271	4786	4390		219946	202033	165031	
0.2224	0.5511		2674	2667	3499		159998	160718	204695	
0.15	0.1779		1945	1804	1966		202306	166173	171606	
0.6707	0.7907		4465	4559	4840		163613	168541	194361	
0.8518	0.329		3644	3582	3620		162568	158382	159306	
0.2027	0.0725		1761	2192	1828		200253	195903	178529	
0.1185	0.4497		2420	2937	3894		207054	228625	264513	
0.7238	0.1229		3421	3145	3790		215500	212523	216595	
0.2946	0.8702		4243	4153	4471		233870	225840	228359	
0.0973	0.5913		3478	3270	3164		230434	226303	235155	
0.1245	0.9757		4806	5563	7645		272104	251356	329374	
0.8659	0.0948		4038	4270	3684		261210	252078	220528	
0.3336	0.3618		3159	2927	2916		185330	185762	187382	
0.5102	0.0628		3631	3772	2581		253968	237174	221445	
0.7043	0.6457		5537	9877	5675		224847	234575	276413	
0.6444	0.2314		3761	3877	5086		211043	216645	272520	
0.2325	0.1664		1989	2258	2672		168972	152671	158901	
0.303	0.0552		1918	1965	1837		176586	170425	171713	
0.0555	0.5592		2253	2213	2529		162489	165261	183646	
0.0923	0.6346		2605	2403	2343		162821	158261	160570	
0.4884	0.0859		2233	2159	2119		174798	171520	161475	
0.6523	0.463		3447	3399	3407		159771	159038	162145	
0.5649	0.3945		3165	3190	3254		161697	161446	164678	
0.6743	0.6691		4302	4115	4127		176697	178237	166931	
0.7934	0.8652		5045	5070	5272		155261	172191	177929	
0.3153	0.727		4656	3788	3676		195954	183643	177440	
0.5702	0.8419		4903	6024	4269		167678	190529	159546	
0.3542	0.9681		4861	5395	5226		250139	224174	231553	
0.2039	0.1362		2030	2882	3294		217801	234881	264019	
0.4274	0.7499		4673	5219	4398		214372	243127	216992	
0.6496	0.1811		4151	4085	3030		214144	216969	220594	
0.5134	0.4519		3875	4386	5009		214168	211827	231637	
0.5311	0.0619		2988	2117	2166		209302	205205	188938	
0.5383	0.8302		4198	4371	4317		168616	172285	170314	
0.3313	0.2413		2228	2685	2840		162771	193443	220176	
0.984	0.9208		5985	5992	6099		162451	163342	164448	
0.2106	0.5597		2590	2851	2597		153466	155445	156780	
0.6193	0.346		4717	4250	3555		212642	186751	188142	
0.3125	0.3313		2441	2319	2323		157299	157024	159669	
0.3246	0.9735		3878	3688	3715		158662	158842	157354	
0.1037	0.2057		1915	1915	1830		149691	150207	150880	
0.2982	0.1146		1961	1912	2284		170392	162050	167911	
0.8656	0.1583		3664	3529	3536		189039	194362	191858	
0.4794	0.317		2765	2936	2921		161483	161268	171480	
0.4172	0.9588		4019	3984	4044		150241	150763	153965	
0.9961	0.7682		5470	5494	5591		151788	151557	153324	
0.1307	0.9935		3198	3151	3080		162075	162264	164229	
0.7179	0.2952		3282	3300	3208		159671	160740	163138	
0.7296	0.4719		3793	3766	3701		161676	157313	169969	
0.4979	0.2086		2479	2506	2451		154125	154437	156452	
0.3012	0.4776		2610	2719	3127		155459	156860	181417	
0.3517	0.3164		2542	2666	3013		158820	159238	165591	
0.3166	0.5929		3362	3057	2922		151147	149233	153840	
0.4553	0.7083		3538	3760	3571		152316	158393	160472	
0.0784	0.4114		2084	2159	2096		156797	157520	159069	
0.1007	0.3137		2046	1999	2013		166728	165052	168950	
0.548	0.6859		3824	3957	3792		158028	147562	146842	
0.2811	0.3155		2447	2301	2718		166288	153630	159146	
0.261	0.1658		2048	2096	2245		162583	157042	161520	
0.3307	0.758		3384	3472	3634		163038	156106	159394	
0.4097	0.1159		2234	2209	2130		160750	155670	157508	
0.8837	0.5351		4472	4586	4458		169057	164177	166173	
0.8383	0.1831		3109	3006	3227		161126	163311	156923	
0.9464	0.3163		3794	3781	4074		168209	166543	163477	
0.7691	0.7732		4766	4741	4912		172463	165475	167857	
0.3512	0.9844		3872	3974	3890		156457	150810	152320	
0.8443	0.1953		3131	3593	3153		155471	158486	152749	
0.8407	0.3497		3702	3581	3569		160296	157210	154718	
0.8131	0.8413		5038	5143	5071		167938	165619	165259	
0.5547	0.7329		3894	4004	3923		167384	161787	168915	
0.7092	0.7643		4736	4866	4782		173002	169335	191893	
0.2162	0.9049		3230	3138	3853		172319	178166	199993	
0.2141	0.9834		3399	3349	3835		162740	163175	169922	
0.4012	0.4553		3073	2817	2848		168026	166175	170594	
0.6161	0.2587		3697	3422	3073		225254	202883	197004	
0.9579	0.5997		6001	5152	5189		194872	184517	188544	
0.9658	0.4356		4532	4415	5647		167099	177536	201138	
0.8693	0.0833		2737	2792	3079		154486	182094	180443	
0.6708	0.86		5516	4719	4710		165816	167342	187493	
0.4741	0.9978		4426	4401	4291		172511	169746	177671	
0.185	0.7698		2913	3155	3157		158930	163267	160126	
0.144	0.5687		2469	2449	2472		160638	157913	165145	
0.6051	0.3586		3192	3539	3070		167481	172102	173166	
0.0839	0.9872		2956	2919	3021		151080	161968	157871	
0.0705	0.4115		2148	2374	2157		160050	168812	161320	
0.6033	0.3842		3379	3233	3240		177791	160384	186952	
0.5633	0.4794		3299	3284	3302		165530	153234	151528	
0.5858	0.5342		4431	5672	4145		222744	247451	207293	
0.7226	0.3373		3259	3413	3320		163612	183465	180603	
0.642	0.5549		5267	4704	3754		217588	217763	186205	
0.5987	0.9173		5613	5570	5602		216617	226860	212582	
0.7791	0.623		4134	4208	4333		164234	163418	161424	
0.4907	0.8866		5442	5090	5165		226562	225355	220666	
0.8318	0.3429		3534	4106	3533		160788	163230	165874	
0.9	0.1153		4073	4208	4461		212268	213091	213501	
0.8291	0.8747		5266	5201	6628		168830	160679	215671	
0.5872	0.9864		5129	4882	4622		180344	189099	181999	
0.691	0.1173		2605	2540	2648		173428	164944	181713	
0.4514	0.175		3031	2740	2384		163598	165342	161506	
0.7259	0.6912		5876	5217	5628		213531	217275	208939	
0.7218	0.3408		3857	3992	4274		161167	204370	211483	
0.8336	0.9473		6857	7338	6685		219990	249266	220191	
0.5156	0.937		4431	4362	4300		162102	171235	161600	
0.2977	0.8152		3368	3918	3336		166710	167294	163479	
0.1653	0.5837		3276	3968	3525		226610	219781	225672	
0.5307	0.3709		3227	3291	2965		175739	171980	176332	
0.341	0.2962		2421	3170	3358		173113	207230	225554	
0.9691	0.7861		5588	5951	7198		168308	183409	238136	
0.611	0.6572		5178	4933	5236		221112	224303	229805	
0.4336	0.8229		3810	3781	4328		183987	165237	165470	
0.2918	0.9014		3750	4095	3532		166005	167624	174765	
0.3374	0.2653		3330	2463	2407		237504	177761	167188	
0.1427	0.7557		2898	2835	2762		156386	156633	155773	
0.6552	0.1158		3464	3188	2493		167229	166282	163355	
0.2124	0.3044		2222	2387	2173		176621	153845	149694	
0.1255	0.312		2140	2039	2578		164402	168416	182278	
0.3317	0.7359		4876	4163	3348		238534	218766	171603	
0.5071	0.6057		4348	18198	4794		216874	273766	232889	
0.396	0.1857		2855	2711	2288		213267	175548	164484	
0.1627	0.0603		1779	1841	1629		160266	166554	160932	
0.1039	0.3475		2237	2094	2348		166501	169289	174905	
0.4433	0.5127		3528	3371	3332		166998	166783	168069	
0.4209	0.2988		2730	2810	3153		156903	158964	159428	
0.6942	0.63		4223	4208	4234		161021	161789	161074	
0.632	0.1391		2671	2750	2791		171746	173022	171916	
0.7565	0.9823		6384	6646	6913		222883	232218	248945	
0.1394	0.5832		2697	3351	3458		211220	194917	224586	
0.3553	0.0917		3022	2624	2024		217709	208996	158810	
0.1017	0.9804		3206	4454	3998		172503	212537	226849	
0.1674	0.4335		3308	2583	2405		227842	203748	190170	
0.8593	0.6512		7890	6382	5737		243512	235672	226916	
0.2969	0.7751		4210	3967	3230		217560	201396	161252	
0.7551	0.4709		5233	4891	5486		250163	230637	236077	
0.2917	0.5659		2947	2976	2890		167564	165129	168605	
0.9236	0.1857		4351	4394	4467		193424	216720	218031	
0.091	0.5405		2935	2438	3109		210529	217487	226557	
0.4323	0.3043		3974	3282	3712		222160	222306	228498	
0.6087	0.8989		4666	5764	5412		170966	186429	214202	
0.7225	0.1211		2735	2696	2590		161851	180393	167993	
0.908	0.7076		5036	5093	5073		162361	166888	164214	
0.5021	0.2911		2934	2911	3489		162455	157371	160934	
0.2727	0.7987		3501	3306	3190		173785	172223	170282	
0.8221	0.6934		4845	4933	4850		156861	153546	161618	
0.2536	0.4276		2479	2684	2495		151551	159521	150850	
0.6933	0.6954		4270	4376	4287		161961	163103	167035	
0.9179	0.7854		6043	6827	6600		199865	224350	218705	
0.841	0.5165		5688	4397	4237		211248	162355	159653	
0.2616	0.521		2707	2718	2943		154368	154272	156402	
0.1582	0.6445		2661	2622	3103		157396	166579	173144	
0.6991	0.8974		4950	4916	5395		152396	162219	158339	
0.3006	0.9256		3964	3946	3621		196318	193156	172169	
0.6908	0.4192		3541	3568	4790		183216	164131	196269	
0.9134	0.5305		4731	4575	4545		161393	162412	162128	
0.9921	0.5991		4880	4750	5088		187824	154312	168029	
0.4263	0.3045		2664	2862	2643		155254	166381	170369	
0.0536	0.8549		2576	2695	2629		159330	157138	162514	
0.2901	0.74		3238	3103	3890		159555	159913	176803	
0.3211	0.077		1932	2008	2389		155941	155188	172081	
0.4921	0.0684		2286	2149	2163		162422	156809	164261	
0.0928	0.1135		3356	2913	1576		224957	221244	169382	
0.1466	0.6705		2601	2631	2600		162529	170597	171364	
0.7325	0.8504		4872	4794	6422		165431	166144	226212	
0.3646	0.6552		3217	3208	3315		163725	163812	161815	
0.2967	0.5976		3206	3173	2922		217832	185954	177283	
0.6182	0.3576		3178	3141	3055		155906	153331	148602	
0.9157	0.5236		4672	4665	4805		171613	176649	169212	
0.5992	0.3476		3133	3471	3754		166557	202514	168376	
0.3841	0.908		4005	4209	3862		161632	163672	165695	
0.0546	0.4542		2606	3371	2680		173637	223259	225190	
0.8136	0.2169		3123	3906	3275		162212	173327	165075	
0.9016	0.9265		5679	5701	5871		155150	160264	161670	
0.4501	0.2839		3099	3313	2685		175253	175473	152634	
0.3795	0.1934		2462	2673	2316		194248	169598	158370	
0.0887	0.994		2905	2879	3043		157417	152287	160140	
0.7299	0.0998		2772	3683	2602		151675	173899	148905	
0.3255	0.3167		2459	2423	2437		156778	159260	158783	
0.9426	0.8053		5498	5701	5658		164300	158011	162135	
0.9341	0.562		4667	4525	4663		174827	166690	167273	
0.6201	0.3128		3393	3027	3139		170581	165973	162430	
0.2627	0.4287		2596	2861	2524		173933	165563	165716	
0.8645	0.2728		3927	4552	4063		187287	189415	182308	
0.3403	0.0541		1903	1985	1858		170008	165565	164946	
0.4618	0.6538		3493	3546	3480		158402	158050	154222	
0.538	0.6003		3566	3694	3594		165018	164287	157513	
0.8371	0.8785		5478	5388	6024		159084	153647	158516	
0.4325	0.798		3810	3860	3737		165953	163257	161600	
0.1159	0.1894		1838	1956	1948		165021	159550	159574	
0.8974	0.5566		4496	4467	4496		168385	162963	162780	
0.3871	0.4589		2887	2840	2901		169232	160505	161932	
0.0581	0.7717		2549	2532	2546		162821	155452	157567	
0.2178	0.8969		3380	3234	3282		169538	161943	161666	
0.3722	0.863		3730	3577	3597		170381	163455	163217	
0.0595	0.6642		2346	2441	2386		165683	159673	160615	
0.3603	0.8134		3536	3793	3561		169605	169382	168437	
0.9633	0.5247		4594	4606	4603		161353	157603	157934	
0.7769	0.1688		2894	3002	3108		159490	155447	154460	
0.3329	0.8926		4053	4280	4082		186252	181460	182536	
0.881	0.9292		5665	5804	5684		162301	159609	161676	
0.6371	0.2684		2993	3003	3051		175128	170539	171732	
0.1961	0.2288		2019	2107	2008		168471	163274	165180	
0.7494	0.4855		3644	3651	3634		164649	160776	160861	
0.102	0.8899		3356	2942	2881		175623	168368	167747	
0.1464	0.8301		3027	2955	2874		162465	156364	156590	
0.2631	0.8995		3823	3914	3865		194091	188755	190654	
0.954	0.2708		3984	3687	3845		175040	172092	171314	
0.8161	0.8042		5087	5054	5101		158579	154019	153518	
0.9427	0.5896		4651	4682	4656		163913	158045	157615	
0.4612	0.9439		4096	4132	4153		161181	154568	156035	
0.0785	0.1305		1677	1673	1648		170217	164319	164713	
0.8693	0.7639		5092	5077	5093		168079	162993	164563	
0.3453	0.5252		3023	3015	2980		165194	161018	159681	
0.2338	0.7354		2948	2926	3076		162557	157909	173964	
0.0585	0.0587		1437	1537	1458		172943	172724	165605	
0.1621	0.273		2296	2107	2029		163212	157036	154908	
0.2319	0.9554		3345	3449	3401		163938	159505	159704	
0.907	0.1845		4672	5859	3476		209634	266100	199664	
0.9696	0.8157		6048	5667	5746		171787	169247	165204	
0.9291	0.4141		7110	5247	4832		221965	199775	168125	
0.4941	0.959		4325	4201	5308		203539	162679	195824	
0.7904	0.8726		5473	6286	5059		178785	193410	149511	
0.187	0.0759		1992	1658	1716		196696	165047	166379	
0.4548	0.1968		2481	2440	2856		160024	160655	185397	
0.7533	0.4393		3758	3916	3808		160279	160574	161749	
0.2951	0.5586		2886	2793	2888		157394	157545	157086	
0.458	0.8482		4016	4451	4998		178364	227062	224759	
0.9535	0.8477		6780	7581	7085		221207	264123	254036	
0.8055	0.5264		4228	6273	4137		167491	223744	201529	
0.0736	0.2461		1782	1935	3576		191886	167053	232998	
0.926	0.0627		3795	2785	3931		165222	165287	216196	
0.4673	0.9963		4934	4256	5239		199145	162755	170361	
0.6576	0.4498		3722	3594	3817		161075	165087	167073	
0.6291	0.5548		3743	3745	3779		157067	158867	163103	
0.7421	0.5242		4015	3949	3975		155830	158472	157773	
0.7793	0.1011		2779	2822	2756		170867	167444	194645	
0.7524	0.2261		3076	3255	3008		173159	195501	163558	
0.3943	0.8688		3943	4406	4201		204137	207717	199233	
0.752	0.3418		3722	3453	4350		227673	194113	174077	
0.454	0.7376		3594	3609	3593		164942	165693	163693	
0.8651	0.7164		4877	4810	4796		154216	155035	156982	
0.1369	0.1029		1782	1727	2427		160346	164385	196710	
0.9936	0.8644		5685	5693	6024		156824	152348	153782	
0.7559	0.6054		4330	4205	4275		163681	158963	160861	
0.195	0.8678		3719	3746	3500		186650	183537	182862	
0.4452	0.9811		4339	4257	4199		160269	155096	153994	
0.3119	0.1575		2100	2072	2057		157682	149297	149274	
0.6507	0.8038		4467	4563	4403		171237	167469	165221	
0.6545	0.0556		2276	2448	2255		163195	158784	158305	
0.2917	0.3551		2427	2644	2491		169102	165120	165715	
0.246	0.2454		3007	2745	3611		208876	217157	245608	
0.9258	0.7396		5045	5009	5136		159656	162429	171646	
0.6654	0.2779		3128	3422	3063		159902	179447	171024	
0.158	0.7289		3182	2798	2792		169030	164346	159217	
0.8108	0.2727		3325	4201	4429		175405	231692	231501	
0.5766	0.5855		4295	4347	4763		228666	226592	227122	
0.6084	0.8999		5881	5461	6501		232231	231860	252679	
0.1339	0.0958		2309	1884	2963		231701	230203	200313	
0.9743	0.4312		5101	4841	4794		231096	205087	190450	
0.6975	0.7831		5587	6391	5419		231988	230323	223814	
0.7953	0.8035		5076	4938	5106		163132	161756	160625	
0.7204	0.5638		4208	4083	4777		164980	163526	203575	
0.9067	0.5701		5621	5846	4903		228084	224723	171713	
0.9886	0.5268		4798	4817	5677		159623	160496	165086	
0.2197	0.6647		2854	2940	3007		162382	164689	167474	
0.3021	0.6779		4183	3046	3019		212611	162080	170700	
0.8479	0.9517		6813	6728	7103		222768	223445	226184	
0.115	0.4267		3069	2511	3155		172890	209367	206137	
0.0869	0.9528		2879	2825	2807		159564	161975	162517	
0.0693	0.5798		2282	2398	2296		162070	165640	165396	
0.3261	0.9391		3680	3747	3755		170256	167314	184056	
0.2171	0.4236		3185	3060	2540		220062	232794	226181	
0.9522	0.6558		5020	5011	4974		172151	169749	171755	
0.2542	0.5642		3184	2858	3710		187285	189084	270153	
0.5708	0.474		3285	3540	3545		166033	171290	164787	
0.3102	0.2041		2143	2107	2120		168847	181497	173914	
0.8783	0.4496		4047	4354	5347		155012	177573	210981	
0.4438	0.8744		3941	4183	4543		156460	157901	160100	
0.0879	0.7739		2559	2756	2581		172919	172327	169726	
0.6818	0.6003		4211	3995	3979		163036	158260	169820	
0.3307	0.694		3484	3205	3240		167232	163296	166039	
0.0524	0.5978		2408	2660	2360		206222	175573	167495	
0.9253	0.6544		5446	6244	5187		174886	194564	230688	
0.1445	0.5705		3714	3673	4050		249119	251235	244331	
0.5499	0.8461		5760	5769	5340		236142	226503	224039	
0.5658	0.6928		4523	3926	4626		175393	166793	169862	
0.6394	0.9715		5228	4839	5238		169268	162988	168067	
0.1033	0.6562		2469	2570	2597		170618	156069	151289	
0.0809	0.1617		1702	1724	1701		176675	161894	172032	
0.9085	0.6875		4890	5053	6237		202773	191110	207796	
0.2428	0.7599		4614	3825	8024		208945	223152	224420	
0.3589	0.3438		2980	3669	3191		214109	214907	210912	
0.5194	0.7075		4982	4346	4914		220965	230133	227681	
0.4212	0.8685		3802	4041	3833		164862	181547	167245	
0.1951	0.7342		2855	2846	3051		160909	155263	160397	
0.333	0.7938		4601	4668	4584		221203	239061	241069	
0.9543	0.0951		4124	3562	4413		228436	218280	209551	
0.8324	0.1745		3120	3411	3090		163056	165108	157329	
0.7173	0.3193		3843	3770	3703		193340	194099	192210	
0.3887	0.4336		3026	2898	2759		160746	173209	168576	
0.758	0.864		6127	6147	6382		226598	220555	220927	
0.5372	0.5969		3743	3573	3626		173811	166854	165812	
0.2643	0.5782		2937	2783	2867		176838	166948	168354	
0.5228	0.9734		4573	4537	4399		165592	159320	158399	
0.1864	0.0772		1837	1720	1702		175751	166898	166329	
0.4855	0.6532		3558	4150	3567		175354	196273	168447	
0.5189	0.8237		4078	4232	4203		179356	173240	168911	
0.6752	0.5969		4064	3995	3907		160658	152338	151179	
0.2168	0.6402		2754	2837	2773		172021	163902	166012	
0.9194	0.5721		5530	5251	4909		201724	197699	168163	
0.6908	0.5799		3998	4343	4004		167346	180122	170411	
0.7028	0.7381		4500	4432	4414		172243	171758	168375	
0.1139	0.6443		4349	2508	2496		220009	166712	158522	
0.3874	0.7107		4029	3915	3939		184062	184667	180759	
0.8181	0.5937		4430	4362	4360		160022	160448	158438	
0.6894	0.9936		5567	5539	5853		221383	194318	196408	
0.5117	0.5088		4058	4931	3348		193805	219489	177948	
0.9427	0.0838		2973	2959	2828		159547	162709	162894	
0.2728	0.3713		2998	2394	2328		208138	161335	162452	
0.3298	0.33		2521	2516	2488		159593	161586	159157	
0.0595	0.8991		3391	2649	3032		167645	166381	166085	
0.2239	0.9669		3929	3467	3396		177539	162940	172041	
0.4495	0.7652		4090	3790	3896		185178	186128	181442	
0.7574	0.3535		3622	3421	4083		182106	187059	187223	
0.3231	0.6262		3347	3422	3520		178011	184497	186136	
0.7095	0.3226		3249	3654	3408		185704	187514	195942	
0.9122	0.506		4609	4492	4555		162120	161859	162673	
0.5	0.1111		2345	2400	2217		150963	151337	149953	
0.8642	0.1323		3240	3045	3076		165764	167097	167193	
0.99	0.2548		3753	3862	3880		151422	154438	152985	
0.9077	0.5733		4799	4564	4617		165330	167454	166038	
0.6812	0.6842		4248	4223	4113		168147	170414	173993	
0.9307	0.3821		4001	4613	4333		155258	165225	196521	
0.5089	0.166		2505	3003	2920		158860	184042	181908	
0.8789	0.5345		4586	4909	4482		163100	170878	173204	
0.2094	0.6472		2807	2965	2830		160508	160051	166080	
0.3137	0.296		2667	2427	2447		165685	162672	167292	
0.989	0.3871		4094	4628	4177		181489	171355	162857	
0.4465	0.496		3100	3094	3850		151725	157918	157831	
0.2737	0.4673		2516	2640	2546		148733	152393	156736	
0.2169	0.869		4639	3951	3077		180054	200309	156951	
0.0556	0.7619		2533	2821	2496		152482	153774	153324	
0.0966	0.31		1977	2074	1967		149511	151603	150752	
0.5556	0.7827		4172	4174	4173		155183	157901	157080	
0.3833	0.2416		2337	2374	2635		151239	152790	152293	
0.99	0.4544		4218	4259	4367		167213	170768	168910	
0.5976	0.4998		3447	3387	3534		162953	163204	165193	
0.1031	0.2155		1813	1789	1798		154910	157639	157937	
0.9183	0.8222		5545	5535	5436		166645	168877	168040	
0.1539	0.3357		2521	2573	2086		202816	229874	171583	
0.0915	0.343		2363	2335	2333		202792	187361	180801	
0.1207	0.4645		2215	2225	2800		155385	156438	173133	
0.9039	0.1968		3158	3165	3190		171402	173680	157909	
0.7369	0.3333		3270	3422	3295		164601	172800	165810	
0.287	0.5884		2958	2936	2899		157595	156845	153648	
0.8342	0.2335		3295	3292	3293		154060	156859	152177	
0.7749	0.9895		5372	5519	5881		150875	153694	177195	
0.3923	0.1229		2090	2263	2082		161966	164057	164578	
0.3413	0.5566		3116	2987	2873		159214	159275	159094	
0.4145	0.8841		3939	3922	3941		157304	158620	160091	
0.8021	0.1385		2945	3025	2912		156579	156959	157430	
0.2895	0.326		2392	2433	2378		163109	163217	162222	
0.7459	0.1329		2874	2948	2830		158202	159672	158938	
0.4705	0.8499		4164	4171	4316		162059	169172	181662	
0.898	0.6486		5316	5004	4794		168476	172101	162324	
0.3945	0.3614		2596	2698	3603		156709	156275	207689	
0.489	0.4152		3036	3102	2988		164432	165820	165661	
0.7389	0.0757		3134	2487	2522		197748	160192	161600	
0.5539	0.0897		2662	2682	2644		183723	182903	181271	
0.0871	0.2027		1819	1890	1765		160708	161525	160659	
0.8342	0.2214		3102	3117	3177		167058	167114	165835	
0.3879	0.2075		2532	2294	2310		160399	162547	160611	
0.2095	0.2932		2097	2080	2157		152623	153774	155289	
0.9721	0.5981		4846	4998	4920		175932	177725	174675	
0.3506	0.3307		2489	2511	2591		163882	165012	165127	
0.4706	0.9458		4668	4753	4652		188931	190340	188657	
0.8162	0.0915		2651	2623	2670		163754	165168	163955	
0.9956	0.2075		3302	3339	3326		163218	162999	162680	
0.1921	0.9681		3685	3875	3711		193897	196015	195895	
0.2915	0.1791		2039	2042	2091		149350	148658	148178	
0.7102	0.4243		3500	3522	3545		158946	159246	160527	
0.1625	0.504		2484	2625	2488		158765	162337	158584	
0.5708	0.8365		4296	4278	4333		163663	166124	164968	
0.7568	0.3236		3512	3403	3391		159285	159384	161193	
0.253	0.6003		2802	2852	2810		155064	156616	155187	
0.0681	0.6025		2325	2319	2335		154406	154032	153913	
0.7702	0.4492		3958	3714	3723		152022	152677	152497	
0.4271	0.5441		3155	3200	3157		161878	162105	162445	
0.7582	0.2312		3113	3115	3025		160429	159482	161020	
0.3703	0.2535		2540	2435	2677		162641	164131	164615	
0.4048	0.8525		3747	3814	3697		165608	166214	164527	
0.6484	0.1014		2491	2564	2458		153450	154465	154930	
0.627	0.2261		2800	2972	2758		156551	156160	157631	
0.2003	0.1069		1811	2002	2017		157338	157964	155983	
0.3571	0.5048		2938	2950	2939		152580	151573	154959	
0.4754	0.623		3408	3489	3631		157905	156576	157156	
0.3565	0.6806		3759	3332	3317		188045	162568	158728	
0.4053	0.6942		3397	3667	3330		162920	161718	161748	
0.1696	0.2856		2124	2085	2109		158358	159124	157647	
0.8273	0.8499		5273	5126	5182		155317	155280	157712	
0.9593	0.6334		4933	5062	5067		143837	147905	146358	
0.8219	0.1356		3050	3199	3166		162083	161813	163825	
0.447	0.823		3877	3901	3926		154617	154756	153284	
0.5683	0.9343		4694	4528	4571		158786	155311	159032	
0.505	0.2779		2781	2810	2788		162519	161155	159904	
0.3041	0.1847		2083	2129	2092		162542	161762	161616	
0.2728	0.984		3967	3941	3991		187366	186497	185591	
0.3592	0.8508		3950	3629	3612		156483	155274	155850	
0.2651	0.2616		2236	2298	2318		153160	153133	161336	
0.9338	0.8348		5499	5427	5489		182425	169555	170312	
0.842	0.1748		3053	3078	3167		168536	169439	167995	
0.6511	0.3938		3779	5395	3762		192382	232450	184682	
0.5631	0.5976		3654	3690	3796		162265	162290	160959	
0.4343	0.901		3950	4267	4011		160791	166384	160613	
0.8001	0.0657		2643	2631	2651		158573	160405	161080	
0.6351	0.2656		3154	3137	3103		164209	163693	166934	
0.155	0.1424		1782	1961	1794		155952	155868	156465	
0.7418	0.7869		4964	4916	4831		165254	167311	163469	
0.2527	0.1209		1883	2016	1907		165623	166493	168320	
0.3291	0.3715		2519	2524	2960		161127	160676	172633	
0.1303	0.7754		2743	3307	3400		168654	188582	187125	
0.8867	0.6043		5389	4631	4681		177870	196181	157081	
0.5374	0.7382		3880	3959	3975		165945	159651	167858	
0.594	0.3713		3058	3242	3071		161959	160887	159955	
0.62	0.2013		2670	2716	2884		154415	153990	153373	
0.3811	0.8189		3630	3647	3687		158359	156757	162884	
0.3383	0.6729		3248	3147	3247		159976	157524	156225	
0.845	0.256		3570	3649	3703		162109	161545	161084	
0.6989	0.6738		4401	4307	5738		157610	157492	188275	
0.7108	0.1613		2869	2964	2844		149452	149517	146887	
0.2927	0.7846		3337	3491	3316		162380	163680	159869	
0.1085	0.8053		3242	3627	2831		185934	222487	165009	
0.82	0.9667		6847	5579	5469		218154	170648	171174	
0.6792	0.421		3630	3518	3726		149859	148517	149691	
0.3348	0.8413		4785	3442	3537		230118	192139	159614	
0.6621	0.6971		4201	4231	4171		172911	170256	169794	
0.7266	0.4682		4479	3852	3773		173624	163513	164372	
0.343	0.1335		2106	2084	4299		203500	177417	195180	
0.5529	0.7664		4264	4736	4557		159812	181443	170015	
0.855	0.7693		5128	5259	5224		161940	171814	162274	
0.5638	0.956		4770	4812	4743		156603	155730	169700	
0.2668	0.7		3110	3161	3036		156208	154486	159062	
0.1525	0.7273		2934	2703	2751		163017	164363	159410	
0.0501	0.4648		2417	2178	2059		176534	164716	165608	
0.8563	0.107		3836	3637	3557		194333	195840	184399	
0.1987	0.9014		3207	3212	3475		170299	169777	171181	
0.4687	0.1283		2321	2356	2343		155427	155417	153028	
0.4758	0.3091		2699	2784	2744		162903	168394	154249	
0.5954	0.2885		3052	3098	3017		158085	160065	159268	
0.2188	0.8286		3234	3161	3418		166946	173189	165404	
0.666	0.4867		4205	4495	4274		227160	206351	214538	
0.5326	0.3214		2973	3054	3193		166338	157600	152659	
0.1282	0.8589		2920	3032	2928		158211	156554	150610	
0.6295	0.2787		3018	3063	3018		167142	163224	160676	
0.6965	0.8785		5020	5333	5052		173316	168187	163226	
0.8441	0.9869		5740	5639	5661		163322	157653	162806	
0.7232	0.8024		4807	4857	4909		157781	154795	153217	
0.4329	0.9625		4238	4232	4315		173604	174261	178723	
0.8244	0.5444		4273	4228	4391		163456	156371	155092	
0.8283	0.0667		2744	2650	2890		168096	161095	160628	
0.7278	0.3027		3380	3281	3188		169839	172540	163365	
0.4628	0.1925		2423	3316	2445		163563	175742	159596	
0.5458	0.3492		3036	2961	3297		160146	152336	155236	
0.8437	0.3949		4016	3781	3790		181902	162310	161395	
0.5151	0.7083		4846	3773	4393		218629	210432	227901	
0.7402	0.1772		2854	3548	4329		167527	183293	222631	
0.9218	0.5055		4569	4544	4466		159606	159809	158552	
0.6275	0.1922		2787	2748	2709		157160	157427	155892	
0.997	0.5953		5261	4934	4845		173146	163497	161516	
0.3823	0.7385		3409	3572	3568		160624	162802	158084	
0.9287	0.5241		4624	4504	4523		155981	157345	155916	
0.7286	0.437		3564	3799	3590		161101	161031	160493	
0.3302	0.466		2778	3431	2682		158397	185428	174302	
0.4328	0.0662		2211	2100	2100		162118	159910	157740	
0.9751	0.1412		3389	3333	3265		155794	153772	151059	
0.2779	0.2604		2294	2201	2350		169055	167971	166590	
0.5145	0.8735		5597	4547	4536		203511	186151	183287	
0.9906	0.0528		3068	2762	2772		166725	162596	163042	
0.0548	0.3797		2124	2071	2019		170576	171705	168773	
0.2004	0.8165		3027	3097	3060		155751	155446	153431	
0.65	0.1861		2727	2744	3032		162125	159243	160970	
0.601	0.9846		4746	4973	4731		160453	162652	162488	
0.8403	0.5659		4718	4725	4751		186850	189287	188567	
0.7613	0.7514		4819	4976	5236		209121	181301	175712	
0.2761	0.1908		2483	2719	2603		182416	183921	182792	
0.7753	0.2088		2934	2946	3006		161688	159457	161236	
0.1882	0.6787		2839	2878	3104		157111	159017	162451	
0.9523	0.8084		5491	5505	5635		181593	165995	165168	
0.9421	0.1679		3322	3409	3297		163699	165000	163348	
0.2218	0.5835		2796	2780	2719		175049	172756	178436	
0.3179	0.7017		3324	3185	3176		162298	164419	161907	
0.9191	0.978		5908	5810	5822		163887	166952	164561	
0.6897	0.1811		2786	2869	2944		156871	157605	155631	
0.8996	0.9537		5817	5724	6051		162589	163731	161154	
0.8784	0.823		5328	5394	5356		161121	161415	162518	
0.0541	0.0785		1541	1918	1576		167290	177214	199965	
0.7812	0.7968		5005	4888	4933		166846	167696	167797	
0.7316	0.7988		4904	4987	4804		171496	174158	180018	
0.1446	0.1968		2361	2282	2401		190015	191112	189767	
0.2332	0.7557		3685	3047	3145		212237	159731	160167	
0.7189	0.2198		2946	2938	3108		160302	160690	160911	
0.0662	0.6053		2452	2465	2348		151614	151349	152808	
0.1536	0.3296		2166	2130	2892		159378	165483	214791	
0.7623	0.5407		4069	4104	4147		164570	163152	163475	
0.2841	0.9877		4836	4672	3987		203974	214761	160585	
0.1934	0.8782		3193	3545	3328		159742	167595	184978	
0.8826	0.9824		5807	5827	5718		159522	154620	151776	
0.5224	0.2538		2785	2776	2788		159750	158055	157102	
0.2646	0.4904		2615	2715	2604		159364	159241	157804	
0.4154	0.7159		3531	3707	3617		161930	163589	160419	
0.4724	0.4127		3088	3176	3127		156965	155662	154271	
0.2311	0.6308		2806	3055	2880		154672	152994	152288	
0.3555	0.7434		3412	3322	3306		165531	166387	164103	
0.3056	0.1613		2087	2079	2110		155911	155739	155113	
0.5433	0.3608		2929	2954	3105		166006	167560	165881	
0.4398	0.3485		2887	3026	2760		169895	169354	167751	
0.7566	0.5682		4175	4178	4289		159442	159022	156667	
0.067	0.1615		1747	1796	1926		158014	158343	157919	
0.1553	0.6671		2933	2584	2646		165789	165583	168945	
0.718	0.1591		2778	2820	2988		157627	158143	156571	
0.6463	0.8404		4455	4644	4576		156370	159114	160307	
0.1517	0.1423		1761	1914	1776		154070	159264	156997	
0.9757	0.4161		4304	4367	4305		160084	157917	156087	
0.7675	0.1516		2850	2886	2901		155104	157396	156607	
0.1575	0.6342		2673	2654	2970		149174	151954	150539	
0.3596	0.3321		2912	3121	2989		176388	177266	180537	
0.1213	0.2436		1808	1941	1841		151457	151930	153413	
0.071	0.5011		2214	2406	2227		161648	163564	165380	
0.7349	0.6659		4365	4700	4616		182382	170953	168802	
0.8216	0.5745		4346	4523	4642		165412	165047	165626	
0.3137	0.927		3686	3995	3910		160759	174242	160886	
0.5706	0.6688		4011	3967	4056		169430	167037	165790	
0.1589	0.3791		2235	2336	2606		162260	160408	162505	
0.6517	0.663		4073	4134	4067		164679	163993	164096	
0.3272	0.16		2282	2751	2211		164180	215546	158284	
0.5847	0.4677		3423	3413	3242		153888	153729	157020	
0.882	0.998		5988	5847	7518		157213	156946	208108	
0.898	0.8611		5385	6702	5402		169539	214339	205920	
0.974	0.3744		3954	5038	3931		163258	169325	161367	
0.6011	0.1214		2405	2439	2464		163043	161641	161832	
0.182	0.7479		2802	3061	2795		160453	161239	160515	
0.248	0.9012		3397	3593	3326		157721	159980	166658	
0.1142	0.3104		2095	2119	1975		165934	165927	165867	
0.4941	0.8164		4040	4147	4112		158842	158415	159859	
0.379	0.901		3857	3999	3884		164567	164688	169840	
0.5704	0.2767		3032	3033	2988		149474	149938	149922	
0.9425	0.487		4219	4375	4231		157830	159842	158100	
0.2932	0.0811		1902	1915	1912		154516	155505	157069	
0.9976	0.9094		6040	6305	5992		163189	160619	161017	
0.2258	0.8079		3138	3115	3194		157251	155570	157030	
0.5711	0.3708		3166	3198	3043		157830	154410	155006	
0.4703	0.9599		4524	4341	4226		172577	167198	168497	
0.5905	0.8311		4297	4318	4399		165552	165645	166189	
0.2575	0.8621		3700	3856	3817		191554	188228	191839	
0.6013	0.1821		2793	2747	2812		181571	165381	162542	
0.8661	0.4684		6242	5332	5417		225034	238813	240541	
0.5813	0.3601		3997	3555	3909		230336	242792	219850	
0.0886	0.2268		1960	1928	2310		161380	159430	170090	
0.5579	0.7894		4771	4660	5072		169077	187417	234036	
0.7414	0.6842		5242	4555	5535		245504	185596	228918	
0.8307	0.9047		6700	6410	8239		226106	226728	238630	
0.229	0.6395		3531	2887	2893		235740	200826	159911	
0.741	0.1289		3153	2916	2977		156685	156266	155033	
0.4407	0.9903		5095	5696	5300		182987	224015	221649	
0.2889	0.6519		4233	3273	3470		237437	201307	190982	
0.2682	0.1952		2324	2225	2077		191432	196142	186918	
0.9268	0.9525		7350	8466	7453		216611	275257	253053	
0.5224	0.4091		3612	3588	3122		215782	210501	178543	
0.5688	0.6415		4811	5016	3992		209618	205234	153937	
0.612	0.8475		5408	5622	5387		233444	251265	233637	
0.5617	0.6044		3581	3665	3740		163469	166271	165093	
0.4907	0.3971		2954	3194	3395		159952	193609	197337	
0.3198	0.2954		2489	2941	2620		171119	167416	157450	
0.5486	0.2616		2908	2824	3010		182621	173519	164975	
0.2517	0.5243		3023	2926	2725		163517	159476	158793	
0.2031	0.1689		1899	2149	2640		155840	160869	157238	
0.0619	0.1501		1769	1796	1679		159544	164956	155317	
0.6777	0.1959		4220	4448	3277		238762	242063	216062	
0.2383	0.5007		2826	2655	2671		164810	160694	164062	
0.9995	0.6455		5087	5273	5159		165996	158336	161021	
0.2991	0.5237		2820	2865	2810		165306	158422	160470	
0.2173	0.8222		3091	3217	3144		174425	163131	161588	
0.0779	0.4391		2202	2136	2167		176755	165543	164251	
0.6892	0.6069		3983	3973	3990		177176	166285	164694	
0.7951	0.8033		5052	4980	4951		167213	169056	168373	
0.7755	0.4313		3708	4592	3680		158919	174056	161967	
0.6147	0.314		3019	3175	3048		168368	162026	156789	
0.8774	0.4467		5166	5624	5029		219255	217501	219265	
0.3197	0.3597		2913	3108	2880		192796	185322	183408	
0.6798	0.3772		3480	3616	3636		177490	169018	166400	
0.8666	0.522		4505	4441	5235		163102	167748	171163	
0.0745	0.9653		2871	2985	2873		172197	162082	160584	
0.188	0.1209		2350	2272	2957		219156	224817	220835	
0.8281	0.2448		4416	4295	3512		235459	228814	191545	
0.4835	0.104		2272	2321	2687		183361	170178	168005	
0.5159	0.8963		4339	4457	4321		169767	158590	155216	
0.6404	0.2303		2841	2910	2743		170272	159404	159675	
0.8954	0.6283		4919	4861	4870		171378	164433	162885	
0.3884	0.6612		3770	3757	3834		196134	187613	190103	
0.3898	0.8541		3726	3805	3799		172357	163490	164675	
0.5816	0.4207		3287	3294	3346		168471	160980	160796	
0.5481	0.2049		2730	2610	2598		175098	165810	164181	
0.1898	0.1702		1991	2172	2313		156702	149445	149240	
0.7836	0.5943		4324	4367	4426		167616	161185	163425	
0.3759	0.4316		2806	2905	3063		163098	155512	155823	
0.1767	0.4776		2680	2440	2490		159977	149992	149416	
0.484	0.8111		3995	3940	3968		172865	165791	162630	
0.9601	0.4361		4159	4222	4158		165911	162897	160418	
0.611	0.6556		4021	4044	4505		166538	160088	182587	
0.2997	0.3102		2701	2835	2965		185153	178637	194458	
0.8479	0.7002		4783	4904	4830		163956	157699	155388	
0.1578	0.1213		1812	1770	1781		165297	159735	156807	
0.2207	0.397		2610	2504	2426		167371	163633	161142	
0.7921	0.4555		3878	3851	3959		169496	162761	162270	
0.3663	0.5513		3031	3030	3051		169374	164282	163402	
0.7583	0.2715		3341	3410	3343		163326	156121	173715	
0.6051	0.351		3412	3909	3099		176404	209475	187301	
0.3695	0.6537		3236	4160	4100		167669	212489	214343	
0.3961	0.9672		4045	5231	3944		210781	230889	203181	
0.3826	0.941		3914	4556	3925		159203	180793	213357	
0.3853	0.9986		4612	4498	4614		192397	211696	182079	
0.5343	0.6967		4101	4095	4798		191196	192467	203972	
0.6114	0.2009		3291	3034	2757		179147	183034	184483	
0.2349	0.3846		2751	2401	2396		194624	182035	178669	
0.9328	0.1125		3675	3559	3776		204056	208935	233136	
0.4911	0.8158		4546	4741	4465		202744	202807	207435	
0.4015	0.9132		4665	4444	4346		211430	206458	208189	
0.9361	0.8336		6406	6116	6133		189050	187833	198939	
0.0613	0.6979		3375	3088	3305		191008	221482	232133	
0.1506	0.4764		2259	2813	2687		162807	189317	191386	
0.3632	0.9147		4455	4208	3750		192417	186789	166181	
0.9709	0.6493		5316	5298	5073		186230	186211	180190	
0.9013	0.277		3709	3557	3560		164735	166093	163781	
0.4093	0.8011		3750	3975	3737		163829	162745	162430	
0.5555	0.4798		3362	3389	3215		161857	160221	157614	
0.4743	0.2107		2489	2553	2543		166762	166422	165953	
0.2213	0.0523		1738	1744	1738		148908	149418	150936	
0.3634	0.1246		2274	2076	2285		166978	167943	165969	
0.1462	0.4455		2354	2404	2233		150226	152332	146846	
0.5088	0.2707		2811	3243	2821		164960	169228	165475	
0.4497	0.6671		3536	3518	3669		166082	162973	162374	
0.9186	0.749		5527	5560	5680		198336	195364	194760	
0.3975	0.8661		3820	3792	3716		159354	159317	156324	
0.8051	0.1632		3032	3114	3378		168957	167887	168097	
0.5992	0.4567		3413	3350	3511		157217	158781	156687	
0.3929	0.1676		2258	2367	2276		161182	162632	159369	
0.4086	0.3639		2798	2753	2693		154276	154336	154170	
0.7456	0.688		4530	4507	4375		164317	167606	165235	
0.8784	0.0974		2976	2942	2860		163992	165025	164270	
0.505	0.6206		3576	3611	3514		165450	160239	159668	
0.2763	0.2914		2505	2544	2304		155886	152992	156028	
0.9429	0.5808		4710	4897	4736		164966	166233	164979	
0.0824	0.7109		2776	2588	2458		159076	153992	152481	
0.3851	0.2986		2549	2551	2563		166867	165509	169500	
0.6236	0.4682		3533	3447	3355		161680	161292	163266	
0.8078	0.9184		5288	5567	5323		159739	159158	158250	
0.3956	0.3145		2614	2577	2650		154896	155718	155116	
0.0682	0.918		3166	2786	2830		158452	153851	151208	
0.2167	0.2022		1972	1953	1954		160704	159101	158436	
0.992	0.3908		4234	4320	4464		160147	160262	159561	
0.923	0.8932		5823	5870	5839		161825	160951	160499	
0.3684	0.6651		3372	3269	3491		159428	159841	158397	
0.3832	0.1132		2292	2161	2127		154264	153812	152330	
0.6789	0.2467		2851	2856	2897		166208	164292	162934	
0.3996	0.497		2864	2850	2846		150257	149979	150807	
0.1283	0.1937		1963	2088	2178		158494	156355	157937	
0.8333	0.8402		5079	5775	5108		184926	172632	175435	
0.9303	0.3108		3697	3736	4188		167156	167874	172598	
0.1866	0.8869		3578	3504	3539		176118	175559	175204	
0.9594	0.351		4008	3912	3845		163007	158964	153186	
0.1639	0.3693		2503	3118	2194		191123	211026	187549	
0.4212	0.777		3825	3790	3881		162321	156267	172040	
0.0532	0.8741		2641	2611	2728		162135	161925	161619	
0.3707	0.825		3738	3626	3915		165465	166535	161880	
0.876	0.5976		4724	4570	4841		158946	158269	160073	
0.5952	0.8871		4655	4631	4623		153583	154707	154324	
0.7906	0.153		2944	2948	3000		162864	164222	160402	
0.1541	0.0524		1725	1722	1885		164005	161991	160951	
0.6152	0.3894		3370	3301	3284		161977	162132	159060	
0.8843	0.534		4520	4590	4645		168223	167387	166381	
0.96	0.7923		5549	5590	5624		165195	164879	165750	
0.4742	0.5412		3301	4098	3546		189176	191204	217216	
0.7715	0.6019		4720	4776	5262		197785	193840	201870	
0.6163	0.2444		2829	2856	2733		151871	154135	151193	
0.7153	0.8775		4917	4915	4928		158750	160945	160012	
0.2217	0.2291		2070	2592	2267		190965	174910	173936	
0.2345	0.7254		3120	3084	2948		170978	163783	158836	
0.9923	0.7439		5617	5811	5647		182897	184325	191495	
0.5883	0.7314		4279	5119	4854		200052	207238	212009	
0.8599	0.8243		5518	5637	5443		196320	188752	197894	
0.8955	0.454		4841	4839	4427		210206	208522	185099	
0.6534	0.8553		4885	4661	5003		197487	199171	193581	
0.075	0.8463		2966	3024	3057		190862	190052	184158	
0.6618	0.3376		3717	3803	3450		179624	188391	194933	
0.0531	0.1314		1795	2212	1842		188593	187897	185037	
0.7558	0.1956		3039	4516	3210		199876	210053	194072	
0.5906	0.7801		4397	4823	4469		191757	199556	185389	
0.5797	0.8504		4649	4848	4445		195041	189876	186846	
0.5776	0.8077		4287	4308	4359		183132	182081	179787	
0.9022	0.1622		3542	3642	3934		185616	182262	182295	
0.6214	0.2203		2890	3007	2834		195272	191258	194801	
0.6035	0.5902		4208	4597	3966		186571	180366	180552	
0.9273	0.2482		4352	3605	3386		189708	186766	184905	
0.8672	0.5955		4491	4462	5481		186919	182574	209060	
0.7535	0.1267		3302	2943	2902		184716	182607	186050	
0.6871	0.4762		3543	3659	3597		170117	159904	192450	
0.7453	0.616		4131	4189	4315		179548	171130	171901	
0.0838	0.3016		2156	2242	2002		173345	175273	173634	
0.5916	0.0708		2325	2380	2315		164403	162584	176245	
0.3934	0.1722		3840	2559	2571		212030	182530	186129	
0.7198	0.9914		5463	5754	5799		192431	192734	194359	
0.0973	0.794		4410	3335	3004		235627	202559	175096	
0.7812	0.5824		4452	4221	4924		186964	195489	188086	
0.2463	0.6371		3088	3036	3395		187092	187414	190692	
0.1404	0.4226		2390	2489	2246		180945	181557	185403	
0.6117	0.3485		3390	4552	3792		207081	234857	198134	
0.4535	0.7188		3870	3796	3650		207534	201999	196280	
0.1779	0.3732		2682	2904	2825		200274	206736	205111	
0.6865	0.0822		2737	2497	2712		198302	208988	179804	
0.6054	0.414		3785	3865	3628		194491	190207	178176	
0.9132	0.6561		5511	5262	5379		188503	190596	192858	
0.1225	0.4871		2344	2931	2255		193056	191466	195678	
0.1004	0.6543		3828	3232	3238		189882	183563	180499	
0.6181	0.16		2890	2610	2635		193755	170106	170903	
0.7763	0.1029		2747	2887	2695		172675	166209	168903	
0.0927	0.1015		1601	1616	1846		173368	168240	170534	
0.1898	0.2858		2247	2228	2850		168384	162368	166214	
0.8421	0.9475		5677	5584	5663		165749	168650	192704	
0.5558	0.8891		4358	4357	4457		158081	158357	164007	
0.4872	0.291		3287	3403	2755		179779	184224	159242	
0.0959	0.2187		3453	3361	1978		223528	217296	197157	
0.9655	0.439		4257	4305	4230		171799	168629	168200	
0.3375	0.1265		2311	2187	2159		164234	162125	173821	
0.6408	0.7577		4482	4797	4463		197424	196749	190463	
0.6971	0.3684		3897	4842	4684		223397	249639	229509	
0.1321	0.2717		2166	2451	2409		181221	182061	183734	
