0	1	
0.3484	0.1166		16215	13956	15103		163444	150167	153716	
0.5201	0.2837		16157	15418	14754		159803	151389	149782	
0.8183	0.6269		21113	17345	17422		178056	161973	161064	
0.23	0.167		16631	14111	14390		169305	156819	157362	
0.8781	0.4814		23784	23957	27018		242387	237675	240606	
0.4135	0.7244		23345	22924	31062		209567	214381	242522	
0.155	0.226		21312	20894	19518		208633	212753	208608	
0.9329	0.3778		17267	25564	16401		178501	187030	159498	
0.8049	0.5902		16963	16949	17188		166686	161924	176141	
0.3276	0.5356		15227	15116	15169		163392	166350	164823	
0.1759	0.3075		14558	14854	18035		153080	165661	154662	
0.8632	0.3479		15563	15779	15772		166586	168409	167391	
0.139	0.1119		14643	14792	19834		188336	171066	201858	
0.4736	0.6482		16011	15983	26660		160928	167046	218204	
0.0541	0.7281		14811	24764	23823		186751	252545	268792	
0.1218	0.7431		22613	22532	22719		218768	216174	216872	
0.4001	0.9326		27918	25268	23605		236988	228944	222753	
0.1799	0.7501		17176	16590	23541		174026	234216	219705	
0.7313	0.8512		16992	17044	18193		163982	167979	176633	
0.7672	0.3568		34145	22325	25210		247060	221296	232572	
0.6367	0.5017		16692	17109	16358		167786	169546	164574	
0.3638	0.2928		14856	19671	18797		170501	174228	189553	
0.7621	0.8547		24889	26198	25709		223210	232204	245373	
0.0809	0.8127		18685	15141	16854		182448	167661	192258	
0.4419	0.8021		25638	16412	16466		193002	162672	171291	
0.5675	0.5983		24403	23508	23635		220401	217154	218558	
0.3364	0.5993		24394	15360	15745		188806	165098	175070	
0.2314	0.1997		21950	21820	21051		219146	217565	200211	
0.2304	0.2621		17799	14671	14543		186663	152579	160154	
0.5687	0.0987		14629	14668	14883		171629	156673	192015	
0.8114	0.4577		24827	24840	24720		216013	217658	201393	
0.0731	0.9941		14779	17601	15689		164765	160644	164598	
0.6051	0.4995		20052	15385	15239		200761	158117	158217	
0.5519	0.3582		15240	15166	15175		153504	156068	152154	
0.4712	0.4405		15397	14989	14909		154515	155362	153194	
0.0772	0.1908		14110	13845	13931		158196	158597	161088	
0.0991	0.4609		14369	14315	14913		166666	165809	168673	
0.6841	0.3427		16706	16058	15302		182302	176283	164489	
0.2929	0.8667		15804	15650	15687		152466	152583	152762	
0.4082	0.3366		16285	14943	14971		164738	161289	160370	
0.159	0.7358		33035	23667	24014		290719	232678	229066	
0.3988	0.9813		16118	16667	16691		166449	163065	164176	
0.8551	0.9226		17344	17431	17873		163928	164800	162918	
0.9928	0.3228		15597	15507	15933		159574	159258	161225	
0.8624	0.3786		15933	16087	15978		151090	151391	148149	
0.8789	0.2043		15432	15344	15674		159789	159765	162179	
0.7877	0.4401		16809	16083	16225		163421	152434	149955	
0.0599	0.724		14627	14851	15085		171742	170214	166703	
0.297	0.356		14892	15510	14500		154174	154500	151894	
0.1041	0.4648		16183	14316	14176		161915	160820	156454	
0.8004	0.2251		15611	15689	15283		151510	152193	162179	
0.5762	0.2263		15016	15354	16728		157999	158429	167710	
0.6065	0.3795		15640	15442	15774		153431	152335	156117	
0.8929	0.0866		18609	15388	15331		158854	156105	152204	
0.0682	0.8646		15177	17746	17752		166871	170928	170143	
0.5009	0.8534		16740	16823	16937		155255	167465	175636	
0.964	0.2519		22304	26291	27441		232886	244901	265388	
0.132	0.3628		22116	21062	20942		214621	210990	205407	
0.3964	0.0662		14301	21952	22228		171187	211039	214620	
0.1279	0.9691		17955	19079	16564		186331	201404	162206	
0.3475	0.9683		15939	16318	15747		148107	150144	149908	
0.966	0.1641		15619	15774	15593		159288	158707	159780	
0.3865	0.2826		15074	15138	14797		157610	157444	156717	
0.3758	0.1884		15256	19475	17432		182166	212834	189810	
0.3937	0.9395		17089	17210	16136		182486	162849	170470	
0.6962	0.6295		16665	19695	17282		179569	191557	181462	
0.2108	0.436		16797	15166	21082		170702	191478	219261	
0.623	0.1584		15019	15041	21565		155672	174168	185982	
0.3784	0.6476		16353	16270	16074		155363	155589	157486	
0.3736	0.879		16028	15704	15732		159525	158324	161398	
0.331	0.3169		14848	15016	14786		159518	157615	155852	
0.6182	0.3654		21705	22247	15567		188059	196688	163004	
0.4622	0.2107		14754	14588	15181		155175	158881	155672	
0.4861	0.417		15500	15714	15330		166121	164533	162230	
0.6205	0.6226		19309	23430	19621		177093	207468	175082	
0.2798	0.534		15400	15440	15486		162243	164201	166055	
0.0893	0.3162		14189	14511	14226		158978	159228	159002	
0.5348	0.5709		16457	16791	16491		152326	160470	168520	
0.9133	0.2694		27436	23079	16047		215581	195619	159826	
0.6456	0.9582		24759	24444	25903		255615	201278	228142	
0.8329	0.4344		16595	16162	16739		171276	159608	164380	
0.6222	0.1998		15274	15271	15035		159306	195718	162310	
0.8862	0.8815		17997	17964	17798		148584	149968	151357	
0.2765	0.8449		15966	16533	15822		172525	168090	164483	
0.7318	0.2434		15467	15418	15489		156618	155119	161160	
0.4466	0.5575		15832	16004	15889		160216	160910	161523	
0.2499	0.1115		14128	14277	14287		160353	164991	159868	
0.7716	0.1384		15354	19175	15536		160835	196641	157441	
0.5151	0.2896		15412	24364	15700		192288	200865	167525	
0.2496	0.511		22628	22727	24025		227922	234392	236611	
0.902	0.3867		16885	22140	23001		174345	221047	177920	
0.5277	0.4879		16809	24434	23806		191013	211478	214352	
0.9566	0.1785		15769	15636	18844		162779	159586	187095	
0.3778	0.1326		14904	19669	20399		168360	177430	203320	
0.4734	0.3849		15169	15537	15288		157979	159730	157623	
0.5298	0.1998		18417	14805	15305		161318	154593	160191	
0.3072	0.833		24658	23756	19364		226113	232383	189432	
0.6081	0.7581		16585	16763	17165		167925	163241	160657	
0.0876	0.8396		15190	17088	15655		156954	162811	157473	
0.1042	0.3292		14213	14234	14861		157085	160437	159913	
0.8937	0.0662		16392	16086	16196		207650	175187	186965	
0.1946	0.3097		14459	14496	14549		159566	152059	152689	
0.9431	0.427		16587	16403	16810		157671	150870	158378	
0.0915	0.6724		14690	21180	14867		162615	161476	141264	
0.3262	0.5623		15409	15460	15395		155834	156729	156793	
0.4341	0.4233		15108	15299	20429		157345	160469	193017	
0.5717	0.0735		14754	14746	14955		160870	161057	164282	
0.4058	0.8392		16144	16238	16798		154871	154770	156282	
0.5762	0.2627		15577	15446	15077		153113	151738	153681	
0.6368	0.1423		15056	15139	15186		152297	154048	152598	
0.2955	0.396		14815	15311	14705		161259	160329	165466	
0.309	0.8758		16337	16302	16549		159407	161784	165538	
0.8201	0.4133		16128	20819	16181		164526	177447	165444	
0.7426	0.2565		16025	18432	15305		162156	167722	160712	
0.5015	0.7532		16783	16469	16872		161732	163649	163604	
0.3449	0.297		14743	14721	15685		164654	155496	171889	
0.1695	0.2582		14689	14531	14388		160912	149669	150703	
0.1136	0.9017		24779	18337	15883		219676	185412	188693	
0.1863	0.7585		16661	19910	15378		166819	180178	162613	
0.443	0.0605		14660	14394	14505		159544	163215	164537	
0.7122	0.622		16707	16684	16967		160874	167169	172176	
0.3749	0.3293		22727	24556	20906		230348	233165	198666	
0.5931	0.322		21056	22637	23322		196347	184146	192064	
0.1969	0.6262		17353	16921	19321		167734	174520	187794	
0.8721	0.5503		17393	26940	24234		193492	231927	231043	
0.1579	0.3995		14484	14462	14687		155437	155289	160019	
0.6291	0.4124		15738	15678	16169		164787	167415	164706	
0.0506	0.3929		14227	14212	14221		151907	151931	152343	
0.0792	0.7572		15027	14959	14805		153878	154369	154568	
0.9671	0.5155		18114	17566	17390		159657	158996	161373	
0.5901	0.818		16641	16537	16663		156216	156298	156880	
0.4811	0.3916		14997	15296	20010		156065	164935	193433	
0.5441	0.5928		16337	16219	16237		157486	157486	161126	
0.9041	0.2081		15610	15644	15583		154421	153964	170911	
0.7964	0.4075		17177	16036	23303		159428	180749	216011	
0.9074	0.1849		18309	15877	20283		153562	151663	163431	
0.7647	0.7408		17709	17412	17504		159414	164889	165378	
0.9304	0.2537		16025	19020	21917		163111	181690	165634	
0.7481	0.329		15572	15377	18284		155932	156073	162934	
0.6852	0.5471		16883	17154	16623		161176	159757	159418	
0.9186	0.0584		15299	15273	15439		162211	159829	163846	
0.1939	0.1584		14576	14293	20708		156359	187816	212522	
0.106	0.0705		13804	13966	13934		152093	152647	153416	
0.2044	0.1803		14106	14964	15144		182087	187034	183706	
0.1456	0.0881		20848	21540	21485		218006	218943	202419	
0.4886	0.9351		19532	16052	16338		160535	154394	155250	
0.2559	0.1822		14428	15679	14274		156671	160989	159419	
0.8105	0.9285		17610	17566	17375		161738	161607	160635	
0.5525	0.9528		16558	16613	16839		149674	150419	151624	
0.9464	0.2484		15578	15675	15483		164552	169159	162249	
0.9914	0.4931		16909	15993	16288		166057	161904	162903	
0.1905	0.0736		14006	13964	13937		155010	154198	155473	
0.4853	0.9133		16169	16538	16453		162034	164734	163914	
0.3161	0.4639		14762	14928	15341		158544	158574	158547	
0.1833	0.8926		15123	17885	15304		158192	164623	158640	
0.1953	0.8991		15270	15661	17906		155381	154299	159885	
0.1322	0.9471		15539	15800	15254		156709	153821	159087	
0.5991	0.6574		16621	16421	16593		153438	160094	164182	
0.9421	0.9259		17910	17840	17995		164998	170404	171405	
0.9738	0.0729		18482	15767	15528		159004	150583	150996	
0.458	0.6591		15923	15886	16305		155624	158432	163771	
0.6452	0.4586		18836	16614	15767		169022	168669	154863	
0.3161	0.8685		20904	16325	16115		189662	155247	165547	
0.109	0.5328		14443	15037	15061		158432	163134	160549	
0.7219	0.971		17273	17319	17248		157500	158507	158387	
0.2671	0.0801		21928	20683	20342		205807	208065	199006	
0.5481	0.6981		16495	16381	16503		158758	158643	161601	
0.2269	0.8624		16128	15600	15355		160815	163661	181907	
0.3432	0.2402		14406	14590	14892		158313	156680	157395	
0.4479	0.631		15860	15845	16123		150174	161482	154137	
0.8583	0.8329		20584	17500	17552		160836	155178	155244	
0.4224	0.4125		15109	15170	15395		152406	153695	154268	
0.7842	0.1054		15371	16025	15397		158666	161378	162536	
0.1782	0.8874		15674	15928	23592		169674	185395	200825	
0.5224	0.1214		14821	14912	14941		157526	157675	159022	
0.6918	0.3705		19468	15699	15637		155986	150320	153085	
0.1442	0.7233		16343	16880	18734		188065	190213	212980	
0.8172	0.0903		15214	15962	21612		152581	193977	166158	
0.4393	0.1924		14597	14747	18562		146623	171138	157422	
0.7245	0.3207		17526	15677	15504		148876	150289	144983	
0.3834	0.5929		16019	15931	19650		158288	158736	164862	
0.7633	0.3618		15731	16809	16703		176687	180173	185483	
0.8506	0.0931		15307	15366	19460		156564	158350	167001	
0.1107	0.7804		14995	14948	15055		163339	161370	163609	
0.0823	0.9134		17384	14888	14747		162696	157617	162090	
0.2306	0.3203		14529	14486	14731		159278	163631	157203	
0.5722	0.4248		18014	15586	15427		164207	166065	159006	
0.7813	0.1301		16615	15294	15298		168659	160227	162671	
0.4027	0.3582		16996	15500	15329		166392	156496	161036	
0.6824	0.6539		19686	16724	16947		168500	156750	158165	
0.817	0.6541		21083	17125	17254		170571	159095	159338	
0.6247	0.4206		16087	20976	20292		166699	213669	176531	
0.2694	0.9628		24000	24185	15939		218140	209481	161380	
0.7707	0.2166		15849	15208	17671		160481	160738	166313	
0.3843	0.5077		18197	17565	24290		170878	194675	226958	
0.2397	0.8497		15328	15493	15465		152299	153638	154025	
0.9302	0.62		25578	18166	17856		215414	173009	219281	
0.4415	0.9389		24170	16747	18963		180741	182887	174595	
0.5936	0.745		16562	16472	16490		164303	163993	204152	
0.2632	0.255		14783	14608	14565		157195	158420	157580	
0.5094	0.142		15034	14781	15009		157728	152040	151961	
0.5154	0.111		15231	17761	15086		161777	174402	159462	
0.1755	0.8234		15581	15364	15603		157332	157300	160809	
0.6967	0.7884		17034	16989	16898		168703	173440	166672	
0.9178	0.2129		15422	15371	15431		157844	162586	159566	
0.717	0.4741		20849	27874	25676		209333	226236	207651	
0.0983	0.139		13765	14076	14258		152919	154401	159123	
0.4657	0.176		14865	14607	15578		159763	165466	164208	
0.7307	0.6787		16843	16817	16978		187448	159265	161742	
0.6235	0.8325		16816	19406	24096		171243	191118	230736	
0.1037	0.1003		13864	15319	14031		154509	155651	165987	
0.5259	0.415		15695	15396	17202		164234	161943	170509	
0.3583	0.4521		14906	14845	14966		149331	157659	158312	
0.5564	0.5056		18003	16338	16179		161130	164961	155015	
0.225	0.4708		14613	14533	14659		162503	158805	171722	
0.7864	0.8127		17476	17739	17451		160417	170081	159352	
0.8402	0.7385		17297	17684	17327		168499	161078	161403	
0.1305	0.6222		15716	15141	14939		162983	155510	155802	
0.3892	0.0586		14656	14388	14930		162150	178258	167144	
0.5155	0.8991		16894	20090	16748		161955	162971	161200	
0.9369	0.5836		17665	17583	17790		160892	165045	167977	
0.205	0.5163		15105	15000	14984		164091	157875	162329	
0.521	0.9213		16766	16902	16778		156757	152167	153925	
0.057	0.0906		16960	16264	13813		162558	161208	164190	
0.1854	0.2009		14338	14249	14943		154713	161625	160514	
0.5893	0.115		14873	15085	15330		161298	158358	157478	
0.7913	0.5179		17242	17592	17643		162055	169038	182804	
0.3435	0.6401		15638	15516	15516		161529	167101	164330	
0.8436	0.6416		20448	17514	17621		180191	162398	162786	
0.5693	0.6493		16546	16416	16613		165532	162323	159786	
0.2062	0.3553		14585	16775	14404		150980	155121	172150	
0.7824	0.2539		15743	15873	15728		161185	171571	164147	
0.5719	0.3907		16474	17097	15797		166701	167572	162351	
0.5225	0.9169		16718	17291	16660		157465	163189	162944	
0.275	0.6067		19533	15749	15861		166243	161814	159763	
0.679	0.7842		17146	19280	17568		165372	171034	162037	
0.2304	0.1264		14250	14162	14225		160324	157007	161931	
0.2369	0.3697		14713	14727	14538		161434	160736	183119	
0.9402	0.2423		15691	15921	16147		156790	159785	160638	
0.1613	0.0759		14308	14185	14111		173644	165805	167963	
0.6488	0.2363		18147	15522	23320		169156	193986	229923	
0.1476	0.6203		15138	21836	23774		166741	221785	221683	
0.51	0.8933		16950	20975	16919		157294	163570	154640	
0.5514	0.9831		16696	17029	16880		159161	165957	159923	
0.1048	0.0528		14118	13876	14005		154123	155478	161708	
0.8932	0.4525		24462	25312	23371		226304	224804	228783	
0.9444	0.831		18109	19797	20102		157988	163215	177696	
0.9067	0.505		17719	17574	20102		161541	160558	175398	
0.853	0.7341		24742	17532	18779		187133	164095	163212	
0.7243	0.8926		17406	17398	17577		159785	151212	155870	
0.5577	0.5254		16392	16535	16465		156225	163401	165703	
0.2627	0.2206		14416	20073	14662		167407	200335	160551	
0.1836	0.4994		14679	14626	14629		162422	162977	162638	
0.0815	0.1712		14723	17170	17005		189438	177692	223057	
0.1947	0.5726		15219	15060	15414		158414	160204	166391	
0.7035	0.2576		16049	22547	15730		168872	181804	167336	
0.7077	0.3323		15571	15536	15823		162771	165382	166547	
0.6174	0.0735		14956	17804	22040		154947	187453	227611	
0.4377	0.197		15813	21631	14799		184446	178114	158250	
0.6794	0.3623		15514	15709	15577		155223	155752	155326	
0.8564	0.1596		15469	15288	16092		165020	164679	175281	
0.36	0.0595		14319	14445	14379		155249	155512	158920	
0.0563	0.9204		21594	21853	27219		227002	253160	267698	
0.7607	0.2473		26988	24653	23980		207663	244427	208496	
0.7505	0.6859		23093	17234	17363		199495	167508	171112	
0.226	0.0601		14444	14081	17779		166557	165593	212439	
0.6261	0.8289		26639	24509	17334		219946	202033	165031	
0.3921	0.9616		16513	16625	19787		159998	160718	204695	
0.4787	0.6811		21468	16054	16687		202306	166173	171606	
0.9853	0.9296		17780	19109	22964		163613	168541	194361	
0.2117	0.1213		14800	14159	14005		162568	158382	159306	
0.1648	0.9961		17144	27954	16111		200253	195903	178529	
0.8502	0.1558		20585	23142	25696		207054	228625	264513	
0.845	0.8779		25410	24985	24185		215500	212523	216595	
0.9445	0.7285		26955	26857	25008		233870	225840	228359	
0.2318	0.4439		23897	22636	22641		230434	226303	235155	
0.4609	0.0593		33567	23947	29234		272104	251356	329374	
0.2072	0.1189		25611	23680	21402		261210	252078	220528	
0.6763	0.8253		17827	17777	17829		185330	185762	187382	
0.3632	0.7066		25142	26195	26072		253968	237174	221445	
0.2858	0.0982		20968	21341	23351		224847	234575	276413	
0.981	0.939		23841	25589	27003		211043	216645	272520	
0.4526	0.2762		18914	15098	15210		168972	152671	158901	
0.957	0.7253		17927	18177	18729		176586	170425	171713	
0.5345	0.5446		16313	16387	20428		162489	165261	183646	
0.073	0.5782		14837	14518	14667		162821	158261	160570	
0.9362	0.8281		18192	18491	18073		174798	171520	161475	
0.6365	0.0818		15107	14937	15659		159771	159038	162145	
0.9773	0.1393		15541	15616	15838		161697	161446	164678	
0.1684	0.9651		18597	15531	16713		176697	178237	166931	
0.2825	0.5839		15425	15854	21585		155261	172191	177929	
0.1181	0.1673		16479	17647	15539		195954	183643	177440	
0.7376	0.4806		15868	24914	18500		167678	190529	159546	
0.2404	0.6235		23740	21793	23532		250139	224174	231553	
0.9901	0.9069		20848	25445	30488		217801	234881	264019	
0.1133	0.6356		21952	25204	22527		214372	243127	216992	
0.3724	0.5721		22681	23989	23914		214144	216969	220594	
0.6159	0.3118		22540	22771	22764		214168	211827	231637	
0.4985	0.6121		20685	23196	21705		209302	205205	188938	
0.9213	0.7188		18621	21011	17960		168616	172285	170314	
0.6377	0.3252		15463	15487	22095		162771	193443	220176	
0.7027	0.8349		17020	17134	17017		162451	163342	164448	
0.0781	0.7716		15591	15021	15189		153466	155445	156780	
0.3885	0.2823		16135	15722	16009		212642	186751	188142	
0.4788	0.2669		15032	15071	15137		157299	157024	159669	
0.6144	0.2548		15223	15591	15222		158662	158842	157354	
0.7555	0.2455		15399	15373	15420		149691	150207	150880	
0.455	0.9097		18607	16161	18329		170392	162050	167911	
0.5039	0.2501		16111	17507	15988		189039	194362	191858	
0.5497	0.547		18895	16246	16700		161483	161268	171480	
0.4002	0.7187		15992	16105	16125		150241	150763	153965	
0.1657	0.3074		14451	14458	14440		151788	151557	153324	
0.5418	0.9352		16680	16582	17071		162075	162264	164229	
0.5023	0.5841		16316	16285	16668		159671	160740	163138	
0.7723	0.4198		16254	16051	16241		161676	157313	169969	
0.4806	0.1145		14511	14481	14517		154125	154437	156452	
0.5658	0.4955		15661	15699	21662		155459	156860	181417	
0.8106	0.2608		15724	15626	16469		158820	159238	165591	
0.5243	0.3439		15217	15416	17289		151147	149233	153840	
0.6308	0.1196		15602	15324	18311		152316	158393	160472	
0.1007	0.274		14107	14071	14366		156797	157520	159069	
0.8596	0.9679		17670	17530	17765		166728	165052	168950	
0.4848	0.413		17621	15227	15321		158028	147562	146842	
0.5898	0.8374		20150	16873	16925		166288	153630	159146	
0.8735	0.8338		20197	17842	17488		162583	157042	161520	
0.4973	0.515		19200	15724	15812		163038	156106	159394	
0.4359	0.701		18924	16140	16321		160750	155670	157508	
0.4433	0.1488		16866	14560	14572		169057	164177	166173	
0.9421	0.7186		20438	17900	17898		161126	163311	156923	
0.1197	0.6839		17461	15656	14939		168209	166543	163477	
0.1191	0.8625		17203	15045	15128		172463	165475	167857	
0.1247	0.5963		17193	15163	15020		156457	150810	152320	
0.6018	0.2104		16079	14951	15061		155471	158486	152749	
0.2829	0.3046		15886	14800	14853		160296	157210	154718	
0.1478	0.8433		17955	15287	15545		167938	165619	165259	
0.7328	0.8661		20171	17069	17261		167384	161787	168915	
0.7508	0.0892		17706	16220	16861		173002	169335	191893	
0.2613	0.9204		18968	16045	21110		172319	178166	199993	
0.3139	0.4476		15044	15037	15020		162740	163175	169922	
0.688	0.2457		15169	15177	17629		168026	166175	170594	
0.6187	0.812		23560	24113	23053		225254	202883	197004	
0.3216	0.5352		21338	16329	16926		194872	184517	188544	
0.3135	0.5211		15859	16326	15645		167099	177536	201138	
0.6542	0.7402		17145	19365	17746		154486	182094	180443	
0.1154	0.659		15096	20098	20236		165816	167342	187493	
0.2075	0.942		15542	16416	19744		172511	169746	177671	
0.2528	0.2947		14848	15205	15143		158930	163267	160126	
0.8942	0.8272		18712	18455	18355		160638	157913	165145	
0.2574	0.873		15826	16424	16189		167481	172102	173166	
0.4994	0.9222		16332	16654	16877		151080	161968	157871	
0.8374	0.6787		17471	19912	17866		160050	168812	161320	
0.5808	0.9432		17547	16766	17011		177791	160384	186952	
0.5347	0.2303		21293	15328	14943		165530	153234	151528	
0.7657	0.1678		23479	24484	23317		222744	247451	207293	
0.8685	0.5744		17126	20980	22086		163612	183465	180603	
0.2921	0.7861		22412	23046	22597		217588	217763	186205	
0.3867	0.3685		22195	26302	23290		216617	226860	212582	
0.9406	0.4744		19128	16574	16234		164234	163418	161424	
0.7074	0.5757		24559	24263	25520		226562	225355	220666	
0.8187	0.9012		17611	17859	17811		160788	163230	165874	
0.4183	0.3108		22975	23298	22075		212268	213091	213501	
0.4574	0.6115		16209	16264	21470		168830	160679	215671	
0.7525	0.5424		17179	18111	17523		180344	189099	181999	
0.2186	0.518		14994	14983	17176		173428	164944	181713	
0.716	0.0551		15218	15067	15159		163598	165342	161506	
0.9399	0.1342		22725	23645	23681		213531	217275	208939	
0.2524	0.7183		15715	20389	23248		161167	204370	211483	
0.742	0.1385		22095	23945	23810		219990	249266	220191	
0.5849	0.4731		15472	18616	15502		162102	171235	161600	
0.945	0.3634		16066	16189	16079		166710	167294	163479	
0.6983	0.3757		23721	23842	22835		226610	219781	225672	
0.7508	0.1788		17697	15610	17761		175739	171980	176332	
0.3236	0.574		19763	18891	23730		173113	207230	225554	
0.7687	0.9744		17683	21205	24447		168308	183409	238136	
0.8502	0.5161		25993	24461	25683		221112	224303	229805	
0.2244	0.8382		21870	16741	15419		183987	165237	165470	
0.4561	0.0525		14809	14453	19131		166005	167624	174765	
0.6594	0.467		23519	21257	16276		237504	177761	167188	
0.6958	0.4286		16031	16266	16119		156386	156633	155773	
0.6043	0.7676		17782	17102	17511		167229	166282	163355	
0.1206	0.576		20336	16968	15189		176621	153845	149694	
0.6379	0.4049		17084	15738	17218		164402	168416	182278	
0.4506	0.5226		23194	25162	18971		238534	218766	171603	
0.2444	0.7357		22616	23126	30462		216874	273766	232889	
0.0637	0.9264		23023	23510	16149		213267	175548	164484	
0.09	0.7504		15036	18021	15180		160266	166554	160932	
0.1514	0.8513		15481	15733	16208		166501	169289	174905	
0.088	0.3975		14518	14530	14723		166998	166783	168069	
0.3075	0.6081		15695	15600	15510		156903	158964	159428	
0.3662	0.5469		15640	15575	15871		161021	161789	161074	
0.9204	0.9965		18135	18159	18715		171746	173022	171916	
0.9704	0.5029		24285	25984	26781		222883	232218	248945	
0.4448	0.8018		25251	17133	21443		211220	194917	224586	
0.7151	0.8262		25717	24682	19537		217709	208996	158810	
0.7708	0.8524		19025	18768	25939		172503	212537	226849	
0.8814	0.5397		25487	24529	24581		227842	203748	190170	
0.8873	0.3755		24821	25586	25687		243512	235672	226916	
0.4897	0.9006		23835	23823	16495		217560	201396	161252	
0.843	0.0799		24437	24866	23812		250163	230637	236077	
0.8109	0.8554		17636	17766	17821		167564	165129	168605	
0.4354	0.329		15186	23321	23459		193424	216720	218031	
0.1019	0.0772		20589	21660	26096		210529	217487	226557	
0.4637	0.9235		21319	24105	25902		222160	222306	228498	
0.279	0.8041		22630	16077	22759		170966	186429	214202	
0.4767	0.1323		14941	15039	15547		161851	180393	167993	
0.5801	0.7215		16604	16917	17568		162361	166888	164214	
0.1288	0.8634		19050	15744	16364		162455	157371	160934	
0.284	0.8837		18319	18539	16097		173785	172223	170282	
0.7944	0.8311		17837	17425	17911		156861	153546	161618	
0.4456	0.3356		15538	18131	14858		151551	159521	150850	
0.098	0.1741		14166	14013	14027		161961	163103	167035	
0.3337	0.825		19487	22684	23115		199865	224350	218705	
0.5044	0.7314		22673	16839	17183		211248	162355	159653	
0.0944	0.1179		13865	14457	14239		154368	154272	156402	
0.9318	0.0976		15377	15371	16294		157396	166579	173144	
0.4632	0.2803		15195	19450	15052		152396	162219	158339	
0.9654	0.7768		18963	24130	18547		196318	193156	172169	
0.4097	0.1317		21276	14911	15452		183216	164131	196269	
0.6095	0.4294		15514	16946	15418		161393	162412	162128	
0.4684	0.1274		22656	14617	14842		187824	154312	168029	
0.8518	0.7764		17670	17762	22145		155254	166381	170369	
0.138	0.2499		14290	14337	14226		159330	157138	162514	
0.8984	0.217		15641	15549	15818		159555	159913	176803	
0.7704	0.2714		16160	16394	18975		155941	155188	172081	
0.9533	0.6096		18246	17567	17554		162422	156809	164261	
0.7638	0.4968		22527	25657	19174		224957	221244	169382	
0.1769	0.3489		14519	17427	14896		162529	170597	171364	
0.6891	0.086		14911	14998	21741		165431	166144	226212	
0.3207	0.6332		15832	15971	15615		163725	163812	161815	
0.9697	0.4311		22339	23745	17292		217832	185954	177283	
0.8658	0.3076		19819	15928	15730		155906	153331	148602	
0.4626	0.8205		16634	16832	17466		171613	176649	169212	
0.4813	0.9692		16594	21923	16334		166557	202514	168376	
0.0658	0.8205		15554	15250	15410		161632	163672	165695	
0.7109	0.9352		18015	23568	25691		173637	223259	225190	
0.3134	0.6495		15560	15592	15693		162212	173327	165075	
0.0825	0.6027		15201	14585	14550		155150	160264	161670	
0.3962	0.3336		15807	15541	15839		175253	175473	152634	
0.2231	0.5958		21601	15230	15681		194248	169598	158370	
0.2108	0.7412		15595	15313	19284		157417	152287	160140	
0.2782	0.1326		14817	17022	14359		151675	173899	148905	
0.8257	0.2844		15852	16084	15774		156778	159260	158783	
0.6163	0.6614		19183	16230	16559		164300	158011	162135	
0.7005	0.8937		21703	17190	17239		174827	166690	167273	
0.152	0.6424		16574	16031	15293		170581	165973	162430	
0.3592	0.9916		18801	15882	16743		173933	165563	165716	
0.7709	0.4621		20774	17209	17093		187287	189415	182308	
0.4659	0.339		16549	15110	15134		170008	165565	164946	
0.9183	0.139		17234	15753	15770		158402	158050	154222	
0.6953	0.0788		17972	14867	15254		165018	164287	157513	
0.1094	0.0955		15514	13964	13982		159084	153647	158516	
0.8238	0.0631		16734	15691	15671		165953	163257	161600	
0.2581	0.8708		19067	16257	16259		165021	159550	159574	
0.2494	0.0591		15711	14209	14228		168385	162963	162780	
0.9384	0.1184		18563	15673	15427		169232	160505	161932	
0.5599	0.7266		19772	16433	16528		162821	155452	157567	
0.7326	0.6624		20063	17058	17147		169538	161943	161666	
0.7194	0.8317		19959	17112	17114		170381	163455	163217	
0.5966	0.4011		18967	16035	15494		165683	159673	160615	
0.9292	0.7091		21619	17641	17934		169605	169382	168437	
0.2845	0.2844		17148	14637	14702		161353	157603	157934	
0.867	0.3997		19000	16249	16169		159490	155447	154460	
0.8348	0.3794		20866	16956	17112		186252	181460	182536	
0.6175	0.1684		16235	15236	14997		162301	159609	161676	
0.435	0.761		18919	16191	16099		175128	170539	171732	
0.6654	0.8533		20956	17186	17306		168471	163274	165180	
0.9461	0.2054		18668	15577	15569		164649	160776	160861	
0.3103	0.9762		19478	15837	16099		175623	168368	167747	
0.7782	0.7472		19838	17383	17351		162465	156364	156590	
0.9754	0.7642		21724	18733	18970		194091	188755	190654	
0.5723	0.7303		19296	16739	16613		175040	172092	171314	
0.3657	0.1271		16789	14455	14485		158579	154019	153518	
0.0945	0.4899		16660	14578	14558		163913	158045	157615	
0.9052	0.708		21605	17810	18047		161181	154568	156035	
0.3766	0.5411		19540	16168	16012		170217	164319	164713	
0.5824	0.6916		19608	16595	17101		168079	162993	164563	
0.977	0.2581		18271	16135	16244		165194	161018	159681	
0.7945	0.8147		20147	17364	19102		162557	157909	173964	
0.8561	0.1243		18053	15589	15822		172943	172724	165605	
0.3734	0.2722		18077	14679	14715		163212	157036	154908	
0.3483	0.4567		16307	15108	15134		163938	159505	159704	
0.6057	0.6203		23440	24998	24191		209634	266100	199664	
0.287	0.7337		15914	18383	15915		171787	169247	165204	
0.832	0.3101		22039	23264	17767		221965	199775	168125	
0.6988	0.2069		22921	15111	15088		203539	162679	195824	
0.254	0.2261		15247	21722	14665		178785	193410	149511	
0.9337	0.167		15533	15495	15917		196696	165047	166379	
0.1545	0.226		14178	14463	14215		160024	160655	185397	
0.1901	0.5019		14966	14995	15105		160279	160574	161749	
0.2557	0.1166		14350	14297	14340		157394	157545	157086	
0.8947	0.6734		17920	23268	28116		178364	227062	224759	
0.3527	0.3409		22327	21789	27887		221207	264123	254036	
0.3682	0.7202		15735	19784	24489		167491	223744	201529	
0.0833	0.7856		23402	15461	22323		191886	167053	232998	
0.594	0.8343		16718	17498	23136		165222	165287	216196	
0.293	0.3973		23590	21122	15084		199145	162755	170361	
0.3571	0.6881		15626	17673	18639		161075	165087	167073	
0.5192	0.1937		14842	15051	14980		157067	158867	163103	
0.9633	0.5236		17755	17731	17781		155830	158472	157773	
0.6085	0.7571		18516	17269	19957		170867	167444	194645	
0.8362	0.2242		18017	21970	15974		173159	195501	163558	
0.6108	0.6586		25302	22547	21924		204137	207717	199233	
0.4268	0.4533		21517	23566	15143		227673	194113	174077	
0.7683	0.394		16075	16265	16211		164942	165693	163693	
0.2378	0.1301		14421	14407	14430		154216	155035	156982	
0.6314	0.6573		16972	17007	16965		160346	164385	196710	
0.3653	0.2088		15963	14691	14554		156824	152348	153782	
0.2802	0.9491		18840	16020	15912		163681	158963	160861	
0.2565	0.5914		19826	16416	16506		186650	183537	182862	
0.3993	0.6054		19544	15890	16055		160269	155096	153994	
0.587	0.0661		17154	15034	14860		157682	149297	149274	
0.9098	0.7764		21627	18060	18494		171237	167469	165221	
0.0962	0.4555		15591	14593	14839		163195	158784	158305	
0.535	0.0536		16931	15132	14750		169102	165120	165715	
0.0647	0.3652		21469	22811	22429		208876	217157	245608	
0.4147	0.9746		16406	16238	23450		159656	162429	171646	
0.7548	0.1871		15666	15900	15290		159902	179447	171024	
0.1308	0.7061		15358	16206	15359		169030	164346	159217	
0.0543	0.8132		15232	21029	20573		175405	231692	231501	
0.4999	0.9345		23948	24197	23117		228666	226592	227122	
0.5216	0.1158		23341	22296	22383		232231	231860	252679	
0.6842	0.9285		26842	25679	28413		231701	230203	200313	
0.5018	0.906		27862	22531	17982		231096	205087	190450	
0.8108	0.6896		27451	25560	24802		231988	230323	223814	
0.1741	0.8389		16367	16190	16146		163132	161756	160625	
0.8546	0.3585		16393	16144	16376		164980	163526	203575	
0.8482	0.2726		24018	22453	16271		228084	224723	171713	
0.6309	0.3427		15831	15807	15847		159623	160496	165086	
0.0926	0.7203		15393	15194	15453		162382	164689	167474	
0.846	0.384		23374	16713	17049		212611	162080	170700	
0.205	0.4061		20582	20974	21448		222768	223445	226184	
0.4788	0.3577		15217	21795	21788		172890	209367	206137	
0.9935	0.0569		15144	15206	15401		159564	161975	162517	
0.3835	0.0547		14540	14708	14755		162070	165640	165396	
0.2295	0.8288		17713	15701	17371		170256	167314	184056	
0.644	0.2029		15482	21786	23102		220062	232794	226181	
0.518	0.7986		20708	16889	18360		172151	169749	171755	
0.9637	0.7904		18088	22352	26840		187285	189084	270153	
0.7536	0.3747		19106	15935	16070		166033	171290	164787	
0.5156	0.6845		16362	22491	16714		168847	181497	173914	
0.2032	0.6323		15232	15333	22968		155012	177573	210981	
0.7775	0.1924		15785	15530	17180		156460	157901	160100	
0.7455	0.8157		17201	17056	17427		172919	172327	169726	
0.7077	0.5428		17151	16973	20606		163036	158260	169820	
0.5434	0.5989		16452	16564	16312		167232	163296	166039	
0.1624	0.2085		22512	21948	15204		206222	175573	167495	
0.2748	0.9376		16428	16567	28669		174886	194564	230688	
0.8653	0.3334		25261	24267	26129		249119	251235	244331	
0.3635	0.145		22720	22735	22818		236142	226503	224039	
0.546	0.74		17002	16767	16770		175393	166793	169862	
0.9961	0.6068		17394	17441	17687		169268	162988	168067	
0.2507	0.215		21357	14827	14765		170618	156069	151289	
0.3679	0.7865		22548	15946	16032		176675	161894	172032	
0.4638	0.4735		26202	19886	16437		202773	191110	207796	
0.9591	0.7922		25799	26891	28473		208945	223152	224420	
0.8294	0.8128		26184	24648	26482		214109	214907	210912	
0.8292	0.1145		20087	22471	22442		220965	230133	227681	
0.8385	0.8907		18081	17803	18110		164862	181547	167245	
0.2456	0.7086		17143	15415	15456		160909	155263	160397	
0.1451	0.8377		23719	22571	26371		221203	239061	241069	
0.572	0.2511		24824	23359	22489		228436	218280	209551	
0.2963	0.3929		15370	15413	15350		163056	165108	157329	
0.6496	0.9324		17912	17869	18507		193340	194099	192210	
0.6117	0.2138		15118	16976	20755		160746	173209	168576	
0.1401	0.4879		22801	21540	21863		226598	220555	220927	
0.688	0.8663		21823	17168	17344		173811	166854	165812	
0.2286	0.6537		17859	15498	15428		176838	166948	168354	
0.7376	0.4796		18955	16245	16058		165592	159320	158399	
0.434	0.7357		19677	16480	16472		175751	166898	166329	
0.8475	0.7653		21631	17956	18693		175354	196273	168447	
0.511	0.5055		20751	16430	16560		179356	173240	168911	
0.2794	0.4398		16639	15153	14977		160658	152338	151179	
0.7503	0.5666		22142	17608	17330		172021	163902	166012	
0.8035	0.8896		21019	22943	18187		201724	197699	168163	
0.5486	0.6389		16594	21142	17075		167346	180122	170411	
0.262	0.718		16700	15857	16554		172243	171758	168375	
0.4906	0.5404		24817	19907	16683		220009	166712	158522	
0.847	0.9867		18690	18607	18732		184062	184667	180759	
0.2495	0.8715		15652	15543	15547		160022	160448	158438	
0.2644	0.9969		25118	17118	17099		221383	194318	196408	
0.1091	0.7187		14728	22102	16461		193805	219489	177948	
0.3657	0.8046		15777	16255	15971		159547	162709	162894	
0.9791	0.4729		25323	16579	16782		208138	161335	162452	
0.2085	0.27		14462	14767	14742		159593	161586	159157	
0.4568	0.343		14924	15194	15188		167645	166381	166085	
0.4282	0.6728		19759	16167	18300		177539	162940	172041	
0.7958	0.4741		19404	21680	19072		185178	186128	181442	
0.6695	0.954		19622	21080	20520		182106	187059	187223	
0.2086	0.4532		20392	18420	19803		178011	184497	186136	
0.7724	0.179		17994	19799	18387		185704	187514	195942	
0.7177	0.1996		15703	15170	15052		162120	161859	162673	
0.1373	0.8658		15441	15536	15771		150963	151337	149953	
0.8963	0.4272		16387	16523	16696		165764	167097	167193	
0.4933	0.7427		16257	16644	16544		151422	154438	152985	
0.3728	0.2532		14683	14899	14711		165330	167454	166038	
0.7465	0.4267		16045	16315	16111		168147	170414	173993	
0.726	0.5881		16825	16720	24295		155258	165225	196521	
0.8177	0.7971		17754	18421	18301		158860	184042	181908	
0.4828	0.9653		16654	16318	18473		163100	170878	173204	
0.7411	0.4825		16267	15999	16346		160508	160051	166080	
0.9415	0.5314		17757	17737	17485		165685	162672	167292	
0.0795	0.6543		17974	16317	14911		181489	171355	162857	
0.5441	0.5616		16344	17728	16860		151725	157918	157831	
0.1603	0.3677		14871	17169	17077		148733	152393	156736	
0.4921	0.353		15002	21937	15207		180054	200309	156951	
0.1092	0.9371		15110	15156	15205		152482	153774	153324	
0.9569	0.5251		17708	17956	17635		149511	151603	150752	
0.6474	0.2178		15086	15397	15408		155183	157901	157080	
0.912	0.052		15742	15773	15602		151239	152790	152293	
0.4421	0.0964		14476	14811	15092		167213	170768	168910	
0.3233	0.2052		14466	14457	14706		162953	163204	165193	
0.1133	0.7523		14952	15330	14971		154910	157639	157937	
0.0522	0.8325		15085	15130	14967		166645	168877	168040	
0.2677	0.8197		23578	28313	22876		202816	229874	171583	
0.836	0.3286		22769	16583	16692		202792	187361	180801	
0.7669	0.466		16164	16166	16392		155385	156438	173133	
0.3488	0.5425		16216	18680	15629		171402	173680	157909	
0.49	0.4453		15212	15483	15134		164601	172800	165810	
0.4563	0.1239		16617	14556	14681		157595	156845	153648	
0.8579	0.3265		15904	16830	15650		154060	156859	152177	
0.5965	0.3735		15396	15331	16340		150875	153694	177195	
0.9679	0.8166		17988	17984	17966		161966	164057	164578	
0.2226	0.7804		15328	15533	15312		159214	159275	159094	
0.1415	0.6613		15254	15449	15439		157304	158620	160091	
0.3787	0.9408		16388	16234	16282		156579	156959	157430	
0.4054	0.3004		15013	15049	14926		163109	163217	162222	
0.7539	0.5958		17203	17348	17163		158202	159672	158938	
0.3513	0.8456		15960	16167	18333		162059	169172	181662	
0.8193	0.9399		17749	20349	17627		168476	172101	162324	
0.1319	0.081		14249	14126	18193		156709	156275	207689	
0.7697	0.4081		15958	16080	16172		164432	165820	165661	
0.2399	0.4552		19571	14834	14673		197748	160192	161600	
0.4401	0.6816		16839	16825	16726		183723	182903	181271	
0.7507	0.9697		17790	17640	17661		160708	161525	160659	
0.073	0.9569		15001	15054	15001		167058	167114	165835	
0.4101	0.748		16153	16117	16293		160399	162547	160611	
0.1181	0.3727		14540	14679	14588		152623	153774	155289	
0.2744	0.8165		15891	15899	16112		175932	177725	174675	
0.8288	0.2206		15459	15475	15439		163882	165012	165127	
0.6902	0.7379		17647	17570	17540		188931	190340	188657	
0.905	0.7076		18082	18298	18100		163754	165168	163955	
0.5951	0.0566		15044	15212	14944		163218	162999	162680	
0.9479	0.9258		18838	19182	19062		193897	196015	195895	
0.0887	0.5463		14623	14755	14718		149350	148658	148178	
0.6487	0.4924		15778	15776	15826		158946	159246	160527	
0.1692	0.6942		15177	15363	15122		158765	162337	158584	
0.4968	0.4566		15467	15227	15405		163663	166124	164968	
0.0581	0.1903		13966	13985	13959		159285	159384	161193	
0.2217	0.7621		15512	16228	15349		155064	156616	155187	
0.4792	0.9697		16622	16360	16553		154406	154032	153913	
0.475	0.4047		15408	15195	15357		152022	152677	152497	
0.5352	0.1402		14897	14758	14818		161878	162105	162445	
0.3146	0.2086		14645	14385	14619		160429	159482	161020	
0.1507	0.4591		14559	14669	14800		162641	164131	164615	
0.4637	0.1384		14626	14776	14994		165608	166214	164527	
0.4	0.3799		15173	15213	15363		153450	154465	154930	
0.1141	0.3281		14324	14305	14533		156551	156160	157631	
0.6462	0.2243		15284	15451	15290		157338	157964	155983	
0.6266	0.8564		17209	17031	17311		152580	151573	154959	
0.4478	0.1179		14705	14533	14739		157905	156576	157156	
0.7652	0.6227		18159	18134	17708		188045	162568	158728	
0.3536	0.6682		15892	15878	15924		162920	161718	161748	
0.9097	0.7913		18086	18059	18300		158358	159124	157647	
0.3843	0.2291		14842	14809	15048		155317	155280	157712	
0.0784	0.5299		14531	14903	14781		143837	147905	146358	
0.2495	0.6702		15347	15270	15496		162083	161813	163825	
0.9538	0.4831		16665	16655	16830		154617	154756	153284	
0.6874	0.2083		15496	15073	15318		158786	155311	159032	
0.0995	0.5506		14668	14871	14855		162519	161155	159904	
0.2286	0.984		15571	15334	15619		162542	161762	161616	
0.1711	0.9162		16225	16170	16469		187366	186497	185591	
0.5604	0.8961		17210	16994	16920		156483	155274	155850	
0.51	0.3613		15409	15306	15372		153160	153133	161336	
0.9321	0.8701		26125	18726	18677		182425	169555	170312	
0.3873	0.0807		14879	14892	14944		168536	169439	167995	
0.7351	0.437		17302	22428	16610		192382	232450	184682	
0.7877	0.4543		16218	16508	16321		162265	162290	160959	
0.9987	0.2808		15786	16097	16192		160791	166384	160613	
0.9931	0.1013		15211	15382	15329		158573	160405	161080	
0.7349	0.7619		17268	16933	16991		164209	163693	166934	
0.1709	0.7934		15714	15410	15624		155952	155868	156465	
0.5031	0.9606		16710	17232	16994		165254	167311	163469	
0.5536	0.4634		15508	15510	15892		165623	166493	168320	
0.8221	0.9674		17658	17663	17677		161127	160676	172633	
0.8852	0.4008		16711	17276	17959		168654	188582	187125	
0.7871	0.2164		15468	22927	15432		177870	196181	157081	
0.1645	0.6737		15452	16486	18311		165945	159651	167858	
0.1727	0.9209		15398	15433	15396		161959	160887	159955	
0.3273	0.5505		15567	15767	15562		154415	153990	153373	
0.5743	0.163		14806	14802	15562		158359	156757	162884	
0.2633	0.1818		14878	14311	15316		159976	157524	156225	
0.2202	0.8774		15356	15336	15492		162109	161545	161084	
0.852	0.9584		18043	17698	17755		157610	157492	188275	
0.1452	0.5753		15251	15323	15598		149452	149517	146887	
0.9692	0.6163		17945	17734	17613		162380	163680	159869	
0.4243	0.8862		16359	22670	16296		185934	222487	165009	
0.1787	0.4241		19805	14739	14820		218154	170648	171174	
0.0856	0.3341		14070	14181	14380		149859	148517	149691	
0.2142	0.7436		25271	24785	15176		230118	192139	159614	
0.8863	0.3778		16789	16688	16892		172911	170256	169794	
0.5719	0.7119		18882	16524	16614		173624	163513	164372	
0.8025	0.499		21225	22100	19406		203500	177417	195180	
0.4572	0.4758		15799	15257	16422		159812	181443	170015	
0.4779	0.4257		15227	15498	15699		161940	171814	162274	
0.3711	0.4193		15409	15125	15507		156603	155730	169700	
0.8492	0.1958		15763	15640	15791		156208	154486	159062	
0.9204	0.6368		18077	18069	17695		163017	164363	159410	
0.3273	0.6679		17885	15632	21365		176534	164716	165608	
0.8405	0.8693		18516	18772	18120		194333	195840	184399	
0.7081	0.3477		15451	15479	15905		170299	169777	171181	
0.1582	0.8776		15496	15380	15292		155427	155417	153028	
0.9872	0.5865		21463	17250	17344		162903	168394	154249	
0.5099	0.8086		16709	16581	16610		158085	160065	159268	
0.8056	0.8049		17474	18364	19119		166946	173189	165404	
0.8642	0.4958		27925	23964	24115		227160	206351	214538	
0.6544	0.2949		18371	15687	15434		166338	157600	152659	
0.865	0.9701		21505	18679	17483		158211	156554	150610	
0.3533	0.0704		16619	14451	14436		167142	163224	160676	
0.1793	0.7268		18153	15245	15236		173316	168187	163226	
0.8687	0.4971		20296	16187	17415		163322	157653	162806	
0.229	0.2168		16625	14977	14741		157781	154795	153217	
0.1637	0.9098		17560	15304	15821		173604	174261	178723	
0.7181	0.7391		19303	16908	16770		163456	156371	155092	
0.2699	0.5235		18392	15582	15395		168096	161095	160628	
0.6659	0.7685		17580	20702	17434		169839	172540	163365	
0.8902	0.2968		16127	23101	16103		163563	175742	159596	
0.1907	0.2117		14342	14203	14301		160146	152336	155236	
0.9986	0.3452		17756	15806	15713		181902	162310	161395	
0.4721	0.2211		20937	21827	22532		218629	210432	227901	
0.6599	0.8561		18676	17393	23581		167527	183293	222631	
0.9048	0.0715		15596	15811	15439		159606	159809	158552	
0.8551	0.494		16635	16354	16344		157160	157427	155892	
0.396	0.3849		17420	15570	15516		173146	163497	161516	
0.2364	0.5043		15332	17987	15113		160624	162802	158084	
0.5146	0.8554		16672	16934	16797		155981	157345	155916	
0.2035	0.7839		15517	15422	15380		161101	161031	160493	
0.266	0.281		14973	14605	23064		158397	185428	174302	
0.6412	0.8967		17393	17054	17005		162118	159910	157740	
0.2519	0.4226		15107	15059	14790		155794	153772	151059	
0.3876	0.7109		16503	16022	16041		169055	167971	166590	
0.3211	0.2387		15609	15200	15939		203511	186151	183287	
0.1952	0.1975		14656	14430	14142		166725	162596	163042	
0.3967	0.5334		15986	15787	15759		170576	171705	168773	
0.2863	0.6126		15570	15458	15607		155751	155446	153431	
0.5686	0.501		16938	16385	16409		162125	159243	160970	
0.8901	0.7179		17921	17887	17862		160453	162652	162488	
0.8972	0.5662		18420	18475	18653		186850	189287	188567	
0.2813	0.7139		23026	16518	15449		209121	181301	175712	
0.7454	0.595		17694	17728	17744		182416	183921	182792	
0.5011	0.5765		16806	16375	16202		161688	159457	161236	
0.1435	0.6449		15076	15226	15610		157111	159017	162451	
0.8605	0.5511		17653	17086	17221		181593	165995	165168	
0.3549	0.7213		16062	16062	15712		163699	165000	163348	
0.4443	0.6057		16527	16539	16002		175049	172756	178436	
0.8634	0.348		15941	15905	15868		162298	164419	161907	
0.0984	0.9368		15128	15808	15172		163887	166952	164561	
0.56	0.9972		17591	16913	17481		156871	157605	155631	
0.6905	0.7		17038	17359	17240		162589	163731	161154	
0.4668	0.9674		16422	16219	16191		161121	161415	162518	
0.5546	0.6888		16851	16548	22190		167290	177214	199965	
0.9105	0.875		18113	18001	18008		166846	167696	167797	
0.8455	0.186		15524	15477	21098		171496	174158	180018	
0.6342	0.2924		16247	16397	16153		190015	191112	189767	
0.762	0.9045		23498	17938	17268		212237	159731	160167	
0.979	0.8726		18125	18204	18115		160302	160690	160911	
0.3042	0.4605		15075	14942	15046		151614	151349	152808	
0.0818	0.5364		14636	17084	20900		159378	165483	214791	
0.9447	0.7527		17996	17867	17858		164570	163152	163475	
0.8252	0.943		23817	26383	17631		203974	214761	160585	
0.4544	0.381		15525	15151	18535		159742	167595	184978	
0.3452	0.0885		14906	14421	14411		159522	154620	151776	
0.4609	0.4948		15406	15288	15251		159750	158055	157102	
0.7902	0.6124		17334	17566	17562		159364	159241	157804	
0.7875	0.5645		17371	17429	17105		161930	163589	160419	
0.4267	0.2537		14944	15190	14875		156965	155662	154271	
0.5346	0.9746		16873	16778	16767		154672	152994	152288	
0.6875	0.306		15667	15446	15434		165531	166387	164103	
0.1543	0.7783		15553	15507	15579		155911	155739	155113	
0.6709	0.9991		17451	17456	17472		166006	167560	165881	
0.7172	0.1703		15634	15263	15183		169895	169354	167751	
0.5197	0.1889		15111	15081	15595		159442	159022	156667	
0.1752	0.2802		14400	14610	14796		158014	158343	157919	
0.6264	0.6041		17007	16852	17037		165789	165583	168945	
0.0655	0.9483		15088	14952	15136		157627	158143	156571	
0.7062	0.5691		16766	16840	17325		156370	159114	160307	
0.914	0.9771		18180	18074	18451		154070	159264	156997	
0.8316	0.4827		16346	16213	16321		160084	157917	156087	
0.6252	0.5143		17059	17104	16819		155104	157396	156607	
0.9038	0.8897		18046	17982	17918		149174	151954	150539	
0.292	0.9906		16737	16694	16644		176388	177266	180537	
0.8859	0.3045		16505	16382	16415		151457	151930	153413	
0.889	0.5694		17587	17535	17929		161648	163564	165380	
0.0804	0.1287		15096	16353	14011		182382	170953	168802	
0.7288	0.9761		17591	17254	17319		165412	165047	165626	
0.5357	0.6053		16560	19613	16260		160759	174242	160886	
0.7232	0.1943		15255	15354	15403		169430	167037	165790	
0.5176	0.6142		16212	16103	16244		162260	160408	162505	
0.274	0.6111		15566	15739	15731		164679	163993	164096	
0.9402	0.743		18014	25630	18145		164180	215546	158284	
0.3713	0.9781		16049	15949	16409		153888	153729	157020	
0.204	0.0887		14240	14120	17975		157213	156946	208108	
0.1338	0.198		14329	14677	22117		169539	214339	205920	
0.707	0.6344		17135	16930	16933		163258	169325	161367	
0.2781	0.3054		14799	14530	14765		163043	161641	161832	
0.7906	0.5111		17566	17433	17990		160453	161239	160515	
0.3309	0.1494		14450	14799	14796		157721	159980	166658	
0.4358	0.8892		16362	16230	16263		165934	165927	165867	
0.6929	0.7249		17070	16895	17065		158842	158415	159859	
0.269	0.6091		15633	15498	15423		164567	164688	169840	
0.1089	0.6918		14973	15027	14708		149474	149938	149922	
0.2878	0.9908		15883	16338	16012		157830	159842	158100	
0.8075	0.6575		17483	17299	17212		154516	155505	157069	
0.1116	0.2553		14517	14178	14488		163189	160619	161017	
0.2417	0.6599		15318	15190	15159		157251	155570	157030	
0.5909	0.8372		16929	16687	16566		157830	154410	155006	
0.1603	0.4641		14669	14613	14766		172577	167198	168497	
0.2746	0.8052		15868	15943	16041		165552	165645	166189	
0.1735	0.7406		16237	15923	16417		191554	188228	191839	
0.8703	0.6954		21089	17523	17394		181571	165381	162542	
0.3577	0.9888		22257	25467	26141		225034	238813	240541	
0.6038	0.1694		23962	27132	22692		230336	242792	219850	
0.7382	0.5356		17194	17090	16792		161380	159430	170090	
0.1103	0.7866		15253	17595	22360		169077	187417	234036	
0.7637	0.6412		26371	18469	23429		245504	185596	228918	
0.0741	0.5041		22459	20736	23246		226106	226728	238630	
0.4118	0.1851		21870	20220	14965		235740	200826	159911	
0.4242	0.6763		16313	16279	16462		156685	156266	155033	
0.7893	0.1422		16057	23676	23687		182987	224015	221649	
0.9831	0.5272		27188	26320	22135		237437	201307	190982	
0.512	0.1869		18326	19876	19195		191432	196142	186918	
0.8236	0.2704		20594	25252	24607		216611	275257	253053	
0.0949	0.2984		22180	21523	14518		215782	210501	178543	
0.0561	0.3057		20662	21095	14273		209618	205234	153937	
0.3784	0.7516		24827	25822	23364		233444	251265	233637	
0.8837	0.0673		15440	15659	15620		163469	166271	165093	
0.3605	0.8621		16839	21914	20577		159952	193609	197337	
0.0766	0.9419		15282	15116	15226		171119	167416	157450	
0.1116	0.2239		15802	15327	14672		182621	173519	164975	
0.4194	0.1004		14553	14480	14630		163517	159476	158793	
0.9832	0.7643		17883	17979	18050		155840	160869	157238	
0.4387	0.9763		16658	20441	16270		159544	164956	155317	
0.1967	0.3457		21044	21938	22027		238762	242063	216062	
0.2781	0.9509		19095	16097	19030		164810	160694	164062	
0.9841	0.861		22245	18238	18357		165996	158336	161021	
0.9284	0.2825		19195	16202	16207		165306	158422	160470	
0.9324	0.9041		22967	18210	18211		174425	163131	161588	
0.5293	0.7589		20060	16819	16853		176755	165543	164251	
0.5185	0.122		17693	14973	14966		177176	166285	164694	
0.556	0.9		17786	18323	17128		167213	169056	168373	
0.0984	0.7152		14695	15126	16027		158919	174056	161967	
0.0834	0.1954		17845	14338	14208		168368	162026	156789	
0.2744	0.7629		23035	23047	23894		219255	217501	219265	
0.6753	0.306		19325	16321	16752		192796	185322	183408	
0.4549	0.6211		20870	16521	16115		177490	169018	166400	
0.766	0.9076		17788	22024	17681		163102	167748	171163	
0.7423	0.2285		15658	15263	15440		172197	162082	160584	
0.5217	0.2434		22383	22922	23925		219156	224817	220835	
0.5546	0.7768		23439	27115	19756		235459	228814	191545	
0.1225	0.0523		15234	18080	18103		183361	170178	168005	
0.7938	0.0527		19505	15529	15272		169767	158590	155216	
0.9433	0.9577		22359	18124	18073		170272	159404	159675	
0.7403	0.1753		17267	15392	15084		171378	164433	162885	
0.554	0.9061		19915	17606	17539		196134	187613	190103	
0.2133	0.8687		18917	15559	15641		172357	163490	164675	
0.082	0.9086		16670	14957	15426		168471	160980	160796	
0.8355	0.6258		20278	17990	17158		175098	165810	164181	
0.3374	0.285		18163	15098	14625		156702	149445	149240	
0.7487	0.3882		19293	15887	16193		167616	161185	163425	
0.0699	0.5918		17177	14517	15052		163098	155512	155823	
0.3228	0.6318		18808	15800	15639		159977	149992	149416	
0.3307	0.2848		17382	14866	16693		172865	165791	162630	
0.1465	0.1834		15720	14308	14302		165911	162897	160418	
0.9836	0.2161		18574	15662	15811		166538	160088	182587	
0.7622	0.3985		19742	16885	19702		185153	178637	194458	
0.367	0.4342		16957	15105	15105		163956	157699	155388	
0.1594	0.1442		15923	14359	14216		165297	159735	156807	
0.8869	0.7462		21981	17981	17865		167371	163633	161142	
0.2586	0.8629		20966	16041	16468		169496	162761	162270	
0.2443	0.9403		19432	15417	15625		169374	164282	163402	
0.5723	0.5427		19212	16537	21559		163326	156121	173715	
0.8227	0.9057		21078	21390	20579		176404	209475	187301	
0.1173	0.5422		17459	20554	22101		167669	212489	214343	
0.1952	0.9371		24509	24137	24003		210781	230889	203181	
0.7916	0.5579		17500	17393	26141		159203	180793	213357	
0.2457	0.5117		17553	25021	19895		192397	211696	182079	
0.4654	0.3517		18129	17014	19489		191196	192467	203972	
0.421	0.2015		17204	19134	17045		179147	183034	184483	
0.0812	0.8566		24150	17572	19539		194624	182035	178669	
0.5327	0.5861		21231	19411	25256		204056	208935	233136	
0.41	0.4644		22254	18852	19382		202744	202807	207435	
0.8764	0.7878		22792	22438	21399		211430	206458	208189	
0.3142	0.6079		21079	18279	19493		189050	187833	198939	
0.4479	0.3097		22918	19181	23731		191008	221482	232133	
0.2473	0.3978		15141	15574	16298		162807	189317	191386	
0.1113	0.3055		14950	14946	14734		192417	186789	166181	
0.8845	0.5036		17771	19144	20060		186230	186211	180190	
0.3975	0.7659		16616	16446	16636		164735	166093	163781	
0.5097	0.2161		15200	15153	15123		163829	162745	162430	
0.2791	0.8628		17019	16268	15927		161857	160221	157614	
0.4803	0.5728		16271	15878	15929		166762	166422	165953	
0.595	0.7884		16803	16642	16879		148908	149418	150936	
0.1492	0.6832		15551	15521	15295		166978	167943	165969	
0.2775	0.5186		15814	15715	15467		150226	152332	146846	
0.3255	0.4438		15084	14986	15248		164960	169228	165475	
0.1953	0.9917		16248	16932	15726		166082	162973	162374	
0.8924	0.7035		18844	18607	18774		198336	195364	194760	
0.7761	0.2722		15971	15856	15853		159354	159317	156324	
0.6549	0.8596		17201	17338	17143		168957	167887	168097	
0.3569	0.3825		15067	15369	14836		157217	158781	156687	
0.7915	0.6429		17408	17717	17648		161182	162632	159369	
0.5083	0.3491		15362	15183	15486		154276	154336	154170	
0.0743	0.305		14386	14533	14580		164317	167606	165235	
0.5166	0.7669		16692	16754	16885		163992	165025	164270	
0.4206	0.1879		15052	14668	14811		165450	160239	159668	
0.75	0.345		15571	15462	15662		155886	152992	156028	
0.741	0.135		15123	15128	15360		164966	166233	164979	
0.587	0.1758		15290	15123	14903		159076	153992	152481	
0.4515	0.2287		15267	14648	14789		166867	165509	169500	
0.3175	0.3887		14970	14912	14838		161680	161292	163266	
0.9772	0.6126		17802	17695	17630		159739	159158	158250	
0.2889	0.898		15982	15976	16515		154896	155718	155116	
0.6374	0.685		17087	17327	16759		158452	153851	151208	
0.1884	0.6641		15208	15115	15389		160704	159101	158436	
0.1871	0.0583		14147	14552	14227		160147	160262	159561	
0.9903	0.607		17491	17643	17386		161825	160951	160499	
0.5474	0.4781		15916	15585	15646		159428	159841	158397	
0.123	0.2389		14132	14320	14571		154264	153812	152330	
0.6959	0.2669		16165	15534	15668		166208	164292	162934	
0.5641	0.0921		14858	14930	14937		150257	149979	150807	
0.1274	0.2636		14624	14448	14485		158494	156355	157937	
0.3298	0.8893		20348	17121	18777		184926	172632	175435	
0.7718	0.8725		22182	17685	18966		167156	167874	172598	
0.8737	0.0574		16140	16054	16150		176118	175559	175204	
0.2257	0.9533		20248	15769	15571		163007	158964	153186	
0.7803	0.6145		18145	26394	24284		191123	211026	187549	
0.8631	0.4167		17116	16329	16328		162321	156267	172040	
0.3243	0.3016		15045	14987	14902		162135	161925	161619	
0.9854	0.2243		16040	15476	15778		165465	166535	161880	
0.9239	0.8145		18382	17976	18097		158946	158269	160073	
0.2528	0.4062		15243	15016	15432		153583	154707	154324	
0.2064	0.5299		15093	18099	15569		162864	164222	160402	
0.4468	0.3582		14917	15259	15210		164005	161991	160951	
0.5885	0.8959		17033	17080	16786		161977	162132	159060	
0.854	0.9962		18332	17765	18362		168223	167387	166381	
0.9198	0.2368		15703	15783	15736		165195	164879	165750	
0.8856	0.6379		26504	19388	28987		189176	191204	217216	
0.4573	0.4025		20716	15980	20611		197785	193840	201870	
0.8896	0.2131		15860	15795	15577		151871	154135	151193	
0.2896	0.6525		15736	15685	15598		158750	160945	160012	
0.429	0.4872		23533	15115	19892		190965	174910	173936	
0.2042	0.8597		21008	15671	15393		170978	163783	158836	
0.1604	0.1181		15834	18546	16450		182897	184325	191495	
0.6126	0.5248		20966	19150	28007		200052	207238	212009	
0.482	0.7843		20463	20523	21354		196320	188752	197894	
0.2194	0.9141		18536	21657	18547		210206	208522	185099	
0.7212	0.699		21054	21013	20745		197487	199171	193581	
0.9446	0.1229		18902	18671	16853		190862	190052	184158	
0.711	0.2271		20383	18606	22146		179624	188391	194933	
0.9869	0.2657		18507	22733	21195		188593	187897	185037	
0.3458	0.7344		21886	22390	20233		199876	210053	194072	
0.4703	0.704		21945	21563	18839		191757	199556	185389	
0.2612	0.6662		21041	19113	21121		195041	189876	186846	
0.5507	0.1567		18585	18846	19886		183132	182081	179787	
0.405	0.3269		18169	18613	20310		185616	182262	182295	
0.4744	0.5174		19226	18861	18666		195272	191258	194801	
0.9362	0.6178		20866	22294	19939		186571	180366	180552	
0.6084	0.0564		21182	21075	18920		189708	186766	184905	
0.5531	0.7106		21991	19640	22012		186919	182574	209060	
0.0996	0.1966		20649	19471	17293		184716	182607	186050	
0.8464	0.6575		22253	17898	22513		170117	159904	192450	
0.8524	0.7447		17927	18161	18393		179548	171130	171901	
0.4158	0.6799		16473	16827	17322		173345	175273	173634	
0.2398	0.8687		15817	19065	16125		164403	162584	176245	
0.3145	0.4575		23460	20403	18351		212030	182530	186129	
0.3525	0.1852		20032	18126	16763		192431	192734	194359	
0.1815	0.3182		21867	23721	16573		235627	202559	175096	
0.8112	0.4157		19042	20691	18936		186964	195489	188086	
0.1672	0.108		17296	20607	18409		187092	187414	190692	
0.5942	0.7206		19262	21756	21411		180945	181557	185403	
0.6404	0.9943		20960	21102	21883		207081	234857	198134	
0.4727	0.7161		21502	21234	21232		207534	201999	196280	
0.2227	0.2757		18806	21315	19629		200274	206736	205111	
0.2744	0.2333		18322	20140	18170		198302	208988	179804	
0.1467	0.2885		19456	18442	18704		194491	190207	178176	
0.2842	0.3434		18735	17816	18618		188503	190596	192858	
0.4812	0.7869		20900	20537	22777		193056	191466	195678	
0.3479	0.1535		19077	18092	19240		189882	183563	180499	
0.1058	0.5799		19859	15261	16566		193755	170106	170903	
0.843	0.5556		21695	17503	17331		172675	166209	168903	
0.9433	0.7947		21701	18034	18014		173368	168240	170534	
0.6542	0.2781		17033	15485	15501		168384	162368	166214	
0.7932	0.7149		20384	17526	24733		165749	168650	192704	
0.7612	0.2245		15575	15447	15421		158081	158357	164007	
0.7139	0.4093		16717	17326	16727		179779	184224	159242	
0.6164	0.0962		22685	20769	22135		223528	217296	197157	
0.8946	0.3249		16173	16991	16039		171799	168629	168200	
0.3965	0.1902		14924	17089	14978		164234	162125	173821	
0.3086	0.2925		18713	21064	19617		197424	196749	190463	
0.7688	0.5279		22091	26156	24875		223397	249639	229509	
0.2957	0.2446		17349	18973	18206		181221	182061	183734	
