20	21	
0.5897	0.3854		3038	3332	3269		163444	150167	153716	
0.2871	0.5404		2741	2819	2825		159803	151389	149782	
0.8573	0.1895		3434	3196	3063		178056	161973	161064	
0.1688	0.8733		2954	2964	2884		169305	156819	157362	
0.0658	0.5668		3478	2855	2708		242387	237675	240606	
0.2827	0.2335		2952	2546	2249		209567	214381	242522	
0.3843	0.7595		4336	4304	4360		208633	212753	208608	
0.3059	0.0714		2873	2047	1839		178501	187030	159498	
0.503	0.9652		4381	4482	4395		166686	161924	176141	
0.1113	0.1773		1832	1808	1825		163392	166350	164823	
0.1567	0.3068		2189	2100	2008		153080	165661	154662	
0.8694	0.6962		4670	4639	4661		166586	168409	167391	
0.2819	0.3803		2531	2438	3528		188336	171066	201858	
0.8505	0.3394		3520	3820	4673		160928	167046	218204	
0.3418	0.8507		3707	5071	5843		186751	252545	268792	
0.5774	0.7775		5621	5425	5387		218768	216174	216872	
0.8586	0.9578		6522	6749	6532		236988	228944	222753	
0.5123	0.2408		3518	5182	3690		174026	234216	219705	
0.9742	0.0514		2821	2733	2934		163982	167979	176633	
0.4577	0.1077		3102	3106	2638		247060	221296	232572	
0.1588	0.3156		2298	2098	2420		167786	169546	164574	
0.1524	0.6454		2640	2716	2675		170501	174228	189553	
0.9086	0.4956		5744	5936	5219		223210	232204	245373	
0.6119	0.826		4546	4517	4680		182448	167661	192258	
0.4283	0.9831		4892	4188	4047		193002	162672	171291	
0.6989	0.1533		3712	4064	3338		220401	217154	218558	
0.8236	0.4562		3863	4868	4111		188806	165098	175070	
0.6487	0.9784		5738	5627	5294		219146	217565	200211	
0.1134	0.3952		3217	2159	2120		186663	152579	160154	
0.5585	0.3549		3899	3078	3429		171629	156673	192015	
0.7159	0.2548		4065	4232	5577		216013	217658	201393	
0.6582	0.9931		5729	4862	5074		164765	160644	164598	
0.6569	0.8221		5473	4611	4698		200761	158117	158217	
0.2816	0.1796		2217	2290	2103		153504	156068	152154	
0.8371	0.2311		3078	3351	3100		154515	155362	153194	
0.5052	0.2895		2768	2989	2787		158196	158597	161088	
0.9953	0.3049		3786	3866	3914		166666	165809	168673	
0.4954	0.3943		2989	3152	2960		182302	176283	164489	
0.3484	0.4317		2823	2719	2705		152466	152583	152762	
0.792	0.2142		3023	3140	3128		164738	161289	160370	
0.4624	0.6521		5149	4323	4709		290719	232678	229066	
0.2592	0.5947		3079	2802	2837		166449	163065	164176	
0.9323	0.6622		4895	4979	5040		163928	164800	162918	
0.5902	0.58		3668	3743	3674		159574	159258	161225	
0.3708	0.2268		2276	2253	2263		151090	151391	148149	
0.5697	0.1576		2636	2597	2581		159789	159765	162179	
0.7409	0.4491		4072	3644	3645		163421	152434	149955	
0.9419	0.2187		3343	3391	3406		171742	170214	166703	
0.3915	0.7901		3734	3717	3714		154174	154500	151894	
0.3043	0.6249		2937	2994	2883		161915	160820	156454	
0.2285	0.9872		3494	3414	3442		151510	152193	162179	
0.9943	0.8372		5697	5645	5602		157999	158429	167710	
0.7438	0.3792		4064	3723	3584		153431	152335	156117	
0.4435	0.4654		2922	3761	2945		158854	156105	152204	
0.8573	0.9756		5635	5605	5563		166871	170928	170143	
0.1196	0.8069		2681	3890	3021		155255	167465	175636	
0.3504	0.6814		4062	4042	4079		232886	244901	265388	
0.8475	0.1635		4062	4136	4071		214621	210990	205407	
0.498	0.7072		3860	4802	5075		171187	211039	214620	
0.2424	0.1846		2378	3107	1983		186331	201404	162206	
0.7695	0.513		4035	4172	4077		148107	150144	149908	
0.2071	0.369		2203	2178	2182		159288	158707	159780	
0.7737	0.1541		3051	2942	2850		157610	157444	156717	
0.4415	0.5362		3774	3694	3672		182166	212834	189810	
0.2528	0.0707		2200	2166	1873		182486	162849	170470	
0.5162	0.7122		3974	4045	3936		179569	191557	181462	
0.5186	0.4248		3040	3895	3964		170702	191478	219261	
0.838	0.4749		3894	3912	3894		155672	174168	185982	
0.79	0.6061		4385	4381	4284		155363	155589	157486	
0.1672	0.5876		2495	2560	2587		159525	158324	161398	
0.8649	0.3028		3630	3614	3536		159518	157615	155852	
0.1011	0.8046		3577	2817	2722		188059	196688	163004	
0.4578	0.454		3217	3029	3009		155175	158881	155672	
0.25	0.2347		2084	2025	2033		166121	164533	162230	
0.7171	0.333		3198	3828	3561		177093	207468	175082	
0.2931	0.8326		3411	3331	3353		162243	164201	166055	
0.3588	0.4431		2828	3125	2758		158978	159228	159002	
0.0551	0.4204		2024	1982	2081		152326	160470	168520	
0.2061	0.7789		3541	3770	3127		215581	195619	159826	
0.5261	0.668		5323	4969	4277		255615	201278	228142	
0.205	0.9353		3158	3297	3316		171276	159608	164380	
0.4002	0.3069		2519	3521	2491		159306	195718	162310	
0.7116	0.1925		2848	2830	3018		148584	149968	151357	
0.7567	0.6043		4411	4273	4365		172525	168090	164483	
0.3217	0.9843		3860	3766	3730		156618	155119	161160	
0.6764	0.7948		4603	4613	4770		160216	160910	161523	
0.5604	0.2179		2580	2830	2710		160353	164991	159868	
0.8618	0.7381		5062	6565	4890		160835	196641	157441	
0.0846	0.9885		3234	2992	2989		192288	200865	167525	
0.5064	0.9108		5599	6287	5892		227922	234392	236611	
0.4978	0.7049		3795	4801	3732		174345	221047	177920	
0.9235	0.2912		4417	4890	4471		191013	211478	214352	
0.9889	0.8463		6702	5829	5754		162779	159586	187095	
0.6142	0.8848		4665	4741	5405		168360	177430	203320	
0.355	0.1908		2208	2403	2261		157979	159730	157623	
0.9294	0.3734		3830	3832	3975		161318	154593	160191	
0.2913	0.141		2630	3356	2375		226113	232383	189432	
0.9732	0.6395		5028	5083	5039		167925	163241	160657	
0.6929	0.12		2626	2658	2599		156954	162811	157473	
0.6759	0.096		2569	2728	2483		157085	160437	159913	
0.9412	0.3969		5858	4632	5117		207650	175187	186965	
0.9598	0.8698		6031	5766	5623		159566	152059	152689	
0.5703	0.5256		3925	3607	3634		157671	150870	158378	
0.2101	0.4154		2845	2482	2378		162615	161476	141264	
0.1529	0.5603		2390	2630	2464		155834	156729	156793	
0.5924	0.387		3180	3163	3214		157345	160469	193017	
0.8353	0.7359		4733	4954	4818		160870	161057	164282	
0.4579	0.4336		3182	2951	3107		154871	154770	156282	
0.5607	0.9021		4424	4274	4326		153113	151738	153681	
0.1057	0.6598		2700	2515	2470		152297	154048	152598	
0.3355	0.6962		3380	3352	4008		161259	160329	165466	
0.4173	0.4489		2911	3126	2915		159407	161784	165538	
0.6187	0.9644		4674	4840	4807		164526	177447	165444	
0.3857	0.8415		3726	3636	3688		162156	167722	160712	
0.1368	0.38		2133	2277	2176		161732	163649	163604	
0.1068	0.7824		2942	2766	2799		164654	155496	171889	
0.6394	0.3354		3387	3326	3127		160912	149669	150703	
0.4194	0.2444		2779	2925	3435		219676	185412	188693	
0.9431	0.2374		3377	4107	3368		166819	180178	162613	
0.8095	0.2136		3143	3336	3524		159544	163215	164537	
0.7995	0.8659		5270	5029	5179		160874	167169	172176	
0.784	0.9287		6749	6187	5345		230348	233165	198666	
0.2152	0.3929		2620	2798	2418		196347	184146	192064	
0.3489	0.8198		3805	3688	3751		167734	174520	187794	
0.3884	0.9017		4618	4995	4752		193492	231927	231043	
0.7296	0.4554		3599	3711	3632		155437	155289	160019	
0.8229	0.9592		5693	5519	5461		164787	167415	164706	
0.2963	0.2658		2474	2397	2302		151907	151931	152343	
0.1018	0.4597		2215	2193	2200		153878	154369	154568	
0.8828	0.3635		3964	3897	3728		159657	158996	161373	
0.772	0.5995		4136	4127	4158		156216	156298	156880	
0.1566	0.145		1830	1889	2823		156065	164935	193433	
0.8604	0.4512		4075	3917	4183		157486	157486	161126	
0.8545	0.6342		4878	4837	5447		154421	153964	170911	
0.4618	0.8465		4093	4727	5213		159428	180749	216011	
0.0874	0.8896		2727	2802	2851		153562	151663	163431	
0.2615	0.7905		3217	3656	3207		159414	164889	165378	
0.1054	0.6944		2669	3261	2525		163111	181690	165634	
0.2138	0.9943		3408	3365	3323		155932	156073	162934	
0.5978	0.6273		3961	3933	3925		161176	159757	159418	
0.5165	0.7352		3889	3784	3726		162211	159829	163846	
0.9261	0.5885		4574	5464	5815		156359	187816	212522	
0.2487	0.6253		3026	2872	2780		152093	152647	153416	
0.5136	0.5097		3788	3931	3822		182087	187034	183706	
0.4508	0.44		4176	4085	3799		218006	218943	202419	
0.8159	0.1133		2746	2885	2822		160535	154394	155250	
0.2124	0.2454		2030	1990	2036		156671	160989	159419	
0.669	0.6925		4305	4367	4217		161738	161607	160635	
0.0681	0.468		2167	2190	2123		149674	150419	151624	
0.4333	0.4359		3122	3002	2800		164552	169159	162249	
0.6049	0.2302		2812	2699	2832		166057	161904	162903	
0.6874	0.4183		3420	3452	3479		155010	154198	155473	
0.6727	0.7493		4374	4461	4231		162034	164734	163914	
0.0549	0.3817		2034	2083	2017		158544	158574	158547	
0.3674	0.7546		3693	3535	3480		158192	164623	158640	
0.796	0.4561		3953	3959	4059		155381	154299	159885	
0.1489	0.0881		1844	1639	1628		156709	153821	159087	
0.8024	0.4829		3845	4235	4069		153438	160094	164182	
0.9063	0.6772		5072	5174	4988		164998	170404	171405	
0.6808	0.2337		2938	2917	2987		159004	150583	150996	
0.699	0.3		3256	3180	3196		155624	158432	163771	
0.6118	0.1654		2692	2764	2721		169022	168669	154863	
0.8856	0.5934		5653	4467	4631		189662	155247	165547	
0.961	0.0978		3108	3465	2953		158432	163134	160549	
0.4554	0.9822		4251	4224	4232		157500	158507	158387	
0.7163	0.2847		4171	4063	3906		205807	208065	199006	
0.2337	0.2085		2026	2021	2009		158758	158643	161601	
0.1777	0.9597		3347	3490	3297		160815	163661	181907	
0.4077	0.2793		2746	2498	2515		158313	156680	157395	
0.4334	0.7252		3566	4592	3601		150174	161482	154137	
0.1931	0.6365		2772	2752	2836		160836	155178	155244	
0.3711	0.4694		2902	2853	2785		152406	153695	154268	
0.095	0.2239		2059	1979	2015		158666	161378	162536	
0.4873	0.1126		2250	2245	2645		169674	185395	200825	
0.169	0.3649		2281	2385	2164		157526	157675	159022	
0.2183	0.0671		1722	1758	2258		155986	150320	153085	
0.6788	0.2603		3570	3476	3800		188065	190213	212980	
0.2166	0.9496		3512	3983	3397		152581	193977	166158	
0.1302	0.8533		2846	3261	3002		146623	171138	157422	
0.3352	0.0915		1981	1914	1927		148876	150289	144983	
0.2194	0.236		2173	2082	2051		158288	158736	164862	
0.0783	0.8658		3277	3059	3099		176687	180173	185483	
0.2623	0.2586		2256	2318	2319		156564	158350	167001	
0.9131	0.3231		4017	3918	3730		163339	161370	163609	
0.6017	0.5976		3728	3898	3839		162696	157617	162090	
0.33	0.6834		3301	3245	3113		159278	163631	157203	
0.0892	0.0752		1617	1536	1530		164207	166065	159006	
0.977	0.5458		4687	4845	4701		168659	160227	162671	
0.8472	0.6709		4971	4752	4718		166392	156496	161036	
0.6323	0.4448		3489	3383	3534		168500	156750	158165	
0.7951	0.0717		2624	2585	2598		170571	159095	159338	
0.2572	0.7059		3008	4147	2979		166699	213669	176531	
0.416	0.9125		5247	5030	3913		218140	209481	161380	
0.5714	0.1976		2672	2628	2690		160481	160738	166313	
0.3708	0.4297		2673	3378	3631		170878	194675	226958	
0.5443	0.9287		4443	4595	4641		152299	153638	154025	
0.0694	0.3628		2069	2077	2553		215414	173009	219281	
0.7824	0.9062		5276	6652	5324		180741	182887	174595	
0.1401	0.7689		2863	2851	3540		164303	163993	204152	
0.716	0.0501		2340	2649	2346		157195	158420	157580	
0.8418	0.5381		4257	4390	4218		157728	152040	151961	
0.9896	0.7008		5271	5747	5106		161777	174402	159462	
0.6492	0.5055		3960	3710	3844		157332	157300	160809	
0.3631	0.1835		2578	2369	2339		168703	173440	166672	
0.9422	0.4251		4205	4115	4204		157844	162586	159566	
0.2698	0.4305		4474	3275	3456		209333	226236	207651	
0.2629	0.5448		2798	2725	2738		152919	154401	159123	
0.5908	0.1184		2315	2341	2529		159763	165466	164208	
0.7631	0.2291		3922	3041	3273		187448	159265	161742	
0.3998	0.9115		3872	4132	4751		171243	191118	230736	
0.363	0.3966		2811	2706	2678		154509	155651	165987	
0.9444	0.2596		3865	4009	3677		164234	161943	170509	
0.8714	0.1721		3172	4011	3185		149331	157659	158312	
0.7412	0.1887		3018	3095	2892		161130	164961	155015	
0.4115	0.0562		2090	1984	2453		162503	158805	171722	
0.3758	0.2644		2484	2937	2634		160417	170081	159352	
0.1743	0.0946		1919	1807	1755		168499	161078	161403	
0.3176	0.1753		2166	2216	2167		162983	155510	155802	
0.1849	0.9985		3182	3182	3166		162150	178258	167144	
0.1673	0.3638		2303	2147	2174		161955	162971	161200	
0.9688	0.1773		3566	3312	3303		160892	165045	167977	
0.8217	0.2883		3536	3646	3567		164091	157875	162329	
0.7108	0.5385		4379	4033	4058		156757	152167	153925	
0.5592	0.1374		2445	2429	2486		162558	161208	164190	
0.4939	0.2485		2476	2599	2450		154713	161625	160514	
0.6656	0.7388		4288	4267	4454		161298	158358	157478	
0.4485	0.8345		4038	4265	4260		162055	169038	182804	
0.234	0.5505		2675	3188	2663		161529	167101	164330	
0.2154	0.7174		2849	2818	2817		180191	162398	162786	
0.7282	0.7131		4335	4575	4347		165532	162323	159786	
0.2073	0.0519		1692	1682	2428		150980	155121	172150	
0.6306	0.7867		4433	4963	4441		161185	171571	164147	
0.2466	0.5912		2887	2845	2844		166701	167572	162351	
0.4431	0.2474		2454	3305	2430		157465	163189	162944	
0.3373	0.7455		3379	3301	3237		166243	161814	159763	
0.5254	0.316		2871	3008	2861		165372	171034	162037	
0.0684	0.4556		2760	2105	2119		160324	157007	161931	
0.5421	0.7475		3809	4016	4459		161434	160736	183119	
0.6768	0.3899		3405	3527	3515		156790	159785	160638	
0.6518	0.7166		4146	4243	4436		173644	165805	167963	
0.5798	0.5149		3532	4678	4923		169156	193986	229923	
0.4158	0.2079		2413	3339	3741		166741	221785	221683	
0.649	0.5554		4369	3962	3984		157294	163570	154640	
0.2103	0.7504		3058	3873	2950		159161	165957	159923	
0.9511	0.1894		3299	3719	3491		154123	155478	161708	
0.0627	0.804		4059	3803	3216		226304	224804	228783	
0.0943	0.4551		2234	2214	2163		157988	163215	177696	
0.4041	0.8991		4078	4031	3830		161541	160558	175398	
0.6589	0.7986		4761	4656	4677		187133	164095	163212	
0.3519	0.0729		2104	1978	2279		159785	151212	155870	
0.2591	0.2989		2431	2434	2426		156225	163401	165703	
0.9277	0.3974		4223	4747	4112		167407	200335	160551	
0.1645	0.3646		2241	2352	2222		162422	162977	162638	
0.4075	0.9746		4594	4221	5379		189438	177692	223057	
0.713	0.6831		4217	4442	4604		158414	160204	166391	
0.5011	0.554		3909	3473	3463		168872	181804	167336	
0.2115	0.6695		2779	3046	2793		162771	165382	166547	
0.1927	0.38		2348	2603	3434		154947	187453	227611	
0.984	0.7713		5832	5645	5530		184446	178114	158250	
0.0966	0.7204		2564	2617	2586		155223	155752	155326	
0.5863	0.8617		4708	4273	5042		165020	164679	175281	
0.9535	0.1237		3118	2976	2963		155249	155512	158920	
0.8397	0.9674		6443	6998	7626		227002	253160	267698	
0.7454	0.5646		4147	5682	4433		207663	244427	208496	
0.7307	0.2892		3326	3264	3432		199495	167508	171112	
0.7484	0.697		4478	4508	5053		166557	165593	212439	
0.7441	0.8226		5745	5974	5750		219946	202033	165031	
0.6479	0.9116		5043	4829	5894		159998	160718	204695	
0.9995	0.9693		6944	6020	6042		202306	166173	171606	
0.3812	0.4805		2853	2852	2888		163613	168541	194361	
0.1746	0.557		2497	2482	2509		162568	158382	159306	
0.4773	0.4407		3135	3392	3220		200253	195903	178529	
0.7792	0.8524		5786	6019	6794		207054	228625	264513	
0.564	0.2772		4059	4044	4008		215500	212523	216595	
0.3485	0.6859		4038	4306	4605		233870	225840	228359	
0.5307	0.7776		5337	5619	5222		230434	226303	235155	
0.9657	0.2007		4752	3717	6049		272104	251356	329374	
0.5808	0.4191		5555	4709	4088		261210	252078	220528	
0.2685	0.1916		2697	2472	2720		185330	185762	187382	
0.614	0.5429		5861	5183	4196		253968	237174	221445	
0.9455	0.975		7497	7954	8027		224847	234575	276413	
0.1711	0.0509		2202	2730	3281		211043	216645	272520	
0.3584	0.3237		2511	2554	2899		168972	152671	158901	
0.1781	0.2231		1880	1977	1913		176586	170425	171713	
0.8564	0.1956		3229	3308	3581		162489	165261	183646	
0.828	0.3089		4209	3579	3449		162821	158261	160570	
0.7149	0.8273		4740	4698	4962		174798	171520	161475	
0.7137	0.0541		2412	2464	2354		159771	159038	162145	
0.7384	0.6728		4380	4416	4361		161697	161446	164678	
0.3762	0.7051		3981	3562	3357		176697	178237	166931	
0.8115	0.5275		4081	4109	4116		155261	172191	177929	
0.9049	0.2951		4401	4135	4057		195954	183643	177440	
0.0701	0.8909		3224	2671	2802		167678	190529	159546	
0.5641	0.7974		5590	5437	5155		250139	224174	231553	
0.3401	0.7291		4927	4659	4302		217801	234881	264019	
0.0999	0.2901		2577	3068	2736		214372	243127	216992	
0.2491	0.3263		3160	2980	3377		214144	216969	220594	
0.7755	0.9775		6488	6312	7498		214168	211827	231637	
0.0947	0.599		3338	3473	3365		209302	205205	188938	
0.6329	0.8189		4507	4553	4527		168616	172285	170314	
0.7171	0.0531		2481	2958	2922		162771	193443	220176	
0.9361	0.0758		3022	3095	2927		162451	163342	164448	
0.9371	0.2403		3384	3434	3326		153466	155445	156780	
0.1751	0.4193		3051	2721	2928		212642	186751	188142	
0.5951	0.4327		3247	3319	3308		157299	157024	159669	
0.1933	0.3208		2249	2246	2259		158662	158842	157354	
0.3025	0.099		2025	2182	1942		149691	150207	150880	
0.2347	0.9461		3423	3610	3341		170392	162050	167911	
0.814	0.4054		4345	4300	4299		189039	194362	191858	
0.3359	0.9778		3664	3702	4042		161483	161268	171480	
0.1273	0.9276		2987	3100	2986		150241	150763	153965	
0.8448	0.0734		2665	2668	2709		151788	151557	153324	
0.5968	0.3794		3344	3274	3270		162075	162264	164229	
0.8986	0.7054		4867	4999	4876		159671	160740	163138	
0.853	0.3672		3729	3831	3615		161676	157313	169969	
0.6278	0.1306		2606	2652	2598		154125	154437	156452	
0.641	0.2011		2809	2945	3380		155459	156860	181417	
0.4525	0.3089		2678	2664	3082		158820	159238	165591	
0.791	0.6481		4566	4567	4746		151147	149233	153840	
0.1108	0.6475		2569	2599	2477		152316	158393	160472	
0.9154	0.8768		5743	5698	5775		156797	157520	159069	
0.6861	0.6019		3929	3923	4173		166728	165052	168950	
0.1226	0.1514		1701	1675	1700		158028	147562	146842	
0.1513	0.7699		2731	2826	3124		166288	153630	159146	
0.4839	0.0796		2111	2099	2347		162583	157042	161520	
0.963	0.9577		5870	5925	6011		163038	156106	159394	
0.0596	0.6476		2333	2301	2328		160750	155670	157508	
0.7725	0.6265		4476	4384	4496		169057	164177	166173	
0.7857	0.7604		4885	5014	5060		161126	163311	156923	
0.7867	0.1294		2954	3082	2992		168209	166543	163477	
0.9487	0.4776		4244	4233	4240		172463	165475	167857	
0.1714	0.1231		1821	1844	1729		156457	150810	152320	
0.5267	0.2609		2724	2999	2762		155471	158486	152749	
0.3351	0.9969		3977	3717	3742		160296	157210	154718	
0.6041	0.5464		3664	3854	3704		167938	165619	165259	
0.8864	0.5965		4680	4555	4540		167384	161787	168915	
0.5473	0.9758		4511	4508	5288		173002	169335	191893	
0.8778	0.9847		5762	5766	6368		172319	178166	199993	
0.4681	0.4627		3027	3075	3117		162740	163175	169922	
0.5496	0.2856		3128	2845	2931		168026	166175	170594	
0.8839	0.7514		6747	5687	5686		225254	202883	197004	
0.6189	0.0905		2898	2755	2940		194872	184517	188544	
0.3276	0.3729		3099	2492	3192		167099	177536	201138	
0.9426	0.1349		3257	3275	3682		154486	182094	180443	
0.2501	0.5671		2898	2884	3446		165816	167342	187493	
0.1675	0.6019		2582	2528	2787		172511	169746	177671	
0.0753	0.9613		2948	2853	3162		158930	163267	160126	
0.3216	0.8207		3588	3439	3427		160638	157913	165145	
0.9879	0.8554		5834	6281	5700		167481	172102	173166	
0.7409	0.0564		2493	2543	2551		151080	161968	157871	
0.13	0.5521		2633	2436	2525		160050	168812	161320	
0.5922	0.8645		4387	4476	4315		177791	160384	186952	
0.9484	0.6665		5119	5207	4948		165530	153234	151528	
0.3078	0.7805		4810	6745	3796		222744	247451	207293	
0.4955	0.7305		3671	4981	3649		163612	183465	180603	
0.9634	0.5841		5519	5597	4700		217588	217763	186205	
0.6468	0.0799		3336	3765	2840		216617	226860	212582	
0.0928	0.6973		2444	2635	2472		164234	163418	161424	
0.6256	0.6709		4996	4790	5306		226562	225355	220666	
0.8272	0.3197		3550	3521	3646		160788	163230	165874	
0.6928	0.4248		4567	4095	4629		212268	213091	213501	
0.8458	0.8902		5532	5520	6580		168830	160679	215671	
0.5712	0.51		4093	3940	3504		180344	189099	181999	
0.289	0.7786		3319	3889	3247		173428	164944	181713	
0.8026	0.3465		3505	4184	4243		163598	165342	161506	
0.3064	0.8849		4460	4590	4163		213531	217275	208939	
0.7307	0.2446		3262	3718	3985		161167	204370	211483	
0.6325	0.0521		3135	3274	3449		219990	249266	220191	
0.4375	0.2266		2628	2478	2357		162102	171235	161600	
0.5867	0.4734		3570	3333	3299		166710	167294	163479	
0.3004	0.2963		3558	3057	2969		226610	219781	225672	
0.3929	0.8269		3801	4087	3810		175739	171980	176332	
0.9399	0.2736		3700	4731	4632		173113	207230	225554	
0.9131	0.8819		5889	5715	7334		168308	183409	238136	
0.249	0.1476		2513	2764	2552		221112	224303	229805	
0.999	0.3595		4194	4086	4308		183987	165237	165470	
0.6844	0.5043		3916	3787	3769		166005	167624	174765	
0.0862	0.195		2493	1754	1911		237504	177761	167188	
0.4504	0.3252		2753	2673	2662		156386	156633	155773	
0.8297	0.1967		3353	3519	3175		167229	166282	163355	
0.067	0.613		2439	2330	2338		176621	153845	149694	
0.4713	0.7146		3725	3954	3934		164402	168416	182278	
0.3359	0.7178		4099	3954	3214		238534	218766	171603	
0.2122	0.3183		2958	4542	3500		216874	273766	232889	
0.1265	0.5508		3472	2421	2409		213267	175548	164484	
0.1562	0.6066		2504	2533	2651		160266	166554	160932	
0.8062	0.3582		3707	3518	3556		166501	169289	174905	
0.1728	0.3909		2303	2404	2290		166998	166783	168069	
0.9568	0.8515		5699	5635	5669		156903	158964	159428	
0.6272	0.8672		4526	4749	4546		161021	161789	161074	
0.2552	0.4024		2665	2535	2805		171746	173022	171916	
0.4063	0.5987		5075	4746	4736		222883	232218	248945	
0.6552	0.5737		4344	4792	4865		211220	194917	224586	
0.7396	0.4121		4616	4166	3564		217709	208996	158810	
0.4648	0.2863		2863	3925	3901		172503	212537	226849	
0.6709	0.996		6564	4963	5100		227842	203748	190170	
0.9321	0.7061		7859	5979	5721		243512	235672	226916	
0.8691	0.3978		5017	4617	3896		217560	201396	161252	
0.6649	0.669		5666	5344	5898		250163	230637	236077	
0.7569	0.4273		3692	3773	3652		167564	165129	168605	
0.339	0.8917		4525	4962	4539		193424	216720	218031	
0.3719	0.7461		4130	4749	3930		210529	217487	226557	
0.2265	0.552		2910	3381	3464		222160	222306	228498	
0.6121	0.4526		3435	4339	5156		170966	186429	214202	
0.3321	0.9016		3686	3735	3841		161851	180393	167993	
0.8855	0.4072		4018	4063	4077		162361	166888	164214	
0.2176	0.4587		2394	2386	2730		162455	157371	160934	
0.3388	0.1065		2243	1949	1978		173785	172223	170282	
0.1979	0.1435		2033	1971	1911		156861	153546	161618	
0.2669	0.5014		2711	2690	2761		151551	159521	150850	
0.2055	0.4455		2491	2593	2411		161961	163103	167035	
0.2136	0.7411		3812	3855	3796		199865	224350	218705	
0.8439	0.5925		5401	4502	4476		211248	162355	159653	
0.1196	0.9861		2946	2958	3022		154368	154272	156402	
0.5111	0.2337		2629	3054	3159		157396	166579	173144	
0.3991	0.8974		3857	3990	4743		152396	162219	158339	
0.1131	0.95		3429	3376	2930		196318	193156	172169	
0.186	0.2198		1924	1989	2615		183216	164131	196269	
0.3985	0.9614		4086	4068	4129		161393	162412	162128	
0.0913	0.3489		2095	2276	2340		187824	154312	168029	
0.8329	0.4126		3770	3969	3732		155254	166381	170369	
0.7713	0.1714		3059	2938	3075		159330	157138	162514	
0.4974	0.1529		2329	2412	2476		159555	159913	176803	
0.8047	0.1234		2717	2997	2969		155941	155188	172081	
0.1483	0.3022		2439	2124	2325		162422	156809	164261	
0.3724	0.9998		5122	4003	3923		224957	221244	169382	
0.801	0.7115		4785	4573	4566		162529	170597	171364	
0.4982	0.2932		2719	2719	3866		165431	166144	226212	
0.4273	0.1073		2132	2294	2146		163725	163812	161815	
0.4161	0.3723		4275	2654	2623		217832	185954	177283	
0.4035	0.5265		3037	3087	3044		155906	153331	148602	
0.2919	0.558		2835	3017	2825		171613	176649	169212	
0.9961	0.1929		3471	4414	3298		166557	202514	168376	
0.2714	0.2698		2182	2317	2212		161632	163672	165695	
0.5534	0.1379		2616	3504	3829		173637	223259	225190	
0.2322	0.7995		3202	3149	3097		162212	173327	165075	
0.8549	0.8276		5273	6437	5335		155150	160264	161670	
0.6904	0.1326		3313	3419	2746		175253	175473	152634	
0.7112	0.477		3742	4176	3571		194248	169598	158370	
0.8636	0.102		2824	2916	2838		157417	152287	160140	
0.1348	0.2653		1968	3286	1975		151675	173899	148905	
0.4438	0.5731		3264	3367	3271		156778	159260	158783	
0.1086	0.7676		2785	2673	2860		164300	158011	162135	
0.8311	0.2918		3468	3465	3535		174827	166690	167273	
0.6016	0.3177		3250	3055	3029		170581	165973	162430	
0.3493	0.0509		1904	1965	1908		173933	165563	165716	
0.2432	0.2248		2437	3074	2408		187287	189415	182308	
0.1095	0.5119		2298	2596	2274		170008	165565	164946	
0.5907	0.3764		3167	3166	3185		158402	158050	154222	
0.334	0.4139		2799	2806	2655		165018	164287	157513	
0.2224	0.617		2839	2867	2882		159084	153647	158516	
0.4925	0.8893		4387	4319	4141		165953	163257	161600	
0.1466	0.105		1785	1682	1861		165021	159550	159574	
0.843	0.5205		4488	4240	4247		168385	162963	162780	
0.9364	0.7758		5506	5468	5451		169232	160505	161932	
0.3887	0.3533		2651	2617	2692		162821	155452	157567	
0.1366	0.4508		2350	2292	2221		169538	161943	161666	
0.5597	0.3338		3056	3148	2983		170381	163455	163217	
0.9019	0.1334		3351	3114	3262		165683	159673	160615	
0.8341	0.2632		3647	3525	3415		169605	169382	168437	
0.3524	0.2607		2463	2374	2399		161353	157603	157934	
0.1412	0.697		2714	2709	3075		159490	155447	154460	
0.6655	0.2532		3603	3514	3522		186252	181460	182536	
0.4983	0.34		2750	2739	2733		162301	159609	161676	
0.2769	0.4716		2543	2550	2654		175128	170539	171732	
0.6019	0.2134		2684	2672	2822		168471	163274	165180	
0.4206	0.8234		3720	3993	3770		164649	160776	160861	
0.7126	0.4769		4042	3714	3602		175623	168368	167747	
0.79	0.1624		2912	3240	2992		162465	156364	156590	
0.1246	0.5476		3108	2877	2740		194091	188755	190654	
0.788	0.5377		4230	4190	4218		175040	172092	171314	
0.3904	0.2594		2475	2571	2634		158579	154019	153518	
0.5013	0.6643		3843	3820	3666		163913	158045	157615	
0.6681	0.678		4274	4236	4161		161181	154568	156035	
0.5475	0.9531		4458	4599	4683		170217	164319	164713	
0.6991	0.7238		4543	4632	4571		168079	162993	164563	
0.3951	0.9542		3890	3915	3928		165194	161018	159681	
0.1926	0.3892		2252	2329	2312		162557	157909	173964	
0.4888	0.1136		2378	2215	2351		172943	172724	165605	
0.7589	0.5005		4148	4235	4191		163212	157036	154908	
0.6884	0.3648		3481	3419	3364		163938	159505	159704	
0.1363	0.1395		2768	3594	1800		209634	266100	199664	
0.6957	0.1072		2678	2535	2532		171787	169247	165204	
0.9701	0.1524		4445	3740	3489		221965	199775	168125	
0.7923	0.7234		4863	4712	5696		203539	162679	195824	
0.1432	0.8887		3394	4336	2932		178785	193410	149511	
0.1102	0.0983		2646	1964	1674		196696	165047	166379	
0.3833	0.7478		3511	3374	3815		160024	160655	185397	
0.3562	0.7949		3511	3464	3559		160279	160574	161749	
0.329	0.8269		3518	3595	3477		157394	157545	157086	
0.8197	0.2829		3809	4852	4435		178364	227062	224759	
0.2563	0.0674		2765	3056	2716		221207	264123	254036	
0.8097	0.7655		5040	5784	4929		167491	223744	201529	
0.4568	0.3866		3082	3092	4354		191886	167053	232998	
0.548	0.0575		2149	2214	3086		165222	165287	216196	
0.7495	0.9511		6139	5258	5560		199145	162755	170361	
0.4589	0.9187		4049	4130	4163		161075	165087	167073	
0.1277	0.9843		3146	3215	3006		157067	158867	163103	
0.1587	0.986		3184	3156	3345		155830	158472	157773	
0.6018	0.4816		3658	3842	3490		170867	167444	194645	
0.8948	0.4756		4044	4078	4113		173159	195501	163558	
0.9436	0.4617		5406	5437	4222		204137	207717	199233	
0.1094	0.9416		4674	3080	2932		227673	194113	174077	
0.1707	0.3718		2230	2329	2200		164942	165693	163693	
0.8355	0.1165		3024	2843	2782		154216	155035	156982	
0.1841	0.4652		2433	2538	3239		160346	164385	196710	
0.4258	0.254		2541	2545	2593		156824	152348	153782	
0.141	0.5453		2367	2422	2368		163681	158963	160861	
0.5509	0.5903		3951	4109	3938		186650	183537	182862	
0.1915	0.9638		3245	3350	3232		160269	155096	153994	
0.2034	0.504		2706	2620	2681		157682	149297	149274	
0.4961	0.5443		3362	3362	3303		171237	167469	165221	
0.4194	0.4295		2869	3067	2938		163195	158784	158305	
0.2614	0.5295		2699	2696	2670		169102	165120	165715	
0.976	0.0915		3819	3547	4413		208876	217157	245608	
0.0552	0.7078		2393	2420	2375		159656	162429	171646	
0.0606	0.7334		2404	2519	2451		159902	179447	171024	
0.523	0.5718		3878	3429	3700		169030	164346	159217	
0.2806	0.806		3289	4056	3987		175405	231692	231501	
0.78	0.1148		4102	3534	3369		228666	226592	227122	
0.4418	0.3438		3971	4020	4139		232231	231860	252679	
0.4104	0.6874		4614	4662	4039		231701	230203	200313	
0.1942	0.4591		2900	2582	2573		231096	205087	190450	
0.0515	0.0889		2289	2579	2241		231988	230323	223814	
0.3285	0.8184		3550	3411	3557		163132	161756	160625	
0.2468	0.4882		2548	2474	3706		164980	163526	203575	
0.0982	0.225		2572	3064	1827		228084	224723	171713	
0.1631	0.7695		2884	3079	3672		159623	160496	165086	
0.1532	0.2492		1882	1975	1867		162382	164689	167474	
0.6783	0.8307		5499	5210	4563		212611	162080	170700	
0.3366	0.333		3557	2798	3383		222768	223445	226184	
0.9774	0.1004		3473	4120	4451		172890	209367	206137	
0.693	0.9044		4989	4951	5083		159564	161975	162517	
0.7822	0.7349		4651	4914	4717		162070	165640	165396	
0.8845	0.3063		3749	3748	3651		170256	167314	184056	
0.7186	0.2905		4395	3957	4624		220062	232794	226181	
0.2057	0.7352		2829	2949	2888		172151	169749	171755	
0.6412	0.3515		3775	3121	4481		187285	189084	270153	
0.0638	0.495		2284	2207	2347		166033	171290	164787	
0.3735	0.1612		2241	2204	2343		168847	181497	173914	
0.1667	0.964		3370	4070	3868		155012	177573	210981	
0.998	0.8298		5637	5616	6552		156460	157901	160100	
0.6821	0.6169		3964	3967	3916		172919	172327	169726	
0.7245	0.1257		3045	2944	2854		163036	158260	169820	
0.3987	0.1078		2766	2094	2199		167232	163296	166039	
0.6625	0.7714		4525	5185	4718		206222	175573	167495	
0.5087	0.6398		4143	4721	3773		174886	194564	230688	
0.5696	0.6317		6515	5808	5610		249119	251235	244331	
0.8779	0.2204		5089	3688	3999		236142	226503	224039	
0.4791	0.6195		3738	3484	3384		175393	166793	169862	
0.6312	0.22		2872	2778	2754		169268	162988	168067	
0.5631	0.1418		2624	2681	2601		170618	156069	151289	
0.1438	0.353		2229	2217	2467		176675	161894	172032	
0.4994	0.9811		4567	5366	5757		202773	191110	207796	
0.3056	0.1704		2298	4423	2560		208945	223152	224420	
0.7342	0.5619		4995	4988	5002		214109	214907	210912	
0.5245	0.8429		6195	5532	5381		220965	230133	227681	
0.8574	0.3867		3909	4309	3896		164862	181547	167245	
0.4546	0.3383		2847	2806	2737		160909	155263	160397	
0.9703	0.5831		5667	6980	6563		221203	239061	241069	
0.1003	0.5533		3433	3487	3377		228436	218280	209551	
0.7714	0.1581		2931	2967	2925		163056	165108	157329	
0.2688	0.2397		2683	2580	2541		193340	194099	192210	
0.921	0.3751		4077	4101	4013		160746	173209	168576	
0.9222	0.3721		4790	5160	4557		226598	220555	220927	
0.6258	0.9534		5076	4994	4891		173811	166854	165812	
0.2528	0.8923		3433	3389	3431		176838	166948	168354	
0.1808	0.3285		2279	2151	2121		165592	159320	158399	
0.6142	0.2751		3096	3066	3075		175751	166898	166329	
0.4793	0.7131		3722	4156	3739		175354	196273	168447	
0.7394	0.0905		2579	2627	2584		179356	173240	168911	
0.5031	0.3614		2900	2892	2951		160658	152338	151179	
0.1279	0.8495		2896	2907	3027		172021	163902	166012	
0.1185	0.3392		3014	2531	2009		201724	197699	168163	
0.4397	0.5665		3372	3396	3328		167346	180122	170411	
0.6403	0.7357		4321	4165	4207		172243	171758	168375	
0.7405	0.2444		3853	3152	2960		220009	166712	158522	
0.0532	0.9117		3150	3145	3125		184062	184667	180759	
0.6666	0.2304		3077	2941	2867		160022	160448	158438	
0.2189	0.8023		3593	3507	3851		221383	194318	196408	
0.6882	0.6308		4511	5280	4587		193805	219489	177948	
0.1639	0.8356		3017	3055	2950		159547	162709	162894	
0.2213	0.6598		3735	2866	2839		208138	161335	162452	
0.2495	0.6617		2855	2993	2950		159593	161586	159157	
0.8357	0.9674		5392	5488	5466		167645	166381	166085	
0.5515	0.2621		2860	2810	2845		177539	162940	172041	
0.249	0.8753		3604	3598	3779		185178	186128	181442	
0.711	0.4442		3991	4203	3686		182106	187059	187223	
0.9246	0.7752		5553	5570	5847		178011	184497	186136	
0.771	0.6603		4947	5162	5413		185704	187514	195942	
0.2366	0.9862		3418	3427	3392		162120	161859	162673	
0.4544	0.3893		2944	3015	2897		150963	151337	149953	
0.9694	0.1997		3619	3497	3377		165764	167097	167193	
0.7453	0.4305		3596	3814	3597		151422	154438	152985	
0.5021	0.8698		4250	4173	4110		165330	167454	166038	
0.9075	0.7084		5196	5067	4992		168147	170414	173993	
0.3733	0.6852		3189	3409	3974		155258	165225	196521	
0.1541	0.1679		1800	2284	2208		158860	184042	181908	
0.8664	0.213		3346	4090	3198		163100	170878	173204	
0.354	0.7164		3927	3438	3343		160508	160051	166080	
0.7871	0.5593		4777	4273	4219		165685	162672	167292	
0.8257	0.7401		5400	4888	4720		181489	171355	162857	
0.315	0.3393		2513	2628	2556		151725	157918	157831	
0.4094	0.0661		2122	2054	2761		148733	152393	156736	
0.7463	0.7113		5253	5259	4382		180054	200309	156951	
0.9944	0.9727		6090	6136	6265		152482	153774	153324	
0.6284	0.1335		2651	2630	2646		149511	151603	150752	
0.1146	0.2234		1848	1927	1843		155183	157901	157080	
0.1254	0.5214		2416	2384	2355		151239	152790	152293	
0.9699	0.3558		3957	3861	4021		167213	170768	168910	
0.3941	0.4377		2837	2784	2893		162953	163204	165193	
0.2521	0.3702		2338	2567	2345		154910	157639	157937	
0.8426	0.8745		5157	5119	5169		166645	168877	168040	
0.3912	0.2127		2714	3392	2383		202816	229874	171583	
0.1219	0.7804		3396	3058	3085		202792	187361	180801	
0.2786	0.718		3251	2973	3133		155385	156438	173133	
0.7022	0.5943		4476	4009	3982		171402	173680	157909	
0.2274	0.7224		3152	3002	3024		164601	172800	165810	
0.9182	0.0846		2878	2893	2896		157595	156845	153648	
0.197	0.7212		2982	3002	2846		154060	156859	152177	
0.836	0.1126		2726	2744	3193		150875	153694	177195	
0.5346	0.2797		2787	2897	2803		161966	164057	164578	
0.5956	0.6339		3948	3894	3986		159214	159275	159094	
0.6476	0.9006		4781	4867	4891		157304	158620	160091	
0.0893	0.2446		1851	1900	1883		156579	156959	157430	
0.3789	0.2003		2495	2376	2288		163109	163217	162222	
0.5246	0.1208		2405	2497	2247		158202	159672	158938	
0.2231	0.8628		3324	3395	3433		162059	169172	181662	
0.8742	0.571		4466	4378	4367		168476	172101	162324	
0.1958	0.9664		3507	3337	4947		156709	156275	207689	
0.9654	0.1396		3455	3319	3383		164432	165820	165661	
0.4494	0.8874		5011	4152	4099		197748	160192	161600	
0.1215	0.676		2877	2978	2885		183723	182903	181271	
0.5271	0.9803		4599	4416	4355		160708	161525	160659	
0.9673	0.6145		4720	4753	4773		167058	167114	165835	
0.4907	0.8586		4076	3993	3967		160399	162547	160611	
0.0605	0.8995		2696	2698	2781		152623	153774	155289	
0.7582	0.5121		4086	4199	4070		175932	177725	174675	
0.499	0.9423		4251	4229	4243		163882	165012	165127	
0.4144	0.1477		2698	2744	2680		188931	190340	188657	
0.3502	0.3845		2691	2789	2713		163754	165168	163955	
0.9779	0.3632		3874	3922	3916		163218	162999	162680	
0.7433	0.9438		5751	5779	5680		193897	196015	195895	
0.3703	0.2835		2527	2649	2467		149350	148658	148178	
0.3285	0.2328		2284	2347	2235		158946	159246	160527	
0.3745	0.3428		2489	2467	2505		158765	162337	158584	
0.9535	0.8828		5805	6083	5819		163663	166124	164968	
0.4993	0.8563		3935	3990	4111		159285	159384	161193	
0.769	0.3137		3338	3355	3570		155064	156616	155187	
0.3803	0.9899		3950	4179	3954		154406	154032	153913	
0.0861	0.977		2907	2906	3035		152022	152677	152497	
0.9528	0.7022		5047	5037	5132		161878	162105	162445	
0.9598	0.1531		3240	3206	3197		160429	159482	161020	
0.5728	0.9057		4713	4471	4553		162641	164131	164615	
0.485	0.6548		3823	3503	3520		165608	166214	164527	
0.1346	0.1173		1668	1736	1896		153450	154465	154930	
0.8142	0.8794		5352	5520	5321		156551	156160	157631	
0.4265	0.6126		3200	3255	3268		157338	157964	155983	
0.1168	0.9654		3113	3065	3072		152580	151573	154959	
0.4323	0.3066		2564	2606	2621		157905	156576	157156	
0.9695	0.5271		5158	4651	4661		188045	162568	158728	
0.613	0.997		4853	4792	4824		162920	161718	161748	
0.1506	0.4909		2325	2431	2275		158358	159124	157647	
0.6181	0.4475		3333	3348	3314		155317	155280	157712	
0.7416	0.571		4107	4051	4204		143837	147905	146358	
0.1681	0.9683		3197	3173	3347		162083	161813	163825	
0.2407	0.9521		3357	3395	3407		154617	154756	153284	
0.2622	0.1482		1994	2002	2006		158786	155311	159032	
0.8798	0.8052		5302	5400	5329		162519	161155	159904	
0.9534	0.4714		4220	4271	4282		162542	161762	161616	
0.6084	0.2377		3172	3207	3271		187366	186497	185591	
0.05	0.6546		2417	2437	2439		156483	155274	155850	
0.2364	0.403		2504	2447	2396		153160	153133	161336	
0.4084	0.2162		2458	2383	2382		182425	169555	170312	
0.5975	0.9644		4648	4631	4645		168536	169439	167995	
0.7108	0.9546		5755	6657	5481		192382	232450	184682	
0.4418	0.5399		3294	3239	3291		162265	162290	160959	
0.3217	0.847		3520	3611	3518		160791	166384	160613	
0.271	0.7225		3058	3060	3032		158573	160405	161080	
0.5559	0.9581		4568	4468	4496		164209	163693	166934	
0.3002	0.0855		1920	2027	1941		155952	155868	156465	
0.5642	0.5983		3678	3713	3757		165254	167311	163469	
0.9643	0.0981		3221	3003	3021		165623	166493	168320	
0.3854	0.1351		2197	2217	3050		161127	160676	172633	
0.9137	0.6007		4935	5153	5061		168654	188582	187125	
0.4985	0.4982		3548	3053	2993		177870	196181	157081	
0.097	0.7189		2612	2555	2549		165945	159651	167858	
0.5595	0.7228		3956	3956	3874		161959	160887	159955	
0.6453	0.1671		2837	2714	2706		154415	153990	153373	
0.4434	0.5634		3417	3305	3290		158359	156757	162884	
0.4785	0.5142		3356	3271	3270		159976	157524	156225	
0.4251	0.0627		2194	2125	2088		162109	161545	161084	
0.2763	0.1019		1973	2108	2496		157610	157492	188275	
0.2206	0.5484		2791	2800	2702		149452	149517	146887	
0.607	0.8147		4391	4508	4388		162380	163680	159869	
0.4584	0.9694		4946	6229	4185		185934	222487	165009	
0.5186	0.5593		4141	3367	3358		218154	170648	171174	
0.4466	0.7899		3874	4042	3830		149859	148517	149691	
0.3336	0.9557		4568	3737	3712		230118	192139	159614	
0.9688	0.149		3286	3296	3294		172911	170256	169794	
0.754	0.2715		3373	3292	3304		173624	163513	164372	
0.7221	0.6846		4509	4901	5285		203500	177417	195180	
0.7235	0.9501		5222	6129	5401		159812	181443	170015	
0.2071	0.8724		3191	3070	3044		161940	171814	162274	
0.5965	0.875		4619	4556	4405		156603	155730	169700	
0.1476	0.6445		2652	2583	2650		156208	154486	159062	
0.4455	0.6417		3583	3803	3433		163017	164363	159410	
0.5627	0.5079		4265	3687	3641		176534	164716	165608	
0.4387	0.9975		5085	4910	4618		194333	195840	184399	
0.9565	0.9424		6186	6118	5909		170299	169777	171181	
0.4635	0.3991		3003	2982	2908		155427	155417	153028	
0.3255	0.1364		2128	2108	2110		162903	168394	154249	
0.0528	0.7783		2594	2889	2487		158085	160065	159268	
0.5129	0.1917		2678	2634	2628		166946	173189	165404	
0.0974	0.7864		3541	3249	3560		227160	206351	214538	
0.7299	0.2849		3223	3388	3239		166338	157600	152659	
0.116	0.4882		2204	2281	2182		158211	156554	150610	
0.4396	0.0517		2113	2247	2103		167142	163224	160676	
0.1451	0.5103		2446	2369	2371		173316	168187	163226	
0.5298	0.148		2431	2486	2413		163322	157653	162806	
0.1809	0.7887		2918	2928	2946		157781	154795	153217	
0.8288	0.8025		5264	5463	5736		173604	174261	178723	
0.9178	0.0977		2944	3076	2978		163456	156371	155092	
0.348	0.4267		2753	2968	2744		168096	161095	160628	
0.4656	0.3919		2953	3168	2897		169839	172540	163365	
0.8893	0.2987		3627	4651	3635		163563	175742	159596	
0.2084	0.6561		3309	2771	3404		160146	152336	155236	
0.2485	0.6888		3088	3033	2958		181902	162310	161395	
0.2915	0.6012		3824	2988	4189		218629	210432	227901	
0.9816	0.7645		5689	5950	7055		167527	183293	222631	
0.6923	0.6409		4186	4242	4248		159606	159809	158552	
0.2156	0.7956		3022	3010	3058		157160	157427	155892	
0.6606	0.4911		3488	3570	3504		173146	163497	161516	
0.8367	0.756		5228	5219	5060		160624	162802	158084	
0.7181	0.5901		3953	3955	4017		155981	157345	155916	
0.4679	0.8106		3893	3844	3942		161101	161031	160493	
0.8096	0.7193		4672	5491	4630		158397	185428	174302	
0.532	0.1243		2369	2547	2355		162118	159910	157740	
0.0819	0.7935		2681	2701	2768		155794	153772	151059	
0.4886	0.6168		3396	3515	3512		169055	167971	166590	
0.705	0.381		4655	4126	3923		203511	186151	183287	
0.8018	0.8306		5461	5197	5220		166725	162596	163042	
0.9765	0.7115		5154	5298	5162		170576	171705	168773	
0.3231	0.4455		2817	2792	2704		155751	155446	153431	
0.3302	0.244		2296	2234	2331		162125	159243	160970	
0.5311	0.1583		2581	2660	2541		160453	162652	162488	
0.4476	0.47		3441	3518	3444		186850	189287	188567	
0.6035	0.5104		3869	3769	3914		209121	181301	175712	
0.586	0.9206		4988	5085	4989		182416	183921	182792	
0.617	0.2924		3160	3059	3134		161688	159457	161236	
0.0617	0.2542		1819	1955	1860		157111	159017	162451	
0.8418	0.7597		5045	5022	5039		181593	165995	165168	
0.9547	0.4632		4314	4233	4272		163699	165000	163348	
0.1141	0.6013		2375	2477	2380		175049	172756	178436	
0.5372	0.2058		2678	2743	2705		162298	164419	161907	
0.1938	0.106		1834	1849	1850		163887	166952	164561	
0.3641	0.2771		2604	2433	2455		156871	157605	155631	
0.3715	0.6472		3213	3366	3159		162589	163731	161154	
0.9596	0.6648		5085	5127	5182		161121	161415	162518	
0.9476	0.4388		4240	4809	4266		167290	177214	199965	
0.289	0.9075		3602	3509	3518		166846	167696	167797	
0.3772	0.6775		3421	3360	3367		171496	174158	180018	
0.5058	0.9764		4894	4817	4880		190015	191112	189767	
0.9355	0.5153		5899	4602	4572		212237	159731	160167	
0.366	0.6961		3547	3497	3346		160302	160690	160911	
0.9774	0.6923		5143	5194	5134		151614	151349	152808	
0.1419	0.2463		1972	2018	3625		159378	165483	214791	
0.4269	0.4294		3067	2829	2855		164570	163152	163475	
0.4497	0.079		2670	3662	2516		203974	214761	160585	
0.2305	0.9324		3311	3387	3714		159742	167595	184978	
0.3305	0.66		3293	3328	3237		159522	154620	151776	
0.2305	0.748		2938	3020	2984		159750	158055	157102	
0.0931	0.2118		1905	1763	1926		159364	159241	157804	
0.4165	0.7407		3516	3611	3502		161930	163589	160419	
0.2228	0.1653		1972	2001	2086		156965	155662	154271	
0.2798	0.9193		3419	3744	3529		154672	152994	152288	
0.9691	0.2698		3798	3990	3912		165531	166387	164103	
0.8335	0.1794		3200	3039	3295		155911	155739	155113	
0.9955	0.3582		3953	3943	4062		166006	167560	165881	
0.8805	0.9605		5877	5858	5766		169895	169354	167751	
0.0675	0.2413		1808	1908	1856		159442	159022	156667	
0.9217	0.7152		4947	5032	4972		158014	158343	157919	
0.794	0.5991		4334	4297	4317		165789	165583	168945	
0.3249	0.7554		3365	3382	3386		157627	158143	156571	
0.871	0.661		4818	4665	4796		156370	159114	160307	
0.321	0.6156		3162	3132	3171		154070	159264	156997	
0.9718	0.4063		4221	4204	4208		160084	157917	156087	
0.0846	0.7819		2643	2642	2688		155104	157396	156607	
0.0799	0.7919		2679	2795	2700		149174	151954	150539	
0.0777	0.548		2628	2641	2767		176388	177266	180537	
0.4632	0.2796		2681	2818	2763		151457	151930	153413	
0.4316	0.377		2906	3019	2893		161648	163564	165380	
0.4857	0.0768		2397	2163	2189		182382	170953	168802	
0.4226	0.5703		3414	3209	3237		165412	165047	165626	
0.6762	0.7497		4339	4510	4388		160759	174242	160886	
0.9899	0.9642		6424	6085	6189		169430	167037	165790	
0.9015	0.8199		5354	5352	5481		162260	160408	162505	
0.3974	0.2051		2444	2502	2400		164679	163993	164096	
0.4829	0.0933		2291	3533	2141		164180	215546	158284	
0.5141	0.5037		3334	3350	3531		153888	153729	157020	
0.8254	0.1787		3077	3165	4468		157213	156946	208108	
0.2112	0.1348		1919	3067	2103		169539	214339	205920	
0.5459	0.5205		3486	3784	3435		163258	169325	161367	
0.051	0.4665		2155	2290	2071		163043	161641	161832	
0.6081	0.5325		3712	3673	3673		160453	161239	160515	
0.6802	0.4428		3475	3621	3514		157721	159980	166658	
0.8194	0.087		2675	2715	2688		165934	165927	165867	
0.9953	0.7682		5761	5578	5728		158842	158415	159859	
0.5654	0.606		3775	3809	3690		164567	164688	169840	
0.8165	0.1317		3260	3167	3051		149474	149938	149922	
0.0959	0.5953		2543	2421	2414		157830	159842	158100	
0.3917	0.1849		2251	2254	2245		154516	155505	157069	
0.4635	0.7114		3690	3676	3593		163189	160619	161017	
0.4901	0.6688		3739	3570	3675		157251	155570	157030	
0.265	0.2585		2297	2294	2265		157830	154410	155006	
0.9179	0.4507		5392	4364	4131		172577	167198	168497	
0.3715	0.7824		3643	3504	3507		165552	165645	166189	
0.9225	0.7569		5841	5801	5842		191554	188228	191839	
0.4996	0.9514		4337	4237	4212		181571	165381	162542	
0.7267	0.5371		5600	4973	5295		225034	238813	240541	
0.114	0.3132		3022	2832	2616		230336	242792	219850	
0.3166	0.3737		2513	2683	2490		161380	159430	170090	
0.6762	0.9682		5349	5059	6270		169077	187417	234036	
0.9217	0.9925		6695	6291	7395		245504	185596	228918	
0.7769	0.8853		6360	6028	11159		226106	226728	238630	
0.6437	0.616		5478	4008	3927		235740	200826	159911	
0.2539	0.9978		3557	3658	3761		156685	156266	155033	
0.8935	0.18		3449	4111	3895		182987	224015	221649	
0.896	0.8721		6786	6076	5537		237437	201307	190982	
0.469	0.4656		3148	3732	3488		191432	196142	186918	
0.158	0.9504		4176	4884	4623		216611	275257	253053	
0.6394	0.2981		3793	3974	3915		215782	210501	178543	
0.1137	0.5447		2813	3091	2341		209618	205234	153937	
0.1652	0.9467		3775	3864	4081		233444	251265	233637	
0.8723	0.7585		5086	5266	5201		163469	166271	165093	
0.428	0.2836		2621	2751	3174		159952	193609	197337	
0.275	0.6304		3694	3228	2983		171119	167416	157450	
0.122	0.4694		2837	2475	2194		182621	173519	164975	
0.3936	0.8199		3736	3765	3667		163517	159476	158793	
0.2333	0.5989		2848	2765	3283		155840	160869	157238	
0.3982	0.975		4039	4135	3942		159544	164956	155317	
0.1045	0.1328		2566	2830	2220		238762	242063	216062	
0.1579	0.3106		2230	2090	2422		164810	160694	164062	
0.822	0.4094		3888	3814	3900		165996	158336	161021	
0.2276	0.8147		3175	3303	3165		165306	158422	160470	
0.1771	0.0695		1749	1869	1949		174425	163131	161588	
0.236	0.8658		3187	3203	3175		176755	165543	164251	
0.7085	0.0648		2512	2597	2506		177176	166285	164694	
0.5163	0.3805		3172	3163	3038		167213	169056	168373	
0.4964	0.1412		2338	2769	2344		158919	174056	161967	
0.5828	0.3157		3023	3081	3104		168368	162026	156789	
0.0702	0.6702		3287	3631	3709		219255	217501	219265	
0.3725	0.5094		3502	3396	3635		192796	185322	183408	
0.9954	0.5416		4925	4852	4679		177490	169018	166400	
0.146	0.3348		2315	2060	2578		163102	167748	171163	
0.7558	0.3905		3607	3581	3764		172197	162082	160584	
0.4426	0.5209		4156	4151	4323		219156	224817	220835	
0.1662	0.5958		4418	3461	3517		235459	228814	191545	
0.6273	0.3607		3872	3656	3404		183361	170178	168005	
0.0717	0.301		1909	1895	2139		169767	158590	155216	
0.8821	0.5855		4632	4669	4620		170272	159404	159675	
0.2609	0.2921		2409	2344	2305		171378	164433	162885	
0.2323	0.4981		3021	3077	2981		196134	187613	190103	
0.8497	0.0557		2671	2681	2692		172357	163490	164675	
0.4367	0.8195		3851	3974	3803		168471	160980	160796	
0.8679	0.2817		4030	3631	3625		175098	165810	164181	
0.0574	0.5751		2219	2259	2272		156702	149445	149240	
0.462	0.931		4146	4131	4162		167616	161185	163425	
0.3537	0.3385		2557	2555	2516		163098	155512	155823	
0.3436	0.2661		2645	2412	2379		159977	149992	149416	
0.6599	0.5516		4039	3968	3824		172865	165791	162630	
0.1312	0.519		2350	2514	2434		165911	162897	160418	
0.5442	0.4043		3242	3163	3552		166538	160088	182587	
0.2133	0.8887		3700	3568	3730		185153	178637	194458	
0.7023	0.9303		5001	4965	5028		163956	157699	155388	
0.3301	0.3784		2589	2744	2589		165297	159735	156807	
0.1965	0.5408		2693	2664	2810		167371	163633	161142	
0.1209	0.7337		2673	2558	2589		169496	162761	162270	
0.759	0.5895		4131	4072	4096		169374	164282	163402	
0.5581	0.3773		3248	3156	3078		163326	156121	173715	
0.4902	0.6248		3390	4632	3463		176404	209475	187301	
0.1769	0.8124		3122	4148	3859		167669	212489	214343	
0.6782	0.6874		4385	5436	4289		210781	230889	203181	
0.8583	0.9577		6125	5975	7578		159203	180793	213357	
0.6928	0.1911		3159	3374	2914		192397	211696	182079	
0.925	0.5422		5074	4605	4917		191196	192467	203972	
0.7473	0.1778		3140	3357	3891		179147	183034	184483	
0.8495	0.9901		6073	6007	6072		194624	182035	178669	
0.0823	0.1955		1910	2191	1894		204056	208935	233136	
0.3113	0.1241		2725	2568	3197		202744	202807	207435	
0.0726	0.4758		2934	2895	3292		211430	206458	208189	
0.2866	0.5195		2806	3090	2782		189050	187833	198939	
0.5889	0.4991		3380	4319	4366		191008	221482	232133	
0.9802	0.8057		5670	6196	6213		162807	189317	191386	
0.8068	0.9785		5913	6017	5393		192417	186789	166181	
0.8395	0.8237		5329	5381	5113		186230	186211	180190	
0.3543	0.1393		2219	2158	2198		164735	166093	163781	
0.207	0.1591		2151	1946	1916		163829	162745	162430	
0.1329	0.1398		1902	1934	1724		161857	160221	157614	
0.2006	0.2861		2253	2471	2224		166762	166422	165953	
0.4207	0.1412		2336	2321	2297		148908	149418	150936	
0.773	0.9385		5286	5425	5335		166978	167943	165969	
0.8033	0.9028		5365	5896	5546		150226	152332	146846	
0.5948	0.8032		4390	4321	4314		164960	169228	165475	
0.401	0.5408		3194	3100	3239		166082	162973	162374	
0.1518	0.9355		3558	3477	3441		198336	195364	194760	
0.395	0.6284		3370	3427	3334		159354	159317	156324	
0.2559	0.6237		2937	2954	2906		168957	167887	168097	
0.7086	0.9443		5265	5053	5244		157217	158781	156687	
0.1565	0.6548		2830	2786	2765		161182	162632	159369	
0.2221	0.4194		2417	2394	2521		154276	154336	154170	
0.5328	0.3564		2975	3088	2989		164317	167606	165235	
0.3122	0.8087		3462	3303	3475		163992	165025	164270	
0.6522	0.6186		3980	4023	3953		165450	160239	159668	
0.1768	0.0691		1727	1712	1748		155886	152992	156028	
0.7901	0.373		3525	3509	3473		164966	166233	164979	
0.6606	0.8119		4627	4548	4687		159076	153992	152481	
0.612	0.1812		2683	2692	2675		166867	165509	169500	
0.705	0.8041		4752	4653	4627		161680	161292	163266	
0.855	0.284		3709	3550	3557		159739	159158	158250	
0.99	0.2483		3600	3410	3553		154896	155718	155116	
0.9808	0.1227		3214	3036	3037		158452	153851	151208	
0.4482	0.6731		3535	3663	3636		160704	159101	158436	
0.6531	0.3742		3134	3149	3196		160147	160262	159561	
0.1075	0.5418		2313	2335	2317		161825	160951	160499	
0.745	0.9277		5064	5111	5070		159428	159841	158397	
0.2194	0.3361		2460	2297	2210		154264	153812	152330	
0.7927	0.8446		5101	5157	5033		166208	164292	162934	
0.0723	0.5305		2310	2184	2454		150257	149979	150807	
0.4724	0.5752		3433	3401	3385		158494	156355	157937	
0.6971	0.8604		5612	5050	5421		184926	172632	175435	
0.5394	0.6515		3756	3893	3923		167156	167874	172598	
0.1766	0.4533		2989	2716	2733		176118	175559	175204	
0.4748	0.3425		2865	2836	2733		163007	158964	153186	
0.3324	0.4129		3429	2953	2621		191123	211026	187549	
0.309	0.7918		3377	3433	3365		162321	156267	172040	
0.7946	0.2995		3398	3546	3413		162135	161925	161619	
0.9648	0.9079		5981	5978	5951		165465	166535	161880	
0.2735	0.8603		3531	3417	3450		158946	158269	160073	
0.1499	0.2142		1903	1944	1924		153583	154707	154324	
0.185	0.2002		1941	1945	1948		162864	164222	160402	
0.6865	0.4301		3490	3696	3462		164005	161991	160951	
0.0503	0.6917		2449	2392	2490		161977	162132	159060	
0.4223	0.5879		3390	3244	3226		168223	167387	166381	
0.6793	0.844		4800	4614	4673		165195	164879	165750	
0.3933	0.4028		2749	3298	3378		189176	191204	217216	
0.9422	0.7331		5789	6003	5717		197785	193840	201870	
0.6553	0.5128		3785	3896	3740		151871	154135	151193	
0.6988	0.1334		2929	2768	2890		158750	160945	160012	
0.7042	0.4302		3642	3961	3645		190965	174910	173936	
0.2579	0.5094		2737	2731	2733		170978	163783	158836	
0.8836	0.1363		3578	3451	3134		182897	184325	191495	
0.2983	0.301		3981	4127	2956		200052	207238	212009	
0.1312	0.7825		3173	3787	4740		196320	188752	197894	
0.7782	0.4741		4309	3851	3875		210206	208522	185099	
0.5257	0.5372		3772	3709	3690		197487	199171	193581	
0.7195	0.388		3885	3909	3964		190862	190052	184158	
0.1306	0.8992		3284	3001	3294		179624	188391	194933	
0.4249	0.4102		3499	3052	3182		188593	187897	185037	
0.4007	0.4483		3207	3636	3704		199876	210053	194072	
0.3864	0.3853		2991	3178	2783		191757	199556	185389	
0.1034	0.2424		1910	1958	2265		195041	189876	186846	
0.456	0.2684		2726	3688	2750		183132	182081	179787	
0.4626	0.3717		2810	2808	3011		185616	182262	182295	
0.7912	0.6974		5132	5144	4836		195272	191258	194801	
0.3497	0.9763		4017	4110	4015		186571	180366	180552	
0.1845	0.2452		2162	2341	2331		189708	186766	184905	
0.134	0.7944		3253	3468	3827		186919	182574	209060	
0.3266	0.2701		2493	3105	3026		184716	182607	186050	
0.5228	0.549		3484	3543	3503		170117	159904	192450	
0.1895	0.9426		3434	3293	3391		179548	171130	171901	
0.8761	0.4153		4401	4005	4161		173345	175273	173634	
0.3822	0.7598		3719	3801	4026		164403	162584	176245	
0.0524	0.6823		2737	2430	2933		212030	182530	186129	
0.3828	0.4892		3056	3209	2942		192431	192734	194359	
0.6765	0.5875		5187	5503	4665		235627	202559	175096	
0.3124	0.285		2633	2885	2550		186964	195489	188086	
0.4008	0.2388		2321	2692	2550		187092	187414	190692	
0.9847	0.7702		5657	5773	5955		180945	181557	185403	
0.2017	0.5872		3660	4758	3322		207081	234857	198134	
0.7963	0.7234		6001	4713	4868		207534	201999	196280	
0.7499	0.6708		4419	4923	4946		200274	206736	205111	
0.5699	0.8873		4500	5991	4896		198302	208988	179804	
0.7064	0.9164		5619	5108	5755		194491	190207	178176	
0.2104	0.9005		3607	4173	3339		188503	190596	192858	
0.1943	0.8952		3588	3206	3805		193056	191466	195678	
0.1588	0.5501		2981	2969	2914		189882	183563	180499	
0.1093	0.6174		2749	2496	2434		193755	170106	170903	
0.7462	0.4442		3855	3786	3652		172675	166209	168903	
0.9922	0.3317		3871	3894	4065		173368	168240	170534	
0.4687	0.7703		3860	3811	3897		168384	162368	166214	
0.9354	0.9891		5950	6260	6507		165749	168650	192704	
0.084	0.5599		2252	2275	2286		158081	158357	164007	
0.1302	0.3066		2447	2559	2035		179779	184224	159242	
0.1133	0.4167		2935	3056	2179		223528	217296	197157	
0.991	0.4098		4602	4294	4270		171799	168629	168200	
0.6587	0.9649		5085	4912	5678		164234	162125	173821	
0.2513	0.8048		3852	3435	3747		197424	196749	190463	
0.584	0.5933		4247	4825	5224		223397	249639	229509	
0.7139	0.7088		4631	4368	4552		181221	182061	183734	
