6	7	
0.4762	0.2719		15809	12611	12881		163444	150167	153716	
0.1416	0.771		14377	11975	12162		159803	151389	149782	
0.7219	0.2916		15388	14595	14287		178056	161973	161064	
0.3162	0.3291		12167	11870	11974		169305	156819	157362	
0.6378	0.0965		22021	19131	24153		242387	237675	240606	
0.6853	0.504		19506	19695	20639		209567	214381	242522	
0.9777	0.1821		19945	22148	20297		208633	212753	208608	
0.6176	0.4216		13673	17575	13701		178501	187030	159498	
0.8436	0.4518		15128	14734	14911		166686	161924	176141	
0.9375	0.9172		17367	19402	16725		163392	166350	164823	
0.0881	0.9303		12535	13880	12310		153080	165661	154662	
0.8664	0.9645		16624	16887	16518		166586	168409	167391	
0.1863	0.1448		11727	11448	16944		188336	171066	201858	
0.5835	0.1782		13717	12911	20033		160928	167046	218204	
0.9408	0.9617		17238	25973	28823		186751	252545	268792	
0.3713	0.518		18625	20070	19076		218768	216174	216872	
0.3377	0.5078		17908	19387	19313		236988	228944	222753	
0.4952	0.254		12839	17258	19353		174026	234216	219705	
0.6427	0.8193		15067	15095	15580		163982	167979	176633	
0.7445	0.8165		21250	22077	23430		247060	221296	232572	
0.0848	0.1415		10864	14038	10898		167786	169546	164574	
0.2465	0.1078		11417	11472	12066		170501	174228	189553	
0.7226	0.2442		20862	20149	20062		223210	232204	245373	
0.5493	0.7387		16892	14485	19731		182448	167661	192258	
0.1426	0.2254		15191	11710	14945		193002	162672	171291	
0.967	0.4069		21418	23615	22252		220401	217154	218558	
0.4111	0.1815		16820	12546	17138		188806	165098	175070	
0.1144	0.2168		17954	16916	17821		219146	217565	200211	
0.24	0.9625		16807	13151	16390		186663	152579	160154	
0.8211	0.6279		16319	15660	18951		171629	156673	192015	
0.0721	0.392		17103	17006	18961		216013	217658	201393	
0.7584	0.8341		16069	16314	18343		164765	160644	164598	
0.9349	0.7531		23151	16991	17262		200761	158117	158217	
0.0683	0.4111		11212	11829	11538		153504	156068	152154	
0.1458	0.647		12246	12192	11981		154515	155362	153194	
0.7161	0.412		14582	14570	14146		158196	158597	161088	
0.0624	0.0564		10996	10774	11181		166666	165809	168673	
0.9362	0.2324		16832	15364	14992		182302	176283	164489	
0.7068	0.921		15907	15841	15701		152466	152583	152762	
0.8925	0.7328		16375	16118	16072		164738	161289	160370	
0.4745	0.652		21550	20070	19515		290719	232678	229066	
0.88	0.7789		17028	16730	17629		166449	163065	164176	
0.6598	0.3505		14240	14153	13836		163928	164800	162918	
0.7256	0.3302		14466	14191	14451		159574	159258	161225	
0.2297	0.9005		13384	13288	13266		151090	151391	148149	
0.82	0.944		16988	16478	16658		159789	159765	162179	
0.4051	0.7808		14555	13746	13702		163421	152434	149955	
0.7695	0.395		14823	14697	14652		171742	170214	166703	
0.2839	0.1536		11923	11841	11683		154174	154500	151894	
0.5717	0.3602		13765	14303	13545		161915	160820	156454	
0.1408	0.4311		11581	11468	13889		151510	152193	162179	
0.4107	0.7071		13470	13131	14448		157999	158429	167710	
0.0852	0.9978		12225	12776	12763		153431	152335	156117	
0.3539	0.5181		13349	12951	13160		158854	156105	152204	
0.3903	0.739		13339	13326	13476		166871	170928	170143	
0.6834	0.7764		15099	16215	15503		155255	167465	175636	
0.3882	0.1703		19008	19326	20357		232886	244901	265388	
0.5479	0.7073		21324	20987	18989		214621	210990	205407	
0.2619	0.7216		13330	18874	17729		171187	211039	214620	
0.8233	0.2314		19120	19224	14755		186331	201404	162206	
0.0951	0.445		11374	11803	11352		148107	150144	149908	
0.5408	0.2768		13735	13096	13093		159288	158707	159780	
0.1594	0.553		11844	11964	11885		157610	157444	156717	
0.4281	0.656		14045	18967	13897		182166	212834	189810	
0.5422	0.624		14550	13881	13812		182486	162849	170470	
0.3149	0.9028		14379	17657	15306		179569	191557	181462	
0.7841	0.2958		14719	16961	21797		170702	191478	219261	
0.3269	0.8629		13399	13631	17826		155672	174168	185982	
0.5621	0.0859		12749	12764	12717		155363	155589	157486	
0.6613	0.1073		13696	13400	13318		159525	158324	161398	
0.4449	0.3059		15228	13071	12841		159518	157615	155852	
0.636	0.0638		13914	19617	13396		188059	196688	163004	
0.9028	0.1843		14561	15319	14843		155175	158881	155672	
0.5167	0.5386		13928	13868	13830		166121	164533	162230	
0.6398	0.303		16378	21148	13996		177093	207468	175082	
0.4087	0.446		12684	12801	12707		162243	164201	166055	
0.3558	0.7922		13268	13297	13111		158978	159228	159002	
0.2732	0.7491		12701	14725	13620		152326	160470	168520	
0.5167	0.533		17482	20690	13599		215581	195619	159826	
0.1417	0.668		18950	13094	17972		255615	201278	228142	
0.0578	0.5225		14075	11841	13111		171276	159608	164380	
0.8668	0.5814		15590	21095	15587		159306	195718	162310	
0.2158	0.4634		11842	12160	12162		148584	149968	151357	
0.2805	0.7039		13184	12740	13365		172525	168090	164483	
0.11	0.6529		12069	11744	11948		156618	155119	161160	
0.8017	0.132		14639	14013	14100		160216	160910	161523	
0.9339	0.0558		14777	14766	14435		160353	164991	159868	
0.2285	0.7438		12516	18363	12823		160835	196641	157441	
0.453	0.7842		18802	19625	14516		192288	200865	167525	
0.8382	0.8819		23831	25049	25287		227922	234392	236611	
0.8205	0.8658		17750	23365	16677		174345	221047	177920	
0.3578	0.2108		16222	17910	18184		191013	211478	214352	
0.7518	0.4352		14552	14628	18664		162779	159586	187095	
0.8659	0.3545		17677	15945	15862		168360	177430	203320	
0.594	0.0616		12955	16339	13588		157979	159730	157623	
0.4958	0.186		13198	12553	12857		161318	154593	160191	
0.2338	0.7518		18750	14948	16153		226113	232383	189432	
0.1183	0.2363		11688	11503	11374		167925	163241	160657	
0.9601	0.3783		15356	16237	15497		156954	162811	157473	
0.3311	0.8145		13384	14158	13335		157085	160437	159913	
0.2632	0.3716		17596	12908	15901		207650	175187	186965	
0.7582	0.1364		14587	14008	13960		159566	152059	152689	
0.1066	0.3322		11959	11365	11300		157671	150870	158378	
0.2358	0.5275		12794	12806	12324		162615	161476	141264	
0.7061	0.1908		14298	13946	13924		155834	156729	156793	
0.6363	0.5664		14742	14887	22112		157345	160469	193017	
0.3449	0.3796		12428	12393	12547		160870	161057	164282	
0.4598	0.7472		13713	13708	13579		154871	154770	156282	
0.8818	0.3334		15151	15343	15514		153113	151738	153681	
0.2322	0.5977		12122	12185	12231		152297	154048	152598	
0.2912	0.3904		12084	12303	12395		161259	160329	165466	
0.6186	0.9938		15144	15289	15021		159407	161784	165538	
0.7397	0.2085		13939	14214	14047		164526	177447	165444	
0.1109	0.1411		11866	11451	11748		162156	167722	160712	
0.8393	0.6958		15903	15927	16189		161732	163649	163604	
0.7159	0.4101		14344	14206	15178		164654	155496	171889	
0.548	0.0922		12779	12871	13285		160912	149669	150703	
0.4778	0.4241		19598	15425	15693		219676	185412	188693	
0.8998	0.2501		15768	17049	15175		166819	180178	162613	
0.6692	0.7767		15201	15104	15114		159544	163215	164537	
0.4673	0.247		12865	14776	14414		160874	167169	172176	
0.9228	0.3195		23266	22249	21037		230348	233165	198666	
0.4484	0.223		15127	13456	18259		196347	184146	192064	
0.5925	0.8655		16447	17126	18433		167734	174520	187794	
0.6018	0.3188		14642	19226	19702		193492	231927	231043	
0.6126	0.9504		15677	15074	15904		155437	155289	160019	
0.3572	0.6599		12970	12922	12910		164787	167415	164706	
0.1378	0.6851		11959	12091	12022		151907	151931	152343	
0.0747	0.4513		11409	11605	11367		153878	154369	154568	
0.7055	0.7864		15820	15592	15820		159657	158996	161373	
0.5613	0.6206		13739	13731	13797		156216	156298	156880	
0.5871	0.6112		14207	14134	19614		156065	164935	193433	
0.3768	0.2437		12267	12729	12286		157486	157486	161126	
0.6854	0.2931		13850	14329	16848		154421	153964	170911	
0.3932	0.5583		13082	14380	19583		159428	180749	216011	
0.0507	0.4046		11525	11041	13298		153562	151663	163431	
0.691	0.5394		15231	15065	15125		159414	164889	165378	
0.2702	0.4397		13558	12905	12120		163111	181690	165634	
0.9718	0.952		17372	17631	18735		155932	156073	162934	
0.7656	0.4462		14666	14660	14425		161176	159757	159418	
0.7761	0.3625		15000	14627	15355		162211	159829	163846	
0.5157	0.2196		13151	16706	18491		156359	187816	212522	
0.4082	0.8642		13801	13905	14405		152093	152647	153416	
0.0593	0.8989		12642	13697	12606		182087	187034	183706	
0.6301	0.5362		21354	20672	20479		218006	218943	202419	
0.8262	0.7664		16214	16093	16179		160535	154394	155250	
0.5937	0.7879		14351	14650	14678		156671	160989	159419	
0.7163	0.9397		15460	15627	15812		161738	161607	160635	
0.8596	0.582		15272	15427	15648		149674	150419	151624	
0.0917	0.479		11908	11157	11664		164552	169159	162249	
0.9338	0.7346		16822	15791	16055		166057	161904	162903	
0.0648	0.1705		11141	10748	11373		155010	154198	155473	
0.7879	0.3868		14254	14426	14476		162034	164734	163914	
0.7328	0.5642		14922	14674	15174		158544	158574	158547	
0.1712	0.434		11322	11254	11659		158192	164623	158640	
0.393	0.6943		12878	13183	13405		155381	154299	159885	
0.8482	0.1259		14246	14556	14321		156709	153821	159087	
0.7708	0.3867		14261	16849	14858		153438	160094	164182	
0.9213	0.2365		14805	14715	17738		164998	170404	171405	
0.1815	0.2339		12404	11615	11482		159004	150583	150996	
0.696	0.069		13470	13726	15785		155624	158432	163771	
0.1395	0.43		13972	14407	11943		169022	168669	154863	
0.6581	0.6378		20609	14637	14869		189662	155247	165547	
0.6773	0.7132		14775	15060	14910		158432	163134	160549	
0.8619	0.0994		14230	14390	14472		157500	158507	158387	
0.7027	0.1732		19676	19629	18284		205807	208065	199006	
0.145	0.3566		11489	11533	16772		158758	158643	161601	
0.1084	0.4825		11429	14116	11834		160815	163661	181907	
0.7086	0.9968		16417	15586	16087		158313	156680	157395	
0.3828	0.2065		12289	12608	12363		150174	161482	154137	
0.4527	0.7662		14177	13514	13903		160836	155178	155244	
0.8176	0.3463		15755	14658	14827		152406	153695	154268	
0.6648	0.9683		15426	15596	15482		158666	161378	162536	
0.5753	0.9738		14860	15311	21044		169674	185395	200825	
0.1925	0.2383		11455	11546	11572		157526	157675	159022	
0.114	0.9655		12187	12272	12473		155986	150320	153085	
0.5195	0.1666		13153	13595	14201		188065	190213	212980	
0.2498	0.6043		11929	17384	12467		152581	193977	166158	
0.6703	0.4524		13613	14865	14929		146623	171138	157422	
0.6905	0.4911		14301	15562	14305		148876	150289	144983	
0.4934	0.946		14515	14446	14586		158288	158736	164862	
0.3488	0.4957		12518	13414	14175		176687	180173	185483	
0.0795	0.2184		10734	10891	11177		156564	158350	167001	
0.6825	0.4384		13905	13954	14563		163339	161370	163609	
0.6623	0.6558		15020	14833	14606		162696	157617	162090	
0.9293	0.8528		16951	18183	16843		159278	163631	157203	
0.1598	0.1653		11207	12760	11262		164207	166065	159006	
0.0836	0.9048		13179	12288	12477		168659	160227	162671	
0.3046	0.2149		12305	11711	13852		166392	156496	161036	
0.4912	0.8628		17337	13916	13713		168500	156750	158165	
0.6245	0.3058		15251	13525	13464		170571	159095	159338	
0.8899	0.135		15780	22899	19432		166699	213669	176531	
0.8655	0.5547		22676	22536	15496		218140	209481	161380	
0.5965	0.7231		14698	14824	14541		160481	160738	166313	
0.5957	0.8223		15385	18965	21785		170878	194675	226958	
0.619	0.6797		14290	14199	14334		152299	153638	154025	
0.867	0.8608		21744	16452	19940		215414	173009	219281	
0.2489	0.9794		13035	12970	13244		180741	182887	174595	
0.1191	0.1264		10896	11038	15443		164303	163993	204152	
0.5172	0.7176		14085	14501	14002		157195	158420	157580	
0.2068	0.2096		11767	11976	11437		157728	152040	151961	
0.1483	0.5092		12094	14329	12407		161777	174402	159462	
0.7839	0.9742		16418	16383	16239		157332	157300	160809	
0.8337	0.8401		16675	18874	16578		168703	173440	166672	
0.3775	0.8604		13672	14901	13728		157844	162586	159566	
0.4951	0.9244		20849	24945	22230		209333	226236	207651	
0.2855	0.4		12099	12229	12423		152919	154401	159123	
0.9082	0.2617		15205	15327	15512		159763	165466	164208	
0.6719	0.9288		18482	15543	15864		187448	159265	161742	
0.4807	0.972		15320	15079	20443		171243	191118	230736	
0.2101	0.4841		11988	11861	12024		154509	155651	165987	
0.6089	0.8023		17216	15095	15101		164234	161943	170509	
0.4828	0.3531		12898	13114	13229		149331	157659	158312	
0.1773	0.453		12185	13244	11719		161130	164961	155015	
0.186	0.9422		12757	12613	15490		162503	158805	171722	
0.352	0.2569		12366	12836	12342		160417	170081	159352	
0.9184	0.8126		19953	17029	17026		168499	161078	161403	
0.3147	0.3476		14406	12466	12285		162983	155510	155802	
0.6924	0.6237		15736	15279	14890		162150	178258	167144	
0.5234	0.9557		14804	14827	14861		161955	162971	161200	
0.2775	0.429		12744	12178	15246		160892	165045	167977	
0.7417	0.2676		18220	14329	14225		164091	157875	162329	
0.2972	0.9283		13576	13221	13212		156757	152167	153925	
0.3416	0.7071		13337	13152	14790		162558	161208	164190	
0.1879	0.874		12655	15154	12687		154713	161625	160514	
0.228	0.1503		12453	11613	11532		161298	158358	157478	
0.2158	0.9846		12848	12940	17248		162055	169038	182804	
0.8936	0.672		16269	16889	16172		161529	167101	164330	
0.1879	0.3893		18084	11826	11750		180191	162398	162786	
0.3798	0.8298		15951	13363	13729		165532	162323	159786	
0.3262	0.2909		12362	12204	13576		150980	155121	172150	
0.4986	0.1605		12211	15077	12475		161185	171571	164147	
0.8533	0.6358		15577	16046	15930		166701	167572	162351	
0.6957	0.4054		15164	14236	14426		157465	163189	162944	
0.0877	0.314		11289	11282	11429		166243	161814	159763	
0.7524	0.5556		17090	15279	15320		165372	171034	162037	
0.4172	0.6435		12971	13240	15670		160324	157007	161931	
0.7612	0.9111		17113	16187	20522		161434	160736	183119	
0.4426	0.2551		12686	12776	13399		156790	159785	160638	
0.8835	0.8923		20703	17616	17134		173644	165805	167963	
0.4226	0.3919		13221	15464	20602		169156	193986	229923	
0.3768	0.0761		15267	19577	19335		166741	221785	221683	
0.7066	0.6714		15168	15567	15090		157294	163570	154640	
0.436	0.657		13602	13229	13289		159161	165957	159923	
0.867	0.5186		15595	15985	18473		154123	155478	161708	
0.4959	0.4147		18481	18009	20609		226304	224804	228783	
0.4444	0.2123		12782	12996	14359		157988	163215	177696	
0.5803	0.0831		12665	12568	14112		161541	160558	175398	
0.9971	0.7258		21020	17104	16472		187133	164095	163212	
0.6356	0.5778		16156	14768	14663		159785	151212	155870	
0.3355	0.5447		12880	15384	15677		156225	163401	165703	
0.9078	0.112		14117	21446	14581		167407	200335	160551	
0.5546	0.1604		12511	12855	12775		162422	162977	162638	
0.9994	0.3068		16260	15818	20024		189438	177692	223057	
0.1866	0.2521		11583	12096	11681		158414	160204	166391	
0.9261	0.467		16323	17040	18324		168872	181804	167336	
0.3234	0.9405		13146	13380	13715		162771	165382	166547	
0.3205	0.7968		12967	16059	24810		154947	187453	227611	
0.2139	0.8366		15812	12850	12720		184446	178114	158250	
0.0652	0.7857		11643	11952	11858		155223	155752	155326	
0.2247	0.3939		11899	12366	11815		165020	164679	175281	
0.8953	0.6764		15914	17094	16272		155249	155512	158920	
0.7293	0.2821		19810	20621	21140		227002	253160	267698	
0.8651	0.8898		17241	26346	22000		207663	244427	208496	
0.9558	0.4029		21580	15255	16504		199495	167508	171112	
0.6535	0.7214		14957	14397	22246		166557	165593	212439	
0.8262	0.5187		21600	21079	15877		219946	202033	165031	
0.7326	0.0659		13666	14114	18460		159998	160718	204695	
0.8124	0.6847		22458	15343	15398		202306	166173	171606	
0.2844	0.9489		13066	14907	14227		163613	168541	194361	
0.5298	0.4336		12947	12995	13688		162568	158382	159306	
0.3412	0.2742		13404	14406	13083		200253	195903	178529	
0.7464	0.201		19049	20412	23131		207054	228625	264513	
0.4179	0.1045		18572	18402	19249		215500	212523	216595	
0.3254	0.6324		20258	19114	20736		233870	225840	228359	
0.5611	0.4431		20712	21388	22590		230434	226303	235155	
0.8488	0.7643		31980	20217	30342		272104	251356	329374	
0.0846	0.7734		21996	24878	17769		261210	252078	220528	
0.9584	0.8847		18384	18640	19382		185330	185762	187382	
0.7981	0.8294		23877	26463	25637		253968	237174	221445	
0.4288	0.0599		19616	17726	20733		224847	234575	276413	
0.8971	0.2364		20269	21344	25902		211043	216645	272520	
0.4941	0.0542		13016	12768	12490		168972	152671	158901	
0.9516	0.6139		26664	16415	16735		176586	170425	171713	
0.2688	0.9064		13260	13601	13437		162489	165261	183646	
0.1639	0.6017		11635	11919	12127		162821	158261	160570	
0.3888	0.7385		16756	16205	13973		174798	171520	161475	
0.6509	0.6324		15182	14907	15501		159771	159038	162145	
0.8816	0.1067		14463	14665	14681		161697	161446	164678	
0.6962	0.1151		14035	16635	13751		176697	178237	166931	
0.4452	0.5438		13535	16264	16114		155261	172191	177929	
0.5436	0.7752		17556	15530	15711		195954	183643	177440	
0.2164	0.191		11690	13736	12546		167678	190529	159546	
0.2347	0.3884		34984	16697	17917		250139	224174	231553	
0.6767	0.204		22238	19857	26933		217801	234881	264019	
0.5772	0.3997		20585	22136	20468		214372	243127	216992	
0.2636	0.4998		18437	19317	18452		214144	216969	220594	
0.1227	0.7263		18333	17168	18016		214168	211827	231637	
0.7133	0.9208		23473	22036	19233		209302	205205	188938	
0.5319	0.4464		13095	13810	13763		168616	172285	170314	
0.9366	0.6797		17918	20455	22745		162771	193443	220176	
0.7485	0.7326		15170	15154	15499		162451	163342	164448	
0.333	0.8445		13119	13478	14018		153466	155445	156780	
0.5076	0.4018		19651	14385	14370		212642	186751	188142	
0.4396	0.9008		14522	14794	14496		157299	157024	159669	
0.9094	0.754		16572	17038	16437		158662	158842	157354	
0.2913	0.4879		11927	12705	12394		149691	150207	150880	
0.7204	0.9927		16052	15929	16040		170392	162050	167911	
0.3481	0.9699		14422	14701	14503		189039	194362	191858	
0.6832	0.6935		15115	16838	15182		161483	161268	171480	
0.3373	0.3258		11990	12648	12476		150241	150763	153965	
0.1971	0.727		13057	12942	12439		151788	151557	153324	
0.227	0.3094		11798	11921	11832		162075	162264	164229	
0.9204	0.4824		15500	15495	15456		159671	160740	163138	
0.9014	0.7167		17859	16546	20316		161676	157313	169969	
0.8651	0.6717		15826	15983	15936		154125	154437	156452	
0.234	0.7318		12403	12440	13786		155459	156860	181417	
0.7664	0.705		15617	16130	15700		158820	159238	165591	
0.2867	0.1073		11719	11709	11851		151147	149233	153840	
0.7727	0.4413		14923	16398	15011		152316	158393	160472	
0.4972	0.5778		13089	13506	13502		156797	157520	159069	
0.7345	0.8558		15700	15700	15755		166728	165052	168950	
0.4163	0.2559		13673	12629	12718		158028	147562	146842	
0.3627	0.1893		12390	12106	12110		166288	153630	159146	
0.2959	0.7864		12834	12992	13069		162583	157042	161520	
0.3906	0.3846		12494	12600	12862		163038	156106	159394	
0.206	0.2088		11899	11602	11471		160750	155670	157508	
0.713	0.5027		14742	14707	14900		169057	164177	166173	
0.5667	0.8101		14618	16785	14650		161126	163311	156923	
0.5464	0.8848		14837	14882	14583		168209	166543	163477	
0.319	0.9103		13822	13546	13495		172463	165475	167857	
0.909	0.1614		15057	14956	14617		156457	150810	152320	
0.3183	0.1845		12602	12780	11964		155471	158486	152749	
0.8818	0.0919		14940	16992	14578		160296	157210	154718	
0.2571	0.2923		12817	12100	12525		167938	165619	165259	
0.2032	0.453		12745	12329	12331		167384	161787	168915	
0.9468	0.3336		15511	15377	16868		173002	169335	191893	
0.1787	0.8191		12731	12549	17724		172319	178166	199993	
0.2352	0.7972		12730	12610	13112		162740	163175	169922	
0.9009	0.7175		16336	16167	16263		168026	166175	170594	
0.6492	0.4612		21138	17350	19717		225254	202883	197004	
0.4639	0.7961		14989	15094	15177		194872	184517	188544	
0.7153	0.7849		15677	19092	20692		167099	177536	201138	
0.3179	0.3361		12360	12597	13120		154486	182094	180443	
0.1694	0.5348		12540	13663	16453		165816	167342	187493	
0.6427	0.0805		15408	15689	15580		172511	169746	177671	
0.5373	0.9096		14946	16944	14945		158930	163267	160126	
0.5458	0.4235		13354	13653	15327		160638	157913	165145	
0.5802	0.1183		13050	13343	13233		167481	172102	173166	
0.5379	0.3324		13696	17145	13439		151080	161968	157871	
0.4104	0.5264		13223	14025	13231		160050	168812	161320	
0.3486	0.4219		16231	12521	15573		177791	160384	186952	
0.4892	0.5382		13638	13845	13440		165530	153234	151528	
0.1033	0.5021		17573	17369	16780		222744	247451	207293	
0.5512	0.3528		13455	14748	14044		163612	183465	180603	
0.2497	0.1647		17335	16821	13787		217588	217763	186205	
0.8111	0.5782		22313	23225	21820		216617	226860	212582	
0.5603	0.6618		14067	16263	14287		164234	163418	161424	
0.5618	0.6737		19395	20084	18926		226562	225355	220666	
0.9526	0.2269		15290	14629	16487		160788	163230	165874	
0.2992	0.8608		19676	19097	19098		212268	213091	213501	
0.7465	0.6919		18844	15688	21169		168830	160679	215671	
0.6914	0.3528		14169	14370	15095		180344	189099	181999	
0.1714	0.1527		13540	11372	13633		173428	164944	181713	
0.2898	0.6044		13182	14585	12567		163598	165342	161506	
0.1473	0.9377		18127	18110	18419		213531	217275	208939	
0.9752	0.557		16446	22468	23703		161167	204370	211483	
0.154	0.3632		17164	17322	18176		219990	249266	220191	
0.2722	0.7147		12777	13108	12641		162102	171235	161600	
0.7126	0.9033		15986	15802	15785		166710	167294	163479	
0.3329	0.389		21678	20048	20707		226610	219781	225672	
0.2238	0.5629		13182	16259	13239		175739	171980	176332	
0.484	0.5444		14480	18473	19463		173113	207230	225554	
0.7219	0.1796		13944	13779	20217		168308	183409	238136	
0.9412	0.1281		20933	20299	21883		221112	224303	229805	
0.2782	0.8572		16353	13272	13618		183987	165237	165470	
0.5363	0.8268		14921	14712	14973		166005	167624	174765	
0.4862	0.7035		22061	14019	14130		237504	177761	167188	
0.3005	0.4611		12678	13060	12280		156386	156633	155773	
0.0562	0.9878		12300	12440	13326		167229	166282	163355	
0.148	0.2679		15247	11710	11553		176621	153845	149694	
0.7408	0.7867		15838	17799	15977		164402	168416	182278	
0.8697	0.9203		26117	24743	17220		238534	218766	171603	
0.4747	0.7349		19757	24581	22908		216874	273766	232889	
0.3537	0.8733		19429	14258	15599		213267	175548	164484	
0.3265	0.2299		12491	12206	12333		160266	166554	160932	
0.7722	0.3734		14870	14905	18318		166501	169289	174905	
0.9035	0.4264		15061	15352	15466		166998	166783	168069	
0.1759	0.1089		11435	11380	11758		156903	158964	159428	
0.7993	0.0511		14167	14054	13833		161021	161789	161074	
0.9171	0.7382		16680	16980	16854		171746	173022	171916	
0.4745	0.2602		19566	20252	19917		222883	232218	248945	
0.8408	0.4523		20349	16368	21919		211220	194917	224586	
0.165	0.3793		18412	17667	11698		217709	208996	158810	
0.7798	0.8597		16393	22070	23124		172503	212537	226849	
0.7748	0.571		21394	23643	19548		227842	203748	190170	
0.6043	0.2576		20837	21628	20008		243512	235672	226916	
0.7789	0.8521		23331	23074	16436		217560	201396	161252	
0.2951	0.844		20945	16455	19719		250163	230637	236077	
0.8295	0.0705		14543	14227	15078		167564	165129	168605	
0.2019	0.2716		16105	18343	17813		193424	216720	218031	
0.192	0.1401		16454	16209	17248		210529	217487	226557	
0.6447	0.7593		22913	21108	22672		222160	222306	228498	
0.9732	0.3304		16257	18215	22344		170966	186429	214202	
0.2702	0.5073		12927	12745	12771		161851	180393	167993	
0.1799	0.1861		11936	11737	12084		162361	166888	164214	
0.6927	0.4658		14582	15054	14254		162455	157371	160934	
0.4758	0.4372		16046	13805	13420		173785	172223	170282	
0.0608	0.898		14683	12692	12153		156861	153546	161618	
0.1202	0.4843		11515	11991	11478		151551	159521	150850	
0.0684	0.7496		12282	12161	12481		161961	163103	167035	
0.9028	0.4427		19660	22459	21505		199865	224350	218705	
0.5639	0.2896		21657	13811	13639		211248	162355	159653	
0.7789	0.9398		16555	16839	16295		154368	154272	156402	
0.3065	0.7839		13266	13352	15795		157396	166579	173144	
0.2323	0.3124		12105	12461	12251		152396	162219	158339	
0.9355	0.2525		20103	16264	19563		196318	193156	172169	
0.9519	0.1125		17431	14309	20046		183216	164131	196269	
0.93	0.2755		15980	16151	15117		161393	162412	162128	
0.3786	0.3625		19905	12906	12651		187824	154312	168029	
0.2916	0.5022		12493	15165	12854		155254	166381	170369	
0.3117	0.0579		11801	11710	12782		159330	157138	162514	
0.096	0.6512		11992	11769	13182		159555	159913	176803	
0.21	0.9765		13175	12912	13329		155941	155188	172081	
0.7998	0.4542		16053	15479	15206		162422	156809	164261	
0.9291	0.9139		24009	26850	17320		224957	221244	169382	
0.227	0.7477		12598	12676	16697		162529	170597	171364	
0.3224	0.753		13953	13703	19675		165431	166144	226212	
0.9329	0.8581		17653	17294	17052		163725	163812	161815	
0.7922	0.5594		19478	20438	20827		217832	185954	177283	
0.1701	0.2825		12283	13107	12047		155906	153331	148602	
0.3258	0.118		12366	14743	11996		171613	176649	169212	
0.6978	0.8963		15803	21896	16634		166557	202514	168376	
0.843	0.9835		17463	17255	16697		161632	163672	165695	
0.159	0.2598		11972	19332	18407		173637	223259	225190	
0.9975	0.4389		15726	17818	15919		162212	173327	165075	
0.4138	0.7795		13925	14139	14246		155150	160264	161670	
0.7366	0.6541		15963	16188	15289		175253	175473	152634	
0.7635	0.3792		23185	14730	14564		194248	169598	158370	
0.875	0.7697		17692	16490	16851		157417	152287	160140	
0.4235	0.2174		12987	14091	12731		151675	173899	148905	
0.627	0.2557		13973	13972	13860		156778	159260	158783	
0.6849	0.4357		14349	14092	14004		164300	158011	162135	
0.6505	0.6778		14712	15127	14709		174827	166690	167273	
0.3192	0.1867		13321	12022	11860		170581	165973	162430	
0.7575	0.1251		15258	14456	14201		173933	165563	165716	
0.5917	0.8427		15921	15774	15758		187287	189415	182308	
0.9076	0.1417		15107	14871	15328		170008	165565	164946	
0.1491	0.2493		11667	11749	11405		158402	158050	154222	
0.3461	0.5183		13795	13422	12712		165018	164287	157513	
0.4898	0.4453		13927	13324	13376		159084	153647	158516	
0.7342	0.5417		15287	15522	15103		165953	163257	161600	
0.2332	0.2551		12428	12192	12241		165021	159550	159574	
0.4254	0.3476		13195	12802	12720		168385	162963	162780	
0.6266	0.2555		14645	14018	13969		169232	160505	161932	
0.4457	0.1374		13615	12647	12512		162821	155452	157567	
0.3045	0.9628		13698	13358	13408		169538	161943	161666	
0.3628	0.9033		14017	13559	13480		170381	163455	163217	
0.0751	0.696		12007	11854	11856		165683	159673	160615	
0.4156	0.4912		13007	14312	13694		169605	169382	168437	
0.585	0.6161		14718	14148	14446		161353	157603	157934	
0.9973	0.0645		15088	14497	14200		159490	155447	154460	
0.5621	0.7991		15360	15518	15447		186252	181460	182536	
0.3074	0.0732		11944	11707	13216		162301	159609	161676	
0.9081	0.247		15227	14872	15508		175128	170539	171732	
0.645	0.8538		15537	15737	15250		168471	163274	165180	
0.698	0.7318		15594	15454	15107		164649	160776	160861	
0.4887	0.2878		13176	13425	12942		175623	168368	167747	
0.3204	0.5895		13011	12889	12750		162465	156364	156590	
0.6728	0.9289		16816	16313	16388		194091	188755	190654	
0.9347	0.4907		15552	15445	15891		175040	172092	171314	
0.2068	0.3848		11975	11898	11907		158579	154019	153518	
0.4412	0.0567		12590	12340	12807		163913	158045	157615	
0.3093	0.7712		13162	13296	13446		161181	154568	156035	
0.6775	0.0638		13558	13737	13424		170217	164319	164713	
0.8238	0.7283		16070	15682	15778		168079	162993	164563	
0.1721	0.1172		11744	11613	11308		165194	161018	159681	
0.4379	0.566		13582	13461	14931		162557	157909	173964	
0.557	0.9975		15297	15144	14903		172943	172724	165605	
0.3293	0.5049		13094	12720	12833		163212	157036	154908	
0.1796	0.2998		12423	11582	11603		163938	159505	159704	
0.1066	0.0826		17265	23218	23969		209634	266100	199664	
0.1041	0.8336		12020	12153	12291		171787	169247	165204	
0.1026	0.079		16836	17203	15157		221965	199775	168125	
0.2639	0.3942		18067	12337	15698		203539	162679	195824	
0.1008	0.4496		12836	17691	11456		178785	193410	149511	
0.7968	0.6185		20654	15578	15371		196696	165047	166379	
0.9635	0.6699		16908	17269	17314		160024	160655	185397	
0.1339	0.0556		11251	11247	11347		160279	160574	161749	
0.7681	0.3102		14608	14754	14557		157394	157545	157086	
0.4489	0.7819		14354	20818	20587		178364	227062	224759	
0.7346	0.4153		21118	21754	24697		221207	264123	254036	
0.8364	0.1252		14728	20735	19768		167491	223744	201529	
0.393	0.7785		19580	15745	19480		191886	167053	232998	
0.0718	0.7521		12581	11987	18382		165222	165287	216196	
0.3402	0.1579		17975	12354	12059		199145	162755	170361	
0.7301	0.9646		16178	16366	16082		161075	165087	167073	
0.4804	0.7085		13599	13709	13677		157067	158867	163103	
0.9203	0.6427		16283	16711	16487		155830	158472	157773	
0.95	0.9077		18951	17886	18653		170867	167444	194645	
0.427	0.8799		14448	18735	14143		173159	195501	163558	
0.4816	0.7255		17993	17209	18490		204137	207717	199233	
0.6965	0.3025		22264	19712	14406		227673	194113	174077	
0.7026	0.973		15918	15849	15832		164942	165693	163693	
0.7773	0.9477		16638	16477	16679		154216	155035	156982	
0.9492	0.8522		17376	17212	21100		160346	164385	196710	
0.7527	0.1212		14220	14038	13731		156824	152348	153782	
0.6484	0.4401		15025	14412	14027		163681	158963	160861	
0.8812	0.1749		14882	16011	15511		186650	183537	182862	
0.3817	0.3575		13122	12579	12641		160269	155096	153994	
0.4647	0.2381		14577	12695	13166		157682	149297	149274	
0.3311	0.1108		12044	12256	12145		171237	167469	165221	
0.7335	0.6301		15365	15278	15444		163195	158784	158305	
0.4467	0.9054		14717	14410	14250		169102	165120	165715	
0.108	0.3173		16722	17702	19398		208876	217157	245608	
0.2532	0.6617		14743	12999	14242		159656	162429	171646	
0.6037	0.4082		13631	16854	16619		159902	179447	171024	
0.1513	0.6942		13134	14219	12196		169030	164346	159217	
0.9663	0.3409		15754	22275	21731		175405	231692	231501	
0.4204	0.6907		21354	19926	19498		228666	226592	227122	
0.5344	0.6485		20484	21690	22398		232231	231860	252679	
0.6246	0.7324		23292	21583	16401		231701	230203	200313	
0.8435	0.824		25461	21386	17437		231096	205087	190450	
0.7922	0.076		19958	20971	18495		231988	230323	223814	
0.1335	0.2798		11875	11941	11915		163132	161756	160625	
0.2041	0.362		12308	12045	16210		164980	163526	203575	
0.6146	0.2748		19175	18552	14032		228084	224723	171713	
0.7921	0.2552		14584	14431	14917		159623	160496	165086	
0.0644	0.3062		11663	11608	11963		162382	164689	167474	
0.3946	0.3688		18315	12801	15823		212611	162080	170700	
0.9978	0.1972		20371	21328	19613		222768	223445	226184	
0.8021	0.5464		15302	20576	20596		172890	209367	206137	
0.2734	0.6112		12518	12492	12451		159564	161975	162517	
0.1326	0.7034		12195	12268	12373		162070	165640	165396	
0.1689	0.1028		13717	11910	17030		170256	167314	184056	
0.9434	0.6666		23393	25679	22910		220062	232794	226181	
0.7294	0.3917		14321	14405	14937		172151	169749	171755	
0.8919	0.3918		16245	16350	40001		187285	189084	270153	
0.574	0.3538		13704	16862	13946		166033	171290	164787	
0.2081	0.859		12772	13334	13053		168847	181497	173914	
0.2656	0.3805		12182	12274	18303		155012	177573	210981	
0.3023	0.0578		11711	11766	11672		156460	157901	160100	
0.7515	0.0704		14052	14162	13965		172919	172327	169726	
0.6878	0.3317		15983	14563	14632		163036	158260	169820	
0.8893	0.8985		17442	17434	17344		167232	163296	166039	
0.3043	0.4725		19240	12763	15503		206222	175573	167495	
0.8725	0.4326		15306	15752	24378		174886	194564	230688	
0.7274	0.1588		22051	22400	22910		249119	251235	244331	
0.6783	0.5465		22724	22055	20980		236142	226503	224039	
0.6306	0.4509		14349	14262	14499		175393	166793	169862	
0.9068	0.1577		15728	14739	14861		169268	162988	168067	
0.4651	0.5022		16764	16159	13465		170618	156069	151289	
0.9686	0.2088		15688	14917	17733		176675	161894	172032	
0.9962	0.7504		23412	19000	21885		202773	191110	207796	
0.618	0.7687		20770	20693	23167		208945	223152	224420	
0.9427	0.4804		21782	21820	22935		214109	214907	210912	
0.7545	0.7462		22210	21866	22534		220965	230133	227681	
0.8315	0.3928		15307	15154	15042		164862	181547	167245	
0.1006	0.1086		12442	11096	11518		160909	155263	160397	
0.5037	0.8366		19933	20253	23757		221203	239061	241069	
0.1577	0.2989		18444	17338	17326		228436	218280	209551	
0.9097	0.1216		15290	14825	14923		163056	165108	157329	
0.9097	0.3925		16769	16514	16082		193340	194099	192210	
0.8007	0.5163		15629	15887	15511		160746	173209	168576	
0.1089	0.3017		17913	17679	17561		226598	220555	220927	
0.1535	0.2756		11824	11598	11556		173811	166854	165812	
0.731	0.6739		15410	15152	15119		176838	166948	168354	
0.1333	0.2141		11781	11486	11484		165592	159320	158399	
0.5833	0.3834		14010	13730	13703		175751	166898	166329	
0.8549	0.2363		14676	15398	14560		175354	196273	168447	
0.6379	0.9553		17149	17314	15561		179356	173240	168911	
0.5793	0.49		14011	13767	13704		160658	152338	151179	
0.8258	0.6866		15791	15797	16068		172021	163902	166012	
0.6178	0.9013		19363	20035	15414		201724	197699	168163	
0.7885	0.677		15552	16079	15869		167346	180122	170411	
0.9326	0.4882		15787	15554	15649		172243	171758	168375	
0.4124	0.942		22633	14072	14281		220009	166712	158522	
0.2721	0.2839		12916	12835	12777		184062	184667	180759	
0.1804	0.1811		11516	11560	11766		160022	160448	158438	
0.5751	0.6275		17909	15200	15037		221383	194318	196408	
0.8081	0.9898		19168	23018	17263		193805	219489	177948	
0.2964	0.5181		12728	12493	12548		159547	162709	162894	
0.0823	0.1136		17709	11322	11480		208138	161335	162452	
0.9369	0.0781		13994	14746	14889		159593	161586	159157	
0.9245	0.8597		16947	17051	17191		167645	166381	166085	
0.6908	0.7853		15790	15606	16877		177539	162940	172041	
0.8596	0.3499		17807	16834	17939		185178	186128	181442	
0.7733	0.766		19578	18520	19667		182106	187059	187223	
0.6896	0.982		17365	18060	17382		178011	184497	186136	
0.5615	0.998		17497	16356	17361		185704	187514	195942	
0.7094	0.7605		15777	15674	16210		162120	161859	162673	
0.1361	0.9914		12617	12946	12586		150963	151337	149953	
0.7728	0.2116		14060	14129	14483		165764	167097	167193	
0.4856	0.5916		13300	13734	13454		151422	154438	152985	
0.3335	0.0583		11580	11946	12486		165330	167454	166038	
0.8842	0.9861		16955	17194	17048		168147	170414	173993	
0.3894	0.3716		12705	12832	20252		155258	165225	196521	
0.6069	0.6096		14232	15287	15062		158860	184042	181908	
0.2396	0.2903		13540	13910	15991		163100	170878	173204	
0.1096	0.2868		10967	11456	14645		160508	160051	166080	
0.5096	0.6091		14031	13851	15145		165685	162672	167292	
0.6149	0.0755		18117	14147	13080		181489	171355	162857	
0.2671	0.4702		12675	12855	12391		151725	157918	157831	
0.4129	0.3784		12778	12828	13900		148733	152393	156736	
0.7851	0.8292		17591	23413	16289		180054	200309	156951	
0.4147	0.311		12617	12571	12563		152482	153774	153324	
0.1382	0.9803		12710	12583	12742		149511	151603	150752	
0.2457	0.6576		12536	12522	12349		155183	157901	157080	
0.2855	0.637		12883	12693	12856		151239	152790	152293	
0.921	0.3001		15510	15378	15113		167213	170768	168910	
0.4228	0.2143		12500	12858	12595		162953	163204	165193	
0.8574	0.8216		16601	16717	16825		154910	157639	157937	
0.9892	0.7609		17212	17031	17347		166645	168877	168040	
0.644	0.7962		20297	26088	15498		202816	229874	171583	
0.5049	0.9241		19812	15415	15433		202792	187361	180801	
0.149	0.6849		11664	12047	16464		155385	156438	173133	
0.3559	0.9094		15719	15411	13381		171402	173680	157909	
0.4543	0.2653		13066	14943	13120		164601	172800	165810	
0.8907	0.3175		15285	15267	15137		157595	156845	153648	
0.3996	0.8661		13816	13989	13685		154060	156859	152177	
0.199	0.7105		12481	12452	13119		150875	153694	177195	
0.4613	0.879		14266	14122	14403		161966	164057	164578	
0.5014	0.1385		12919	13250	12807		159214	159275	159094	
0.1698	0.2029		11422	11623	11872		157304	158620	160091	
0.2775	0.8387		13343	13106	13049		156579	156959	157430	
0.991	0.247		14467	14609	14681		163109	163217	162222	
0.3984	0.9087		13655	13945	13894		158202	159672	158938	
0.7903	0.4896		14754	18955	16811		162059	169172	181662	
0.8067	0.5805		16651	16844	15635		168476	172101	162324	
0.6558	0.9468		15593	15548	21691		156709	156275	207689	
0.3018	0.8962		13203	13126	13180		164432	165820	165661	
0.8807	0.824		23438	16657	16946		197748	160192	161600	
0.3394	0.9149		14262	14205	14635		183723	182903	181271	
0.0933	0.4335		11600	11328	11469		160708	161525	160659	
0.8866	0.4624		15334	15407	15721		167058	167114	165835	
0.8681	0.7057		15632	15801	15915		160399	162547	160611	
0.3521	0.4082		12505	13109	13191		152623	153774	155289	
0.7401	0.6945		15121	15416	15119		175932	177725	174675	
0.5694	0.3161		13934	13580	13635		163882	165012	165127	
0.6	0.5621		15075	15024	15074		188931	190340	188657	
0.7935	0.2492		14245	14491	14177		163754	165168	163955	
0.3457	0.7696		13344	13259	13432		163218	162999	162680	
0.6627	0.9389		16291	16646	16189		193897	196015	195895	
0.2952	0.2755		12041	12051	11906		149350	148658	148178	
0.2961	0.192		11938	11966	11918		158946	159246	160527	
0.9859	0.4252		15643	16092	15454		158765	162337	158584	
0.7908	0.2406		14297	14174	14725		163663	166124	164968	
0.311	0.3125		12457	12265	12008		159285	159384	161193	
0.2319	0.8157		12706	12772	13054		155064	156616	155187	
0.9083	0.8851		17027	17172	16948		154406	154032	153913	
0.1199	0.6933		11770	12388	11867		152022	152677	152497	
0.2285	0.7918		12683	12565	12719		161878	162105	162445	
0.6592	0.4242		14217	14379	14564		160429	159482	161020	
0.9921	0.594		16173	16410	16206		162641	164131	164615	
0.7421	0.3567		14345	14229	14256		165608	166214	164527	
0.2989	0.5409		12401	12481	12481		153450	154465	154930	
0.5074	0.8423		14440	14539	14471		156551	156160	157631	
0.662	0.0981		13290	13411	13282		157338	157964	155983	
0.3722	0.2257		12202	12042	12429		152580	151573	154959	
0.2799	0.2325		11862	11871	11835		157905	156576	157156	
0.0548	0.1392		11714	11618	10954		188045	162568	158728	
0.1783	0.859		12514	12586	12498		162920	161718	161748	
0.6277	0.2511		14303	13900	13831		158358	159124	157647	
0.8238	0.3722		14887	14845	14973		155317	155280	157712	
0.6505	0.8315		15342	15617	15311		143837	147905	146358	
0.2294	0.1161		11573	11387	12019		162083	161813	163825	
0.4911	0.9161		14417	14351	14348		154617	154756	153284	
0.8645	0.0936		14163	14281	14591		158786	155311	159032	
0.5646	0.7545		14879	14817	15170		162519	161155	159904	
0.1876	0.9664		13416	12871	13242		162542	161762	161616	
0.8553	0.3947		15940	15998	16319		187366	186497	185591	
0.4862	0.1895		12955	12844	13284		156483	155274	155850	
0.2575	0.5534		12518	12582	12415		153160	153133	161336	
0.4642	0.9998		14521	14791	14669		182425	169555	170312	
0.3072	0.4109		12413	12598	12465		168536	169439	167995	
0.4129	0.4729		13917	19794	13551		192382	232450	184682	
0.1137	0.7355		11988	11883	11909		162265	162290	160959	
0.0982	0.9877		12409	12908	12364		160791	166384	160613	
0.2067	0.6268		12388	12801	12779		158573	160405	161080	
0.8751	0.8644		16987	16894	16840		164209	163693	166934	
0.9351	0.4828		15745	15336	15535		155952	155868	156465	
0.0821	0.6354		11903	12087	11927		165254	167311	163469	
0.7882	0.3103		14872	14736	15102		165623	166493	168320	
0.1867	0.3758		11895	11757	11650		161127	160676	172633	
0.3395	0.6096		12929	13699	13946		168654	188582	187125	
0.2211	0.6168		12427	18276	12229		177870	196181	157081	
0.3806	0.5175		14276	13137	15287		165945	159651	167858	
0.9468	0.6651		16346	16834	16396		161959	160887	159955	
0.7665	0.3099		14457	14742	14597		154415	153990	153373	
0.616	0.8398		15622	15419	15416		158359	156757	162884	
0.9782	0.2523		15353	15429	15348		159976	157524	156225	
0.7975	0.1714		14177	14074	14047		162109	161545	161084	
0.8297	0.6757		15857	15948	18910		157610	157492	188275	
0.0988	0.4438		11512	11518	11592		149452	149517	146887	
0.4744	0.8752		14300	14309	14966		162380	163680	159869	
0.6453	0.1591		14807	21633	13474		185934	222487	165009	
0.2472	0.1008		18750	11542	11403		218154	170648	171174	
0.1034	0.3566		11295	11314	11365		149859	148517	149691	
0.2105	0.9451		19698	18482	12911		230118	192139	159614	
0.7166	0.8913		16472	15871	15766		172911	170256	169794	
0.385	0.9393		14385	15489	15844		173624	163513	164372	
0.3812	0.5646		20554	13384	15036		203500	177417	195180	
0.9766	0.167		14491	14915	15217		159812	181443	170015	
0.5465	0.9902		15135	17151	15598		161940	171814	162274	
0.0504	0.4411		11403	11289	14315		156603	155730	169700	
0.3515	0.6819		13628	13376	13634		156208	154486	159062	
0.4298	0.5405		13387	13466	13488		163017	164363	159410	
0.7487	0.4492		18734	15844	14516		176534	164716	165608	
0.8884	0.8863		18216	18706	18075		194333	195840	184399	
0.837	0.9305		16625	16737	16952		170299	169777	171181	
0.2916	0.7126		13296	13185	12752		155427	155417	153028	
0.3377	0.1082		12197	15446	11874		162903	168394	154249	
0.1594	0.426		11697	11696	11641		158085	160065	159268	
0.3424	0.4513		12792	12991	12630		166946	173189	165404	
0.271	0.2459		18876	12509	17441		227160	206351	214538	
0.0586	0.6167		13155	11575	11415		166338	157600	152659	
0.19	0.0859		11832	12025	11608		158211	156554	150610	
0.4653	0.6427		14047	13864	13712		167142	163224	160676	
0.5108	0.6002		14342	13967	13721		173316	168187	163226	
0.0842	0.7811		12580	12249	12520		163322	157653	162806	
0.0941	0.348		11827	11371	11408		157781	154795	153217	
0.1479	0.9549		13275	12496	13356		173604	174261	178723	
0.3368	0.6485		13298	13017	13002		163456	156371	155092	
0.8643	0.2257		15234	14534	14500		168096	161095	160628	
0.841	0.4022		15061	15287	14910		169839	172540	163365	
0.1187	0.7428		12375	12268	11975		163563	175742	159596	
0.0808	0.2044		11697	11133	11097		160146	152336	155236	
0.1981	0.4919		15978	12111	12089		181902	162310	161395	
0.955	0.3261		21437	22625	22333		218629	210432	227901	
0.8829	0.2424		14950	14863	21346		167527	183293	222631	
0.1859	0.9846		12758	12752	12642		159606	159809	158552	
0.3305	0.573		12978	12853	13479		157160	157427	155892	
0.9774	0.8311		17437	17166	17148		173146	163497	161516	
0.572	0.1379		13714	13310	13323		160624	162802	158084	
0.1088	0.0879		11289	11677	11196		155981	157345	155916	
0.5954	0.7831		14730	14816	14842		161101	161031	160493	
0.1039	0.682		11780	14562	11978		158397	185428	174302	
0.4049	0.5446		13590	13198	13252		162118	159910	157740	
0.2732	0.7255		12632	12840	12629		155794	153772	151059	
0.683	0.3969		13916	13835	14297		169055	167971	166590	
0.2662	0.5314		15667	13430	13345		203511	186151	183287	
0.9506	0.2499		15842	14602	14654		166725	162596	163042	
0.5782	0.774		14855	15307	14816		170576	171705	168773	
0.5339	0.4878		13670	13609	13445		155751	155446	153431	
0.9487	0.6155		16550	16179	16608		162125	159243	160970	
0.6094	0.7222		14447	14564	14453		160453	162652	162488	
0.153	0.2614		12312	12346	12280		186850	189287	188567	
0.8868	0.8856		24347	18124	17070		209121	181301	175712	
0.7384	0.7302		16024	15979	15978		182416	183921	182792	
0.5613	0.6605		14303	14332	14177		161688	159457	161236	
0.7761	0.4		14590	14607	15061		157111	159017	162451	
0.8948	0.5877		20355	16311	16385		181593	165995	165168	
0.0732	0.72		11990	12244	11805		163699	165000	163348	
0.5295	0.8879		14912	14859	14812		175049	172756	178436	
0.8541	0.604		15868	15968	15826		162298	164419	161907	
0.4822	0.131		13005	12725	12747		163887	166952	164561	
0.1901	0.6503		12414	12446	12344		156871	157605	155631	
0.2533	0.8527		13292	13316	12979		162589	163731	161154	
0.2127	0.9659		12855	12907	13271		161121	161415	162518	
0.4711	0.4672		13116	13049	19644		167290	177214	199965	
0.6426	0.5287		14643	15279	15030		166846	167696	167797	
0.5372	0.7879		14499	14440	14741		171496	174158	180018	
0.0897	0.9391		12934	13202	12984		190015	191112	189767	
0.8816	0.3024		22432	15329	15773		212237	159731	160167	
0.5699	0.8241		15096	14912	14936		160302	160690	160911	
0.1162	0.1092		11123	11344	11170		151614	151349	152808	
0.5019	0.5921		13878	13996	20461		159378	165483	214791	
0.8333	0.0855		14457	14374	14770		164570	163152	163475	
0.5505	0.9983		18983	21814	14642		203974	214761	160585	
0.6475	0.8375		15383	16387	20068		159742	167595	184978	
0.1496	0.8188		14186	13000	12411		159522	154620	151776	
0.7319	0.2651		14222	14236	14580		159750	158055	157102	
0.2498	0.1681		11581	11562	11546		159364	159241	157804	
0.7009	0.7294		15198	15114	15175		161930	163589	160419	
0.5809	0.1988		13248	13458	13242		156965	155662	154271	
0.6919	0.5227		15238	15069	15180		154672	152994	152288	
0.9713	0.2158		14776	14738	14719		165531	166387	164103	
0.8074	0.6593		15486	15523	15408		155911	155739	155113	
0.8444	0.5208		15753	15656	16263		166006	167560	165881	
0.8069	0.5324		15214	15242	15174		169895	169354	167751	
0.3465	0.7236		12965	13527	13233		159442	159022	156667	
0.3931	0.3153		12674	12705	12665		158014	158343	157919	
0.584	0.1071		13233	13092	13186		165789	165583	168945	
0.8781	0.4747		15464	15634	15417		157627	158143	156571	
0.4561	0.3146		13273	13448	13593		156370	159114	160307	
0.0526	0.396		11207	11310	11262		154070	159264	156997	
0.1189	0.8374		12232	12134	12060		160084	157917	156087	
0.4631	0.5367		13409	13507	13427		155104	157396	156607	
0.0562	0.2036		10970	11070	11128		149174	151954	150539	
0.8485	0.1497		14617	14578	15779		176388	177266	180537	
0.2272	0.7925		12574	12835	12952		151457	151930	153413	
0.0857	0.1406		11197	11566	11218		161648	163564	165380	
0.3583	0.7742		16480	13580	13414		182382	170953	168802	
0.5649	0.341		13901	13726	13724		165412	165047	165626	
0.1366	0.8825		12671	14893	12654		160759	174242	160886	
0.3344	0.4341		12686	13087	12564		169430	167037	165790	
0.7546	0.1927		14347	14562	14095		162260	160408	162505	
0.3173	0.2787		12344	12365	12469		164679	163993	164096	
0.0959	0.2153		11911	17601	11224		164180	215546	158284	
0.3432	0.0762		12010	12072	11933		153888	153729	157020	
0.1299	0.1069		11359	11468	15711		157213	156946	208108	
0.8198	0.7544		16525	22265	23293		169539	214339	205920	
0.5593	0.6754		14205	14049	14495		163258	169325	161367	
0.7214	0.0539		13995	13575	13633		163043	161641	161832	
0.8334	0.3115		15223	14841	14804		160453	161239	160515	
0.9243	0.3734		15401	15449	15783		157721	159980	166658	
0.3716	0.736		13355	13062	13529		165934	165927	165867	
0.694	0.366		14245	14414	14303		158842	158415	159859	
0.3299	0.2811		12328	12315	12726		164567	164688	169840	
0.1616	0.3103		11546	11563	12373		149474	149938	149922	
0.4694	0.1769		12762	12681	12824		157830	159842	158100	
0.5573	0.6564		14214	14096	14268		154516	155505	157069	
0.2544	0.661		12712	12656	12817		163189	160619	161017	
0.7537	0.245		14221	14324	14091		157251	155570	157030	
0.2123	0.8407		12633	12725	12852		157830	154410	155006	
0.3294	0.9328		13614	13403	13856		172577	167198	168497	
0.3182	0.721		13074	12913	13293		165552	165645	166189	
0.8279	0.687		16566	16804	17070		191554	188228	191839	
0.2245	0.3513		14160	11859	11834		181571	165381	162542	
0.9413	0.6524		19048	24562	24732		225034	238813	240541	
0.218	0.8019		18451	19644	17724		230336	242792	219850	
0.3796	0.9084		14351	13877	16992		161380	159430	170090	
0.9292	0.7978		17093	20135	26852		169077	187417	234036	
0.9596	0.112		23116	17527	21088		245504	185596	228918	
0.133	0.9873		18672	17608	18281		226106	226728	238630	
0.2449	0.1057		18520	18584	11929		235740	200826	159911	
0.8561	0.2762		14964	15173	15056		156685	156266	155033	
0.5009	0.4367		13901	20426	19852		182987	224015	221649	
0.9625	0.0607		22578	19338	16890		237437	201307	190982	
0.2632	0.5875		17363	17137	14620		191432	196142	186918	
0.3369	0.9574		14779	25769	21304		216611	275257	253053	
0.279	0.8782		18703	20110	17658		215782	210501	178543	
0.4127	0.7396		20169	19790	13378		209618	205234	153937	
0.5921	0.5417		21496	24991	21041		233444	251265	233637	
0.9104	0.5095		16061	16125	16179		163469	166271	165093	
0.4495	0.4897		13461	13964	14111		159952	193609	197337	
0.5794	0.956		18058	15512	15441		171119	167416	157450	
0.7127	0.6134		16293	18088	16134		182621	173519	164975	
0.9303	0.6803		16720	16529	16293		163517	159476	158793	
0.7852	0.2498		14146	17564	14560		155840	160869	157238	
0.5886	0.6996		14708	14440	14806		159544	164956	155317	
0.8576	0.7762		22008	23074	22262		238762	242063	216062	
0.9522	0.5769		16674	16361	16267		164810	160694	164062	
0.0814	0.9827		12351	12517	12297		165996	158336	161021	
0.0511	0.6168		11711	11529	11412		165306	158422	160470	
0.9959	0.5827		16760	16684	16415		174425	163131	161588	
0.7868	0.8147		17366	16278	16068		176755	165543	164251	
0.6468	0.7388		15991	15214	14823		177176	166285	164694	
0.7809	0.0652		14357	14578	14110		167213	169056	168373	
0.3187	0.7409		12957	14668	12804		158919	174056	161967	
0.9412	0.1447		14755	17317	14417		168368	162026	156789	
0.3316	0.8875		18801	18733	19728		219255	217501	219265	
0.2706	0.432		13351	13063	12822		192796	185322	183408	
0.8091	0.5627		15386	15318	15210		177490	169018	166400	
0.3613	0.9348		13694	14072	14453		163102	167748	171163	
0.7765	0.5319		16625	15336	15236		172197	162082	160584	
0.876	0.0715		21094	20732	21117		219156	224817	220835	
0.1433	0.8456		17617	16669	15952		235459	228814	191545	
0.7568	0.2328		18009	16043	14116		183361	170178	168005	
0.4491	0.8919		15524	14277	14345		169767	158590	155216	
0.921	0.5498		17991	16111	16074		170272	159404	159675	
0.8813	0.7045		16717	16120	16499		171378	164433	162885	
0.2993	0.8336		14311	13942	13821		196134	187613	190103	
0.3778	0.2297		14271	12518	12733		172357	163490	164675	
0.5236	0.7142		14659	14140	14105		168471	160980	160796	
0.6765	0.3535		14386	14004	13961		175098	165810	164181	
0.2737	0.0838		12219	12180	12193		156702	149445	149240	
0.102	0.9902		12546	12290	12542		167616	161185	163425	
0.1466	0.3479		11832	11613	11583		163098	155512	155823	
0.8868	0.4908		16204	15415	15965		159977	149992	149416	
0.4855	0.1186		13011	14813	12396		172865	165791	162630	
0.4669	0.6854		14432	14520	13645		165911	162897	160418	
0.8046	0.3965		15441	14850	16040		166538	160088	182587	
0.2069	0.3337		12878	12676	12720		185153	178637	194458	
0.1577	0.901		12948	12582	12562		163956	157699	155388	
0.5428	0.7666		14910	14423	14409		165297	159735	156807	
0.6471	0.1247		13669	13927	13365		167371	163633	161142	
0.3185	0.8476		13737	13990	13433		169496	162761	162270	
0.0739	0.1719		11217	11212	11246		169374	164282	163402	
0.1891	0.9166		13195	12792	13090		163326	156121	173715	
0.9484	0.9725		17533	23444	21485		176404	209475	187301	
0.4994	0.9659		14499	20263	20667		167669	212489	214343	
0.4618	0.308		20159	21822	20337		210781	230889	203181	
0.5145	0.4988		13530	15426	20034		159203	180793	213357	
0.2752	0.3186		14224	18946	13112		192397	211696	182079	
0.9387	0.912		19968	20145	21421		191196	192467	203972	
0.4143	0.6186		15001	15415	19084		179147	183034	184483	
0.1869	0.7161		15604	15650	14337		194624	182035	178669	
0.8039	0.8979		22514	20334	22827		204056	208935	233136	
0.3649	0.1458		16868	17334	18267		202744	202807	207435	
0.7379	0.8559		19898	20876	20579		211430	206458	208189	
0.2005	0.8104		14445	14678	14508		189050	187833	198939	
0.6882	0.1698		17705	20480	20655		191008	221482	232133	
0.7218	0.4827		14607	15291	15501		162807	189317	191386	
0.496	0.4281		16849	13892	13263		192417	186789	166181	
0.7129	0.5478		17430	15531	14900		186230	186211	180190	
0.475	0.0616		12415	12546	12476		164735	166093	163781	
0.5697	0.3189		14149	13604	13586		163829	162745	162430	
0.9009	0.5907		16427	16124	16143		161857	160221	157614	
0.2793	0.1118		12707	11771	11741		166762	166422	165953	
0.7168	0.4175		14281	14928	14334		148908	149418	150936	
0.8836	0.4239		14975	15292	15292		166978	167943	165969	
0.0832	0.6662		11733	12114	11781		150226	152332	146846	
0.8905	0.7998		16866	17186	16915		164960	169228	165475	
0.5323	0.2444		12922	13020	13033		166082	162973	162374	
0.9074	0.6312		17307	16983	17109		198336	195364	194760	
0.2069	0.5954		12305	12359	12213		159354	159317	156324	
0.9687	0.6932		16785	17021	16628		168957	167887	168097	
0.7197	0.113		13767	13844	14213		157217	158781	156687	
0.947	0.6331		16628	16462	16465		161182	162632	159369	
0.5166	0.1745		13143	13200	12921		154276	154336	154170	
0.6262	0.7779		15609	15435	15454		164317	167606	165235	
0.6062	0.8476		15197	15046	14849		163992	165025	164270	
0.9033	0.3619		17621	15531	15367		165450	160239	159668	
0.1337	0.5231		12139	12109	12086		155886	152992	156028	
0.1299	0.4019		11703	11620	12054		164966	166233	164979	
0.2909	0.1243		14800	12227	11938		159076	153992	152481	
0.6446	0.2115		13939	14073	14118		166867	165509	169500	
0.6526	0.5772		14997	14697	14965		161680	161292	163266	
0.4802	0.8542		14264	14274	14185		159739	159158	158250	
0.4486	0.2056		12638	12814	12689		154896	155718	155116	
0.5007	0.3547		13768	13511	13286		158452	153851	151208	
0.6422	0.7499		15013	15005	14747		160704	159101	158436	
0.7171	0.8456		16356	16027	15803		160147	160262	159561	
0.2582	0.6824		12947	12669	12534		161825	160951	160499	
0.1153	0.4478		11610	11610	11907		159428	159841	158397	
0.2819	0.4001		12296	12325	12569		154264	153812	152330	
0.5205	0.2181		13117	13106	12877		166208	164292	162934	
0.3098	0.5838		12667	12643	12770		150257	149979	150807	
0.7674	0.3261		14580	14839	14687		158494	156355	157937	
0.1351	0.0912		14973	11553	12477		184926	172632	175435	
0.2826	0.4687		12556	14108	14783		167156	167874	172598	
0.0616	0.0741		11829	11997	11728		176118	175559	175204	
0.1577	0.5053		12048	13826	12103		163007	158964	153186	
0.9562	0.4223		16338	15858	15867		191123	211026	187549	
0.2842	0.3056		14509	12676	12598		162321	156267	172040	
0.093	0.1081		11269	11288	11088		162135	161925	161619	
0.4561	0.8018		14445	14425	14133		165465	166535	161880	
0.4183	0.7852		13854	13989	14274		158946	158269	160073	
0.5117	0.7478		14259	14404	14505		153583	154707	154324	
0.1903	0.5583		12551	12368	12147		162864	164222	160402	
0.5934	0.989		15467	15327	15064		164005	161991	160951	
0.6117	0.4165		14016	14040	13663		161977	162132	159060	
0.9172	0.1157		14695	14674	14582		168223	167387	166381	
0.0533	0.6553		11628	11587	12099		165195	164879	165750	
0.7681	0.9687		16815	18044	23526		189176	191204	217216	
0.919	0.3612		17932	16446	18841		197785	193840	201870	
0.7566	0.0669		13971	13982	14378		151871	154135	151193	
0.9576	0.8901		17366	17945	17570		158750	160945	160012	
0.4671	0.6472		17559	13783	13978		190965	174910	173936	
0.8136	0.1268		14792	14613	14473		170978	163783	158836	
0.8479	0.2539		16896	15603	21434		182897	184325	191495	
0.8385	0.4101		21431	20980	18055		200052	207238	212009	
0.3525	0.8117		17309	15621	17863		196320	188752	197894	
0.1322	0.6943		15827	18475	14074		210206	208522	185099	
0.9935	0.8419		19575	21779	18563		197487	199171	193581	
0.892	0.9769		19318	20504	20621		190862	190052	184158	
0.9797	0.1697		16594	18812	21703		179624	188391	194933	
0.3174	0.0591		14047	16662	15235		188593	187897	185037	
0.6198	0.3578		18160	20687	15875		199876	210053	194072	
0.94	0.36		17405	18387	18648		191757	199556	185389	
0.3705	0.7725		17274	15284	15814		195041	189876	186846	
0.6216	0.424		16242	16290	17531		183132	182081	179787	
0.5658	0.7402		18128	17963	16365		185616	182262	182295	
0.1288	0.8611		15773	15210	18320		195272	191258	194801	
0.3582	0.3053		14513	13452	14942		186571	180366	180552	
0.4328	0.915		15962	16090	16041		189708	186766	184905	
0.6507	0.8874		17880	18332	20610		186919	182574	209060	
0.2258	0.1359		14982	15708	16464		184716	182607	186050	
0.5067	0.2285		15568	13182	19540		170117	159904	192450	
0.6572	0.2592		16292	14060	14247		179548	171130	171901	
0.6493	0.8604		15712	15620	17226		173345	175273	173634	
0.1438	0.3518		12722	11865	14533		164403	162584	176245	
0.5823	0.1819		21056	16016	17098		212030	182530	186129	
0.9409	0.8933		19438	18598	19771		192431	192734	194359	
0.3496	0.4131		19996	17939	15969		235627	202559	175096	
0.8291	0.2587		17815	17904	17897		186964	195489	188086	
0.4869	0.3354		15299	15690	17988		187092	187414	190692	
0.0836	0.9143		16911	13617	15096		180945	181557	185403	
0.7468	0.3199		19037	20083	18455		207081	234857	198134	
0.062	0.2805		16640	15449	14248		207534	201999	196280	
0.9331	0.2682		21746	19882	21394		200274	206736	205111	
0.0933	0.9674		17660	20362	15715		198302	208988	179804	
0.4127	0.261		18865	19439	13855		194491	190207	178176	
0.6849	0.9848		17644	19653	19712		188503	190596	192858	
0.167	0.456		15353	16655	15429		193056	191466	195678	
0.4115	0.6739		19874	16676	15074		189882	183563	180499	
0.936	0.5526		18804	16209	16122		193755	170106	170903	
0.544	0.6444		14255	14216	15045		172675	166209	168903	
0.4536	0.3229		13341	13178	13046		173368	168240	170534	
0.5017	0.2781		13714	13481	13544		168384	162368	166214	
0.4504	0.8133		14955	14503	19005		165749	168650	192704	
0.5744	0.2156		13236	13212	13314		158081	158357	164007	
0.3492	0.8578		14462	14628	14765		179779	184224	159242	
0.5729	0.3267		21748	21339	20999		223528	217296	197157	
0.1308	0.7822		12488	12537	12591		171799	168629	168200	
0.4032	0.4261		13048	12924	14623		164234	162125	173821	
0.8415	0.962		21718	19897	18106		197424	196749	190463	
0.7629	0.6296		19164	26814	23063		223397	249639	229509	
0.0634	0.8799		15874	15974	15323		181221	182061	183734	
