35	36	37	
0.1007	0.86	0.984		4732	4785	4765		163444	150167	153716	
0.5052	0.3538	0.8092		4444	4491	4467		159803	151389	149782	
0.4252	0.7475	0.4778		4951	4946	4899		178056	161973	161064	
0.9371	0.8873	0.9323		7784	7772	7812		169305	156819	157362	
0.7598	0.6471	0.9891		8404	8554	8435		242387	237675	240606	
0.2412	0.3188	0.8387		4561	5635	5675		209567	214381	242522	
0.9268	0.4049	0.7124		7063	6912	7004		208633	212753	208608	
0.9618	0.86	0.3177		7225	6179	6087		178501	187030	159498	
0.9843	0.936	0.4362		6734	6734	7893		166686	161924	176141	
0.1888	0.5544	0.8912		4541	4507	4566		163392	166350	164823	
0.0531	0.7063	0.9012		4471	4236	4165		153080	165661	154662	
0.8477	0.9776	0.3143		5999	6116	5982		166586	168409	167391	
0.7766	0.9757	0.0646		6021	5816	5893		188336	171066	201858	
0.5531	0.3612	0.1146		3340	4293	3961		160928	167046	218204	
0.8101	0.1483	0.8449		6179	7491	8572		186751	252545	268792	
0.3955	0.5629	0.8429		6641	6630	6441		218768	216174	216872	
0.5857	0.3303	0.141		4756	4951	4034		236988	228944	222753	
0.8264	0.8666	0.7688		7484	9687	8728		174026	234216	219705	
0.8823	0.664	0.4355		5875	6499	6503		163982	167979	176633	
0.1749	0.7816	0.7773		5950	5584	5991		247060	221296	232572	
0.8907	0.7584	0.8114		7243	7196	7230		167786	169546	164574	
0.5434	0.9727	0.9371		7245	6912	7322		170501	174228	189553	
0.5499	0.2956	0.6409		5553	5482	7006		223210	232204	245373	
0.3372	0.3607	0.203		2892	2874	2851		182448	167661	192258	
0.6105	0.2853	0.9468		5129	5113	5099		193002	162672	171291	
0.8115	0.2381	0.2516		5430	5194	4994		220401	217154	218558	
0.9016	0.9063	0.3684		6422	6421	6514		188806	165098	175070	
0.4916	0.6573	0.1841		4998	5399	4077		219146	217565	200211	
0.2658	0.3203	0.1239		2507	2494	2409		186663	152579	160154	
0.7367	0.3406	0.124		4191	4085	5299		171629	156673	192015	
0.6772	0.5419	0.7341		7000	6916	5648		216013	217658	201393	
0.4604	0.2488	0.3093		3759	3497	3546		164765	160644	164598	
0.4007	0.4959	0.796		5195	5187	5464		200761	158117	158217	
0.1062	0.5729	0.0525		2233	2234	2262		153504	156068	152154	
0.9955	0.6242	0.4961		5964	5937	5902		154515	155362	153194	
0.2069	0.7717	0.2764		3554	3517	3546		158196	158597	161088	
0.2426	0.2693	0.2727		2732	2541	2520		166666	165809	168673	
0.5375	0.8811	0.8087		6407	6445	6257		182302	176283	164489	
0.5306	0.3811	0.0724		3470	3458	3452		152466	152583	152762	
0.0881	0.0706	0.8246		2992	2985	2985		164738	161289	160370	
0.2857	0.7014	0.834		7446	6706	7587		290719	232678	229066	
0.7251	0.7062	0.4788		5244	5210	5252		166449	163065	164176	
0.7111	0.8194	0.6917		6226	6194	6188		163928	164800	162918	
0.1325	0.3499	0.42		2906	2872	3137		159574	159258	161225	
0.2192	0.7899	0.297		3567	3577	3558		151090	151391	148149	
0.1205	0.0914	0.37		2515	2501	2490		159789	159765	162179	
0.1244	0.3252	0.4377		2894	2827	2896		163421	152434	149955	
0.5952	0.3404	0.96		5165	5130	5088		171742	170214	166703	
0.3654	0.6999	0.6224		5054	4997	5649		154174	154500	151894	
0.9659	0.9716	0.2811		6383	6347	6351		161915	160820	156454	
0.5101	0.9929	0.7897		6663	6563	7405		151510	152193	162179	
0.3503	0.3624	0.2105		2903	2887	2858		157999	158429	167710	
0.3141	0.4056	0.3725		3766	3694	3683		153431	152335	156117	
0.2094	0.408	0.6623		3902	3843	3867		158854	156105	152204	
0.5378	0.3458	0.7545		4963	4907	4795		166871	170928	170143	
0.9583	0.62	0.2831		5536	5557	6737		155255	167465	175636	
0.8483	0.9196	0.9875		9630	9954	10363		232886	244901	265388	
0.0897	0.6683	0.0525		3057	3003	2959		214621	210990	205407	
0.9741	0.9383	0.8976		9747	8835	9594		171187	211039	214620	
0.918	0.1337	0.912		5492	5817	5330		186331	201404	162206	
0.3193	0.3911	0.983		4757	4782	4733		148107	150144	149908	
0.3866	0.1754	0.6818		3977	3957	3971		159288	158707	159780	
0.8996	0.3997	0.0643		4529	4508	4659		157610	157444	156717	
0.5839	0.7338	0.2372		6651	6630	6459		182166	212834	189810	
0.5126	0.0775	0.862		5831	4169	4834		182486	162849	170470	
0.6064	0.7478	0.6523		6132	5935	5986		179569	191557	181462	
0.5961	0.3216	0.5111		4439	4931	5005		170702	191478	219261	
0.3505	0.2422	0.473		3432	4704	3462		155672	174168	185982	
0.4306	0.612	0.2512		3983	3957	3966		155363	155589	157486	
0.1212	0.4867	0.4353		3281	3241	3853		159525	158324	161398	
0.6218	0.1804	0.9178		4631	4701	4630		159518	157615	155852	
0.902	0.2996	0.9187		6400	5889	5889		188059	196688	163004	
0.9831	0.7331	0.6585		7145	7212	7125		155175	158881	155672	
0.2173	0.7534	0.4998		4481	4250	4230		166121	164533	162230	
0.2132	0.2279	0.722		4267	4322	4202		177093	207468	175082	
0.5172	0.7296	0.8613		6313	6279	6304		162243	164201	166055	
0.9354	0.2943	0.8558		5942	5904	5876		158978	159228	159002	
0.2478	0.13	0.8221		3715	3552	4045		152326	160470	168520	
0.4064	0.2004	0.8393		6673	4460	4476		215581	195619	159826	
0.9565	0.6403	0.9472		9842	7508	8772		255615	201278	228142	
0.9451	0.3565	0.8896		5945	6019	5928		171276	159608	164380	
0.6388	0.1494	0.4259		3909	3929	3875		159306	195718	162310	
0.1832	0.9588	0.5098		4495	4455	4490		148584	149968	151357	
0.9752	0.9266	0.4096		8944	7030	6982		172525	168090	164483	
0.7357	0.6398	0.9196		6980	6953	6929		156618	155119	161160	
0.4459	0.304	0.1199		3276	3287	3266		160216	160910	161523	
0.6092	0.9864	0.9395		7132	7121	7107		160353	164991	159868	
0.2336	0.179	0.6019		3331	3169	3155		160835	196641	157441	
0.4232	0.7521	0.6276		7061	5545	5336		192288	200865	167525	
0.5426	0.1396	0.9629		5523	5759	5591		227922	234392	236611	
0.4632	0.9304	0.9332		8164	7905	7540		174345	221047	177920	
0.3592	0.0825	0.6231		3682	4006	4478		191013	211478	214352	
0.3647	0.4766	0.6226		4819	5003	4760		162779	159586	187095	
0.9492	0.2968	0.4999		5331	5638	7099		168360	177430	203320	
0.6309	0.0604	0.5304		4026	3716	3956		157979	159730	157623	
0.1347	0.3579	0.4664		3123	3179	3183		161318	154593	160191	
0.2756	0.6489	0.8288		6067	5905	6119		226113	232383	189432	
0.2446	0.0636	0.5159		2807	2894	2760		167925	163241	160657	
0.4037	0.9749	0.9266		6656	6668	6685		156954	162811	157473	
0.8495	0.4917	0.1936		5039	5123	5136		157085	160437	159913	
0.1797	0.7041	0.5659		5658	5681	4795		207650	175187	186965	
0.1958	0.5707	0.3278		3322	3278	3303		159566	152059	152689	
0.5396	0.9854	0.7578		6500	6467	6524		157671	150870	158378	
0.5386	0.3099	0.3453		4867	3736	3704		162615	161476	141264	
0.8139	0.6226	0.3616		5209	5205	5225		155834	156729	156793	
0.6645	0.4656	0.6329		5198	5354	5154		157345	160469	193017	
0.1775	0.6082	0.8737		4523	4478	4473		160870	161057	164282	
0.1948	0.4594	0.326		3193	3150	3180		154871	154770	156282	
0.2966	0.4994	0.6238		4603	4174	4211		153113	151738	153681	
0.3651	0.6724	0.163		3792	3801	3762		152297	154048	152598	
0.645	0.6712	0.7475		6394	6013	6039		161259	160329	165466	
0.3578	0.2698	0.8654		4067	4395	4533		159407	161784	165538	
0.8757	0.9195	0.2056		5975	5971	6407		164526	177447	165444	
0.8931	0.5245	0.1292		4967	4906	4877		162156	167722	160712	
0.4491	0.7589	0.2314		4281	4290	4251		161732	163649	163604	
0.7578	0.4863	0.2668		4898	4967	4906		164654	155496	171889	
0.2897	0.5928	0.3458		3639	3601	3552		160912	149669	150703	
0.6641	0.0801	0.1655		5261	4868	4839		219676	185412	188693	
0.6077	0.3038	0.9548		5184	5184	5146		166819	180178	162613	
0.5499	0.1944	0.1818		3369	3410	3367		159544	163215	164537	
0.7128	0.7154	0.5725		5461	5433	5478		160874	167169	172176	
0.4264	0.9793	0.9095		8328	7867	6661		230348	233165	198666	
0.5621	0.8045	0.4178		6432	6461	5732		196347	184146	192064	
0.7846	0.112	0.4691		5024	4956	4836		167734	174520	187794	
0.7894	0.9045	0.7712		9077	9130	9529		193492	231927	231043	
0.8439	0.5401	0.5407		5724	5693	5694		155437	155289	160019	
0.1651	0.8208	0.3726		3951	4109	3921		164787	167415	164706	
0.1537	0.0641	0.5748		2773	2692	2679		151907	151931	152343	
0.9374	0.1298	0.4724		4669	4582	4562		153878	154369	154568	
0.2873	0.3766	0.0649		2807	2758	2872		159657	158996	161373	
0.9528	0.2175	0.7082		5239	5214	5268		156216	156298	156880	
0.4742	0.8412	0.1827		4569	5075	5249		156065	164935	193433	
0.4879	0.4708	0.2011		3970	3957	3971		157486	157486	161126	
0.5163	0.6447	0.0826		3813	3744	3829		154421	153964	170911	
0.4107	0.4474	0.3762		4337	5593	5615		159428	180749	216011	
0.3261	0.1214	0.5102		3244	4023	3101		153562	151663	163431	
0.1329	0.8137	0.0961		2749	2781	2690		159414	164889	165378	
0.6445	0.836	0.8983		7351	8647	6861		163111	181690	165634	
0.1097	0.5951	0.6795		3867	4236	3828		155932	156073	162934	
0.5712	0.9709	0.4395		6190	5709	5681		161176	159757	159418	
0.7227	0.4775	0.6381		5284	5318	5237		162211	159829	163846	
0.7741	0.1141	0.1253		3753	4855	5756		156359	187816	212522	
0.7829	0.6477	0.8662		6831	6816	6850		152093	152647	153416	
0.9737	0.8613	0.9013		9927	9760	9799		182087	187034	183706	
0.7006	0.7157	0.1856		5210	5049	4441		218006	218943	202419	
0.203	0.7908	0.1122		3050	3085	3054		160535	154394	155250	
0.9162	0.3725	0.7033		6069	6040	6072		156671	160989	159419	
0.2063	0.9878	0.5055		4466	4478	4464		161738	161607	160635	
0.1168	0.6851	0.5451		3689	3703	3665		149674	150419	151624	
0.3402	0.6882	0.3817		4274	4467	4166		164552	169159	162249	
0.3368	0.4884	0.866		4871	4867	4822		166057	161904	162903	
0.4217	0.6645	0.6087		5075	5030	5102		155010	154198	155473	
0.9732	0.6399	0.703		6640	6636	6691		162034	164734	163914	
0.7826	0.2378	0.2536		4337	4188	4161		158544	158574	158547	
0.5049	0.949	0.4906		5653	5594	5606		158192	164623	158640	
0.9397	0.0666	0.3659		4449	4374	4324		155381	154299	159885	
0.9986	0.95	0.6032		7322	7190	7248		156709	153821	159087	
0.6123	0.7378	0.1213		4385	4400	5136		153438	160094	164182	
0.4214	0.5143	0.161		3683	3659	3642		164998	170404	171405	
0.1832	0.7406	0.6197		4393	4320	4551		159004	150583	150996	
0.0604	0.7976	0.1647		2524	2568	2666		155624	158432	163771	
0.183	0.5472	0.2603		3224	3092	3039		169022	168669	154863	
0.1567	0.9009	0.573		4238	4335	6003		189662	155247	165547	
0.6501	0.0793	0.2714		3319	3597	3280		158432	163134	160549	
0.3498	0.6522	0.3213		3697	3699	3657		157500	158507	158387	
0.1513	0.69	0.9436		6187	5193	4763		205807	208065	199006	
0.1336	0.9606	0.3808		4002	4024	3975		158758	158643	161601	
0.9046	0.3758	0.5123		5680	5589	7126		160815	163661	181907	
0.9116	0.7948	0.0721		5628	5580	5506		158313	156680	157395	
0.6167	0.3128	0.6668		4603	4605	5022		150174	161482	154137	
0.3945	0.5034	0.7148		4894	4878	4804		160836	155178	155244	
0.6717	0.1208	0.0835		3067	3058	3268		152406	153695	154268	
0.3899	0.5857	0.1454		3741	3719	3714		158666	161378	162536	
0.2838	0.5835	0.846		5118	7165	5005		169674	185395	200825	
0.815	0.8309	0.8681		7543	7513	7532		157526	157675	159022	
0.3473	0.092	0.1336		2448	2467	2469		155986	150320	153085	
0.8708	0.1893	0.523		6619	6581	7992		188065	190213	212980	
0.3635	0.6198	0.3245		3627	4837	3577		152581	193977	166158	
0.6329	0.3085	0.1631		3505	5271	3510		146623	171138	157422	
0.2091	0.4018	0.081		2499	2507	2487		148876	150289	144983	
0.1834	0.4933	0.7523		4412	4386	4385		158288	158736	164862	
0.5793	0.2583	0.2771		5484	5426	5512		176687	180173	185483	
0.8333	0.821	0.8971		7822	7711	7681		156564	158350	167001	
0.8244	0.767	0.1973		5757	5798	5937		163339	161370	163609	
0.9398	0.5111	0.6271		6087	6100	6094		162696	157617	162090	
0.8419	0.5761	0.7792		6621	6606	6617		159278	163631	157203	
0.7254	0.6662	0.4929		5297	5286	5389		164207	166065	159006	
0.6677	0.2618	0.9352		5042	5021	4970		168659	160227	162671	
0.1397	0.5816	0.967		4590	4596	4566		166392	156496	161036	
0.4745	0.172	0.5257		3738	3768	3755		168500	156750	158165	
0.9416	0.3659	0.7913		6412	6396	6381		170571	159095	159338	
0.1771	0.1019	0.6113		4028	3352	2871		166699	213669	176531	
0.7947	0.9819	0.9746		9377	7871	7878		218140	209481	161380	
0.4923	0.7673	0.5665		5547	6022	5593		160481	160738	166313	
0.0735	0.0834	0.3859		2870	2814	3345		170878	194675	226958	
0.3224	0.2415	0.9508		4170	4307	4163		152299	153638	154025	
0.1122	0.5431	0.4877		3411	3398	5118		215414	173009	219281	
0.318	0.9407	0.7692		5878	6185	5788		180741	182887	174595	
0.7009	0.3926	0.9787		5755	5720	7562		164303	163993	204152	
0.3308	0.3143	0.474		3616	3605	3573		157195	158420	157580	
0.9133	0.1604	0.4335		4616	4545	4583		157728	152040	151961	
0.062	0.7309	0.4125		3962	3567	3565		161777	174402	159462	
0.6355	0.2808	0.0623		3339	3334	3378		157332	157300	160809	
0.9941	0.7071	0.743		6966	7013	6954		168703	173440	166672	
0.9662	0.9621	0.1665		5807	5794	5814		157844	162586	159566	
0.6295	0.0862	0.2537		4658	4006	4204		209333	226236	207651	
0.9783	0.141	0.1746		4028	4006	4019		152919	154401	159123	
0.6751	0.2383	0.6674		4495	4604	4385		159763	165466	164208	
0.3342	0.9957	0.2864		4104	4167	4041		187448	159265	161742	
0.1974	0.2356	0.87		3800	4750	4703		171243	191118	230736	
0.3333	0.551	0.0776		3197	2987	4004		154509	155651	165987	
0.9717	0.2191	0.7969		5481	5425	5812		164234	161943	170509	
0.1695	0.2228	0.7982		3485	3455	3537		149331	157659	158312	
0.8758	0.7918	0.9693		7728	7698	7693		161130	164961	155015	
0.3706	0.4714	0.4543		4427	4392	4371		162503	158805	171722	
0.2443	0.4666	0.4098		4058	3565	3533		160417	170081	159352	
0.8238	0.7711	0.7732		7776	7448	7408		168499	161078	161403	
0.403	0.933	0.3942		5325	5285	5254		162983	155510	155802	
0.971	0.7099	0.3224		5710	6442	5618		162150	178258	167144	
0.4651	0.5381	0.6821		5273	4945	4959		161955	162971	161200	
0.4663	0.2703	0.4559		4003	3993	3985		160892	165045	167977	
0.5351	0.2877	0.8384		4926	4900	4943		164091	157875	162329	
0.1557	0.8671	0.4734		4073	4096	4222		156757	152167	153925	
0.9668	0.7852	0.6536		7712	7160	7215		162558	161208	164190	
0.375	0.4175	0.9595		5442	5378	5410		154713	161625	160514	
0.2754	0.4738	0.8501		4793	5019	4933		161298	158358	157478	
0.7323	0.7754	0.219		5811	5518	6959		162055	169038	182804	
0.386	0.8162	0.8241		6245	6216	6204		161529	167101	164330	
0.8788	0.8165	0.9018		7734	7702	7840		180191	162398	162786	
0.8827	0.3294	0.0891		4259	4258	4223		165532	162323	159786	
0.8776	0.2142	0.3227		4614	4490	4925		150980	155121	172150	
0.5807	0.5933	0.7138		5443	5428	5384		161185	171571	164147	
0.0529	0.0881	0.2817		2180	2185	2190		166701	167572	162351	
0.5175	0.7106	0.2111		4325	4273	4306		157465	163189	162944	
0.4353	0.6113	0.5577		5077	5092	4984		166243	161814	159763	
0.2358	0.5277	0.7491		5152	4445	4715		165372	171034	162037	
0.5708	0.4735	0.3786		4806	4797	4781		160324	157007	161931	
0.3034	0.1264	0.1264		2465	2492	2603		161434	160736	183119	
0.3295	0.7007	0.7346		5131	5391	5253		156790	159785	160638	
0.2533	0.8073	0.1267		3145	3113	3268		173644	165805	167963	
0.5349	0.8919	0.2288		4771	6180	5863		169156	193986	229923	
0.7977	0.1847	0.63		5462	6273	6583		166741	221785	221683	
0.8233	0.4434	0.1965		5025	5020	4988		157294	163570	154640	
0.3292	0.3055	0.4264		3555	3468	3467		159161	165957	159923	
0.6365	0.1563	0.5241		4047	4023	4005		154123	155478	161708	
0.1036	0.2138	0.5371		4124	3480	3816		226304	224804	228783	
0.7755	0.3917	0.1514		5201	4914	4765		157988	163215	177696	
0.0911	0.4905	0.4099		3390	3546	3329		161541	160558	175398	
0.8788	0.4312	0.6014		5947	6246	5976		187133	164095	163212	
0.8962	0.3318	0.1073		4391	4372	4418		159785	151212	155870	
0.4402	0.4387	0.2884		4033	3966	3956		156225	163401	165703	
0.5594	0.1068	0.5155		4304	3895	3848		167407	200335	160551	
0.4529	0.7289	0.6863		5636	5637	5609		162422	162977	162638	
0.3827	0.4894	0.6797		5804	5872	6255		189438	177692	223057	
0.8761	0.2494	0.343		4464	4502	5201		158414	160204	166391	
0.9251	0.7141	0.856		9183	7293	7368		168872	181804	167336	
0.2031	0.4082	0.2997		3131	3121	3145		162771	165382	166547	
0.4584	0.1008	0.2534		3651	5016	4530		154947	187453	227611	
0.4424	0.0846	0.1715		3689	3008	2980		184446	178114	158250	
0.4546	0.6341	0.9298		5907	5936	5855		155223	155752	155326	
0.9564	0.0615	0.873		5078	5106	6563		165020	164679	175281	
0.2387	0.419	0.9093		4526	4474	4458		155249	155512	158920	
0.4622	0.1393	0.8477		5903	7803	7036		227002	253160	267698	
0.7577	0.3719	0.7229		7438	7603	5775		207663	244427	208496	
0.188	0.2281	0.7849		3686	3702	3656		199495	167508	171112	
0.9024	0.9847	0.1899		5931	6672	6212		166557	165593	212439	
0.5303	0.7633	0.3218		5348	4939	4854		219946	202033	165031	
0.3282	0.1318	0.7376		3644	3631	3649		159998	160718	204695	
0.8922	0.0792	0.7233		4698	5464	5619		202306	166173	171606	
0.4746	0.6177	0.2756		4393	4315	5094		163613	168541	194361	
0.1746	0.9199	0.9688		5505	5374	5381		162568	158382	159306	
0.6735	0.6864	0.2651		6192	4555	5027		200253	195903	178529	
0.6481	0.3118	0.4556		4537	6407	6167		207054	228625	264513	
0.8114	0.7892	0.7691		7633	8747	8543		215500	212523	216595	
0.0959	0.6709	0.5299		4045	4884	3692		233870	225840	228359	
0.4545	0.4886	0.7859		7086	5546	5726		230434	226303	235155	
0.1138	0.7376	0.5073		4172	5773	8063		272104	251356	329374	
0.2873	0.5846	0.7561		6308	6583	5924		261210	252078	220528	
0.7985	0.3207	0.7482		7565	7475	7503		185330	185762	187382	
0.516	0.3548	0.7444		8191	6731	5488		253968	237174	221445	
0.2081	0.2599	0.0989		3048	2867	3646		224847	234575	276413	
0.3836	0.8885	0.7906		6989	7019	8701		211043	216645	272520	
0.3439	0.7649	0.1462		3577	3557	3506		168972	152671	158901	
0.9595	0.4605	0.3143		5551	5972	5596		176586	170425	171713	
0.7989	0.8005	0.9099		7495	8133	7471		162489	165261	183646	
0.5633	0.4328	0.6732		5107	5028	5016		162821	158261	160570	
0.54	0.1991	0.5801		4203	4134	4083		174798	171520	161475	
0.5287	0.4531	0.855		5407	5339	5366		159771	159038	162145	
0.5092	0.6635	0.4817		5072	5056	5087		161697	161446	164678	
0.8276	0.8607	0.2557		5885	6093	5872		176697	178237	166931	
0.7664	0.2506	0.8531		5475	6219	5417		155261	172191	177929	
0.358	0.1355	0.1032		4253	4166	4239		195954	183643	177440	
0.7362	0.9527	0.2341		6838	6393	5863		167678	190529	159546	
0.6124	0.9041	0.3365		6185	6410	6083		250139	224174	231553	
0.7406	0.1497	0.4358		6216	6350	6030		217801	234881	264019	
0.8248	0.8845	0.9464		10095	9376	8738		214372	243127	216992	
0.4715	0.4176	0.9817		6129	5614	5746		214144	216969	220594	
0.464	0.8471	0.482		6709	6693	5872		214168	211827	231637	
0.9759	0.6586	0.7819		8917	7115	7062		209302	205205	188938	
0.2811	0.3847	0.2292		3376	3271	3181		168616	172285	170314	
0.892	0.3025	0.791		5827	7077	7467		162771	193443	220176	
0.356	0.8893	0.8755		5815	5786	5780		162451	163342	164448	
0.131	0.1552	0.2944		2444	2552	2421		153466	155445	156780	
0.9697	0.7124	0.0775		6932	6817	6800		212642	186751	188142	
0.6765	0.0709	0.7319		4205	4202	4196		157299	157024	159669	
0.5747	0.1209	0.4465		3718	3747	3696		158662	158842	157354	
0.2633	0.2434	0.1174		2394	2381	2395		149691	150207	150880	
0.699	0.8571	0.2792		5278	5267	5260		170392	162050	167911	
0.8133	0.8524	0.8749		9603	9484	9546		189039	194362	191858	
0.2945	0.3107	0.1958		2936	2941	3343		161483	161268	171480	
0.5143	0.9968	0.414		5537	5499	5497		150241	150763	153965	
0.995	0.2094	0.2372		4267	4266	4235		151788	151557	153324	
0.351	0.5423	0.2024		3307	3302	3253		162075	162264	164229	
0.4595	0.6863	0.3411		4477	4445	4460		159671	160740	163138	
0.8798	0.9923	0.6622		7258	7293	7421		161676	157313	169969	
0.2229	0.7406	0.2453		3343	3307	3300		154125	154437	156452	
0.932	0.5691	0.8186		6993	7521	7110		155459	156860	181417	
0.0781	0.3399	0.1065		2130	2121	2156		158820	159238	165591	
0.8717	0.1889	0.814		5340	5422	5304		151147	149233	153840	
0.6969	0.9876	0.2291		5221	5448	5076		152316	158393	160472	
0.3	0.2528	0.519		3341	3323	3319		156797	157520	159069	
0.6165	0.6895	0.8836		6157	6178	6065		166728	165052	168950	
0.3134	0.8795	0.3023		4064	4020	3989		158028	147562	146842	
0.8934	0.7235	0.3681		5994	5985	6017		166288	153630	159146	
0.8224	0.1634	0.7319		5096	5064	5051		162583	157042	161520	
0.7796	0.3695	0.7688		6064	6049	6070		163038	156106	159394	
0.6288	0.2944	0.9619		5115	5114	5096		160750	155670	157508	
0.8098	0.5132	0.5609		5769	5831	5778		169057	164177	166173	
0.1956	0.8993	0.2387		3433	3408	3419		161126	163311	156923	
0.92	0.3577	0.7564		5821	5796	5775		168209	166543	163477	
0.3353	0.4167	0.9171		4811	4789	4750		172463	165475	167857	
0.6902	0.2488	0.4874		4321	4149	4116		156457	150810	152320	
0.0578	0.9487	0.9717		5167	5193	5160		155471	158486	152749	
0.356	0.1052	0.7132		3534	3498	3465		160296	157210	154718	
0.6023	0.1869	0.5965		4287	4248	4263		167938	165619	165259	
0.4774	0.3759	0.8355		5304	5329	5326		167384	161787	168915	
0.6119	0.8302	0.8412		7066	6782	7169		173002	169335	191893	
0.5283	0.8785	0.7589		6433	7071	7422		172319	178166	199993	
0.5193	0.8571	0.334		4940	4957	5545		162740	163175	169922	
0.6332	0.1194	0.7503		4318	4594	4344		168026	166175	170594	
0.9231	0.5994	0.7975		8298	8060	7478		225254	202883	197004	
0.4464	0.2462	0.934		6598	6821	6465		194872	184517	188544	
0.6075	0.9169	0.4674		6015	5996	7889		167099	177536	201138	
0.4687	0.6074	0.8171		5746	7509	7531		154486	182094	180443	
0.2786	0.9977	0.683		5396	5514	5708		165816	167342	187493	
0.5765	0.9763	0.3717		5807	6841	5771		172511	169746	177671	
0.4877	0.563	0.4963		4942	4872	5016		158930	163267	160126	
0.7901	0.1458	0.3381		4260	4306	4320		160638	157913	165145	
0.511	0.3104	0.3999		4143	4155	5019		167481	172102	173166	
0.7375	0.9342	0.155		5617	5467	5748		151080	161968	157871	
0.087	0.8994	0.8674		4926	5054	4911		160050	168812	161320	
0.7823	0.4531	0.1724		4673	4710	6488		177791	160384	186952	
0.3388	0.1692	0.4929		3260	3242	3263		165530	153234	151528	
0.8664	0.6718	0.7338		8041	8463	6971		222744	247451	207293	
0.6963	0.2683	0.9108		5051	5528	5091		163612	183465	180603	
0.5122	0.2813	0.7108		5669	6081	4643		217588	217763	186205	
0.8068	0.2295	0.6152		6401	6239	6259		216617	226860	212582	
0.8665	0.7796	0.5286		6728	6708	7087		164234	163418	161424	
0.6901	0.3726	0.6337		5884	6342	6054		226562	225355	220666	
0.2364	0.7238	0.4636		4080	4044	4044		160788	163230	165874	
0.4403	0.6579	0.5433		6524	6208	6364		212268	213091	213501	
0.4138	0.4382	0.6026		4707	4915	5777		168830	160679	215671	
0.5475	0.8961	0.5689		6549	5929	5875		180344	189099	181999	
0.8034	0.4007	0.872		6271	6304	6921		173428	164944	181713	
0.8746	0.5514	0.6356		6227	6094	6031		163598	165342	161506	
0.5974	0.2243	0.3898		5337	5305	4011		213531	217275	208939	
0.1932	0.9538	0.2748		4003	4561	4897		161167	204370	211483	
0.9676	0.1949	0.4519		5868	7029	5422		219990	249266	220191	
0.6305	0.8066	0.6019		5799	5827	5754		162102	171235	161600	
0.097	0.8492	0.367		3904	3857	3900		166710	167294	163479	
0.5994	0.2342	0.245		5233	4775	4004		226610	219781	225672	
0.1212	0.1471	0.4738		3223	2803	3019		175739	171980	176332	
0.371	0.9859	0.3943		5478	6322	6673		173113	207230	225554	
0.0742	0.6298	0.2877		3159	3404	5090		168308	183409	238136	
0.3652	0.0824	0.0717		4108	3429	3609		221112	224303	229805	
0.1574	0.4594	0.7067		4173	3815	3918		183987	165237	165470	
0.6391	0.6964	0.6195		5528	5585	5527		166005	167624	174765	
0.1273	0.9509	0.807		6180	5026	5052		237504	177761	167188	
0.3462	0.3601	0.4501		3485	3543	3457		156386	156633	155773	
0.3221	0.9248	0.6325		5191	5247	5091		167229	166282	163355	
0.5125	0.2499	0.4417		4364	3950	4041		176621	153845	149694	
0.2192	0.747	0.1033		3183	3266	4055		164402	168416	182278	
0.9253	0.0895	0.2672		5979	4123	4076		238534	218766	171603	
0.1924	0.3231	0.3361		3579	3702	4577		216874	273766	232889	
0.1705	0.6202	0.1672		3667	2766	2711		213267	175548	164484	
0.563	0.2576	0.4398		4361	4066	4292		160266	166554	160932	
0.4013	0.7567	0.139		4322	4238	4118		166501	169289	174905	
0.4043	0.5906	0.4256		4692	4662	4673		166998	166783	168069	
0.6176	0.6583	0.7727		6088	6052	6055		156903	158964	159428	
0.9573	0.1609	0.08		3990	3935	3943		161021	161789	161074	
0.9417	0.3471	0.7326		5952	5973	6067		171746	173022	171916	
0.9464	0.4284	0.124		7258	7025	6656		222883	232218	248945	
0.661	0.4866	0.37		5714	5944	6363		211220	194917	224586	
0.8031	0.1707	0.2411		4718	4624	4004		217709	208996	158810	
0.1325	0.5852	0.2581		2916	3555	3451		172503	212537	226849	
0.7141	0.7516	0.6684		8083	6362	6219		227842	203748	190170	
0.1952	0.5273	0.719		5568	5728	4982		243512	235672	226916	
0.2661	0.3117	0.837		4661	4122	4054		217560	201396	161252	
0.0934	0.4663	0.5685		6518	5552	5260		250163	230637	236077	
0.6141	0.964	0.4471		5894	5780	5811		167564	165129	168605	
0.6521	0.5034	0.2204		5495	5710	5945		193424	216720	218031	
0.2471	0.6166	0.6062		5716	5643	5999		210529	217487	226557	
0.8687	0.3207	0.8213		7368	6127	6138		222160	222306	228498	
0.966	0.6062	0.137		5299	6011	5992		170966	186429	214202	
0.2617	0.8747	0.1277		3229	5073	3744		161851	180393	167993	
0.0523	0.9923	0.1051		2594	2747	2618		162361	166888	164214	
0.2387	0.9678	0.1066		3302	3854	3207		162455	157371	160934	
0.4181	0.3347	0.1283		3458	3410	3807		173785	172223	170282	
0.4012	0.8519	0.1849		4423	4383	4418		156861	153546	161618	
0.1197	0.4689	0.9654		4330	4333	4391		151551	159521	150850	
0.8381	0.9522	0.5834		7046	7159	7152		161961	163103	167035	
0.5021	0.6612	0.7718		6480	7670	6832		199865	224350	218705	
0.5694	0.9914	0.4681		5866	5841	5878		211248	162355	159653	
0.6269	0.9414	0.5375		5953	5847	6154		154368	154272	156402	
0.1915	0.9685	0.4114		4516	4919	4804		157396	166579	173144	
0.5029	0.06	0.411		3610	3475	3942		152396	162219	158339	
0.2943	0.5991	0.7313		6710	5247	4941		196318	193156	172169	
0.8227	0.4947	0.8199		6560	6694	6564		183216	164131	196269	
0.9695	0.4151	0.293		6074	5340	5364		161393	162412	162128	
0.8427	0.1663	0.3118		4272	4279	5003		187824	154312	168029	
0.1861	0.3994	0.1502		2743	2782	2737		155254	166381	170369	
0.6101	0.9885	0.117		4704	4721	4722		159330	157138	162514	
0.0751	0.8855	0.6289		3990	3981	4559		159555	159913	176803	
0.3378	0.8948	0.1919		3884	4331	4197		155941	155188	172081	
0.3209	0.9147	0.1324		3562	3542	3560		162422	156809	164261	
0.6567	0.6823	0.9673		8109	6544	6461		224957	221244	169382	
0.7592	0.1713	0.5348		4568	4788	4648		162529	170597	171364	
0.6712	0.4443	0.8507		5773	5689	8094		165431	166144	226212	
0.5373	0.8486	0.9506		6736	6738	6654		163725	163812	161815	
0.2422	0.5634	0.3215		4469	3373	3321		217832	185954	177283	
0.4538	0.2418	0.4307		3889	3803	3851		155906	153331	148602	
0.8156	0.7284	0.9225		7525	7802	7503		171613	176649	169212	
0.955	0.8577	0.3212		7452	6331	6480		166557	202514	168376	
0.053	0.9664	0.8521		5006	4968	4959		161632	163672	165695	
0.6179	0.0608	0.261		3891	5391	3878		173637	223259	225190	
0.8597	0.6094	0.7378		6718	6690	6717		162212	173327	165075	
0.3245	0.1528	0.2689		2724	2693	3285		155150	160264	161670	
0.688	0.6595	0.8096		8122	8001	6132		175253	175473	152634	
0.1463	0.2767	0.1082		2275	2281	2269		194248	169598	158370	
0.3322	0.7243	0.2664		3492	3460	3426		157417	152287	160140	
0.6788	0.1713	0.9291		5012	4745	4782		151675	173899	148905	
0.8029	0.5	0.6591		5958	5887	5916		156778	159260	158783	
0.0546	0.3214	0.0732		1984	1953	1946		164300	158011	162135	
0.1069	0.5466	0.7672		4257	4240	4232		174827	166690	167273	
0.8614	0.3841	0.3586		5227	5163	5144		170581	165973	162430	
0.8658	0.3422	0.8495		5855	5867	5785		173933	165563	165716	
0.1056	0.9847	0.5884		6143	6094	6129		187287	189415	182308	
0.7992	0.5575	0.1214		4799	4898	4769		170008	165565	164946	
0.8756	0.2428	0.7825		5489	5433	5447		158402	158050	154222	
0.3021	0.7454	0.1458		3489	3496	3570		165018	164287	157513	
0.873	0.5787	0.3008		5480	5425	5467		159084	153647	158516	
0.801	0.2078	0.2413		4192	4205	4178		165953	163257	161600	
0.9751	0.6649	0.7832		7137	7084	7099		165021	159550	159574	
0.4111	0.4897	0.3973		4477	4479	4472		168385	162963	162780	
0.49	0.6463	0.4726		5096	5076	5053		169232	160505	161932	
0.8267	0.8329	0.4042		6649	6624	6967		162821	155452	157567	
0.3227	0.4842	0.0867		2924	2970	2893		169538	161943	161666	
0.3698	0.6942	0.904		5819	5813	5770		170381	163455	163217	
0.0983	0.7427	0.2875		3284	3227	3204		165683	159673	160615	
0.7333	0.5371	0.9422		6576	6626	6579		169605	169382	168437	
0.7622	0.4443	0.1515		4684	4679	4686		161353	157603	157934	
0.9558	0.2437	0.5542		5120	5103	5063		159490	155447	154460	
0.141	0.6431	0.976		6676	6642	6613		186252	181460	182536	
0.082	0.5321	0.2057		2613	2588	2614		162301	159609	161676	
0.699	0.4268	0.8506		5761	5719	5711		175128	170539	171732	
0.5974	0.932	0.8267		7000	7032	7121		168471	163274	165180	
0.3226	0.3555	0.3689		3423	3434	3383		164649	160776	160861	
0.8286	0.12	0.6833		4901	4872	4912		175623	168368	167747	
0.2827	0.1769	0.4142		3118	3114	3089		162465	156364	156590	
0.6681	0.3018	0.9825		7173	7176	7127		194091	188755	190654	
0.2181	0.492	0.9962		4780	4738	4712		175040	172092	171314	
0.4242	0.4544	0.5243		4572	4561	4568		158579	154019	153518	
0.5956	0.9037	0.3067		5260	5361	5161		163913	158045	157615	
0.3633	0.9086	0.1421		3566	3552	3514		161181	154568	156035	
0.3983	0.3236	0.9868		5072	5067	4983		170217	164319	164713	
0.5154	0.5573	0.3917		4812	4806	4766		168079	162993	164563	
0.7295	0.9564	0.1291		5413	5393	5385		165194	161018	159681	
0.3052	0.8169	0.4406		4557	4795	4522		162557	157909	173964	
0.3755	0.6964	0.7873		5746	5738	5675		172943	172724	165605	
0.9762	0.3178	0.9218		6108	6062	6082		163212	157036	154908	
0.6064	0.8053	0.8683		6708	6736	6641		163938	159505	159704	
0.6494	0.9736	0.155		5842	6952	5320		209634	266100	199664	
0.3426	0.6895	0.757		6195	5208	5242		171787	169247	165204	
0.2627	0.4982	0.8778		6332	5794	4795		221965	199775	168125	
0.3298	0.4562	0.5576		4351	4233	5006		203539	162679	195824	
0.7589	0.6245	0.1694		7901	4874	4844		178785	193410	149511	
0.1917	0.976	0.435		4415	4392	4387		196696	165047	166379	
0.3994	0.3164	0.1543		3328	3320	5131		160024	160655	185397	
0.9488	0.5573	0.72		6472	6452	6452		160279	160574	161749	
0.1731	0.5576	0.8281		4514	4487	4499		157394	157545	157086	
0.8266	0.6329	0.2108		6056	5573	5255		178364	227062	224759	
0.4282	0.1171	0.4062		4318	4868	4832		221207	264123	254036	
0.3073	0.2386	0.087		2866	3326	2543		167491	223744	201529	
0.7142	0.3038	0.3249		4112	4746	5658		191886	167053	232998	
0.6079	0.256	0.2816		3831	4777	4739		165222	165287	216196	
0.2021	0.3202	0.1443		2560	2528	3329		199145	162755	170361	
0.9241	0.6437	0.3609		6277	5612	5688		161075	165087	167073	
0.4292	0.5166	0.3023		4126	4123	4112		157067	158867	163103	
0.1361	0.5788	0.1799		2624	2628	2619		155830	158472	157773	
0.4454	0.3231	0.5395		4125	4123	6360		170867	167444	194645	
0.476	0.3577	0.8715		5482	5006	6037		173159	195501	163558	
0.9614	0.9163	0.3569		7791	8726	6692		204137	207717	199233	
0.1523	0.9606	0.5874		5951	4407	5242		227673	194113	174077	
0.5624	0.881	0.6664		6248	6122	6084		164942	165693	163693	
0.926	0.3221	0.7721		5940	5843	5893		154216	155035	156982	
0.8148	0.368	0.617		5599	5602	7656		160346	164385	196710	
0.1145	0.9506	0.1579		2897	2896	2901		156824	152348	153782	
0.3186	0.7335	0.4644		4584	4522	4606		163681	158963	160861	
0.6611	0.6569	0.4124		7108	7131	7197		186650	183537	182862	
0.6337	0.2751	0.626		4484	4533	4474		160269	155096	153994	
0.8401	0.6141	0.7925		6725	6825	6745		157682	149297	149274	
0.0523	0.3126	0.6465		3299	3243	3204		171237	167469	165221	
0.334	0.7022	0.4727		4420	4368	4359		163195	158784	158305	
0.3359	0.9355	0.1317		3628	3607	3607		169102	165120	165715	
0.3627	0.3675	0.5466		5393	5506	5044		208876	217157	245608	
0.8215	0.9628	0.2437		5959	6174	6148		159656	162429	171646	
0.0805	0.5771	0.5061		3497	3455	3894		159902	179447	171024	
0.3703	0.5662	0.201		4588	3954	4110		169030	164346	159217	
0.2709	0.263	0.985		4753	4844	5226		175405	231692	231501	
0.2529	0.4418	0.7604		5986	4859	5382		228666	226592	227122	
0.646	0.346	0.7344		6269	6463	7495		232231	231860	252679	
0.9984	0.3061	0.9693		7600	7179	6351		231701	230203	200313	
0.7609	0.4595	0.3576		5952	5605	6092		231096	205087	190450	
0.9082	0.6758	0.8676		8770	8763	8681		231988	230323	223814	
0.614	0.7891	0.8501		6961	6700	6818		163132	161756	160625	
0.8581	0.4801	0.3305		5414	5498	7665		164980	163526	203575	
0.9523	0.9561	0.2639		7530	6901	6252		228084	224723	171713	
0.2373	0.1757	0.624		3238	3184	3271		159623	160496	165086	
0.5982	0.7104	0.9286		6374	6446	6341		162382	164689	167474	
0.3124	0.1241	0.6314		4395	3967	4104		212611	162080	170700	
0.6098	0.4546	0.711		7393	6051	7057		222768	223445	226184	
0.6503	0.8795	0.2698		6498	6510	6007		172890	209367	206137	
0.0673	0.0847	0.0997		1913	1843	1823		159564	161975	162517	
0.6486	0.1647	0.8029		4517	4527	4500		162070	165640	165396	
0.4944	0.1539	0.7565		4371	5093	4393		170256	167314	184056	
0.5581	0.6075	0.4169		6887	6355	6111		220062	232794	226181	
0.4483	0.3468	0.5293		4178	4713	4758		172151	169749	171755	
0.0562	0.5541	0.2324		4453	3823	4108		187285	189084	270153	
0.4644	0.7354	0.2129		4537	4574	4988		166033	171290	164787	
0.1733	0.1144	0.6057		3000	2976	2960		168847	181497	173914	
0.2345	0.7197	0.6913		4367	5862	5923		155012	177573	210981	
0.2026	0.6488	0.8555		5012	5697	4983		156460	157901	160100	
0.749	0.6641	0.861		6880	7028	6810		172919	172327	169726	
0.9447	0.5969	0.5934		6388	6346	6316		163036	158260	169820	
0.6952	0.4119	0.9729		5847	5866	5866		167232	163296	166039	
0.6596	0.4573	0.8286		6935	6303	6017		206222	175573	167495	
0.9411	0.5863	0.5472		6401	9550	8530		174886	194564	230688	
0.9192	0.329	0.5216		6855	8859	7115		249119	251235	244331	
0.3512	0.8313	0.8434		7687	8240	7884		236142	226503	224039	
0.9695	0.8634	0.6127		7407	7258	7327		175393	166793	169862	
0.2681	0.1267	0.6433		3307	3256	3333		169268	162988	168067	
0.0809	0.3178	0.6027		3222	3248	3732		170618	156069	151289	
0.5876	0.0901	0.7252		4020	4015	3992		176675	161894	172032	
0.9947	0.5175	0.8426		6846	7175	6869		202773	191110	207796	
0.3098	0.4652	0.1277		3822	3680	3571		208945	223152	224420	
0.2349	0.2375	0.4845		3969	4783	3282		214109	214907	210912	
0.2527	0.5131	0.6717		4872	5006	5146		220965	230133	227681	
0.7021	0.6855	0.3468		4849	4981	5119		164862	181547	167245	
0.9494	0.2462	0.574		5138	5105	5148		160909	155263	160397	
0.484	0.3928	0.2125		4520	5320	4412		221203	239061	241069	
0.7643	0.7162	0.6409		8200	7689	6770		228436	218280	209551	
0.7001	0.1209	0.9137		5019	4749	4679		163056	165108	157329	
0.9432	0.7821	0.8231		9767	9715	10246		193340	194099	192210	
0.7651	0.9086	0.6592		7092	7646	7221		160746	173209	168576	
0.2418	0.5903	0.9628		5991	6462	6352		226598	220555	220927	
0.3992	0.9895	0.531		5464	5492	5471		173811	166854	165812	
0.6656	0.843	0.7954		6899	6886	6854		176838	166948	168354	
0.7491	0.1198	0.808		5032	4930	4946		165592	159320	158399	
0.5239	0.5243	0.9001		5712	5661	5737		175751	166898	166329	
0.2194	0.5477	0.7285		4767	6167	4633		175354	196273	168447	
0.247	0.9368	0.5345		4589	4583	4542		179356	173240	168911	
0.5882	0.7257	0.1758		4150	4109	4100		160658	152338	151179	
0.7195	0.6381	0.5908		5543	5519	5497		172021	163902	166012	
0.4356	0.8248	0.9166		6577	6723	7213		201724	197699	168163	
0.6435	0.6141	0.7297		6089	6075	5946		167346	180122	170411	
0.2758	0.9764	0.9131		6163	6101	6116		172243	171758	168375	
0.8832	0.3169	0.9132		6609	6183	6183		220009	166712	158522	
0.3667	0.944	0.4522		7211	7172	7154		184062	184667	180759	
0.5949	0.7182	0.1867		4404	4380	4364		160022	160448	158438	
0.6558	0.666	0.6532		7551	7962	7538		221383	194318	196408	
0.2021	0.2618	0.5613		4078	3542	3326		193805	219489	177948	
0.52	0.5581	0.87		5812	5804	5764		159547	162709	162894	
0.7451	0.6901	0.1638		4906	4903	4901		208138	161335	162452	
0.9834	0.175	0.242		4303	4240	4202		159593	161586	159157	
0.1961	0.0776	0.9663		3629	3509	3479		167645	166381	166085	
0.7021	0.405	0.9218		5747	5757	5707		177539	162940	172041	
0.9936	0.0642	0.2404		3952	3948	3907		185178	186128	181442	
0.5938	0.6162	0.8125		6435	5943	5805		182106	187059	187223	
0.1854	0.4375	0.0651		2594	2545	2817		178011	184497	186136	
0.3262	0.6188	0.3906		4326	4272	5060		185704	187514	195942	
0.535	0.8059	0.5783		5604	5609	5579		162120	161859	162673	
0.1558	0.6306	0.2313		2914	2899	2860		150963	151337	149953	
0.9252	0.469	0.4322		5917	5872	5917		165764	167097	167193	
0.2928	0.514	0.3294		3499	3507	3518		151422	154438	152985	
0.8612	0.308	0.0539		4165	4183	4144		165330	167454	166038	
0.9615	0.3981	0.9		6616	6574	7120		168147	170414	173993	
0.909	0.3711	0.7619		6252	6957	6267		155258	165225	196521	
0.5728	0.1424	0.2185		3735	5129	5114		158860	184042	181908	
0.5074	0.2823	0.508		4285	4226	4241		163100	170878	173204	
0.7041	0.0608	0.4039		3654	3612	3708		160508	160051	166080	
0.3025	0.3036	0.783		4227	4158	4142		165685	162672	167292	
0.5429	0.3891	0.1458		3847	3761	3745		181489	171355	162857	
0.3238	0.8446	0.1469		3610	3613	3643		151725	157918	157831	
0.3075	0.7264	0.3012		3811	3856	3721		148733	152393	156736	
0.9053	0.7782	0.1482		6713	5557	5642		180054	200309	156951	
0.3503	0.3179	0.7359		4202	4159	4166		152482	153774	153324	
0.0678	0.1614	0.6681		3001	2976	2997		149511	151603	150752	
0.5119	0.6267	0.7566		5689	5698	5637		155183	157901	157080	
0.2844	0.578	0.058		3013	3006	2996		151239	152790	152293	
0.9586	0.9553	0.2055		6151	6092	6132		167213	170768	168910	
0.5437	0.303	0.4362		4202	4263	4256		162953	163204	165193	
0.5829	0.4712	0.7792		5577	5599	5609		154910	157639	157937	
0.2222	0.3374	0.3405		2975	2946	2974		166645	168877	168040	
0.7113	0.8274	0.5185		6979	6986	5973		202816	229874	171583	
0.5911	0.9628	0.4133		7678	7651	6081		202792	187361	180801	
0.3868	0.9626	0.4646		5456	5459	5412		155385	156438	173133	
0.2411	0.1209	0.3923		2854	2823	2821		171402	173680	157909	
0.3405	0.5883	0.9366		5207	5201	5188		164601	172800	165810	
0.8564	0.8877	0.4007		6695	6672	6637		157595	156845	153648	
0.3697	0.1189	0.142		3041	2990	2958		154060	156859	152177	
0.525	0.4181	0.789		5346	5542	7092		150875	153694	177195	
0.6701	0.8278	0.343		5267	5332	5293		161966	164057	164578	
0.5926	0.5077	0.2861		4440	4347	4387		159214	159275	159094	
0.5076	0.5539	0.0819		3738	3691	3668		157304	158620	160091	
0.4747	0.6083	0.3227		4467	4378	4397		156579	156959	157430	
0.9305	0.6328	0.2681		5378	5323	5368		163109	163217	162222	
0.809	0.2241	0.9175		5548	5529	5528		158202	159672	158938	
0.8727	0.6489	0.1117		5102	4970	5591		162059	169172	181662	
0.5845	0.5979	0.4271		5070	5035	4993		168476	172101	162324	
0.7406	0.6584	0.4952		5956	5928	6157		156709	156275	207689	
0.4359	0.7061	0.3596		4333	4323	4378		164432	165820	165661	
0.9262	0.7578	0.0578		5521	5489	5519		197748	160192	161600	
0.1879	0.8863	0.767		7115	7108	7070		183723	182903	181271	
0.845	0.9737	0.3665		6822	6760	6860		160708	161525	160659	
0.6819	0.2478	0.8222		4983	5055	4945		167058	167114	165835	
0.6813	0.7723	0.0921		4689	4614	4648		160399	162547	160611	
0.8382	0.6279	0.9104		6995	6946	6928		152623	153774	155289	
0.9473	0.8832	0.3424		6420	6373	6401		175932	177725	174675	
0.2364	0.7403	0.8824		5322	5258	5310		163882	165012	165127	
0.3464	0.334	0.6496		5714	5682	5694		188931	190340	188657	
0.3876	0.1515	0.5078		3761	3755	3705		163754	165168	163955	
0.0971	0.2611	0.8832		3635	3649	3652		163218	162999	162680	
0.4298	0.6612	0.2726		5937	5937	5866		193897	196015	195895	
0.0703	0.5913	0.7505		4159	4158	4131		149350	148658	148178	
0.6814	0.7517	0.2934		5238	5197	5175		158946	159246	160527	
0.4801	0.5644	0.9768		5856	5825	5836		158765	162337	158584	
0.9494	0.2159	0.4237		4874	4997	4870		163663	166124	164968	
0.9364	0.6967	0.6328		6508	6536	6466		159285	159384	161193	
0.7716	0.6586	0.4954		6008	5960	5998		155064	156616	155187	
0.6963	0.2177	0.8989		4897	4926	4889		154406	154032	153913	
0.3949	0.2718	0.2868		3549	3538	3498		152022	152677	152497	
0.6512	0.6351	0.7332		5914	5993	5968		161878	162105	162445	
0.2931	0.9966	0.4669		4904	4892	4842		160429	159482	161020	
0.9949	0.0944	0.8474		5198	5288	5179		162641	164131	164615	
0.1128	0.8507	0.9331		5208	5194	5148		165608	166214	164527	
0.2692	0.0971	0.1218		2249	2239	2251		153450	154465	154930	
0.4868	0.7882	0.9149		6477	6522	6440		156551	156160	157631	
0.4371	0.3763	0.2034		3763	3774	3759		157338	157964	155983	
0.6772	0.1377	0.6458		4243	4239	4194		152580	151573	154959	
0.5777	0.8725	0.2463		4852	4853	4807		157905	156576	157156	
0.4079	0.808	0.977		8269	6291	6291		188045	162568	158728	
0.175	0.5163	0.6993		3831	3827	3834		162920	161718	161748	
0.764	0.1192	0.715		4792	4790	4785		158358	159124	157647	
0.3751	0.4655	0.5951		4822	4738	4699		155317	155280	157712	
0.5274	0.1496	0.4145		3775	3737	3729		143837	147905	146358	
0.5061	0.6515	0.462		5118	5136	5042		162083	161813	163825	
0.9034	0.9349	0.67		7396	7233	7248		154617	154756	153284	
0.91	0.2364	0.2729		4593	4545	4539		158786	155311	159032	
0.1864	0.3751	0.8572		4357	4351	4307		162519	161155	159904	
0.3295	0.5617	0.8267		5146	5125	5076		162542	161762	161616	
0.6501	0.9667	0.2656		7000	6942	6934		187366	186497	185591	
0.2616	0.8619	0.1739		3264	3246	3254		156483	155274	155850	
0.5565	0.9428	0.4191		5835	5760	6293		153160	153133	161336	
0.8209	0.8456	0.056		5558	5472	5484		182425	169555	170312	
0.4948	0.7437	0.6365		5796	5821	5816		168536	169439	167995	
0.6386	0.6698	0.5924		7609	7464	7353		192382	232450	184682	
0.4649	0.7007	0.9506		6183	6128	6089		162265	162290	160959	
0.5009	0.6029	0.4449		4798	4846	4903		160791	166384	160613	
0.3106	0.7821	0.9719		5786	5771	5757		158573	160405	161080	
0.8213	0.2551	0.2761		4480	4478	4532		164209	163693	166934	
0.0731	0.6553	0.6777		3878	3847	3937		155952	155868	156465	
0.1427	0.5656	0.9969		4625	4645	4690		165254	167311	163469	
0.9278	0.5121	0.6318		6263	6235	6202		165623	166493	168320	
0.5588	0.698	0.0692		4021	4013	4381		161127	160676	172633	
0.1689	0.5426	0.1902		3696	4501	4486		168654	188582	187125	
0.3585	0.6984	0.3012		4923	3751	3755		177870	196181	157081	
0.1606	0.1524	0.0693		2291	2023	2049		165945	159651	167858	
0.3751	0.9262	0.4018		5364	5304	5304		161959	160887	159955	
0.8455	0.6092	0.7117		6392	6335	6328		154415	153990	153373	
0.365	0.9825	0.6508		5868	5888	5872		158359	156757	162884	
0.3119	0.3504	0.6416		3915	3889	3894		159976	157524	156225	
0.6852	0.2488	0.3244		3919	3915	3855		162109	161545	161084	
0.2558	0.5514	0.1713		2932	2930	2949		157610	157492	188275	
0.38	0.2764	0.2332		3553	3523	3483		149452	149517	146887	
0.6181	0.2981	0.3538		3993	3939	3964		162380	163680	159869	
0.6764	0.2157	0.7466		5403	4864	4840		185934	222487	165009	
0.8881	0.8024	0.6532		7116	7051	7731		218154	170648	171174	
0.2718	0.1694	0.7437		3620	3615	3593		149859	148517	149691	
0.1304	0.6933	0.4369		4816	3673	3623		230118	192139	159614	
0.415	0.5678	0.2696		4001	3993	4005		172911	170256	169794	
0.2339	0.8726	0.9379		5677	5625	5660		173624	163513	164372	
0.0889	0.0611	0.8721		3178	3339	3226		203500	177417	195180	
0.4058	0.0758	0.1628		3002	3568	2995		159812	181443	170015	
0.5445	0.4956	0.1743		3895	3896	3822		161940	171814	162274	
0.1568	0.5018	0.0696		2367	2472	2503		156603	155730	169700	
0.0805	0.6342	0.8384		4327	4274	4339		156208	154486	159062	
0.8701	0.1636	0.1305		3992	3957	4024		163017	164363	159410	
0.203	0.3125	0.8895		4108	4642	4081		176534	164716	165608	
0.5592	0.49	0.484		7282	6700	6682		194333	195840	184399	
0.8993	0.2079	0.362		4528	4556	4524		170299	169777	171181	
0.5512	0.4904	0.6671		5250	5234	5234		155427	155417	153028	
0.3791	0.8256	0.832		6388	6336	6346		162903	168394	154249	
0.1965	0.4079	0.1581		2723	2751	2765		158085	160065	159268	
0.8966	0.9908	0.2191		5959	6771	5972		166946	173189	165404	
0.8656	0.337	0.6025		6782	6424	6589		227160	206351	214538	
0.1954	0.2268	0.2035		2582	2580	2648		166338	157600	152659	
0.282	0.3804	0.1533		3018	3055	2969		158211	156554	150610	
0.7327	0.1373	0.7697		4984	5077	4977		167142	163224	160676	
0.7046	0.6701	0.4076		5292	5316	5249		173316	168187	163226	
0.949	0.344	0.2386		4717	4693	4684		163322	157653	162806	
0.2174	0.2896	0.6956		3692	3677	3672		157781	154795	153217	
0.5737	0.082	0.868		4361	4828	4374		173604	174261	178723	
0.2495	0.3758	0.8269		4396	4371	4398		163456	156371	155092	
0.4534	0.3194	0.85		4858	4840	4841		168096	161095	160628	
0.5924	0.3619	0.6475		4769	4762	4666		169839	172540	163365	
0.1541	0.833	0.6418		4605	4452	4575		163563	175742	159596	
0.9703	0.3775	0.0896		4827	4912	4831		160146	152336	155236	
0.4995	0.9297	0.3695		5612	5636	5605		181902	162310	161395	
0.228	0.6711	0.4737		4680	5250	4556		218629	210432	227901	
0.0808	0.4097	0.399		3035	3382	3634		167527	183293	222631	
0.3749	0.7387	0.3417		4809	4626	4610		159606	159809	158552	
0.5262	0.2977	0.2679		3691	3640	3659		157160	157427	155892	
0.7453	0.0892	0.0851		3600	3579	3583		173146	163497	161516	
0.1993	0.1175	0.3685		3004	2852	2848		160624	162802	158084	
0.9931	0.6542	0.515		6408	6314	6275		155981	157345	155916	
0.7635	0.0989	0.1563		3845	3831	3828		161101	161031	160493	
0.5976	0.8171	0.547		5835	6314	5786		158397	185428	174302	
0.5135	0.6537	0.8434		6037	6031	5990		162118	159910	157740	
0.4814	0.8256	0.3718		5467	5481	5413		155794	153772	151059	
0.7708	0.7808	0.2374		5596	5587	5579		169055	167971	166590	
0.4819	0.972	0.2678		6535	6553	6500		203511	186151	183287	
0.6942	0.6231	0.1807		4301	4300	4277		166725	162596	163042	
0.2107	0.8192	0.8932		5480	5474	5492		170576	171705	168773	
0.7716	0.0565	0.3233		4248	4063	4060		155751	155446	153431	
0.9635	0.0713	0.9474		5210	5225	5193		162125	159243	160970	
0.9507	0.6595	0.7123		6668	6598	6601		160453	162652	162488	
0.5006	0.3012	0.526		6025	6034	5966		186850	189287	188567	
0.6629	0.8455	0.4878		6798	6004	6115		209121	181301	175712	
0.2107	0.371	0.389		5236	5254	5206		182416	183921	182792	
0.9512	0.1939	0.1123		4318	4236	4345		161688	159457	161236	
0.9759	0.0531	0.4803		4463	4456	4902		157111	159017	162451	
0.3023	0.8132	0.3067		4030	3949	4007		181593	165995	165168	
0.3015	0.8211	0.0729		3400	3415	3411		163699	165000	163348	
0.5917	0.9471	0.3662		5872	5920	5903		175049	172756	178436	
0.9897	0.5563	0.787		6718	6754	6703		162298	164419	161907	
0.8794	0.9211	0.9247		8298	8241	8195		163887	166952	164561	
0.8234	0.5604	0.505		6000	5974	6022		156871	157605	155631	
0.6617	0.469	0.5107		5204	5198	5139		162589	163731	161154	
0.6082	0.1077	0.6587		4244	4255	4306		161121	161415	162518	
0.3643	0.8387	0.2407		4441	4859	4438		167290	177214	199965	
0.6964	0.7172	0.7342		6085	6020	6068		166846	167696	167797	
0.9192	0.2587	0.6122		5236	5819	5219		171496	174158	180018	
0.5892	0.1102	0.2607		5167	5139	5131		190015	191112	189767	
0.6241	0.8028	0.503		5742	5763	5725		212237	159731	160167	
0.4364	0.644	0.6782		5264	5283	5265		160302	160690	160911	
0.0524	0.1061	0.4302		2530	2468	2466		151614	151349	152808	
0.4034	0.8162	0.6973		5562	5594	5643		159378	165483	214791	
0.6709	0.1581	0.8153		4489	4457	4480		164570	163152	163475	
0.7705	0.724	0.4777		7759	5955	5901		203974	214761	160585	
0.557	0.5165	0.6446		5293	5605	5614		159742	167595	184978	
0.3528	0.3758	0.5564		4049	4020	4011		159522	154620	151776	
0.6356	0.3424	0.7665		5016	5025	4999		159750	158055	157102	
0.9813	0.7949	0.4134		6770	6774	6756		159364	159241	157804	
0.2187	0.271	0.4991		3171	3267	3167		161930	163589	160419	
0.6139	0.5917	0.2294		4369	4347	4294		156965	155662	154271	
0.6446	0.9648	0.8083		7025	7045	6984		154672	152994	152288	
0.8985	0.8722	0.7262		7220	7172	7149		165531	166387	164103	
0.1808	0.8819	0.9844		5353	5340	5299		155911	155739	155113	
0.5424	0.3499	0.7318		4871	4850	4820		166006	167560	165881	
0.9906	0.8649	0.7951		7867	7844	7889		169895	169354	167751	
0.199	0.1529	0.6028		3245	3220	3276		159442	159022	156667	
0.1067	0.7865	0.9666		5043	5049	4998		158014	158343	157919	
0.4564	0.0584	0.8149		4092	4111	4073		165789	165583	168945	
0.2686	0.9274	0.3647		4408	4409	4403		157627	158143	156571	
0.4447	0.2125	0.1313		3205	3190	3203		156370	159114	160307	
0.471	0.2815	0.9695		5108	5169	5085		154070	159264	156997	
0.3857	0.1645	0.8563		4411	4419	4408		160084	157917	156087	
0.4436	0.2097	0.4748		3931	3934	3894		155104	157396	156607	
0.7124	0.1294	0.0971		3303	3284	3281		149174	151954	150539	
0.8872	0.5879	0.9476		8961	8899	8910		176388	177266	180537	
0.7021	0.2923	0.7844		5216	5165	5063		151457	151930	153413	
0.3613	0.583	0.7835		5006	5093	5073		161648	163564	165380	
0.1053	0.7022	0.9251		4922	4861	6623		182382	170953	168802	
0.88	0.2081	0.7163		5266	5240	5214		165412	165047	165626	
0.466	0.7472	0.515		6201	5533	5462		160759	174242	160886	
0.3272	0.6801	0.4271		4405	4373	4298		169430	167037	165790	
0.0547	0.1742	0.6328		2936	2862	2897		162260	160408	162505	
0.1088	0.9578	0.5797		4388	4447	4366		164679	163993	164096	
0.8625	0.3476	0.9062		6608	5940	5829		164180	215546	158284	
0.0602	0.7357	0.2788		3071	3071	3135		153888	153729	157020	
0.2654	0.4852	0.4996		3832	3790	4047		157213	156946	208108	
0.4859	0.8545	0.1819		4759	6291	4631		169539	214339	205920	
0.4793	0.2988	0.4516		4136	4221	4063		163258	169325	161367	
0.9848	0.7359	0.9544		8034	8020	8120		163043	161641	161832	
0.5192	0.207	0.0661		3185	3178	3177		160453	161239	160515	
0.3813	0.5043	0.9588		5651	5644	7446		157721	159980	166658	
0.8118	0.1387	0.3637		4467	4456	4448		165934	165927	165867	
0.4847	0.8935	0.1403		4487	4452	4447		158842	158415	159859	
0.7717	0.5985	0.9996		6863	6809	7475		164567	164688	169840	
0.5866	0.5383	0.3		4430	4458	4392		149474	149938	149922	
0.301	0.4787	0.2993		3539	3525	3530		157830	159842	158100	
0.8059	0.9522	0.9332		8018	8039	7974		154516	155505	157069	
0.7837	0.105	0.2871		4177	4131	4116		163189	160619	161017	
0.5628	0.5969	0.4745		5092	5100	5079		157251	155570	157030	
0.9478	0.2336	0.976		5770	5791	5750		157830	154410	155006	
0.6803	0.8901	0.8155		6891	6849	6819		172577	167198	168497	
0.6933	0.9723	0.476		6212	6161	6121		165552	165645	166189	
0.6817	0.3373	0.832		7257	7200	7172		191554	188228	191839	
0.3866	0.8823	0.7135		5824	5799	5743		181571	165381	162542	
0.629	0.5475	0.8665		7404	7718	7578		225034	238813	240541	
0.821	0.6216	0.3218		6817	6649	7360		230336	242792	219850	
0.6641	0.8607	0.3275		5437	5384	5884		161380	159430	170090	
0.9193	0.3578	0.2421		5074	6294	5623		169077	187417	234036	
0.3923	0.9016	0.1745		5385	4526	5873		245504	185596	228918	
0.7315	0.1645	0.2299		5856	5053	4808		226106	226728	238630	
0.2433	0.9172	0.9773		7835	5955	5969		235740	200826	159911	
0.4127	0.8945	0.298		4894	4845	4848		156685	156266	155033	
0.9265	0.6302	0.6975		7857	8388	6723		182987	224015	221649	
0.6001	0.832	0.4183		7061	6469	6266		237437	201307	190982	
0.8093	0.2839	0.5736		5290	5701	5632		191432	196142	186918	
0.6697	0.5832	0.7878		9407	9810	9207		216611	275257	253053	
0.0806	0.4622	0.5011		4020	3534	3655		215782	210501	178543	
0.2166	0.8683	0.2204		4120	3566	3528		209618	205234	153937	
0.35	0.652	0.9029		6804	7939	6706		233444	251265	233637	
0.3065	0.0923	0.5663		3333	3370	3309		163469	166271	165093	
0.7036	0.4015	0.7732		6085	7564	8010		159952	193609	197337	
0.4204	0.5026	0.9857		5616	5591	5557		171119	167416	157450	
0.9817	0.0859	0.1771		4312	3967	3958		182621	173519	164975	
0.1514	0.7578	0.5658		4184	4147	4127		163517	159476	158793	
0.4315	0.5925	0.0817		3716	3690	3669		155840	160869	157238	
0.3952	0.7296	0.0852		3924	3917	3883		159544	164956	155317	
0.3571	0.5054	0.8884		7850	8146	6763		238762	242063	216062	
0.3495	0.7433	0.1992		3778	3748	3745		164810	160694	164062	
0.5517	0.3535	0.8983		5183	5168	5146		165996	158336	161021	
0.7183	0.5987	0.9789		6239	6263	6250		165306	158422	160470	
0.0595	0.4133	0.9843		4055	4043	4043		174425	163131	161588	
0.6072	0.3409	0.7863		5055	5033	5034		176755	165543	164251	
0.5834	0.6292	0.7329		5739	5721	5735		177176	166285	164694	
0.8874	0.2814	0.5588		5964	5330	5947		167213	169056	168373	
0.9337	0.9519	0.0923		5872	6691	6695		158919	174056	161967	
0.7916	0.0823	0.6777		4974	4663	4700		168368	162026	156789	
0.0717	0.6702	0.9341		5836	5882	5735		219255	217501	219265	
0.2118	0.6437	0.9322		6992	6946	6948		192796	185322	183408	
0.3923	0.1934	0.7242		4339	4252	4219		177490	169018	166400	
0.8512	0.4796	0.1902		5156	5150	5536		163102	167748	171163	
0.8927	0.6735	0.7916		7121	7062	6950		172197	162082	160584	
0.8893	0.8088	0.2963		7770	8164	6619		219156	224817	220835	
0.2685	0.2435	0.858		4893	3964	4452		235459	228814	191545	
0.4984	0.358	0.5823		5533	4459	5714		183361	170178	168005	
0.9743	0.2022	0.5406		4973	4987	4929		169767	158590	155216	
0.2631	0.9631	0.6481		4916	4911	4897		170272	159404	159675	
0.0576	0.1116	0.8724		3276	3294	3312		171378	164433	162885	
0.1259	0.0876	0.4105		4207	4206	4177		196134	187613	190103	
0.5074	0.8224	0.3308		5056	5072	5006		172357	163490	164675	
0.5267	0.2808	0.0639		3302	3282	3300		168471	160980	160796	
0.2155	0.9471	0.0851		3229	3224	3197		175098	165810	164181	
0.3507	0.431	0.1941		3293	3401	3273		156702	149445	149240	
0.918	0.4195	0.6701		6198	6250	6196		167616	161185	163425	
0.8536	0.7463	0.4837		6774	6731	6695		163098	155512	155823	
0.3775	0.6697	0.8727		5816	5824	5821		159977	149992	149416	
0.9701	0.2465	0.6022		5261	5140	5171		172865	165791	162630	
0.7959	0.1464	0.3841		4415	4436	4419		165911	162897	160418	
0.6759	0.8294	0.4323		5939	5945	7810		166538	160088	182587	
0.0638	0.4317	0.2946		4390	4382	4368		185153	178637	194458	
0.5267	0.4728	0.1018		3823	3798	3797		163956	157699	155388	
0.5322	0.5974	0.2708		4191	4230	4176		165297	159735	156807	
0.4194	0.1212	0.2227		3237	3270	3220		167371	163633	161142	
0.674	0.0573	0.6496		4082	4091	4117		169496	162761	162270	
0.7072	0.9062	0.4318		5946	5939	5939		169374	164282	163402	
0.7018	0.7368	0.0774		4584	4618	4565		163326	156121	173715	
0.5741	0.4342	0.9257		5844	6373	5751		176404	209475	187301	
0.1468	0.3255	0.8931		4123	5304	4691		167669	212489	214343	
0.602	0.5388	0.7319		7492	6853	5826		210781	230889	203181	
0.4666	0.9317	0.3581		5036	6393	5376		159203	180793	213357	
0.392	0.2894	0.8612		6480	5073	5129		192397	211696	182079	
0.3066	0.2218	0.3319		3091	3259	3210		191196	192467	203972	
0.8675	0.439	0.7255		6561	6752	6755		179147	183034	184483	
0.7213	0.1655	0.0597		3347	3348	3245		194624	182035	178669	
0.7613	0.7049	0.8184		7470	8660	8096		204056	208935	233136	
0.5642	0.7773	0.5338		7663	7571	7802		202744	202807	207435	
0.1747	0.3952	0.9642		6523	6220	6292		211430	206458	208189	
0.7759	0.9229	0.3962		7346	6923	8058		189050	187833	198939	
0.2395	0.4777	0.8435		4670	4893	4883		191008	221482	232133	
0.4153	0.2145	0.9992		4691	6530	6563		162807	189317	191386	
0.7844	0.9358	0.3069		8036	7997	6647		192417	186789	166181	
0.751	0.9978	0.9824		8015	8095	7882		186230	186211	180190	
0.8778	0.8796	0.2081		6036	5987	5978		164735	166093	163781	
0.5992	0.8605	0.2013		5004	4965	4872		163829	162745	162430	
0.0863	0.969	0.1246		2761	2738	2730		161857	160221	157614	
0.9179	0.1432	0.5022		4958	4820	4796		166762	166422	165953	
0.6982	0.2914	0.1346		3643	3658	3660		148908	149418	150936	
0.5436	0.6572	0.4733		5137	5112	5110		166978	167943	165969	
0.3369	0.7529	0.3342		4101	4148	4053		150226	152332	146846	
0.0716	0.9307	0.057		2515	2489	2542		164960	169228	165475	
0.2262	0.9842	0.577		5194	4790	4775		166082	162973	162374	
0.8917	0.1949	0.6198		6982	6939	6918		198336	195364	194760	
0.7089	0.1356	0.9274		4907	4744	4776		159354	159317	156324	
0.418	0.2905	0.6403		4517	4439	4448		168957	167887	168097	
0.3943	0.8809	0.2695		4475	4447	4423		157217	158781	156687	
0.422	0.7546	0.9679		6384	6463	6371		161182	162632	159369	
0.662	0.5165	0.0632		3993	3966	3930		154276	154336	154170	
0.7882	0.3686	0.4108		5494	5533	5439		164317	167606	165235	
0.658	0.61	0.788		6074	6073	6082		163992	165025	164270	
0.6169	0.5339	0.2799		4533	4487	4492		165450	160239	159668	
0.5738	0.7754	0.7453		6481	6461	6415		155886	152992	156028	
0.2916	0.806	0.8004		5404	5533	5402		164966	166233	164979	
0.188	0.8694	0.1047		3274	3234	3220		159076	153992	152481	
0.4864	0.2515	0.2061		3662	3583	3619		166867	165509	169500	
0.2188	0.2534	0.8722		3966	3988	3946		161680	161292	163266	
0.1967	0.9334	0.2665		3547	3555	3537		159739	159158	158250	
0.5417	0.8386	0.3309		4935	4935	4910		154896	155718	155116	
0.8162	0.2949	0.2409		4465	4451	4422		158452	153851	151208	
0.124	0.3281	0.136		2268	2290	2254		160704	159101	158436	
0.351	0.5555	0.6954		4595	4574	4547		160147	160262	159561	
0.1204	0.9422	0.8174		5251	5121	5122		161825	160951	160499	
0.4337	0.6057	0.3359		4340	4322	4302		159428	159841	158397	
0.0928	0.3031	0.833		3875	3830	3841		154264	153812	152330	
0.7656	0.4443	0.7114		5962	5965	5903		166208	164292	162934	
0.6417	0.6983	0.7424		6188	6201	6171		150257	149979	150807	
0.6203	0.5412	0.6637		5281	5300	5286		158494	156355	157937	
0.2871	0.4162	0.7418		5493	5156	4700		184926	172632	175435	
0.8532	0.7169	0.6483		6508	6517	6809		167156	167874	172598	
0.6721	0.2078	0.1582		5402	5411	5352		176118	175559	175204	
0.3074	0.2764	0.9518		4536	4521	4505		163007	158964	153186	
0.6046	0.6012	0.784		7365	7148	5900		191123	211026	187549	
0.4173	0.1155	0.9169		4595	4498	6693		162321	156267	172040	
0.0686	0.8373	0.814		4812	4710	4703		162135	161925	161619	
0.4529	0.9058	0.2044		4591	4462	4454		165465	166535	161880	
0.7751	0.1277	0.836		5146	5147	5212		158946	158269	160073	
0.0726	0.8028	0.508		3837	3815	3793		153583	154707	154324	
0.1607	0.7424	0.5093		4315	4162	4141		162864	164222	160402	
0.485	0.4996	0.0608		3680	3711	3667		164005	161991	160951	
0.4643	0.184	0.181		3391	3341	3326		161977	162132	159060	
0.5154	0.3272	0.4329		4244	4234	4222		168223	167387	166381	
0.7944	0.6751	0.9948		7004	7033	6992		165195	164879	165750	
0.1227	0.8931	0.7202		4451	5172	4912		189176	191204	217216	
0.1586	0.6663	0.1368		4596	4603	3119		197785	193840	201870	
0.6869	0.4777	0.4414		5132	5079	5044		151871	154135	151193	
0.6704	0.104	0.0803		3225	3205	3172		158750	160945	160012	
0.0628	0.5611	0.6471		3820	4107	3777		190965	174910	173936	
0.8213	0.4569	0.7334		6616	6556	6554		170978	163783	158836	
0.263	0.9775	0.9437		6038	5859	6002		182897	184325	191495	
0.3727	0.6979	0.1541		4210	4591	4999		200052	207238	212009	
0.7016	0.5486	0.3976		5731	5536	5552		196320	188752	197894	
0.3053	0.5916	0.2118		3865	3589	3590		210206	208522	185099	
0.6765	0.7156	0.2162		4718	4724	4937		197487	199171	193581	
0.6063	0.5143	0.0798		4296	4244	4219		190862	190052	184158	
0.9003	0.1455	0.1884		4151	4602	4108		179624	188391	194933	
0.1412	0.1426	0.4141		3418	2779	2781		188593	187897	185037	
0.1192	0.1424	0.9422		4095	3616	3931		199876	210053	194072	
0.7971	0.7307	0.1122		5571	5343	5362		191757	199556	185389	
0.7001	0.8371	0.7078		6343	6807	6780		195041	189876	186846	
0.2882	0.4413	0.4541		3972	4116	3775		183132	182081	179787	
0.2766	0.9664	0.3139		4295	4360	4577		185616	182262	182295	
0.7824	0.8342	0.0821		5438	5708	5842		195272	191258	194801	
0.3788	0.5089	0.4835		4748	4664	4783		186571	180366	180552	
0.5424	0.8165	0.3751		5929	5459	5470		189708	186766	184905	
0.9457	0.1493	0.6302		5331	5426	5827		186919	182574	209060	
0.4198	0.1539	0.7486		4380	4560	4759		184716	182607	186050	
0.5586	0.4973	0.3339		4500	4525	4447		170117	159904	192450	
0.5177	0.9041	0.2707		4783	4719	4707		179548	171130	171901	
0.2607	0.549	0.4211		3850	4013	3837		173345	175273	173634	
0.2651	0.1834	0.2652		2842	2641	3155		164403	162584	176245	
0.9295	0.903	0.833		8334	8104	8309		212030	182530	186129	
0.7549	0.9351	0.2412		5929	6054	5813		192431	192734	194359	
0.8193	0.2934	0.2325		6610	4825	4881		235627	202559	175096	
0.1538	0.6458	0.542		4296	3870	4918		186964	195489	188086	
0.8923	0.446	0.9549		6849	7214	6848		187092	187414	190692	
0.2104	0.5733	0.5019		4406	4065	3973		180945	181557	185403	
0.7335	0.9606	0.9027		8539	8259	8450		207081	234857	198134	
0.9764	0.8114	0.6946		7460	7853	7923		207534	201999	196280	
0.6102	0.9418	0.9849		7546	8874	7701		200274	206736	205111	
0.1442	0.1206	0.6981		5404	3533	3338		198302	208988	179804	
0.6887	0.1453	0.8202		5145	4972	4699		194491	190207	178176	
0.5233	0.6629	0.3382		5050	4974	4850		188503	190596	192858	
0.9715	0.4373	0.8573		7070	6953	7315		193056	191466	195678	
0.9762	0.5509	0.3942		6361	6396	6136		189882	183563	180499	
0.8794	0.5124	0.8515		7060	7172	6905		193755	170106	170903	
0.4498	0.7985	0.5146		5369	5393	5424		172675	166209	168903	
0.8835	0.6913	0.6949		6645	6606	6703		173368	168240	170534	
0.1093	0.4686	0.5699		3708	3674	3647		168384	162368	166214	
0.2471	0.528	0.0859		2738	3021	3005		165749	168650	192704	
0.5714	0.9095	0.3605		5295	5341	5582		158081	158357	164007	
0.8359	0.6918	0.4391		8116	8044	6121		179779	184224	159242	
0.9736	0.7908	0.7874		8728	9630	7806		223528	217296	197157	
0.6211	0.908	0.774		7125	6808	6835		171799	168629	168200	
0.8681	0.2677	0.3087		5285	4572	5008		164234	162125	173821	
0.5628	0.939	0.4882		6254	6053	6533		197424	196749	190463	
0.7627	0.4719	0.4487		9475	6278	5868		223397	249639	229509	
0.7492	0.2106	0.2137		4669	4393	4521		181221	182061	183734	
