12	13	
0.2576	0.9772		11198	10985	10762		163444	150167	153716	
0.567	0.6108		12712	12156	11897		159803	151389	149782	
0.7267	0.8659		14438	13582	13581		178056	161973	161064	
0.0692	0.322		8051	8163	8311		169305	156819	157362	
0.2104	0.9573		15482	15883	15722		242387	237675	240606	
0.411	0.19		15233	15032	15608		209567	214381	242522	
0.7536	0.6328		13205	14240	14452		208633	212753	208608	
0.803	0.8115		11008	10767	11772		178501	187030	159498	
0.6339	0.9463		12977	12422	12986		166686	161924	176141	
0.8988	0.6943		12926	12516	12355		163392	166350	164823	
0.0864	0.2242		8285	9460	9027		153080	165661	154662	
0.8336	0.2912		11262	12065	11320		166586	168409	167391	
0.504	0.3323		11664	10267	11993		188336	171066	201858	
0.349	0.4943		12441	12256	16486		160928	167046	218204	
0.6799	0.452		12734	20720	17876		186751	252545	268792	
0.2739	0.2447		11128	9746	10618		218768	216174	216872	
0.7127	0.1674		15044	14015	15287		236988	228944	222753	
0.2967	0.5498		10759	17274	15872		174026	234216	219705	
0.3602	0.8589		11192	11989	11393		163982	167979	176633	
0.9179	0.2195		14518	15929	15159		247060	221296	232572	
0.6672	0.3743		9223	8616	9528		167786	169546	164574	
0.4305	0.5419		11632	11072	11117		170501	174228	189553	
0.8293	0.9405		14514	14018	16605		223210	232204	245373	
0.277	0.6175		9024	8311	8969		182448	167661	192258	
0.9973	0.6577		11125	11650	13137		193002	162672	171291	
0.6144	0.4848		12863	13289	12737		220401	217154	218558	
0.5209	0.9391		14477	15706	14925		188806	165098	175070	
0.6454	0.7265		15570	15333	14822		219146	217565	200211	
0.6245	0.6971		14191	11582	11017		186663	152579	160154	
0.4081	0.6726		9782	9157	11407		171629	156673	192015	
0.1539	0.1267		12988	13626	13157		216013	217658	201393	
0.4768	0.9344		10882	9643	10476		164765	160644	164598	
0.5175	0.0691		11781	8299	8526		200761	158117	158217	
0.5049	0.4375		10550	10526	10542		153504	156068	152154	
0.3067	0.7543		10207	10025	10225		154515	155362	153194	
0.9043	0.5415		10484	10452	10009		158196	158597	161088	
0.6749	0.8139		12999	13800	13142		166666	165809	168673	
0.9361	0.9319		16034	16654	14932		182302	176283	164489	
0.1537	0.2407		6978	7056	7696		152466	152583	152762	
0.8076	0.4749		11946	11893	11979		164738	161289	160370	
0.8335	0.7107		26675	15691	15794		290719	232678	229066	
0.474	0.2718		11455	10828	10909		166449	163065	164176	
0.7031	0.1182		8912	8914	9345		163928	164800	162918	
0.782	0.9461		10344	10287	10408		159574	159258	161225	
0.3699	0.7409		10717	10946	10259		151090	151391	148149	
0.4012	0.39		8958	9619	9373		159789	159765	162179	
0.1316	0.1612		8105	8093	7231		163421	152434	149955	
0.6518	0.8726		11804	11758	10507		171742	170214	166703	
0.1941	0.6598		9700	8430	8403		154174	154500	151894	
0.4919	0.4291		7910	7843	7803		161915	160820	156454	
0.0974	0.7738		9003	9031	9257		151510	152193	162179	
0.4979	0.2325		10405	10956	10542		157999	158429	167710	
0.5495	0.6216		8904	9486	10077		153431	152335	156117	
0.4984	0.9631		12891	13703	12235		158854	156105	152204	
0.5916	0.0907		11587	11180	10984		166871	170928	170143	
0.4502	0.257		9357	9374	10717		155255	167465	175636	
0.1841	0.9426		16303	15276	14819		232886	244901	265388	
0.3144	0.9004		13455	12755	12061		214621	210990	205407	
0.5077	0.1915		8733	11425	10332		171187	211039	214620	
0.7424	0.6771		13532	16455	11015		186331	201404	162206	
0.1616	0.1827		7505	8185	8985		148107	150144	149908	
0.6663	0.5091		11183	11203	11226		159288	158707	159780	
0.8963	0.5963		9954	10576	9973		157610	157444	156717	
0.0805	0.8203		10135	13868	10025		182166	212834	189810	
0.9019	0.9268		11952	11057	11989		182486	162849	170470	
0.4726	0.4848		9923	10997	9186		179569	191557	181462	
0.8829	0.6737		12110	14308	15855		170702	191478	219261	
0.5346	0.8526		12464	13805	12793		155672	174168	185982	
0.3167	0.0774		10135	10011	9425		155363	155589	157486	
0.8797	0.1273		9996	9184	9251		159525	158324	161398	
0.2325	0.398		8045	7485	8187		159518	157615	155852	
0.9729	0.8572		13020	15474	12314		188059	196688	163004	
0.3018	0.7387		9614	10414	9696		155175	158881	155672	
0.5687	0.6198		10622	10048	10125		166121	164533	162230	
0.8884	0.6053		12075	16062	11323		177093	207468	175082	
0.8811	0.9975		14757	14796	14388		162243	164201	166055	
0.8709	0.4338		10055	9630	9492		158978	159228	159002	
0.8539	0.8181		11013	10979	11725		152326	160470	168520	
0.753	0.3446		12473	12355	9790		215581	195619	159826	
0.6513	0.8087		14405	10969	14597		255615	201278	228142	
0.348	0.1712		9476	8247	6951		171276	159608	164380	
0.5848	0.4094		8274	13137	8223		159306	195718	162310	
0.3711	0.3484		8302	8288	8333		148584	149968	151357	
0.5285	0.9562		13600	13755	13525		172525	168090	164483	
0.3495	0.1027		8351	7693	7796		156618	155119	161160	
0.6296	0.7358		10173	10209	10422		160216	160910	161523	
0.8823	0.3241		9865	10655	9919		160353	164991	159868	
0.6346	0.3753		9423	13199	9199		160835	196641	157441	
0.8274	0.6958		13994	15008	13303		192288	200865	167525	
0.7129	0.0681		12743	13975	14001		227922	234392	236611	
0.0795	0.3234		10905	13447	10852		174345	221047	177920	
0.2657	0.351		10349	12492	11994		191013	211478	214352	
0.1642	0.0906		8254	8301	11685		162779	159586	187095	
0.3971	0.8769		13801	14710	14210		168360	177430	203320	
0.1598	0.2101		10094	9715	8589		157979	159730	157623	
0.24	0.7124		8215	8220	8317		161318	154593	160191	
0.0902	0.1598		11388	12925	9893		226113	232383	189432	
0.6176	0.1109		9637	9212	9040		167925	163241	160657	
0.0992	0.1465		8124	7526	8073		156954	162811	157473	
0.486	0.2411		9623	9169	9629		157085	160437	159913	
0.567	0.3988		15042	9425	11532		207650	175187	186965	
0.8992	0.5884		12413	11492	11482		159566	152059	152689	
0.6673	0.2214		9544	9128	9013		157671	150870	158378	
0.0847	0.4316		8461	7813	7032		162615	161476	141264	
0.7469	0.322		10158	10166	10080		155834	156729	156793	
0.1368	0.9494		9007	8993	13118		157345	160469	193017	
0.993	0.9305		12077	11938	12004		160870	161057	164282	
0.051	0.6281		9758	9080	9105		154871	154770	156282	
0.6431	0.0993		10255	10024	10026		153113	151738	153681	
0.81	0.9973		12760	12649	12709		152297	154048	152598	
0.3163	0.1329		9641	9645	10812		161259	160329	165466	
0.8777	0.5893		14024	14358	14605		159407	161784	165538	
0.276	0.1754		9204	9904	9255		164526	177447	165444	
0.6558	0.5784		11311	11981	11367		162156	167722	160712	
0.807	0.11		10245	10076	10763		161732	163649	163604	
0.8099	0.3058		12222	12006	12937		164654	155496	171889	
0.3785	0.5435		12186	12328	12216		160912	149669	150703	
0.6077	0.4646		14885	11965	13537		219676	185412	188693	
0.0978	0.6603		9052	10752	8626		166819	180178	162613	
0.6323	0.812		11509	11306	11482		159544	163215	164537	
0.1833	0.2284		10820	12510	11096		160874	167169	172176	
0.7092	0.5526		13519	13890	13429		230348	233165	198666	
0.2529	0.6151		11668	9628	9400		196347	184146	192064	
0.5917	0.1009		8669	8063	10019		167734	174520	187794	
0.2381	0.0709		9712	11463	13417		193492	231927	231043	
0.1622	0.5707		10836	10743	10877		155437	155289	160019	
0.8789	0.8815		15144	14462	14578		164787	167415	164706	
0.9067	0.4838		9409	9569	9448		151907	151931	152343	
0.8646	0.5748		9934	9946	9917		153878	154369	154568	
0.331	0.537		10412	10300	10249		159657	158996	161373	
0.2973	0.4769		7648	7671	7710		156216	156298	156880	
0.2412	0.2902		11227	11140	14115		156065	164935	193433	
0.5018	0.4224		9439	9473	10358		157486	157486	161126	
0.0801	0.8757		8912	8885	9940		154421	153964	170911	
0.0627	0.9126		9604	11173	13211		159428	180749	216011	
0.1587	0.1006		7448	7563	8920		153562	151663	163431	
0.3843	0.5198		9838	9940	9880		159414	164889	165378	
0.5211	0.5978		11686	11087	10322		163111	181690	165634	
0.3209	0.9307		10431	10359	10664		155932	156073	162934	
0.3025	0.4247		9761	9849	9802		161176	159757	159418	
0.5525	0.5413		9985	9487	9377		162211	159829	163846	
0.0906	0.2571		9344	10717	11366		156359	187816	212522	
0.4944	0.3576		9690	10002	9748		152093	152647	153416	
0.2014	0.0671		9259	9525	9523		182087	187034	183706	
0.5082	0.5792		15522	15213	15329		218006	218943	202419	
0.3037	0.892		9942	10008	9960		160535	154394	155250	
0.7823	0.4237		10273	10335	10865		156671	160989	159419	
0.5065	0.8529		10691	10777	10817		161738	161607	160635	
0.0579	0.785		8659	8842	8623		149674	150419	151624	
0.9837	0.9653		15597	15083	15047		164552	169159	162249	
0.6412	0.9545		12965	12935	12982		166057	161904	162903	
0.4017	0.9241		10136	9467	9950		155010	154198	155473	
0.435	0.5414		9225	9030	9053		162034	164734	163914	
0.8793	0.4924		12848	12952	12420		158544	158574	158547	
0.9413	0.8203		15207	15733	15289		158192	164623	158640	
0.3835	0.3139		7185	7890	7853		155381	154299	159885	
0.3749	0.6745		9974	9916	10073		156709	153821	159087	
0.5868	0.0604		8124	8851	8354		153438	160094	164182	
0.9224	0.3757		11332	11385	12064		164998	170404	171405	
0.1592	0.3213		13058	10458	10758		159004	150583	150996	
0.5744	0.8659		10917	10939	11115		155624	158432	163771	
0.6368	0.2678		12830	12172	10096		169022	168669	154863	
0.8321	0.2476		12763	9504	9542		189662	155247	165547	
0.4859	0.6102		12271	12534	12508		158432	163134	160549	
0.9857	0.2284		9104	9177	9139		157500	158507	158387	
0.5446	0.1557		11760	12408	12848		205807	208065	199006	
0.7461	0.9829		12376	12807	12192		158758	158643	161601	
0.992	0.9316		11573	12009	15182		160815	163661	181907	
0.8132	0.3415		12236	11217	11351		158313	156680	157395	
0.339	0.1879		7888	8245	7981		150174	161482	154137	
0.3497	0.7531		9913	10677	9940		160836	155178	155244	
0.1516	0.8293		11431	11858	11370		152406	153695	154268	
0.9546	0.1091		11014	10941	11108		158666	161378	162536	
0.8267	0.7226		10084	11349	12861		169674	185395	200825	
0.1395	0.6573		7406	7597	8131		157526	157675	159022	
0.9623	0.6512		13778	13961	14490		155986	150320	153085	
0.7431	0.5415		12161	12202	13109		188065	190213	212980	
0.7672	0.4419		9279	12800	9206		152581	193977	166158	
0.7302	0.658		10127	11285	11101		146623	171138	157422	
0.727	0.1539		8412	10160	7834		148876	150289	144983	
0.9184	0.5312		13025	12912	12225		158288	158736	164862	
0.9179	0.2386		12604	13403	15414		176687	180173	185483	
0.4995	0.4955		9077	9643	9036		156564	158350	167001	
0.3623	0.0905		8459	8601	9355		163339	161370	163609	
0.2288	0.9275		10363	10191	11111		162696	157617	162090	
0.2797	0.3492		8350	7912	8470		159278	163631	157203	
0.0553	0.7507		11303	10862	10910		164207	166065	159006	
0.0569	0.8822		10367	9745	9631		168659	160227	162671	
0.1491	0.849		11790	11970	13386		166392	156496	161036	
0.672	0.4321		13360	12686	12575		168500	156750	158165	
0.3638	0.459		10496	10241	9564		170571	159095	159338	
0.6176	0.7691		12924	16435	12447		166699	213669	176531	
0.2334	0.7116		13983	14314	10192		218140	209481	161380	
0.8819	0.839		13732	13977	13993		160481	160738	166313	
0.1691	0.6297		8290	10826	12290		170878	194675	226958	
0.7298	0.4636		10116	10076	10023		152299	153638	154025	
0.4869	0.7315		14782	10739	13839		215414	173009	219281	
0.126	0.6464		10642	11278	12991		180741	182887	174595	
0.8101	0.8571		11109	10922	14487		164303	163993	204152	
0.5608	0.6941		10836	11848	10997		157195	158420	157580	
0.107	0.8716		11196	10358	10471		157728	152040	151961	
0.4408	0.7371		10299	11449	10415		161777	174402	159462	
0.2347	0.3777		9084	9507	9131		157332	157300	160809	
0.6205	0.2663		8266	8263	8640		168703	173440	166672	
0.3731	0.4254		11796	13807	11737		157844	162586	159566	
0.0906	0.3498		13532	11308	12667		209333	226236	207651	
0.0742	0.7053		7675	7684	7794		152919	154401	159123	
0.892	0.6252		10744	11471	11394		159763	165466	164208	
0.3328	0.2077		11516	8792	9333		187448	159265	161742	
0.613	0.9209		11169	12203	15309		171243	191118	230736	
0.9305	0.3134		8633	8954	8963		154509	155651	165987	
0.1262	0.8679		11334	11112	11312		164234	161943	170509	
0.967	0.8377		11439	12631	14704		149331	157659	158312	
0.4414	0.1575		11249	12270	11854		161130	164961	155015	
0.6774	0.7752		13247	11363	11423		162503	158805	171722	
0.371	0.9565		9575	9604	9774		160417	170081	159352	
0.5304	0.1043		7579	7606	7522		168499	161078	161403	
0.6685	0.5306		12204	10127	10336		162983	155510	155802	
0.0903	0.6664		9426	8957	8808		162150	178258	167144	
0.5438	0.6688		10448	10116	10207		161955	162971	161200	
0.8496	0.3464		11533	12240	11715		160892	165045	167977	
0.1203	0.5402		9226	9215	9243		164091	157875	162329	
0.2191	0.2999		10608	8869	9033		156757	152167	153925	
0.268	0.5206		8499	8452	9045		162558	161208	164190	
0.3919	0.6704		9776	10440	10211		154713	161625	160514	
0.5988	0.8155		15470	13745	13923		161298	158358	157478	
0.9462	0.1882		10732	11837	14516		162055	169038	182804	
0.1071	0.1688		9731	11307	10340		161529	167101	164330	
0.95	0.2126		9727	9562	9566		180191	162398	162786	
0.8039	0.685		11007	10254	10285		165532	162323	159786	
0.1305	0.1303		7147	7173	8729		150980	155121	172150	
0.2365	0.938		10326	9815	9956		161185	171571	164147	
0.2191	0.8027		9934	9370	9546		166701	167572	162351	
0.0855	0.4203		8412	8427	8335		157465	163189	162944	
0.5882	0.6433		12354	12245	12419		166243	161814	159763	
0.4629	0.4843		11243	9498	9495		165372	171034	162037	
0.7463	0.7246		11238	9919	10896		160324	157007	161931	
0.6952	0.8718		10597	10801	14188		161434	160736	183119	
0.8234	0.3297		11409	10620	10712		156790	159785	160638	
0.1917	0.8742		10685	10096	10126		173644	165805	167963	
0.1436	0.8962		9208	10437	12647		169156	193986	229923	
0.3436	0.1142		9323	12805	10934		166741	221785	221683	
0.0831	0.4313		9294	9387	9082		157294	163570	154640	
0.5484	0.3747		9131	8782	8553		159161	165957	159923	
0.1466	0.429		9481	10169	12091		154123	155478	161708	
0.5574	0.3654		14165	14362	14467		226304	224804	228783	
0.3378	0.4054		8277	8296	9592		157988	163215	177696	
0.6048	0.3285		10547	10460	12680		161541	160558	175398	
0.3908	0.9013		12618	10896	11647		187133	164095	163212	
0.3504	0.9907		11590	8247	9116		159785	151212	155870	
0.7754	0.6776		10976	10592	10701		156225	163401	165703	
0.382	0.3285		10007	13169	8673		167407	200335	160551	
0.8645	0.3088		10877	10435	10503		162422	162977	162638	
0.8226	0.9588		14523	12461	16582		189438	177692	223057	
0.3141	0.505		12803	14081	13009		158414	160204	166391	
0.5562	0.0663		9565	10426	9848		168872	181804	167336	
0.8033	0.5801		12022	12288	11986		162771	165382	166547	
0.8568	0.6614		11576	13615	16102		154947	187453	227611	
0.7634	0.0556		13095	10656	9971		184446	178114	158250	
0.9261	0.4108		10016	9944	10088		155223	155752	155326	
0.632	0.3692		9730	10431	9925		165020	164679	175281	
0.1837	0.892		9701	9826	10555		155249	155512	158920	
0.949	0.6778		17303	19395	19543		227002	253160	267698	
0.3428	0.6318		12342	15806	14128		207663	244427	208496	
0.3147	0.8096		13962	10026	10177		199495	167508	171112	
0.1788	0.7546		9576	8908	12847		166557	165593	212439	
0.9043	0.1406		15198	15886	11933		219946	202033	165031	
0.1766	0.6586		10749	10729	15782		159998	160718	204695	
0.3438	0.7556		15533	11691	11574		202306	166173	171606	
0.4152	0.6138		9632	9667	10139		163613	168541	194361	
0.8189	0.9044		11260	11139	11011		162568	158382	159306	
0.9537	0.6553		13561	12601	11658		200253	195903	178529	
0.8775	0.8261		17492	17850	19518		207054	228625	264513	
0.3354	0.544		12527	11889	12100		215500	212523	216595	
0.5498	0.5011		13447	12905	13085		233870	225840	228359	
0.056	0.925		12981	12355	12278		230434	226303	235155	
0.2781	0.5461		19946	19211	21572		272104	251356	329374	
0.3554	0.8637		21522	23714	15181		261210	252078	220528	
0.1639	0.0927		10287	9795	9840		185330	185762	187382	
0.3619	0.8765		17684	16059	20784		253968	237174	221445	
0.9985	0.8757		18555	19377	18338		224847	234575	276413	
0.3885	0.1345		12283	12488	16445		211043	216645	272520	
0.8409	0.4178		8543	8538	9496		168972	152671	158901	
0.8936	0.934		15127	14998	14648		176586	170425	171713	
0.7347	0.9219		13893	13885	14156		162489	165261	183646	
0.7997	0.8667		11783	10676	10694		162821	158261	160570	
0.162	0.1331		8009	9204	7337		174798	171520	161475	
0.9903	0.4811		13293	12781	12699		159771	159038	162145	
0.3785	0.4897		9793	9808	9754		161697	161446	164678	
0.9815	0.9766		13380	15952	13234		176697	178237	166931	
0.494	0.2024		7926	9442	8020		155261	172191	177929	
0.6077	0.953		12432	11941	12587		195954	183643	177440	
0.3086	0.0963		6672	6882	7582		167678	190529	159546	
0.7746	0.8474		16920	15961	15308		250139	224174	231553	
0.5874	0.3398		17406	12891	18005		217801	234881	264019	
0.3094	0.1853		10603	13872	11323		214372	243127	216992	
0.2125	0.7709		16690	16648	15957		214144	216969	220594	
0.0676	0.0905		12352	13390	13655		214168	211827	231637	
0.1369	0.1893		11943	13100	10949		209302	205205	188938	
0.6425	0.8129		10308	9947	10601		168616	172285	170314	
0.882	0.4759		11164	13135	13829		162771	193443	220176	
0.3036	0.5269		11466	11463	10985		162451	163342	164448	
0.3622	0.6256		10361	10471	10793		153466	155445	156780	
0.8044	0.0915		14584	10045	11390		212642	186751	188142	
0.9771	0.9796		13270	13276	13237		157299	157024	159669	
0.3428	0.2907		9131	8204	8502		158662	158842	157354	
0.1795	0.285		10576	10688	10535		149691	150207	150880	
0.6637	0.0991		8591	8187	7945		170392	162050	167911	
0.3469	0.6837		8893	8957	9458		189039	194362	191858	
0.528	0.5017		10159	10300	9699		161483	161268	171480	
0.5061	0.4221		8708	8067	8002		150241	150763	153965	
0.6247	0.1093		10276	9735	9666		151788	151557	153324	
0.1976	0.9633		10345	10380	10356		162075	162264	164229	
0.577	0.708		11153	11151	11097		159671	160740	163138	
0.2652	0.7018		9687	9500	9805		161676	157313	169969	
0.0722	0.6755		9786	9796	9792		154125	154437	156452	
0.5061	0.5413		10538	10069	12889		155459	156860	181417	
0.8595	0.9487		11980	11514	11406		158820	159238	165591	
0.3643	0.3116		10473	9908	9866		151147	149233	153840	
0.4754	0.0677		8132	9429	7370		152316	158393	160472	
0.0903	0.7568		9336	9303	9359		156797	157520	159069	
0.7649	0.8453		12737	12741	13350		166728	165052	168950	
0.268	0.4676		7730	8181	7702		158028	147562	146842	
0.8007	0.8944		10534	10031	10091		166288	153630	159146	
0.7906	0.0983		9651	9023	9254		162583	157042	161520	
0.4685	0.7128		9269	9335	9243		163038	156106	159394	
0.5895	0.2409		9216	9280	9666		160750	155670	157508	
0.8252	0.9346		11857	11188	11836		169057	164177	166173	
0.6093	0.5775		9609	10282	9417		161126	163311	156923	
0.4885	0.2262		8460	8308	8193		168209	166543	163477	
0.4557	0.8447		12982	12360	12477		172463	165475	167857	
0.5273	0.6051		9047	9057	8942		156457	150810	152320	
0.8815	0.3471		11614	12450	10932		155471	158486	152749	
0.1803	0.9411		10108	10810	10518		160296	157210	154718	
0.659	0.5023		10473	11256	10476		167938	165619	165259	
0.7604	0.3651		9124	9151	9756		167384	161787	168915	
0.2729	0.8382		10889	10917	11346		173002	169335	191893	
0.1779	0.6294		9638	9062	10188		172319	178166	199993	
0.0689	0.9724		10544	10367	10555		162740	163175	169922	
0.7693	0.8163		13630	14311	14380		168026	166175	170594	
0.9945	0.4315		14236	10934	10829		225254	202883	197004	
0.2108	0.3921		11222	11900	11399		194872	184517	188544	
0.5077	0.3966		9495	12267	12716		167099	177536	201138	
0.4776	0.9272		9918	9872	10925		154486	182094	180443	
0.8312	0.7412		11889	10181	10903		165816	167342	187493	
0.7941	0.8847		11313	10759	13658		172511	169746	177671	
0.1489	0.391		8747	9605	7779		158930	163267	160126	
0.8212	0.4865		11451	11517	11721		160638	157913	165145	
0.4974	0.0641		9489	9124	8874		167481	172102	173166	
0.7556	0.2295		8201	8183	8093		151080	161968	157871	
0.8541	0.4311		9877	9497	9445		160050	168812	161320	
0.8888	0.788		14574	12674	12805		177791	160384	186952	
0.0771	0.2642		7815	8193	8066		165530	153234	151528	
0.354	0.4868		15662	17920	14467		222744	247451	207293	
0.7103	0.7509		10834	13686	10855		163612	183465	180603	
0.2192	0.4681		10714	11193	8102		217588	217763	186205	
0.6469	0.9677		15271	14980	13816		216617	226860	212582	
0.9169	0.0635		8555	8439	7841		164234	163418	161424	
0.5466	0.2245		13959	14293	12695		226562	225355	220666	
0.2268	0.9899		9787	9906	10086		160788	163230	165874	
0.4964	0.6043		12369	12658	12046		212268	213091	213501	
0.1035	0.4745		10913	8953	13923		168830	160679	215671	
0.2225	0.5155		10942	14232	14132		180344	189099	181999	
0.7027	0.2478		12583	9136	10851		173428	164944	181713	
0.6952	0.8495		14388	13379	11792		163598	165342	161506	
0.0981	0.3705		11234	10923	11120		213531	217275	208939	
0.4376	0.5532		12143	15879	15419		161167	204370	211483	
0.532	0.7891		14958	16152	14889		219990	249266	220191	
0.7805	0.5094		10951	11163	10950		162102	171235	161600	
0.6765	0.099		12083	10221	10180		166710	167294	163479	
0.6729	0.1427		14210	14917	14978		226610	219781	225672	
0.7297	0.1981		14246	11649	14145		175739	171980	176332	
0.4684	0.1347		11605	15413	14873		173113	207230	225554	
0.7775	0.852		10772	10998	13767		168308	183409	238136	
0.7478	0.4617		13813	14234	14253		221112	224303	229805	
0.3578	0.3621		12087	8131	8584		183987	165237	165470	
0.6342	0.3644		9626	9157	9124		166005	167624	174765	
0.1614	0.7801		13417	10220	9721		237504	177761	167188	
0.1087	0.2		9752	9285	9872		156386	156633	155773	
0.0901	0.9223		11862	12729	13189		167229	166282	163355	
0.3054	0.4757		10607	7558	7408		176621	153845	149694	
0.3737	0.2641		11364	12582	11004		164402	168416	182278	
0.738	0.599		19667	14903	10720		238534	218766	171603	
0.4073	0.0652		12398	16989	13317		216874	273766	232889	
0.8631	0.7619		17333	13487	15570		213267	175548	164484	
0.9202	0.5651		13642	12795	13544		160266	166554	160932	
0.7785	0.4543		11040	11085	10995		166501	169289	174905	
0.8844	0.1001		11546	10983	10960		166998	166783	168069	
0.136	0.2296		8851	9351	8694		156903	158964	159428	
0.5238	0.5183		12488	12326	12354		161021	161789	161074	
0.6752	0.6068		11078	10572	10748		171746	173022	171916	
0.1003	0.8598		11416	11957	12492		222883	232218	248945	
0.9363	0.6539		15153	16303	16712		211220	194917	224586	
0.5467	0.5513		12266	12640	9186		217709	208996	158810	
0.5169	0.3621		13199	16122	14722		172503	212537	226849	
0.3957	0.1737		12183	11384	7989		227842	203748	190170	
0.0502	0.5065		13517	12198	11799		243512	235672	226916	
0.0989	0.1407		13426	12808	9023		217560	201396	161252	
0.3857	0.8942		17228	15843	17010		250163	230637	236077	
0.3044	0.1185		8032	7431	8575		167564	165129	168605	
0.4686	0.7824		15960	15278	15502		193424	216720	218031	
0.078	0.2098		13906	13521	13865		210529	217487	226557	
0.4099	0.175		13634	10657	14412		222160	222306	228498	
0.4924	0.7184		10398	13869	15223		170966	186429	214202	
0.4355	0.9151		11456	11719	11469		161851	180393	167993	
0.3172	0.996		9282	9453	9410		162361	166888	164214	
0.5846	0.496		8453	8536	9200		162455	157371	160934	
0.4696	0.773		12334	12212	12736		173785	172223	170282	
0.3522	0.5749		10952	9962	10031		156861	153546	161618	
0.6245	0.5991		9374	9490	8976		151551	159521	150850	
0.5995	0.2138		10705	10123	10166		161961	163103	167035	
0.6795	0.0872		9534	12089	11426		199865	224350	218705	
0.5382	0.4606		14221	10114	9435		211248	162355	159653	
0.6573	0.9701		12982	12963	12931		154368	154272	156402	
0.9286	0.4775		10425	11532	10593		157396	166579	173144	
0.4242	0.9276		10459	10378	12085		152396	162219	158339	
0.4426	0.159		11263	9815	9203		196318	193156	172169	
0.1075	0.4523		8416	9097	12573		183216	164131	196269	
0.3052	0.5442		9150	9199	9110		161393	162412	162128	
0.6863	0.7172		13448	10999	11005		187824	154312	168029	
0.9201	0.2449		9224	9605	10250		155254	166381	170369	
0.0546	0.7059		8150	8724	10004		159330	157138	162514	
0.5508	0.2844		9041	9093	11239		159555	159913	176803	
0.2513	0.8575		10705	10333	11042		155941	155188	172081	
0.2232	0.6911		11404	10719	10610		162422	156809	164261	
0.5128	0.3176		12796	14293	9916		224957	221244	169382	
0.5269	0.1298		8217	8204	9812		162529	170597	171364	
0.1686	0.7204		7731	7707	11124		165431	166144	226212	
0.3914	0.7394		10741	10888	10768		163725	163812	161815	
0.7346	0.655		17604	15700	14070		217832	185954	177283	
0.317	0.1971		8577	10190	8436		155906	153331	148602	
0.0992	0.7568		11950	10458	11139		171613	176649	169212	
0.9927	0.5556		14005	17564	15834		166557	202514	168376	
0.527	0.4248		8866	9599	9838		161632	163672	165695	
0.3486	0.9391		12329	15953	16288		173637	223259	225190	
0.6953	0.0574		9238	8682	8502		162212	173327	165075	
0.4138	0.6798		10766	11691	12114		155150	160264	161670	
0.0527	0.6479		8807	8724	7910		175253	175473	152634	
0.3901	0.4076		13935	10248	9909		194248	169598	158370	
0.3568	0.3417		10413	8426	8964		157417	152287	160140	
0.0664	0.7235		9558	11790	9479		151675	173899	148905	
0.7122	0.3598		10733	10724	10946		156778	159260	158783	
0.5645	0.6951		11707	11722	11977		164300	158011	162135	
0.8706	0.9714		13721	13845	14009		174827	166690	167273	
0.9925	0.8014		11771	10841	10705		170581	165973	162430	
0.9478	0.271		11081	11023	11121		173933	165563	165716	
0.8402	0.6203		13313	13503	13542		187287	189415	182308	
0.2305	0.5929		12090	12503	11543		170008	165565	164946	
0.7264	0.5199		10099	9962	9339		158402	158050	154222	
0.8972	0.6039		13318	13662	12467		165018	164287	157513	
0.2068	0.6006		7886	8530	8362		159084	153647	158516	
0.7482	0.9995		13493	13650	12963		165953	163257	161600	
0.0502	0.2488		6124	6113	6107		165021	159550	159574	
0.9566	0.4507		12182	12185	12153		168385	162963	162780	
0.3477	0.3195		9857	9067	9172		169232	160505	161932	
0.7913	0.1423		8796	8903	9014		162821	155452	157567	
0.7589	0.7414		11263	11979	11665		169538	161943	161666	
0.9455	0.4318		11100	10611	10582		170381	163455	163217	
0.8708	0.7313		12251	12310	12343		165683	159673	160615	
0.9183	0.5771		10931	11061	10962		169605	169382	168437	
0.2343	0.271		8898	9552	9317		161353	157603	157934	
0.0512	0.3161		8613	9225	10035		159490	155447	154460	
0.2715	0.7078		10714	10653	10779		186252	181460	182536	
0.2861	0.2959		8528	8492	8619		162301	159609	161676	
0.5756	0.7359		9705	10366	10839		175128	170539	171732	
0.1776	0.286		10434	10444	10395		168471	163274	165180	
0.4729	0.7407		12538	12469	12519		164649	160776	160861	
0.1029	0.4655		8988	9046	9161		175623	168368	167747	
0.2814	0.8395		11406	10676	10688		162465	156364	156590	
0.0528	0.5234		9796	9736	10514		194091	188755	190654	
0.3666	0.9731		10925	10930	10991		175040	172092	171314	
0.7067	0.7937		11358	11278	11587		158579	154019	153518	
0.7555	0.214		8435	7869	7966		163913	158045	157615	
0.2048	0.1539		11018	10914	10956		161181	154568	156035	
0.3118	0.7797		12430	12456	12356		170217	164319	164713	
0.5812	0.1559		9800	9698	9694		168079	162993	164563	
0.8627	0.8188		12366	12493	12528		165194	161018	159681	
0.3525	0.6265		8924	8307	9907		162557	157909	173964	
0.4742	0.5174		8235	8267	8307		172943	172724	165605	
0.3034	0.9419		12445	12971	12321		163212	157036	154908	
0.4563	0.8164		10408	10362	10643		163938	159505	159704	
0.2604	0.9349		12435	14712	11559		209634	266100	199664	
0.2746	0.2648		7143	6931	7018		171787	169247	165204	
0.3959	0.6299		16194	16188	11208		221965	199775	168125	
0.872	0.5991		16143	12231	15534		203539	162679	195824	
0.8645	0.3762		10920	13508	10118		178785	193410	149511	
0.7729	0.5433		16092	12300	12261		196696	165047	166379	
0.6052	0.9877		11821	11867	12885		160024	160655	185397	
0.9073	0.5498		12088	12650	12397		160279	160574	161749	
0.599	0.4882		11805	11177	11302		157394	157545	157086	
0.6777	0.1427		11615	17002	16420		178364	227062	224759	
0.6159	0.6422		15694	39279	17415		221207	264123	254036	
0.3031	0.9251		10181	14809	10363		167491	223744	201529	
0.2809	0.5717		13158	12532	15927		191886	167053	232998	
0.3129	0.5908		10818	9750	12830		165222	165287	216196	
0.3427	0.8108		12507	9166	9265		199145	162755	170361	
0.6085	0.1307		9519	9499	10700		161075	165087	167073	
0.1131	0.9245		8819	8721	8697		157067	158867	163103	
0.1232	0.5077		8244	8844	8139		155830	158472	157773	
0.383	0.9434		10641	11357	11991		170867	167444	194645	
0.1261	0.8958		9598	13463	9622		173159	195501	163558	
0.8739	0.4403		14761	15155	17043		204137	207717	199233	
0.6038	0.7634		17188	13601	11722		227673	194113	174077	
0.9054	0.6415		11250	11173	11204		164942	165693	163693	
0.798	0.0595		8046	7307	7290		154216	155035	156982	
0.6202	0.7174		10657	11352	13154		160346	164385	196710	
0.2718	0.1908		10046	9388	9612		156824	152348	153782	
0.0876	0.6845		9120	9038	9117		163681	158963	160861	
0.0756	0.6758		11689	10561	10546		186650	183537	182862	
0.7086	0.4206		10400	11047	10675		160269	155096	153994	
0.3467	0.4873		9943	8977	9825		157682	149297	149274	
0.2759	0.3808		11573	11563	11556		171237	167469	165221	
0.8359	0.0617		12209	11486	11457		163195	158784	158305	
0.0947	0.5941		8237	7874	8821		169102	165120	165715	
0.2352	0.8372		14775	15794	18972		208876	217157	245608	
0.6173	0.0975		10492	9650	10351		159656	162429	171646	
0.0852	0.4152		9693	10056	9932		159902	179447	171024	
0.7499	0.8479		14352	13029	13574		169030	164346	159217	
0.9147	0.9039		16084	19964	19986		175405	231692	231501	
0.3849	0.8432		14866	15512	14403		228666	226592	227122	
0.2674	0.7896		16483	15868	17442		232231	231860	252679	
0.6344	0.7516		16228	16519	12947		231701	230203	200313	
0.9477	0.208		18504	13021	13369		231096	205087	190450	
0.6275	0.164		14493	14392	13180		231988	230323	223814	
0.3701	0.0622		7802	8414	8193		163132	161756	160625	
0.4384	0.6616		8528	9243	12667		164980	163526	203575	
0.5066	0.0916		12599	12352	8738		228084	224723	171713	
0.4923	0.16		8119	8113	7967		159623	160496	165086	
0.2556	0.985		12805	13508	13872		162382	164689	167474	
0.1275	0.0557		13887	10299	11479		212611	162080	170700	
0.4956	1.0		16202	14773	17830		222768	223445	226184	
0.1464	0.2145		8420	12185	11047		172890	209367	206137	
0.2987	0.7559		8089	8863	8367		159564	161975	162517	
0.9047	0.7109		12063	12763	12849		162070	165640	165396	
0.7177	0.7595		11431	11439	13307		170256	167314	184056	
0.0942	0.7889		13295	12276	13015		220062	232794	226181	
0.7992	0.953		11265	11322	11942		172151	169749	171755	
0.9736	0.1301		13098	11486	16630		187285	189084	270153	
0.4396	0.8136		9732	10006	9660		166033	171290	164787	
0.9721	0.9156		13520	12204	12180		168847	181497	173914	
0.4744	0.6355		11906	11454	13618		155012	177573	210981	
0.5668	0.7044		9932	9920	9924		156460	157901	160100	
0.6655	0.5024		13291	13342	13290		172919	172327	169726	
0.3227	0.3545		8732	8351	8200		163036	158260	169820	
0.4065	0.4111		11536	10971	13267		167232	163296	166039	
0.9428	0.0876		11065	10300	10729		206222	175573	167495	
0.2231	0.1409		9323	8935	12191		174886	194564	230688	
0.4976	0.224		18033	15961	13986		249119	251235	244331	
0.2874	0.2454		11991	12458	14099		236142	226503	224039	
0.4961	0.444		12599	11236	11269		175393	166793	169862	
0.1623	0.2105		10819	9165	9296		169268	162988	168067	
0.4217	0.1517		9549	11253	9546		170618	156069	151289	
0.9536	0.915		12788	13810	13185		176675	161894	172032	
0.6546	0.4316		10200	12287	12976		202773	191110	207796	
0.1759	0.515		12429	12497	15984		208945	223152	224420	
0.6499	0.6626		13693	14871	14509		214109	214907	210912	
0.2899	0.8029		15252	15866	16270		220965	230133	227681	
0.6803	0.9885		10414	11435	10339		164862	181547	167245	
0.0648	0.7473		7900	8653	8986		160909	155263	160397	
0.8607	0.5932		14785	19387	15522		221203	239061	241069	
0.1758	0.0703		12840	12548	11995		228436	218280	209551	
0.0558	0.3216		10692	12832	10322		163056	165108	157329	
0.7779	0.5461		12553	11870	11834		193340	194099	192210	
0.6955	0.5336		9550	10285	9425		160746	173209	168576	
0.5578	0.2701		13513	13849	13680		226598	220555	220927	
0.4595	0.5097		9773	10419	9805		173811	166854	165812	
0.0711	0.1346		9172	9280	9135		176838	166948	168354	
0.5236	0.108		8408	8800	8142		165592	159320	158399	
0.4139	0.4363		9853	9630	9983		175751	166898	166329	
0.3777	0.4009		9988	12356	10292		175354	196273	168447	
0.4855	0.8742		14082	13932	13156		179356	173240	168911	
0.8304	0.2328		10592	10002	9884		160658	152338	151179	
0.7436	0.889		12075	12666	12141		172021	163902	166012	
0.7994	0.8154		14655	13341	10362		201724	197699	168163	
0.2663	0.929		9660	10148	10111		167346	180122	170411	
0.3435	0.7427		11806	14451	11779		172243	171758	168375	
0.2358	0.2351		12890	8219	8337		220009	166712	158522	
0.2237	0.8009		10983	11085	11205		184062	184667	180759	
0.3104	0.9396		10788	11584	10950		160022	160448	158438	
0.5038	0.1492		12068	11763	12196		221383	194318	196408	
0.9658	0.4316		14833	16184	12824		193805	219489	177948	
0.6427	0.4966		10092	10265	10110		159547	162709	162894	
0.2385	0.7964		13139	9160	9749		208138	161335	162452	
0.225	0.5525		9113	9101	9077		159593	161586	159157	
0.6206	0.2067		9905	9806	9738		167645	166381	166085	
0.4238	0.071		8288	7726	8548		177539	162940	172041	
0.5919	0.1675		10727	11174	9907		185178	186128	181442	
0.2443	0.3173		8827	8688	12278		182106	187059	187223	
0.2405	0.8305		10056	10258	11195		178011	184497	186136	
0.8127	0.5892		14524	13845	16830		185704	187514	195942	
0.549	0.4341		12056	12131	13122		162120	161859	162673	
0.8364	0.7876		9844	9890	10051		150963	151337	149953	
0.6282	0.622		9972	9883	10608		165764	167097	167193	
0.7664	0.1791		10083	10066	10076		151422	154438	152985	
0.1706	0.5744		8911	8342	8953		165330	167454	166038	
0.7891	0.8298		12771	12728	12639		168147	170414	173993	
0.8426	0.2309		11110	11383	15539		155258	165225	196521	
0.9526	0.5077		14091	15199	15187		158860	184042	181908	
0.5661	0.5833		11822	14960	12236		163100	170878	173204	
0.9433	0.5417		11843	12184	12831		160508	160051	166080	
0.6942	0.3725		11084	10159	11870		165685	162672	167292	
0.291	0.4519		10698	9613	8163		181489	171355	162857	
0.86	0.1738		11041	11749	11514		151725	157918	157831	
0.6836	0.4187		9871	9218	10336		148733	152393	156736	
0.6587	0.8259		13264	14137	10104		180054	200309	156951	
0.3176	0.1802		8875	8825	8865		152482	153774	153324	
0.0515	0.449		9499	9496	9826		149511	151603	150752	
0.3639	0.6909		10332	10348	10337		155183	157901	157080	
0.522	0.1601		11535	11485	12410		151239	152790	152293	
0.4433	0.6529		10792	10753	10845		167213	170768	168910	
0.9329	0.9242		13083	13185	13303		162953	163204	165193	
0.3031	0.6208		10831	10624	10677		154910	157639	157937	
0.2532	0.1011		9257	9973	9952		166645	168877	168040	
0.7418	0.7904		15124	17539	13297		202816	229874	171583	
0.8871	0.7697		15621	15376	15417		202792	187361	180801	
0.7153	0.899		11396	11521	14528		155385	156438	173133	
0.4687	0.7331		12601	12084	11690		171402	173680	157909	
0.0764	0.8281		11065	11307	10978		164601	172800	165810	
0.0918	0.5552		10033	9914	9277		157595	156845	153648	
0.6817	0.6962		9664	9682	9173		154060	156859	152177	
0.2884	0.4068		8680	8753	9824		150875	153694	177195	
0.6819	0.7297		10639	11299	10922		161966	164057	164578	
0.9188	0.911		13167	13041	13633		159214	159275	159094	
0.1087	0.8143		7823	7796	8020		157304	158620	160091	
0.9513	0.7699		12136	12051	12079		156579	156959	157430	
0.6673	0.3335		8350	8356	8530		163109	163217	162222	
0.9703	0.2935		11657	11570	11561		158202	159672	158938	
0.8599	0.7331		10693	11466	12035		162059	169172	181662	
0.126	0.0546		7594	6200	6280		168476	172101	162324	
0.1204	0.7932		10224	10847	14118		156709	156275	207689	
0.5941	0.827		12870	13016	13059		164432	165820	165661	
0.4915	0.4982		14795	10880	10824		197748	160192	161600	
0.2502	0.5282		10558	10360	10348		183723	182903	181271	
0.218	0.8149		9176	9321	9231		160708	161525	160659	
0.7689	0.808		11370	10892	10865		167058	167114	165835	
0.5986	0.0616		9160	9993	9317		160399	162547	160611	
0.7434	0.1409		9371	9195	10197		152623	153774	155289	
0.9989	0.4315		11762	11722	11650		175932	177725	174675	
0.598	0.8646		11882	11914	12126		163882	165012	165127	
0.856	0.8164		14637	14126	14014		188931	190340	188657	
0.5801	0.7976		10623	10656	10628		163754	165168	163955	
0.5568	0.7614		10310	10886	10754		163218	162999	162680	
0.8408	0.7238		13883	13958	13741		193897	196015	195895	
0.3743	0.4755		9645	8973	8951		149350	148658	148178	
0.9264	0.9761		11214	11170	11121		158946	159246	160527	
0.3546	0.4387		10812	11446	10848		158765	162337	158584	
0.7399	0.8186		11005	10986	10965		163663	166124	164968	
0.9184	0.6476		12218	12188	12261		159285	159384	161193	
0.4322	0.7107		10907	10817	10874		155064	156616	155187	
0.8679	0.5788		11948	11243	11035		154406	154032	153913	
0.2531	0.7549		9933	9904	9911		152022	152677	152497	
0.8698	0.9408		13640	13599	13535		161878	162105	162445	
0.9553	0.2055		8379	8927	8808		160429	159482	161020	
0.5773	0.4017		10084	10184	10076		162641	164131	164615	
0.3559	0.6385		8496	8600	8489		165608	166214	164527	
0.3057	0.7829		9367	10032	9355		153450	154465	154930	
0.056	0.2226		8292	7609	8103		156551	156160	157631	
0.6403	0.3419		9510	9327	9275		157338	157964	155983	
0.4167	0.5953		10560	10634	10580		152580	151573	154959	
0.2799	0.0727		6763	6817	8021		157905	156576	157156	
0.2292	0.581		8761	8346	7775		188045	162568	158728	
0.3723	0.9631		10973	10780	10923		162920	161718	161748	
0.3076	0.7226		7832	7842	8063		158358	159124	157647	
0.343	0.9805		9784	9116	9182		155317	155280	157712	
0.5963	0.1118		8812	8829	9451		143837	147905	146358	
0.8825	0.7592		13729	13095	12945		162083	161813	163825	
0.2213	0.3571		9465	9526	9468		154617	154756	153284	
0.6713	0.626		11462	11543	12655		158786	155311	159032	
0.9956	0.3287		11682	11702	11661		162519	161155	159904	
0.3918	0.6756		9492	9593	9813		162542	161762	161616	
0.3233	0.8249		11074	10466	11116		187366	186497	185591	
0.5777	0.3457		10489	10401	10525		156483	155274	155850	
0.0956	0.9428		8244	7684	7639		153160	153133	161336	
0.9656	0.8244		13468	13294	13504		182425	169555	170312	
0.952	0.2201		11750	11759	11924		168536	169439	167995	
0.5608	0.9341		13759	17481	13017		192382	232450	184682	
0.9342	0.2334		11149	11149	11286		162265	162290	160959	
0.9722	0.3849		10451	10919	10722		160791	166384	160613	
0.9662	0.2372		12517	12543	13809		158573	160405	161080	
0.6523	0.2042		8740	8849	9304		164209	163693	166934	
0.6922	0.4149		9372	9253	9440		155952	155868	156465	
0.7841	0.3451		9785	9927	9813		165254	167311	163469	
0.4374	0.1741		9255	9852	9202		165623	166493	168320	
0.3393	0.7065		11527	10805	11671		161127	160676	172633	
0.4061	0.5715		11015	11260	11559		168654	188582	187125	
0.5348	0.3809		13518	15328	11226		177870	196181	157081	
0.2768	0.8263		12633	9518	10465		165945	159651	167858	
0.8738	0.726		10804	10833	11077		161959	160887	159955	
0.0583	0.3628		7661	7744	7659		154415	153990	153373	
0.2886	0.768		10290	10344	10307		158359	156757	162884	
0.409	0.6987		11863	11049	11094		159976	157524	156225	
0.2752	0.7917		9264	9309	9413		162109	161545	161084	
0.3668	0.0604		9856	9682	12508		157610	157492	188275	
0.5982	0.0533		8233	8063	7966		149452	149517	146887	
0.7367	0.3871		11488	12083	12122		162380	163680	159869	
0.3325	0.5468		13094	15915	10261		185934	222487	165009	
0.585	0.7367		14600	10356	10620		218154	170648	171174	
0.7591	0.4915		10806	10786	10792		149859	148517	149691	
0.6666	0.1647		14637	10267	9952		230118	192139	159614	
0.5355	0.0863		11202	11144	11181		172911	170256	169794	
0.4032	0.6811		12784	11511	11328		173624	163513	164372	
0.1711	0.8178		15684	11515	13857		203500	177417	195180	
0.7902	0.5155		11203	12776	12493		159812	181443	170015	
0.0937	0.615		7431	7926	8213		161940	171814	162274	
0.816	0.1808		10805	10991	12798		156603	155730	169700	
0.5205	0.5398		9699	9538	11497		156208	154486	159062	
0.7279	0.7487		10017	10132	10612		163017	164363	159410	
0.1862	0.1767		8931	10020	9665		176534	164716	165608	
0.1019	0.6808		8960	9423	9195		194333	195840	184399	
0.5684	0.8166		12511	12014	12242		170299	169777	171181	
0.5831	0.3884		8862	9837	8677		155427	155417	153028	
0.0993	0.2046		7467	9616	7499		162903	168394	154249	
0.9023	0.3938		9828	9672	10043		158085	160065	159268	
0.6557	0.6839		12507	11763	11538		166946	173189	165404	
0.4887	0.2378		11918	11530	12056		227160	206351	214538	
0.6558	0.7248		10464	10034	10046		166338	157600	152659	
0.4137	0.5467		9403	9392	9356		158211	156554	150610	
0.923	0.1081		10230	10267	10872		167142	163224	160676	
0.327	0.9335		12790	12842	12245		173316	168187	163226	
0.4073	0.2472		12292	11663	12245		163322	157653	162806	
0.7408	0.1558		9336	9395	9294		157781	154795	153217	
0.9185	0.8877		14849	15467	16024		173604	174261	178723	
0.7221	0.3312		11172	11139	11309		163456	156371	155092	
0.6161	0.2823		8745	8001	8102		168096	161095	160628	
0.0817	0.9568		9013	9192	9742		169839	172540	163365	
0.1626	0.9593		11681	8867	10256		163563	175742	159596	
0.3039	0.6848		11352	9556	9751		160146	152336	155236	
0.9367	0.9796		15236	13286	13476		181902	162310	161395	
0.3601	0.7014		13525	14112	15346		218629	210432	227901	
0.4868	0.948		10264	9627	13137		167527	183293	222631	
0.8087	0.568		10358	10694	10682		159606	159809	158552	
0.943	0.2231		10174	10121	10122		157160	157427	155892	
0.2562	0.0796		10576	8721	9062		173146	163497	161516	
0.1733	0.9658		8478	8995	8372		160624	162802	158084	
0.1472	0.4958		7433	8102	7739		155981	157345	155916	
0.8479	0.3768		12217	12834	12200		161101	161031	160493	
0.7317	0.8624		11351	13574	11308		158397	185428	174302	
0.3807	0.4689		11298	11903	11346		162118	159910	157740	
0.9664	0.2948		11360	10838	10766		155794	153772	151059	
0.6235	0.7361		10099	10211	10115		169055	167971	166590	
0.8837	0.3509		14408	13229	12653		203511	186151	183287	
0.8032	0.9682		13573	13429	12942		166725	162596	163042	
0.5299	0.7432		11443	11504	11487		170576	171705	168773	
0.9675	0.7226		10851	10761	10754		155751	155446	153431	
0.6002	0.449		10468	9346	9590		162125	159243	160970	
0.9754	0.4767		11505	10859	10919		160453	162652	162488	
0.8269	0.9734		12734	11989	12019		186850	189287	188567	
0.6936	0.5767		15849	12304	13221		209121	181301	175712	
0.2051	0.5186		10728	10779	10703		182416	183921	182792	
0.8214	0.6755		12673	12395	12813		161688	159457	161236	
0.9836	0.1051		9618	9862	9770		157111	159017	162451	
0.4319	0.9354		12220	12012	11832		181593	165995	165168	
0.9929	0.6959		12624	13206	12615		163699	165000	163348	
0.6077	0.4024		12835	12239	12208		175049	172756	178436	
0.3175	0.2732		8674	8588	8699		162298	164419	161907	
0.1952	0.8316		11478	11889	11229		163887	166952	164561	
0.5404	0.2626		10275	10306	10365		156871	157605	155631	
0.8076	0.6488		10105	10021	10295		162589	163731	161154	
0.7285	0.7002		11697	11690	11882		161121	161415	162518	
0.8721	0.2694		12672	12619	16015		167290	177214	199965	
0.5401	0.8375		11424	10795	10941		166846	167696	167797	
0.6847	0.0624		9543	9514	8949		171496	174158	180018	
0.6521	0.4105		11722	10985	10850		190015	191112	189767	
0.0944	0.0923		11852	6634	7855		212237	159731	160167	
0.9796	0.6889		10309	10344	11091		160302	160690	160911	
0.9379	0.086		10308	10221	10251		151614	151349	152808	
0.6025	0.9758		13691	13544	18314		159378	165483	214791	
0.1468	0.913		10025	10081	10109		164570	163152	163475	
0.2108	0.2233		12813	12807	8357		203974	214761	160585	
0.0508	0.3678		9238	10053	8818		159742	167595	184978	
0.2341	0.8816		9552	10679	9770		159522	154620	151776	
0.5967	0.454		8562	8503	8549		159750	158055	157102	
0.8485	0.86		11588	11470	11486		159364	159241	157804	
0.9457	0.9767		12809	13378	12866		161930	163589	160419	
0.4196	0.2932		12041	11197	11247		156965	155662	154271	
0.6933	0.0746		9058	8307	8674		154672	152994	152288	
0.2723	0.373		9460	10011	9679		165531	166387	164103	
0.5294	0.3745		9318	9164	9766		155911	155739	155113	
0.5454	0.1765		8188	8837	8224		166006	167560	165881	
0.5924	0.7383		10432	9908	9833		169895	169354	167751	
0.8873	0.5247		11379	10682	10759		159442	159022	156667	
0.2517	0.7385		9133	9601	9243		158014	158343	157919	
0.7061	0.3652		11481	12180	12234		165789	165583	168945	
0.0703	0.5501		10086	10157	10323		157627	158143	156571	
0.2615	0.3247		8726	8517	8714		156370	159114	160307	
0.691	0.6312		11611	11694	11687		154070	159264	156997	
0.8478	0.3022		11561	10854	10856		160084	157917	156087	
0.7998	0.459		10192	9523	9570		155104	157396	156607	
0.0865	0.289		6872	7584	6922		149174	151954	150539	
0.3069	0.8499		10216	10187	10142		176388	177266	180537	
0.6844	0.1385		10047	8821	9465		151457	151930	153413	
0.3232	0.9664		10349	10472	10356		161648	163564	165380	
0.3098	0.8404		10713	10170	9542		182382	170953	168802	
0.5959	0.1135		9535	8878	9562		165412	165047	165626	
0.0592	0.0967		11301	11611	11282		160759	174242	160886	
0.5882	0.4685		11534	10913	10825		169430	167037	165790	
0.259	0.819		10622	9821	10036		162260	160408	162505	
0.9501	0.7171		12295	12323	12548		164679	163993	164096	
0.6355	0.5944		14428	18065	13295		164180	215546	158284	
0.3006	0.2847		7167	7219	7766		153888	153729	157020	
0.6018	0.1614		9546	10202	12519		157213	156946	208108	
0.7978	0.6784		12624	16797	16119		169539	214339	205920	
0.8901	0.8705		12817	12769	13513		163258	169325	161367	
0.5521	0.9677		9990	10119	10280		163043	161641	161832	
0.6895	0.3005		11495	10856	10886		160453	161239	160515	
0.3026	0.7814		12031	11903	11954		157721	159980	166658	
0.6595	0.7495		13795	14266	13693		165934	165927	165867	
0.1774	0.4189		8353	8202	9182		158842	158415	159859	
0.093	0.987		9043	9053	9242		164567	164688	169840	
0.5834	0.8162		10445	9807	9910		149474	149938	149922	
0.4613	0.4388		9022	8346	8860		157830	159842	158100	
0.6176	0.5052		9765	9716	9749		154516	155505	157069	
0.1724	0.167		10085	9448	9886		163189	160619	161017	
0.698	0.1052		8774	8147	8481		157251	155570	157030	
0.115	0.7887		9328	9804	9365		157830	154410	155006	
0.6367	0.3168		11041	10396	10366		172577	167198	168497	
0.2924	0.5335		10335	10987	10326		165552	165645	166189	
0.266	0.4429		8757	8254	8272		191554	188228	191839	
0.9986	0.1363		12504	10246	10676		181571	165381	162542	
0.5433	0.6548		11630	13648	14666		225034	238813	240541	
0.7656	0.598		15160	17419	15215		230336	242792	219850	
0.2971	0.4032		8705	7661	10833		161380	159430	170090	
0.8765	0.4658		11350	12739	15986		169077	187417	234036	
0.2128	0.2377		16792	11238	14290		245504	185596	228918	
0.2311	0.5229		12933	12531	12513		226106	226728	238630	
0.5856	0.3124		17712	15398	11368		235740	200826	159911	
0.4052	0.4183		10352	10503	10340		156685	156266	155033	
0.1069	0.2416		9176	12797	13560		182987	224015	221649	
0.5386	0.2295		14163	9613	10588		237437	201307	190982	
0.2013	0.1931		11466	10606	9881		191432	196142	186918	
0.5617	0.4028		12013	16151	15399		216611	275257	253053	
0.2738	0.1166		11299	12270	10418		215782	210501	178543	
0.8684	0.1372		14766	13298	10264		209618	205234	153937	
0.7315	0.7001		16742	18807	17176		233444	251265	233637	
0.8682	0.9181		12635	12113	12102		163469	166271	165093	
0.6892	0.3947		11651	12177	11901		159952	193609	197337	
0.9873	0.525		13813	12002	11230		171119	167416	157450	
0.2256	0.11		10072	9513	9093		182621	173519	164975	
0.5998	0.1731		7750	8299	8058		163517	159476	158793	
0.9276	0.6456		11417	11477	11214		155840	160869	157238	
0.3693	0.1758		7589	7522	7597		159544	164956	155317	
0.541	0.3109		13518	14629	13659		238762	242063	216062	
0.4335	0.0503		9430	9378	9406		164810	160694	164062	
0.6194	0.5814		10097	10073	10761		165996	158336	161021	
0.2295	0.7702		9770	9185	9222		165306	158422	160470	
0.3677	0.5005		9766	8994	9028		174425	163131	161588	
0.3927	0.0674		9260	8440	9108		176755	165543	164251	
0.9188	0.3653		11003	10163	10962		177176	166285	164694	
0.2125	0.151		10374	9139	9116		167213	169056	168373	
0.8883	0.7913		14753	16759	14260		158919	174056	161967	
0.0657	0.4807		8553	10260	8504		168368	162026	156789	
0.617	0.5894		13737	14696	14449		219255	217501	219265	
0.5596	0.6424		12864	12897	13428		192796	185322	183408	
0.8617	0.4518		11898	12548	11959		177490	169018	166400	
0.5447	0.8402		11526	10926	12555		163102	167748	171163	
0.8247	0.2241		9045	8265	8177		172197	162082	160584	
0.4655	0.9432		16324	15933	16381		219156	224817	220835	
0.988	0.8658		19662	19790	18035		235459	228814	191545	
0.8024	0.0675		14645	10127	8488		183361	170178	168005	
0.2952	0.3502		7672	7306	7903		169767	158590	155216	
0.8475	0.1182		9707	9537	9726		170272	159404	159675	
0.0972	0.4727		10388	10048	10628		171378	164433	162885	
0.5927	0.5618		12210	10933	10916		196134	187613	190103	
0.4101	0.0835		9727	9474	10077		172357	163490	164675	
0.9839	0.7254		13897	12396	12500		168471	160980	160796	
0.2616	0.9224		8626	8763	8814		175098	165810	164181	
0.495	0.282		8746	8740	8786		156702	149445	149240	
0.73	0.2437		8438	8378	8675		167616	161185	163425	
0.199	0.7636		9755	8969	8998		163098	155512	155823	
0.0561	0.1507		7072	7682	7672		159977	149992	149416	
0.5166	0.6476		10608	11354	10072		172865	165791	162630	
0.2168	0.6392		9906	10580	9434		165911	162897	160418	
0.4801	0.1758		7091	6948	8113		166538	160088	182587	
0.3079	0.3862		9914	9905	10304		185153	178637	194458	
0.3767	0.1522		8531	7844	7948		163956	157699	155388	
0.0814	0.523		9483	10259	9411		165297	159735	156807	
0.5738	0.8142		11130	11073	11313		167371	163633	161142	
0.0779	0.7418		9600	9627	9593		169496	162761	162270	
0.0897	0.7208		9896	9288	9249		169374	164282	163402	
0.3411	0.0788		8359	7235	8079		163326	156121	173715	
0.5301	0.5488		10198	13125	11751		176404	209475	187301	
0.5887	0.8563		9926	13902	14090		167669	212489	214343	
0.4676	0.6572		18198	17700	16253		210781	230889	203181	
0.8843	0.7806		12457	14600	15717		159203	180793	213357	
0.8136	0.1719		13238	16990	13147		192397	211696	182079	
0.7791	0.6573		13274	12660	14049		191196	192467	203972	
0.3067	0.1465		11490	11158	12641		179147	183034	184483	
0.8681	0.6528		12358	13635	12751		194624	182035	178669	
0.4059	0.5393		14441	13306	16393		204056	208935	233136	
0.9384	0.645		16125	16702	14981		202744	202807	207435	
0.248	0.2271		8797	9962	9427		211430	206458	208189	
0.7172	0.7329		12927	11153	10873		189050	187833	198939	
0.9255	0.5284		13401	15785	16053		191008	221482	232133	
0.079	0.9764		11797	12185	12196		162807	189317	191386	
0.9056	0.0569		11112	9365	8509		192417	186789	166181	
0.9003	0.6778		11813	10915	10794		186230	186211	180190	
0.7338	0.6337		11723	11670	11781		164735	166093	163781	
0.6226	0.0507		7974	7263	8331		163829	162745	162430	
0.9145	0.7032		12043	12007	12099		161857	160221	157614	
0.8255	0.1386		10794	10698	10706		166762	166422	165953	
0.0837	0.4898		10974	10298	10755		148908	149418	150936	
0.9927	0.6443		11069	11695	11492		166978	167943	165969	
0.4116	0.2713		9931	9783	9301		150226	152332	146846	
0.9648	0.5832		10482	10560	10518		164960	169228	165475	
0.536	0.5005		11686	11609	11601		166082	162973	162374	
0.3416	0.7836		10768	10780	11383		198336	195364	194760	
0.3058	0.1246		6408	6432	6440		159354	159317	156324	
0.8937	0.6266		14311	15059	14504		168957	167887	168097	
0.2751	0.2504		8047	7997	7962		157217	158781	156687	
0.3607	0.3753		7999	8199	7975		161182	162632	159369	
0.0948	0.8382		8857	8799	9040		154276	154336	154170	
0.5599	0.2385		9872	9736	10301		164317	167606	165235	
0.6583	0.0779		9628	9483	10122		163992	165025	164270	
0.5262	0.9899		10986	10833	11166		165450	160239	159668	
0.3495	0.4056		10569	10545	11028		155886	152992	156028	
0.4234	0.998		11346	11253	11422		164966	166233	164979	
0.1973	0.8194		12265	10833	10711		159076	153992	152481	
0.9157	0.2605		11634	11125	11823		166867	165509	169500	
0.3819	0.8195		11624	11600	11795		161680	161292	163266	
0.5804	0.3818		9032	8975	9473		159739	159158	158250	
0.5773	0.9226		11595	11629	11611		154896	155718	155116	
0.7734	0.1656		10226	9088	9195		158452	153851	151208	
0.2429	0.224		7740	6612	6597		160704	159101	158436	
0.5776	0.239		9247	8786	9858		160147	160262	159561	
0.9619	0.9655		13973	13788	14609		161825	160951	160499	
0.6258	0.3648		9927	10189	9958		159428	159841	158397	
0.3146	0.9463		11876	11720	11882		154264	153812	152330	
0.4319	0.766		11628	11354	10844		166208	164292	162934	
0.1597	0.8696		9238	9250	9621		150257	149979	150807	
0.6571	0.3844		9417	8119	9058		158494	156355	157937	
0.6981	0.1226		12819	13038	12499		184926	172632	175435	
0.9476	0.1769		9415	9985	10539		167156	167874	172598	
0.6266	0.0546		8842	8702	9786		176118	175559	175204	
0.9154	0.355		9731	10548	10087		163007	158964	153186	
0.6705	0.8542		14411	14263	12089		191123	211026	187549	
0.4868	0.5786		9884	9208	9220		162321	156267	172040	
0.5395	0.8677		12750	12420	11970		162135	161925	161619	
0.5458	0.2696		9354	9149	9382		165465	166535	161880	
0.1919	0.6567		11244	11266	11403		158946	158269	160073	
0.126	0.6253		9696	8916	9606		153583	154707	154324	
0.4699	0.9599		12574	12723	13310		162864	164222	160402	
0.2036	0.5571		11415	10843	11401		164005	161991	160951	
0.1494	0.3405		8630	8180	8742		161977	162132	159060	
0.9278	0.7839		10679	10662	10665		168223	167387	166381	
0.3556	0.4498		9659	9715	10493		165195	164879	165750	
0.269	0.319		10334	14131	13891		189176	191204	217216	
0.2209	0.5368		9722	9431	11286		197785	193840	201870	
0.1184	0.9711		8701	8744	8718		151871	154135	151193	
0.7399	0.7861		11499	11792	11226		158750	160945	160012	
0.7477	0.7415		13826	14836	14026		190965	174910	173936	
0.8567	0.7223		13596	14601	13410		170978	163783	158836	
0.7729	0.086		12569	11504	11267		182897	184325	191495	
0.4442	0.8401		16759	15797	13572		200052	207238	212009	
0.6215	0.6503		12949	10639	12176		196320	188752	197894	
0.8116	0.1531		10125	11467	10397		210206	208522	185099	
0.6073	0.7032		12441	11751	11887		197487	199171	193581	
0.1757	0.3975		11059	11322	12602		190862	190052	184158	
0.5069	0.9703		11860	11105	11499		179624	188391	194933	
0.4303	0.6346		10802	10249	11980		188593	187897	185037	
0.4905	0.881		14564	17164	14723		199876	210053	194072	
0.4368	0.5204		14000	14696	13987		191757	199556	185389	
0.871	0.1689		9580	9505	9263		195041	189876	186846	
0.7067	0.8485		12461	12502	13546		183132	182081	179787	
0.7188	0.3021		12513	10942	12178		185616	182262	182295	
0.372	0.083		12667	11720	12025		195272	191258	194801	
0.7279	0.3336		9511	9937	9913		186571	180366	180552	
0.8689	0.1552		12780	11119	10199		189708	186766	184905	
0.5451	0.0744		10765	9482	12536		186919	182574	209060	
0.0739	0.1677		11371	8590	10245		184716	182607	186050	
0.4878	0.6163		11330	11129	15604		170117	159904	192450	
0.4742	0.7739		12765	11858	11985		179548	171130	171901	
0.8535	0.6815		13248	13569	14048		173345	175273	173634	
0.2378	0.5755		12433	10338	11468		164403	162584	176245	
0.4371	0.3556		13176	10338	12425		212030	182530	186129	
0.0808	0.4389		11623	10765	13507		192431	192734	194359	
0.2534	0.3882		14386	11695	11593		235627	202559	175096	
0.8029	0.0983		10765	12121	12885		186964	195489	188086	
0.4266	0.9558		15033	14522	15701		187092	187414	190692	
0.8559	0.0671		9968	11318	10578		180945	181557	185403	
0.0786	0.0795		12932	15792	10228		207081	234857	198134	
0.573	0.5067		13630	11395	12766		207534	201999	196280	
0.6534	0.516		15020	14393	14675		200274	206736	205111	
0.7579	0.9782		15153	18793	13289		198302	208988	179804	
0.3186	0.3125		11853	12269	10465		194491	190207	178176	
0.8452	0.5232		10598	9951	11844		188503	190596	192858	
0.9663	0.1076		11866	11502	11143		193056	191466	195678	
0.1032	0.3088		11930	9891	11457		189882	183563	180499	
0.7362	0.7904		12872	12702	12238		193755	170106	170903	
0.9192	0.4131		9811	9803	10014		172675	166209	168903	
0.7195	0.5947		11578	11572	11134		173368	168240	170534	
0.7392	0.5213		12863	12119	12229		168384	162368	166214	
0.0543	0.2409		7853	8431	8710		165749	168650	192704	
0.7974	0.7742		11641	11579	11270		158081	158357	164007	
0.8116	0.1431		8950	9539	9514		179779	184224	159242	
0.8724	0.9013		15139	14785	15181		223528	217296	197157	
0.1816	0.3831		8048	7529	7442		171799	168629	168200	
0.2859	0.8197		10598	10085	10950		164234	162125	173821	
0.3269	0.1112		12350	11847	11751		197424	196749	190463	
0.3783	0.3015		11253	14275	12370		223397	249639	229509	
0.9754	0.8515		13143	12240	12559		181221	182061	183734	
