8	9	
0.714	0.5529		7039	5820	5340		163444	150167	153716	
0.1297	0.4632		3959	3888	3335		159803	151389	149782	
0.0679	0.2384		3808	3454	3586		178056	161973	161064	
0.9298	0.6871		6412	6706	6789		169305	156819	157362	
0.8013	0.7715		9743	8234	9870		242387	237675	240606	
0.2874	0.1591		6611	4756	5042		209567	214381	242522	
0.714	0.5031		7481	6999	7484		208633	212753	208608	
0.3599	0.7376		5865	4996	5196		178501	187030	159498	
0.1815	0.1081		3707	3264	3305		166686	161924	176141	
0.7138	0.7915		6336	6655	6682		163392	166350	164823	
0.0825	0.1073		3114	3684	3096		153080	165661	154662	
0.828	0.6792		6494	6601	6493		166586	168409	167391	
0.1289	0.3349		4192	3880	5536		188336	171066	201858	
0.3044	0.6035		4141	4688	6341		160928	167046	218204	
0.3815	0.8519		5669	10017	9525		186751	252545	268792	
0.2363	0.3495		5886	5968	5236		218768	216174	216872	
0.38	0.7605		7978	7305	7727		236988	228944	222753	
0.4649	0.4164		5337	6545	6584		174026	234216	219705	
0.1925	0.6679		4484	4586	4821		163982	167979	176633	
0.1173	0.1066		4929	4174	4281		247060	221296	232572	
0.3784	0.737		5813	6425	5238		167786	169546	164574	
0.2709	0.8521		5192	5297	5298		170501	174228	189553	
0.2848	0.8736		6995	6944	8315		223210	232204	245373	
0.6203	0.4446		4630	4634	5619		182448	167661	192258	
0.1398	0.4071		3435	3891	4952		193002	162672	171291	
0.1125	0.2431		4750	4031	5447		220401	217154	218558	
0.2222	0.2528		5665	4147	6110		188806	165098	175070	
0.8306	0.856		10866	9508	9408		219146	217565	200211	
0.0846	0.5026		5287	3499	4029		186663	152579	160154	
0.639	0.7946		7113	6515	8239		171629	156673	192015	
0.6228	0.4832		6512	6429	6902		216013	217658	201393	
0.1425	0.6414		5270	4459	5781		164765	160644	164598	
0.3266	0.8045		6645	5461	4863		200761	158117	158217	
0.5658	0.8366		6362	6370	6444		153504	156068	152154	
0.6172	0.6622		5416	5319	5729		154515	155362	153194	
0.4668	0.6656		4870	4881	5355		158196	158597	161088	
0.9199	0.2173		4735	4776	5128		166666	165809	168673	
0.5122	0.551		5089	5456	5405		182302	176283	164489	
0.2024	0.6237		3939	3955	3909		152466	152583	152762	
0.6406	0.1488		4548	3896	4350		164738	161289	160370	
0.1467	0.7412		13372	5770	6507		290719	232678	229066	
0.6507	0.5694		5343	5475	6487		166449	163065	164176	
0.327	0.4106		3828	3875	4020		163928	164800	162918	
0.4336	0.5338		4458	5623	5005		159574	159258	161225	
0.1281	0.5295		4203	3741	4169		151090	151391	148149	
0.8708	0.493		5806	5301	5951		159789	159765	162179	
0.0603	0.2331		4408	3393	3417		163421	152434	149955	
0.8742	0.58		6441	6538	6449		171742	170214	166703	
0.3386	0.7994		4994	5419	5450		154174	154500	151894	
0.4069	0.9718		5455	6618	5925		161915	160820	156454	
0.5946	0.4153		4613	4568	4661		151510	152193	162179	
0.7282	0.5756		5615	6167	6194		157999	158429	167710	
0.4634	0.3871		4202	4205	4893		153431	152335	156117	
0.2106	0.0895		4142	3257	3356		158854	156105	152204	
0.6166	0.8565		6425	5917	6402		166871	170928	170143	
0.4059	0.2132		4082	4453	3820		155255	167465	175636	
0.4749	0.8221		7872	9135	8536		232886	244901	265388	
0.6837	0.6943		8825	7584	7571		214621	210990	205407	
0.8852	0.3212		6128	7427	6932		171187	211039	214620	
0.4574	0.3748		5829	7107	4423		186331	201404	162206	
0.4235	0.1494		3357	3853	3430		148107	150144	149908	
0.888	0.4618		6273	6049	6069		159288	158707	159780	
0.5612	0.3067		4158	4193	4679		157610	157444	156717	
0.7983	0.2309		4888	6649	4882		182166	212834	189810	
0.2388	0.6093		5005	4515	4492		182486	162849	170470	
0.8881	0.8904		8079	8069	7802		179569	191557	181462	
0.372	0.6298		5090	5567	6900		170702	191478	219261	
0.0839	0.9446		4756	4939	4973		155672	174168	185982	
0.8417	0.2389		4441	4975	4956		155363	155589	157486	
0.7805	0.8187		7162	7159	7137		159525	158324	161398	
0.3532	0.7082		4749	5192	5113		159518	157615	155852	
0.7464	0.6729		6275	8212	6164		188059	196688	163004	
0.7297	0.1045		3820	4297	4292		155175	158881	155672	
0.5427	0.2956		5321	4705	4670		166121	164533	162230	
0.7679	0.161		5106	6482	4622		177093	207468	175082	
0.6079	0.2941		4769	5456	4285		162243	164201	166055	
0.8914	0.0947		4856	4783	4335		158978	159228	159002	
0.5196	0.2728		4692	5453	4959		152326	160470	168520	
0.7992	0.4409		7397	8050	5799		215581	195619	159826	
0.566	0.9848		8873	6317	8722		255615	201278	228142	
0.9822	0.1237		5371	4227	4647		171276	159608	164380	
0.2688	0.1863		3589	5201	3682		159306	195718	162310	
0.0612	0.5703		3977	4127	4009		148584	149968	151357	
0.3431	0.8795		5256	5681	5789		172525	168090	164483	
0.9679	0.929		7985	7876	7944		156618	155119	161160	
0.3318	0.7645		5461	5489	5476		160216	160910	161523	
0.9937	0.5202		6238	6286	6767		160353	164991	159868	
0.3269	0.8241		5507	6764	5549		160835	196641	157441	
0.7249	0.2453		5943	6354	4856		192288	200865	167525	
0.3997	0.6681		7667	7751	7663		227922	234392	236611	
0.236	0.5862		4271	6848	4710		174345	221047	177920	
0.1324	0.5572		5875	5449	7134		191013	211478	214352	
0.85	0.5671		6026	6068	7494		162779	159586	187095	
0.167	0.1347		5031	3954	3239		168360	177430	203320	
0.7673	0.0795		4965	4797	4007		157979	159730	157623	
0.6904	0.9589		7052	7096	6694		161318	154593	160191	
0.9919	0.7517		9626	9770	9242		226113	232383	189432	
0.2785	0.8768		6042	5476	4923		167925	163241	160657	
0.5702	0.767		5946	6357	7021		156954	162811	157473	
0.492	0.3014		5155	4103	4511		157085	160437	159913	
0.2739	0.5966		6626	5245	6057		207650	175187	186965	
0.256	0.552		5546	4115	4082		159566	152059	152689	
0.1035	0.8669		5460	4061	4665		157671	150870	158378	
0.3354	0.6366		6277	5731	4538		162615	161476	141264	
0.6342	0.7395		6077	6099	6161		155834	156729	156793	
0.4542	0.8711		5477	5568	7740		157345	160469	193017	
0.2115	0.433		3546	3546	3658		160870	161057	164282	
0.2549	0.4577		4362	4287	4295		154871	154770	156282	
0.1042	0.4316		4453	4062	3178		153113	151738	153681	
0.3275	0.817		5563	5535	4952		152297	154048	152598	
0.5661	0.3971		4992	5661	5156		161259	160329	165466	
0.1786	0.6708		3971	4123	4448		159407	161784	165538	
0.7688	0.6567		5911	5934	5913		164526	177447	165444	
0.335	0.2572		3725	3779	4279		162156	167722	160712	
0.9776	0.0936		4239	5358	4244		161732	163649	163604	
0.6085	0.8666		5977	5904	6563		164654	155496	171889	
0.323	0.1989		3997	3478	3440		160912	149669	150703	
0.1237	0.1759		5228	4578	4458		219676	185412	188693	
0.2329	0.5077		4578	5251	4408		166819	180178	162613	
0.8707	0.2827		5058	5513	5108		159544	163215	164537	
0.1349	0.5424		3693	4186	4312		160874	167169	172176	
0.9123	0.9453		10055	10173	10121		230348	233165	198666	
0.3135	0.6067		5116	5308	7666		196347	184146	192064	
0.3309	0.1767		3296	3731	4237		167734	174520	187794	
0.7261	0.6795		6930	8029	7762		193492	231927	231043	
0.8307	0.5783		6097	6026	7241		155437	155289	160019	
0.3249	0.2284		3994	4439	3382		164787	167415	164706	
0.4198	0.5596		5029	5061	4989		151907	151931	152343	
0.4203	0.6401		4912	5286	4712		153878	154369	154568	
0.2009	0.6587		4120	4712	4215		159657	158996	161373	
0.4932	0.6155		4806	4870	5297		156216	156298	156880	
0.4187	0.2293		4043	3589	5251		156065	164935	193433	
0.7277	0.3095		5152	5166	5415		157486	157486	161126	
0.3974	0.2578		4384	3916	4853		154421	153964	170911	
0.0629	0.9984		5486	5306	7230		159428	180749	216011	
0.2739	0.4166		4316	3777	4366		153562	151663	163431	
0.9345	0.7008		6488	7614	6956		159414	164889	165378	
0.7817	0.0828		5117	4705	3959		163111	181690	165634	
0.239	0.8184		5716	5753	5067		155932	156073	162934	
0.7632	0.8871		7347	7330	7267		161176	159757	159418	
0.4524	0.6294		5457	5015	5945		162211	159829	163846	
0.149	0.4839		3524	4703	5483		156359	187816	212522	
0.1689	0.8759		5505	4458	4917		152093	152647	153416	
0.8403	0.6087		7091	8157	7013		182087	187034	183706	
0.8512	0.0933		6450	6343	6064		218006	218943	202419	
0.5749	0.6027		5674	5582	5127		160535	154394	155250	
0.1396	0.3533		3898	3849	3842		156671	160989	159419	
0.8386	0.3244		5132	5057	5119		161738	161607	160635	
0.3065	0.802		4680	4691	4671		149674	150419	151624	
0.4205	0.8857		5954	5525	5832		164552	169159	162249	
0.2371	0.285		4066	3403	3381		166057	161904	162903	
0.8993	0.3807		5405	5383	5956		155010	154198	155473	
0.6344	0.6754		5485	5979	6053		162034	164734	163914	
0.346	0.7634		4947	6027	4947		158544	158574	158547	
0.5914	0.6586		5304	5770	5726		158192	164623	158640	
0.2185	0.4354		3606	4809	3785		155381	154299	159885	
0.9811	0.0691		4427	4713	4773		156709	153821	159087	
0.2567	0.1192		2956	4586	3524		153438	160094	164182	
0.278	0.8969		4925	5421	5906		164998	170404	171405	
0.2484	0.5855		4467	4156	4615		159004	150583	150996	
0.9382	0.8422		7794	7264	8074		155624	158432	163771	
0.2992	0.2081		5553	3974	3751		169022	168669	154863	
0.2792	0.5321		6807	4635	4683		189662	155247	165547	
0.9002	0.7745		7072	7181	7559		158432	163134	160549	
0.822	0.7539		6806	6820	7221		157500	158507	158387	
0.1296	0.9524		5858	6417	6782		205807	208065	199006	
0.9017	0.9642		7267	7318	7875		158758	158643	161601	
0.1664	0.6744		4202	4819	5248		160815	163661	181907	
0.3418	0.7795		5522	5394	4913		158313	156680	157395	
0.6703	0.589		5412	6086	5901		150174	161482	154137	
0.4418	0.4681		4793	4944	4852		160836	155178	155244	
0.65	0.6792		6351	5575	5540		152406	153695	154268	
0.4517	0.3364		4060	4644	4678		158666	161378	162536	
0.2324	0.7643		4612	5082	6276		169674	185395	200825	
0.228	0.3962		4126	3773	3566		157526	157675	159022	
0.2262	0.2004		3100	3676	3110		155986	150320	153085	
0.9209	0.9821		8404	8980	8358		188065	190213	212980	
0.1004	0.8023		4600	6908	4627		152581	193977	166158	
0.1337	0.0543		3220	3218	3725		146623	171138	157422	
0.7846	0.6679		5926	7158	5934		148876	150289	144983	
0.2125	0.968		4722	5389	5275		158288	158736	164862	
0.1572	0.1111		2735	3233	3847		176687	180173	185483	
0.0629	0.8351		4153	4756	4592		156564	158350	167001	
0.0983	0.3914		3814	3862	3868		163339	161370	163609	
0.1431	0.516		3775	3744	3720		162696	157617	162090	
0.6679	0.2307		4104	5341	4145		159278	163631	157203	
0.4779	0.8302		5501	5971	5430		164207	166065	159006	
0.8328	0.131		4417	4740	5042		168659	160227	162671	
0.3615	0.8852		5314	5220	6252		166392	156496	161036	
0.0747	0.6316		3752	3714	4324		168500	156750	158165	
0.8134	0.8189		6922	6865	7597		170571	159095	159338	
0.4564	0.455		4464	6647	4455		166699	213669	176531	
0.8182	0.3597		6596	6540	5586		218140	209481	161380	
0.6353	0.9556		6849	6803	7003		160481	160738	166313	
0.5072	0.8469		6379	7219	8164		170878	194675	226958	
0.8364	0.6386		6714	6696	6614		152299	153638	154025	
0.9433	0.5395		8792	6727	7835		215414	173009	219281	
0.4692	0.8835		5791	5891	6447		180741	182887	174595	
0.9609	0.2637		6387	5762	6669		164303	163993	204152	
0.2051	0.2574		3871	4077	3379		157195	158420	157580	
0.836	0.3388		5763	5587	5091		157728	152040	151961	
0.4774	0.3894		5537	4902	4756		161777	174402	159462	
0.6301	0.8233		6667	6771	6642		157332	157300	160809	
0.9125	0.4903		5659	6087	6059		168703	173440	166672	
0.5455	0.8383		5696	5801	6185		157844	162586	159566	
0.4693	0.6279		7277	8008	7175		209333	226236	207651	
0.9063	0.7172		6412	6858	6478		152919	154401	159123	
0.0955	0.6089		3671	4248	4064		159763	165466	164208	
0.7469	0.5631		6485	5593	6098		187448	159265	161742	
0.9009	0.768		7398	7802	8668		171243	191118	230736	
0.7246	0.9047		6677	6647	6646		154509	155651	165987	
0.2182	0.9777		4885	4841	4855		164234	161943	170509	
0.5348	0.2768		4213	4800	5174		149331	157659	158312	
0.1256	0.9242		4518	5933	4946		161130	164961	155015	
0.5836	0.5402		6353	5069	6237		162503	158805	171722	
0.8513	0.7701		7266	6925	6854		160417	170081	159352	
0.2526	0.3339		4495	4189	3628		168499	161078	161403	
0.5493	0.5275		5476	4929	4887		162983	155510	155802	
0.1453	0.8123		4877	4825	5382		162150	178258	167144	
0.738	0.1636		4550	4041	4542		161955	162971	161200	
0.2998	0.6313		4336	4895	5565		160892	165045	167977	
0.7133	0.7481		6433	6179	6166		164091	157875	162329	
0.1304	0.1273		3544	3374	3395		156757	152167	153925	
0.7529	0.6869		5942	6404	7617		162558	161208	164190	
0.3047	0.6595		4748	5678	4793		154713	161625	160514	
0.8965	0.1487		6610	4929	4384		161298	158358	157478	
0.8088	0.6131		5901	7075	7813		162055	169038	182804	
0.257	0.3911		4309	4310	4200		161529	167101	164330	
0.6779	0.4782		5814	5316	4812		180191	162398	162786	
0.2529	0.9974		6515	5449	5599		165532	162323	159786	
0.1881	0.791		4532	4981	6600		150980	155121	172150	
0.1927	0.6621		4661	5527	4622		161185	171571	164147	
0.6239	0.4304		5676	5169	5070		166701	167572	162351	
0.3121	0.15		3110	3922	3842		157465	163189	162944	
0.3073	0.7277		4944	5004	4940		166243	161814	159763	
0.3229	0.5448		4734	4931	4894		165372	171034	162037	
0.7471	0.7444		6405	6252	6812		160324	157007	161931	
0.5194	0.8994		6321	5793	6851		161434	160736	183119	
0.6684	0.8565		6274	6705	6665		156790	159785	160638	
0.3337	0.6249		4923	5027	4862		173644	165805	167963	
0.9382	0.9076		7614	9695	10418		169156	193986	229923	
0.9929	0.5965		7330	9810	8736		166741	221785	221683	
0.3671	0.552		5285	4337	4813		157294	163570	154640	
0.8971	0.8291		7582	7103	7657		159161	165957	159923	
0.4803	0.112		3878	3367	4273		154123	155478	161708	
0.6941	0.9418		10290	9381	9493		226304	224804	228783	
0.3702	0.7858		4947	4954	5797		157988	163215	177696	
0.0561	0.5002		4598	3900	4427		161541	160558	175398	
0.543	0.2281		6253	4375	3813		187133	164095	163212	
0.233	0.4669		5292	4199	4204		159785	151212	155870	
0.9435	0.2451		5267	5365	5302		156225	163401	165703	
0.5979	0.6631		5877	6449	5851		167407	200335	160551	
0.872	0.7441		6760	6192	6204		162422	162977	162638	
0.605	0.4412		5078	5268	5369		189438	177692	223057	
0.5102	0.6285		5583	5888	5477		158414	160204	166391	
0.9598	0.3996		5900	6243	5589		168872	181804	167336	
0.6797	0.7221		5669	5728	6136		162771	165382	166547	
0.6244	0.6708		5758	7002	7934		154947	187453	227611	
0.5148	0.2497		5136	3786	4250		184446	178114	158250	
0.1098	0.2639		3645	3811	3032		155223	155752	155326	
0.1944	0.0621		2743	2796	2744		165020	164679	175281	
0.7867	0.2613		5514	4939	4881		155249	155512	158920	
0.3402	0.2187		6576	5777	6708		227002	253160	267698	
0.3859	0.227		4919	7569	5553		207663	244427	208496	
0.5738	0.8375		8360	6352	6764		199495	167508	171112	
0.779	0.9538		6798	6861	9424		166557	165593	212439	
0.8134	0.1223		6556	5836	4541		219946	202033	165031	
0.4279	0.1543		4473	3611	5818		159998	160718	204695	
0.3385	0.4869		6813	4557	4616		202306	166173	171606	
0.5357	0.1249		4627	4085	4332		163613	168541	194361	
0.6511	0.8709		7305	6636	6674		162568	158382	159306	
0.2414	0.6294		4958	5231	4303		200253	195903	178529	
0.223	0.5373		4042	5612	7283		207054	228625	264513	
0.248	0.8278		7706	6916	6771		215500	212523	216595	
0.8922	0.79		10337	9952	9491		233870	225840	228359	
0.4234	0.7745		6881	7759	8186		230434	226303	235155	
0.6493	0.7988		11159	20904	13352		272104	251356	329374	
0.9389	0.1474		9291	10101	6890		261210	252078	220528	
0.6404	0.0777		4671	4748	4573		185330	185762	187382	
0.7225	0.5463		10208	9600	10131		253968	237174	221445	
0.7395	0.3004		9014	6952	7586		224847	234575	276413	
0.9005	0.0937		7353	6508	8551		211043	216645	272520	
0.3638	0.605		4963	4994	4893		168972	152671	158901	
0.1456	0.6862		4860	4732	4468		176586	170425	171713	
0.1632	0.5497		3668	4213	4241		162489	165261	183646	
0.8721	0.3649		6153	5608	5604		162821	158261	160570	
0.8031	0.8091		8560	8965	6886		174798	171520	161475	
0.2763	0.3624		4124	4161	4123		159771	159038	162145	
0.6331	0.6229		6448	5930	5965		161697	161446	164678	
0.1624	0.4136		3389	4121	3446		176697	178237	166931	
0.8377	0.0682		4015	4804	4089		155261	172191	177929	
0.7577	0.1836		4278	5138	4634		195954	183643	177440	
0.0695	0.6811		3723	3818	3818		167678	190529	159546	
0.3062	0.0911		5803	4551	4808		250139	224174	231553	
0.4327	0.1615		5924	5590	8585		217801	234881	264019	
0.3794	0.515		6870	9376	6094		214372	243127	216992	
0.7012	0.2825		6516	7150	7487		214144	216969	220594	
0.5757	0.2056		6860	5815	6141		214168	211827	231637	
0.1091	0.2198		6299	6800	4328		209302	205205	188938	
0.1909	0.1939		3623	3308	3149		168616	172285	170314	
0.4624	0.8099		5402	6814	6752		162771	193443	220176	
0.7525	0.3779		5176	5603	5622		162451	163342	164448	
0.8378	0.52		6467	6462	6449		153466	155445	156780	
0.9615	0.4701		8834	6232	7131		212642	186751	188142	
0.8566	0.4735		5992	5395	6004		157299	157024	159669	
0.8792	0.7127		6954	7465	6357		158662	158842	157354	
0.7013	0.8309		7534	6896	6947		149691	150207	150880	
0.7496	0.9399		6625	7035	7040		170392	162050	167911	
0.646	0.5615		6338	6447	6301		189039	194362	191858	
0.5651	0.2152		3899	3967	3995		161483	161268	171480	
0.1491	0.3286		3858	3840	3840		150241	150763	153965	
0.0749	0.8091		4511	4565	3997		151788	151557	153324	
0.8829	0.1052		4681	4378	4686		162075	162264	164229	
0.5142	0.3615		4375	4812	4887		159671	160740	163138	
0.2229	0.0669		2902	2856	2960		161676	157313	169969	
0.0764	0.8994		4819	4179	4208		154125	154437	156452	
0.2705	0.8063		4637	4669	5802		155459	156860	181417	
0.3132	0.8098		5412	5361	4929		158820	159238	165591	
0.0764	0.0944		3249	2576	3153		151147	149233	153840	
0.5366	0.9163		5947	6976	6470		152316	158393	160472	
0.8708	0.7948		6658	6726	6677		156797	157520	159069	
0.7615	0.8777		7803	6732	6730		166728	165052	168950	
0.733	0.1479		4060	4544	4552		158028	147562	146842	
0.7111	0.7256		5872	5825	6344		166288	153630	159146	
0.3329	0.3283		3786	3757	3764		162583	157042	161520	
0.2153	0.2331		3643	3664	3692		163038	156106	159394	
0.2202	0.9839		5867	4707	5258		160750	155670	157508	
0.744	0.215		4188	4725	4672		169057	164177	166173	
0.1042	0.1819		3309	4933	2758		161126	163311	156923	
0.7706	0.8368		7105	7169	7169		168209	166543	163477	
0.9565	0.826		7767	7764	7799		172463	165475	167857	
0.4965	0.0787		3795	3787	3827		156457	150810	152320	
0.4795	0.2402		3757	5006	4199		155471	158486	152749	
0.0783	0.4977		4581	4310	3881		160296	157210	154718	
0.9549	0.5245		6232	6723	6373		167938	165619	165259	
0.7464	0.7807		6323	6286	6868		167384	161787	168915	
0.6719	0.9875		6428	6517	6518		173002	169335	191893	
0.4725	0.9657		6181	6195	6441		172319	178166	199993	
0.1593	0.7332		4597	4578	4683		162740	163175	169922	
0.799	0.8327		7120	6698	6867		168026	166175	170594	
0.5998	0.9564		7694	7136	8289		225254	202883	197004	
0.9212	0.617		6808	6990	7336		194872	184517	188544	
0.4365	0.4156		4058	5332	5170		167099	177536	201138	
0.8047	0.4985		5134	5154	5680		154486	182094	180443	
0.9196	0.5419		6271	7411	8394		165816	167342	187493	
0.0682	0.8099		4715	4184	4371		172511	169746	177671	
0.3237	0.1081		3828	3648	3116		158930	163267	160126	
0.4309	0.4381		4579	4104	4111		160638	157913	165145	
0.9038	0.2832		5713	5361	5442		167481	172102	173166	
0.3525	0.9969		5380	5838	5235		151080	161968	157871	
0.4742	0.188		4172	4462	3651		160050	168812	161320	
0.7197	0.6305		7679	5700	5712		177791	160384	186952	
0.565	0.1592		3907	3731	4249		165530	153234	151528	
0.5695	0.6961		7458	6922	7500		222744	247451	207293	
0.726	0.4761		5038	5858	5003		163612	183465	180603	
0.871	0.4985		7264	7050	5388		217588	217763	186205	
0.3806	0.6722		7073	7191	6332		216617	226860	212582	
0.7681	0.097		4434	4850	3935		164234	163418	161424	
0.5666	0.1812		5046	5215	4744		226562	225355	220666	
0.7202	0.4092		4957	4931	5029		160788	163230	165874	
0.3164	0.834		7284	6667	6945		212268	213091	213501	
0.4138	0.455		5056	4746	5315		168830	160679	215671	
0.4758	0.9696		5606	6437	7013		180344	189099	181999	
0.5111	0.7958		6756	5760	7017		173428	164944	181713	
0.1791	0.3139		3636	4354	3308		163598	165342	161506	
0.508	0.2821		5685	5395	5835		213531	217275	208939	
0.1699	0.6751		4499	5617	5914		161167	204370	211483	
0.3143	0.6324		7186	7215	6333		219990	249266	220191	
0.3765	0.7209		5248	5353	5288		162102	171235	161600	
0.8624	0.9147		7437	6888	7346		166710	167294	163479	
0.4233	0.2101		5142	5644	6310		226610	219781	225672	
0.2018	0.702		5564	4299	4719		175739	171980	176332	
0.5192	0.9604		7138	8824	8429		173113	207230	225554	
0.7979	0.3393		5506	5472	6354		168308	183409	238136	
0.6799	0.7186		7975	8510	8647		221112	224303	229805	
0.4503	0.5125		5066	4746	4721		183987	165237	165470	
0.7879	0.3626		5653	5499	5470		166005	167624	174765	
0.9543	0.7978		10367	7833	7761		237504	177761	167188	
0.1809	0.6894		5215	4163	4715		156386	156633	155773	
0.3845	0.8025		5675	5893	6261		167229	166282	163355	
0.1508	0.4106		4300	4018	3419		176621	153845	149694	
0.972	0.3357		5500	5941	5742		164402	168416	182278	
0.3518	0.5591		8660	6281	4400		238534	218766	171603	
0.3509	0.6241		6015	8198	7300		216874	273766	232889	
0.8925	0.7296		8174	6658	8875		213267	175548	164484	
0.6346	0.8186		6364	6204	6263		160266	166554	160932	
0.5776	0.5243		5087	5259	5635		166501	169289	174905	
0.4508	0.8791		5599	6088	6133		166998	166783	168069	
0.1223	0.9445		4334	4875	4844		156903	158964	159428	
0.7979	0.3974		5175	5633	6213		161021	161789	161074	
0.8509	0.4121		5246	5498	5360		171746	173022	171916	
0.374	0.7381		6482	6284	5997		222883	232218	248945	
0.389	0.545		5072	5604	7136		211220	194917	224586	
0.1338	0.7676		6515	7130	4281		217709	208996	158810	
0.9561	0.8713		7745	8999	9274		172503	212537	226849	
0.5604	0.9744		7409	8213	6171		227842	203748	190170	
0.3651	0.4528		6495	6169	6424		243512	235672	226916	
0.6574	0.3686		5936	6478	5228		217560	201396	161252	
0.5993	0.0794		6387	5010	5743		250163	230637	236077	
0.833	0.6491		6672	6160	6343		167564	165129	168605	
0.8328	0.9381		8530	9115	9503		193424	216720	218031	
0.5986	0.8888		7735	7190	7323		210529	217487	226557	
0.9219	0.4101		7001	6201	7659		222160	222306	228498	
0.8549	0.0944		4322	5947	5616		170966	186429	214202	
0.918	0.8934		7356	7231	7686		161851	180393	167993	
0.9778	0.0677		4315	4864	4782		162361	166888	164214	
0.9266	0.2384		5133	5195	5195		162455	157371	160934	
0.3975	0.8322		6392	5193	5823		173785	172223	170282	
0.6755	0.4664		5054	4921	5448		156861	153546	161618	
0.2139	0.3083		3893	3938	3347		151551	159521	150850	
0.7709	0.3628		5019	5489	5019		161961	163103	167035	
0.6731	0.5067		7216	8888	7850		199865	224350	218705	
0.7359	0.1495		6633	4522	4098		211248	162355	159653	
0.106	0.9214		4252	4803	4822		154368	154272	156402	
0.3492	0.3774		3931	4411	4526		157396	166579	173144	
0.6697	0.0919		3774	4350	4209		152396	162219	158339	
0.8384	0.1577		5146	4956	4357		196318	193156	172169	
0.297	0.5212		4171	4311	7296		183216	164131	196269	
0.8106	0.5646		5787	6239	5893		161393	162412	162128	
0.8636	0.8067		9308	7247	7225		187824	154312	168029	
0.616	0.9983		7189	6587	6740		155254	166381	170369	
0.8869	0.1883		4855	4778	5630		159330	157138	162514	
0.8403	0.8581		6820	6850	7641		159555	159913	176803	
0.846	0.5725		6542	6478	6646		155941	155188	172081	
0.5155	0.3505		5419	4779	4778		162422	156809	164261	
0.9903	0.3065		8081	7765	5837		224957	221244	169382	
0.182	0.7927		4764	4811	6409		162529	170597	171364	
0.396	0.9639		5924	5921	7100		165431	166144	226212	
0.5586	0.9765		5899	6021	6315		163725	163812	161815	
0.5607	0.1373		5003	4282	4760		217832	185954	177283	
0.7624	0.2385		5161	5595	4955		155906	153331	148602	
0.6197	0.6665		6835	6405	5782		171613	176649	169212	
0.2567	0.6873		4835	6809	5536		166557	202514	168376	
0.9671	0.4332		5515	5985	6113		161632	163672	165695	
0.5914	0.6157		5777	7849	7822		173637	223259	225190	
0.6272	0.922		6734	6863	6435		162212	173327	165075	
0.5859	0.9406		6791	6123	6906		155150	160264	161670	
0.5405	0.3125		5229	5218	4669		175253	175473	152634	
0.3658	0.754		6931	5481	4912		194248	169598	158370	
0.1512	0.6571		4598	4612	4477		157417	152287	160140	
0.6661	0.2429		4058	4740	4166		151675	173899	148905	
0.2388	0.3935		3560	3596	3640		156778	159260	158783	
0.6661	0.9433		6406	6369	6375		164300	158011	162135	
0.5281	0.2707		4697	4223	4190		174827	166690	167273	
0.9782	0.2894		5449	5451	5877		170581	165973	162430	
0.8873	0.2654		5263	5910	6325		173933	165563	165716	
0.764	0.4202		6069	6254	6131		187287	189415	182308	
0.1688	0.1871		3459	3374	2891		170008	165565	164946	
0.3579	0.1193		3727	3617	3114		158402	158050	154222	
0.8062	0.1957		5800	5500	4818		165018	164287	157513	
0.3864	0.6945		5377	5357	5387		159084	153647	158516	
0.3344	0.4528		4626	4047	4522		165953	163257	161600	
0.1984	0.4591		4210	4258	3694		165021	159550	159574	
0.6576	0.6149		6038	5933	5491		168385	162963	162780	
0.1658	0.9496		5506	5058	4532		169232	160505	161932	
0.1138	0.7388		3877	3917	3921		162821	155452	157567	
0.251	0.9809		4989	5035	5030		169538	161943	161666	
0.6843	0.7932		6436	6130	6216		170381	163455	163217	
0.9963	0.5317		6208	6237	6318		165683	159673	160615	
0.992	0.4356		5610	5701	5578		169605	169382	168437	
0.2724	0.7854		4882	4758	5262		161353	157603	157934	
0.722	0.6275		5757	6293	5770		159490	155447	154460	
0.4518	0.8541		5976	6018	6051		186252	181460	182536	
0.7922	0.4185		5246	5160	5619		162301	159609	161676	
0.6667	0.984		6357	6386	6336		175128	170539	171732	
0.6209	0.7577		6294	5860	5934		168471	163274	165180	
0.6173	0.492		4676	5161	5137		164649	160776	160861	
0.4157	0.6731		5292	5314	5187		175623	168368	167747	
0.6948	0.1993		4864	4711	4735		162465	156364	156590	
0.3221	0.3832		4538	4960	4938		194091	188755	190654	
0.5881	0.6948		5880	5900	5829		175040	172092	171314	
0.0507	0.9021		4529	4530	4581		158579	154019	153518	
0.6921	0.2118		4816	4828	4266		163913	158045	157615	
0.3792	0.9626		5913	5940	5435		161181	154568	156035	
0.0841	0.5175		4064	3507	4079		170217	164319	164713	
0.5784	0.3051		4325	4335	4423		168079	162993	164563	
0.7647	0.6452		5916	5999	5908		165194	161018	159681	
0.7528	0.5569		5701	5679	6994		162557	157909	173964	
0.9767	0.8862		7465	7377	7459		172943	172724	165605	
0.4621	0.4987		4257	4217	4230		163212	157036	154908	
0.4408	0.6065		4922	4771	4791		163938	159505	159704	
0.7874	0.6299		8729	9462	7737		209634	266100	199664	
0.3992	0.5208		5336	5036	4992		171787	169247	165204	
0.1373	0.5244		5976	5032	4331		221965	199775	168125	
0.9154	0.9106		10377	7705	9839		203539	162679	195824	
0.0758	0.5462		4109	6358	3521		178785	193410	149511	
0.4361	0.6637		7089	5205	5194		196696	165047	166379	
0.838	0.7066		6168	6241	7250		160024	160655	185397	
0.7641	0.5846		6371	6255	5820		160279	160574	161749	
0.6714	0.2726		5109	5033	5075		157394	157545	157086	
0.9396	0.7433		7080	8705	8699		178364	227062	224759	
0.3379	0.4621		7031	6181	7913		221207	264123	254036	
0.6047	0.0564		3960	6043	3488		167491	223744	201529	
0.7434	0.5141		7655	7709	6957		191886	167053	232998	
0.3263	0.3357		4980	4318	6499		165222	165287	216196	
0.3806	0.1094		4474	3717	3221		199145	162755	170361	
0.1157	0.5778		3774	4159	4411		161075	165087	167073	
0.6425	0.958		6871	6919	6893		157067	158867	163103	
0.7712	0.2456		4322	4320	4348		155830	158472	157773	
0.3409	0.6634		4942	4800	5572		170867	167444	194645	
0.8714	0.2678		5165	7094	5012		173159	195501	163558	
0.9698	0.1701		6768	5999	6762		204137	207717	199233	
0.142	0.6706		5391	5485	4027		227673	194113	174077	
0.3523	0.6401		4983	5029	5045		164942	165693	163693	
0.5341	0.2473		3811	4356	3836		154216	155035	156982	
0.8186	0.7618		7289	7301	8509		160346	164385	196710	
0.2462	0.4317		4135	4097	4716		156824	152348	153782	
0.4003	0.4159		4153	4557	4564		163681	158963	160861	
0.1414	0.9361		5588	4978	5448		186650	183537	182862	
0.3561	0.0773		3150	3667	3120		160269	155096	153994	
0.101	0.2778		4084	3034	3708		157682	149297	149274	
0.7894	0.6946		6063	6550	6567		171237	167469	165221	
0.6182	0.6688		5362	5361	5739		163195	158784	158305	
0.5438	0.9713		6185	5941	6393		169102	165120	165715	
0.3464	0.6468		6905	6767	8037		208876	217157	245608	
0.178	0.397		3501	3944	4748		159656	162429	171646	
0.2374	0.7454		4700	4862	4432		159902	179447	171024	
0.4249	0.3852		5490	4140	4845		169030	164346	159217	
0.5641	0.2681		4393	6580	6912		175405	231692	231501	
0.516	0.9088		8364	8786	7632		228666	226592	227122	
0.7016	0.3298		6445	6473	7658		232231	231860	252679	
0.2839	0.6011		6389	6257	5140		231701	230203	200313	
0.6778	0.5793		9084	6014	6632		231096	205087	190450	
0.5898	0.5323		7085	7705	6706		231988	230323	223814	
0.6727	0.2915		4776	4766	4678		163132	161756	160625	
0.6942	0.0726		3889	3860	5254		164980	163526	203575	
0.5566	0.6941		7565	6644	5269		228084	224723	171713	
0.5622	0.4361		4972	5528	4976		159623	160496	165086	
0.4531	0.9976		6410	6268	6759		162382	164689	167474	
0.3206	0.4187		6285	4627	5252		212611	162080	170700	
0.857	0.5791		8019	8535	9448		222768	223445	226184	
0.819	0.9998		7147	8480	8952		172890	209367	206137	
0.5111	0.5066		5404	5429	4806		159564	161975	162517	
0.2427	0.1529		3029	2985	3027		162070	165640	165396	
0.5273	0.4111		5150	4443	5866		170256	167314	184056	
0.6435	0.6771		7517	8258	7303		220062	232794	226181	
0.6884	0.9338		7113	7057	6679		172151	169749	171755	
0.6998	0.8211		7597	6464	10444		187285	189084	270153	
0.8263	0.4548		5357	5860	5362		166033	171290	164787	
0.7137	0.6966		5873	6427	6466		168847	181497	173914	
0.4219	0.7596		5705	6776	6902		155012	177573	210981	
0.1878	0.7198		4751	4728	4209		156460	157901	160100	
0.4343	0.2399		4095	4087	4064		172919	172327	169726	
0.6742	0.2842		7239	5211	5215		163036	158260	169820	
0.4312	0.2601		4361	4359	5222		167232	163296	166039	
0.5167	0.5833		8104	5548	6300		206222	175573	167495	
0.3705	0.1874		3886	4791	5720		174886	194564	230688	
0.7463	0.4154		10472	8926	8526		249119	251235	244331	
0.9484	0.3291		10225	8874	8358		236142	226503	224039	
0.0951	0.7568		4276	4073	4648		175393	166793	169862	
0.5872	0.6415		5606	5340	5867		169268	162988	168067	
0.4702	0.5057		4797	4703	5223		170618	156069	151289	
0.6431	0.5719		5386	5920	5506		176675	161894	172032	
0.8607	0.7692		8536	9113	8958		202773	191110	207796	
0.2247	0.3857		6301	5901	5458		208945	223152	224420	
0.2444	0.8247		6416	6566	5932		214109	214907	210912	
0.0975	0.1241		5254	4472	4696		220965	230133	227681	
0.7202	0.7317		6296	5984	5899		164862	181547	167245	
0.6988	0.4352		5036	4968	5057		160909	155263	160397	
0.3976	0.7103		6957	7658	7770		221203	239061	241069	
0.5054	0.5205		7964	7441	6311		228436	218280	209551	
0.0836	0.6339		3846	4291	3882		163056	165108	157329	
0.9353	0.9829		9220	8345	7998		193340	194099	192210	
0.4067	0.2764		3919	4215	4010		160746	173209	168576	
0.2925	0.3661		5281	5842	5651		226598	220555	220927	
0.7515	0.8927		7264	6810	7346		173811	166854	165812	
0.59	0.5121		5693	5645	5862		176838	166948	168354	
0.7782	0.1882		5494	4925	4935		165592	159320	158399	
0.7988	0.6112		6331	6429	6364		175751	166898	166329	
0.68	0.7313		6142	7066	5718		175354	196273	168447	
0.2333	0.8193		4814	5190	5079		179356	173240	168911	
0.7303	0.2887		4868	4759	4722		160658	152338	151179	
0.5343	0.473		4519	4637	4577		172021	163902	166012	
0.336	0.7577		6583	6187	5342		201724	197699	168163	
0.235	0.3796		3650	3601	3710		167346	180122	170411	
0.3322	0.7633		5026	5120	5116		172243	171758	168375	
0.717	0.1115		5444	4374	4052		220009	166712	158522	
0.9984	0.9926		7925	8129	7943		184062	184667	180759	
0.9286	0.478		5617	6111	6172		160022	160448	158438	
0.6637	0.0557		4201	4106	4667		221383	194318	196408	
0.4817	0.8281		6926	7325	6207		193805	219489	177948	
0.8591	0.0524		3951	3940	4126		159547	162709	162894	
0.7855	0.3419		7014	5448	5123		208138	161335	162452	
0.751	0.1145		4081	3953	4068		159593	161586	159157	
0.3069	0.7037		4406	4976	4992		167645	166381	166085	
0.9523	0.7866		7202	7194	7655		177539	162940	172041	
0.2664	0.3181		3723	5649	5079		185178	186128	181442	
0.2409	0.5642		4606	5084	4613		182106	187059	187223	
0.2828	0.5024		4660	4723	6232		178011	184497	186136	
0.3387	0.3184		3952	4467	5088		185704	187514	195942	
0.2272	0.2291		3198	3149	3284		162120	161859	162673	
0.8531	0.3258		5315	5190	5131		150963	151337	149953	
0.9411	0.9474		7914	7997	7459		165764	167097	167193	
0.3802	0.6256		5201	5225	5204		151422	154438	152985	
0.808	0.8872		7205	7329	7236		165330	167454	166038	
0.8407	0.5225		7053	7192	6747		168147	170414	173993	
0.8174	0.5097		6611	6058	7923		155258	165225	196521	
0.5308	0.1733		3650	4243	4282		158860	184042	181908	
0.3832	0.2088		4472	4256	4018		163100	170878	173204	
0.6162	0.6272		5257	5486	6058		160508	160051	166080	
0.3356	0.5059		4238	4322	4838		165685	162672	167292	
0.3808	0.3809		4687	5272	4047		181489	171355	162857	
0.0879	0.4496		3330	3967	3471		151725	157918	157831	
0.1442	0.7159		4222	4111	4992		148733	152393	156736	
0.2128	0.2719		4588	5333	3369		180054	200309	156951	
0.2507	0.5955		4227	4235	4856		152482	153774	153324	
0.2412	0.1696		3012	3028	3044		149511	151603	150752	
0.9285	0.2774		5323	5358	5377		155183	157901	157080	
0.5502	0.5412		4975	4906	4856		151239	152790	152293	
0.1482	0.4624		4054	4111	3533		167213	170768	168910	
0.1645	0.862		4907	4385	4970		162953	163204	165193	
0.6048	0.4033		5037	5076	5121		154910	157639	157937	
0.9346	0.4575		5522	5551	6123		166645	168877	168040	
0.0723	0.5712		4622	5669	3718		202816	229874	171583	
0.1709	0.1786		3683	3383	3364		202792	187361	180801	
0.6754	0.5822		5875	5377	6374		155385	156438	173133	
0.7071	0.4175		5960	5524	5021		171402	173680	157909	
0.8899	0.8188		7640	7689	7614		164601	172800	165810	
0.4009	0.2797		3844	3827	3868		157595	156845	153648	
0.33	0.7397		5102	5127	4665		154060	156859	152177	
0.0674	0.3709		3883	3148	3628		150875	153694	177195	
0.2324	0.6217		4541	3977	3993		161966	164057	164578	
0.0582	0.6769		4119	4102	4152		159214	159275	159094	
0.8456	0.1486		4781	4787	4835		157304	158620	160091	
0.914	0.458		6074	6128	5701		156579	156959	157430	
0.8841	0.967		8357	7321	7837		163109	163217	162222	
0.118	0.398		3213	3252	3409		158202	159672	158938	
0.9291	0.0567		4069	4164	4511		162059	169172	181662	
0.8168	0.2515		4995	5318	5448		168476	172101	162324	
0.238	0.8157		4683	4551	6930		156709	156275	207689	
0.3133	0.9595		5162	5162	5190		164432	165820	165661	
0.5998	0.7335		6959	5452	5395		197748	160192	161600	
0.3679	0.2536		4193	4205	4182		183723	182903	181271	
0.9769	0.1841		4487	4477	5021		160708	161525	160659	
0.8536	0.3275		5171	5088	5140		167058	167114	165835	
0.1464	0.659		4020	4001	3968		160399	162547	160611	
0.1785	0.8567		4437	4863	4356		152623	153774	155289	
0.6813	0.2162		4174	4620	4095		175932	177725	174675	
0.2583	0.6112		4202	4741	5316		163882	165012	165127	
0.2379	0.402		4105	4624	4638		188931	190340	188657	
0.8556	0.5282		6041	5902	6147		163754	165168	163955	
0.2261	0.6728		4208	4153	4800		163218	162999	162680	
0.159	0.967		5083	5031	5031		193897	196015	195895	
0.16	0.9793		4534	4487	5039		149350	148658	148178	
0.6105	0.8757		6047	6539	6121		158946	159246	160527	
0.5602	0.9141		6321	5926	5831		158765	162337	158584	
0.2326	0.4918		3680	3729	3707		163663	166124	164968	
0.1168	0.4122		3278	3836	4516		159285	159384	161193	
0.0706	0.9983		4283	4255	4256		155064	156616	155187	
0.7127	0.2228		4190	4695	4221		154406	154032	153913	
0.5782	0.078		3586	3606	3577		152022	152677	152497	
0.7975	0.1716		4147	4145	4146		161878	162105	162445	
0.6006	0.5344		5071	5032	5078		160429	159482	161020	
0.9514	0.2214		4826	4851	4776		162641	164131	164615	
0.9698	0.9273		7389	7466	7428		165608	166214	164527	
0.0509	0.1481		2677	2648	3237		153450	154465	154930	
0.2083	0.2198		3679	3108	3086		156551	156160	157631	
0.9682	0.3212		5504	5915	5497		157338	157964	155983	
0.5737	0.4307		5029	4544	4598		152580	151573	154959	
0.4995	0.1928		3651	3652	4211		157905	156576	157156	
0.5785	0.0881		4572	3545	3564		188045	162568	158728	
0.8411	0.0739		4600	4544	4569		162920	161718	161748	
0.6886	0.2348		4871	4687	4196		158358	159124	157647	
0.7015	0.6241		5672	5584	6151		155317	155280	157712	
0.1158	0.4628		3366	3958	3356		143837	147905	146358	
0.8035	0.3647		4991	5001	5516		162083	161813	163825	
0.8351	0.1583		4419	4382	4391		154617	154756	153284	
0.3735	0.1804		3222	3199	3737		158786	155311	159032	
0.4647	0.412		4808	4739	4810		162519	161155	159904	
0.1676	0.2181		3036	3567	3049		162542	161762	161616	
0.071	0.604		4197	4145	4713		187366	186497	185591	
0.6354	0.5637		5869	5517	5465		156483	155274	155850	
0.713	0.1848		4540	4006	4592		153160	153133	161336	
0.8453	0.81		6904	6953	7411		182425	169555	170312	
0.4625	0.6965		5089	5130	5056		168536	169439	167995	
0.5698	0.4029		5602	6989	5536		192382	232450	184682	
0.079	0.5457		4125	4157	4074		162265	162290	160959	
0.8773	0.452		6164	6228	6320		160791	166384	160613	
0.4543	0.4693		4847	4346	4319		158573	160405	161080	
0.2491	0.2063		3623	3619	3698		164209	163693	166934	
0.9505	0.1848		4484	4994	5111		155952	155868	156465	
0.4207	0.4073		4604	4628	4598		165254	167311	163469	
0.8815	0.4779		6173	6088	5694		165623	166493	168320	
0.4857	0.4389		4814	4838	4848		161127	160676	172633	
0.0549	0.0892		2644	3030	3081		168654	188582	187125	
0.2883	0.5167		5407	5954	4148		177870	196181	157081	
0.685	0.795		6495	6090	6390		165945	159651	167858	
0.6067	0.4152		5144	4649	5086		161959	160887	159955	
0.0652	0.2623		3012	3030	3671		154415	153990	153373	
0.8241	0.1266		4309	4350	4817		158359	156757	162884	
0.5027	0.0541		3405	3396	3362		159976	157524	156225	
0.8872	0.8466		7111	7070	7616		162109	161545	161084	
0.2817	0.7865		4740	4762	5607		157610	157492	188275	
0.571	0.7753		5941	5817	5855		149452	149517	146887	
0.3152	0.4245		4490	4457	3955		162380	163680	159869	
0.3975	0.4681		4992	6230	4190		185934	222487	165009	
0.8888	0.8962		8711	7190	7749		218154	170648	171174	
0.1749	0.4829		3532	3519	3506		149859	148517	149691	
0.9116	0.8825		9775	7443	7666		230118	192139	159614	
0.9237	0.9606		7360	7860	8130		172911	170256	169794	
0.2674	0.7391		4529	5174	5650		173624	163513	164372	
0.4968	0.0882		4860	3661	3956		203500	177417	195180	
0.5057	0.0604		3534	3583	4555		159812	181443	170015	
0.3347	0.4932		3977	4197	4069		161940	171814	162274	
0.551	0.6172		5253	5045	6696		156603	155730	169700	
0.67	0.5007		5489	5424	6649		156208	154486	159062	
0.8541	0.7852		7323	7237	6981		163017	164363	159410	
0.1491	0.4045		3539	3980	3622		176534	164716	165608	
0.1384	0.2656		3999	3788	3770		194333	195840	184399	
0.2821	0.0851		2996	3537	2999		170299	169777	171181	
0.3886	0.8613		5223	6220	5224		155427	155417	153028	
0.5672	0.1387		3804	4637	3836		162903	168394	154249	
0.3436	0.1816		3270	3212	3830		158085	160065	159268	
0.8096	0.5197		5861	6217	6142		166946	173189	165404	
0.2968	0.3817		5794	4635	5427		227160	206351	214538	
0.5565	0.2753		5818	4709	4195		166338	157600	152659	
0.9568	0.0524		4751	4701	4677		158211	156554	150610	
0.9318	0.6105		6307	6281	6416		167142	163224	160676	
0.4886	0.9608		5743	5745	5686		173316	168187	163226	
0.4439	0.4765		4382	4388	4997		163322	157653	162806	
0.5211	0.3281		4843	4395	4797		157781	154795	153217	
0.9369	0.247		4690	5144	5993		173604	174261	178723	
0.6835	0.0805		4355	3737	3692		163456	156371	155092	
0.4221	0.1237		3738	3765	3721		168096	161095	160628	
0.5994	0.4046		5087	4569	4633		169839	172540	163365	
0.8346	0.4447		6560	5480	5680		163563	175742	159596	
0.8614	0.2534		5727	5003	5030		160146	152336	155236	
0.282	0.6339		5270	4372	4401		181902	162310	161395	
0.4432	0.4155		5715	6397	6053		218629	210432	227901	
0.5809	0.9126		6234	6222	8836		167527	183293	222631	
0.574	0.6026		5190	5193	5156		159606	159809	158552	
0.9514	0.4285		5656	6041	5701		157160	157427	155892	
0.6776	0.4844		5403	4928	5037		173146	163497	161516	
0.4399	0.0926		3419	3424	3341		160624	162802	158084	
0.3527	0.7614		5396	5000	4923		155981	157345	155916	
0.157	0.633		4134	3973	4005		161101	161031	160493	
0.3926	0.2375		3567	4518	3616		158397	185428	174302	
0.8046	0.1274		4337	4193	4682		162118	159910	157740	
0.6682	0.1372		3970	3942	3932		155794	153772	151059	
0.5936	0.9723		6146	6153	6217		169055	167971	166590	
0.3957	0.1449		4838	4024	3919		203511	186151	183287	
0.3457	0.5366		4738	4377	4361		166725	162596	163042	
0.731	0.7319		6383	5963	5843		170576	171705	168773	
0.2812	0.7922		4762	4868	4732		155751	155446	153431	
0.47	0.3919		4273	4237	4255		162125	159243	160970	
0.545	0.6586		5325	5141	5134		160453	162652	162488	
0.4695	0.6227		5385	5317	5316		186850	189287	188567	
0.8771	0.7463		8095	6721	7270		209121	181301	175712	
0.5515	0.1345		4192	4187	4157		182416	183921	182792	
0.3465	0.2677		3779	3728	3817		161688	159457	161236	
0.2776	0.508		4129	4105	4127		157111	159017	162451	
0.7779	0.7034		6176	6009	6047		181593	165995	165168	
0.8389	0.3163		5174	5400	5520		163699	165000	163348	
0.7153	0.6633		6232	6381	6180		175049	172756	178436	
0.3221	0.5137		4292	4490	4300		162298	164419	161907	
0.9415	0.678		6628	6535	6477		163887	166952	164561	
0.8809	0.8706		7107	6949	7151		156871	157605	155631	
0.8674	0.0965		4191	4067	4110		162589	163731	161154	
0.1192	0.5173		3581	3500	3517		161121	161415	162518	
0.576	0.2305		3942	3913	6353		167290	177214	199965	
0.2069	0.4043		3589	4082	4270		166846	167696	167797	
0.6629	0.519		5399	5385	5433		171496	174158	180018	
0.2973	0.951		5524	5511	6054		190015	191112	189767	
0.5932	0.8478		8345	6041	5913		212237	159731	160167	
0.2164	0.7823		4634	4533	4667		160302	160690	160911	
0.2372	0.5276		3997	3921	3950		151614	151349	152808	
0.1419	0.7449		4603	4093	5324		159378	165483	214791	
0.7195	0.0892		3825	4015	3850		164570	163152	163475	
0.6239	0.5138		7286	6889	5046		203974	214761	160585	
0.7417	0.9504		6630	7420	7501		159742	167595	184978	
0.4168	0.6653		4807	4775	4907		159522	154620	151776	
0.5323	0.8544		5871	5738	5747		159750	158055	157102	
0.9599	0.8379		7248	7471	7436		159364	159241	157804	
0.2858	0.3573		3755	3677	3656		161930	163589	160419	
0.4942	0.5827		5884	4906	5312		156965	155662	154271	
0.495	0.2104		4115	3640	3691		154672	152994	152288	
0.5701	0.3487		4986	4944	4969		165531	166387	164103	
0.4017	0.6658		4776	5356	5242		155911	155739	155113	
0.4994	0.9701		5629	6120	5641		166006	167560	165881	
0.6922	0.6036		6143	6189	6111		169895	169354	167751	
0.8693	0.6266		6775	6188	6287		159442	159022	156667	
0.1193	0.1437		2786	2772	2765		158014	158343	157919	
0.8422	0.7054		6364	6240	6283		165789	165583	168945	
0.0836	0.9642		4372	4281	4296		157627	158143	156571	
0.8109	0.7136		6046	6587	6507		156370	159114	160307	
0.1977	0.7577		4525	4999	5067		154070	159264	156997	
0.3031	0.3362		3683	3620	3684		160084	157917	156087	
0.1348	0.8371		4356	4370	4378		155104	157396	156607	
0.7942	0.3881		5130	5147	5122		149174	151954	150539	
0.3711	0.9215		5674	5719	5702		176388	177266	180537	
0.1027	0.1363		2880	2842	3415		151457	151930	153413	
0.5747	0.6299		5309	5453	5943		161648	163564	165380	
0.3638	0.2151		4348	3942	3996		182382	170953	168802	
0.1506	0.3922		3441	3477	4076		165412	165047	165626	
0.4214	0.7486		4847	5423	4846		160759	174242	160886	
0.6679	0.86		6253	6186	6352		169430	167037	165790	
0.3599	0.5429		4332	4307	4421		162260	160408	162505	
0.7388	0.6776		5753	5885	6289		164679	163993	164096	
0.2749	0.7857		5039	6581	5235		164180	215546	158284	
0.1296	0.4705		3612	3546	3531		153888	153729	157020	
0.7646	0.8634		6823	6869	8462		157213	156946	208108	
0.5192	0.2489		3845	5012	5415		169539	214339	205920	
0.389	0.3295		4008	4530	3997		163258	169325	161367	
0.408	0.9615		5510	5463	5535		163043	161641	161832	
0.6026	0.8129		5951	5943	6514		160453	161239	160515	
0.308	0.4004		3795	3767	4299		157721	159980	166658	
0.4096	0.1865		3402	3370	3936		165934	165927	165867	
0.4232	0.6839		4854	4730	5263		158842	158415	159859	
0.7103	0.7999		6378	6392	6862		164567	164688	169840	
0.1489	0.8046		4346	4313	4911		149474	149938	149922	
0.2546	0.4409		3848	3851	3856		157830	159842	158100	
0.5106	0.1665		3643	3645	4836		154516	155505	157069	
0.9138	0.8061		7252	7169	7584		163189	160619	161017	
0.3551	0.3179		4343	4357	3822		157251	155570	157030	
0.6058	0.2422		3987	3948	4475		157830	154410	155006	
0.7768	0.4548		5203	5215	5701		172577	167198	168497	
0.3926	0.0784		3248	3742	3217		165552	165645	166189	
0.6364	0.2119		5181	4649	5164		191554	188228	191839	
0.1252	0.1034		2880	2812	2774		181571	165381	162542	
0.2826	0.6834		5306	6492	8172		225034	238813	240541	
0.9173	0.496		7647	9853	7397		230336	242792	219850	
0.3325	0.7484		4982	4708	5597		161380	159430	170090	
0.6851	0.3472		5267	5586	7597		169077	187417	234036	
0.2407	0.4378		6564	5138	5503		245504	185596	228918	
0.243	0.4939		4946	5725	5370		226106	226728	238630	
0.2523	0.0768		4976	4319	3035		235740	200826	159911	
0.7384	0.9087		6594	6643	6574		156685	156266	155033	
0.0972	0.4529		3494	5936	4807		182987	224015	221649	
0.7571	0.3674		6954	6093	5066		237437	201307	190982	
0.9514	0.8746		9668	7978	8449		191432	196142	186918	
0.3882	0.2939		6037	6708	6364		216611	275257	253053	
0.2362	0.5098		6032	5307	5335		215782	210501	178543	
0.8617	0.2585		7715	7047	5079		209618	205234	153937	
0.5823	0.4302		6516	7101	7611		233444	251265	233637	
0.2595	0.5445		4178	4177	4691		163469	166271	165093	
0.5208	0.9478		6542	6023	6504		159952	193609	197337	
0.629	0.7139		6520	5802	6161		171119	167416	157450	
0.5787	0.2699		4812	5077	4952		182621	173519	164975	
0.5026	0.6765		5219	5139	5314		163517	159476	158793	
0.5155	0.238		3847	4012	3849		155840	160869	157238	
0.14	0.0565		3279	2717	2692		159544	164956	155317	
0.658	0.6593		7633	7948	8102		238762	242063	216062	
0.7254	0.2364		4255	4236	4821		164810	160694	164062	
0.3105	0.1602		3186	3135	3649		165996	158336	161021	
0.9322	0.8851		7774	7378	7755		165306	158422	160470	
0.5613	0.404		4906	4899	4953		174425	163131	161588	
0.5866	0.6498		5471	5320	5800		176755	165543	164251	
0.2723	0.1805		3626	3188	3140		177176	166285	164694	
0.6177	0.3538		4474	4575	4645		167213	169056	168373	
0.1483	0.5191		3759	4684	4479		158919	174056	161967	
0.3797	0.4435		4260	4410	4176		168368	162026	156789	
0.0984	0.9511		5827	5972	6805		219255	217501	219265	
0.2255	0.3297		4064	4512	3977		192796	185322	183408	
0.8071	0.8093		6567	7001	7442		177490	169018	166400	
0.4323	0.6631		4814	4719	6236		163102	167748	171163	
0.275	0.0606		2969	3508	2957		172197	162082	160584	
0.4006	0.539		6188	6476	6921		219156	224817	220835	
0.662	0.7708		7825	9312	7430		235459	228814	191545	
0.5617	0.1711		6048	4909	3796		183361	170178	168005	
0.7308	0.7684		7232	7469	6371		169767	158590	155216	
0.072	0.3021		3119	3052	3052		170272	159404	159675	
0.8876	0.8456		7904	7276	7198		171378	164433	162885	
0.7054	0.5975		6398	6191	6208		196134	187613	190103	
0.8167	0.9925		7194	7123	7125		172357	163490	164675	
0.1003	0.4333		3357	3372	3298		168471	160980	160796	
0.9772	0.8364		7429	7315	7328		175098	165810	164181	
0.3818	0.6026		4605	4543	4541		156702	149445	149240	
0.474	0.7992		5374	5384	5391		167616	161185	163425	
0.3685	0.2354		3488	3411	3441		163098	155512	155823	
0.5998	0.0581		3512	3432	3498		159977	149992	149416	
0.8041	0.253		4967	4941	4906		172865	165791	162630	
0.6831	0.7217		5713	5591	6185		165911	162897	160418	
0.9132	0.9317		7304	7275	8006		166538	160088	182587	
0.87	0.0966		4577	4600	4599		185153	178637	194458	
0.2957	0.7534		4905	4715	4711		163956	157699	155388	
0.5339	0.1221		3538	3475	3575		165297	159735	156807	
0.308	0.7526		5205	4774	5282		167371	163633	161142	
0.8009	0.9689		7905	7310	6908		169496	162761	162270	
0.0794	0.7339		4450	4417	4410		169374	164282	163402	
0.7406	0.744		6036	5678	6258		163326	156121	173715	
0.8828	0.7956		7647	8560	8466		176404	209475	187301	
0.1635	0.9192		4632	7268	7568		167669	212489	214343	
0.3863	0.1472		4954	5488	5556		210781	230889	203181	
0.3156	0.2652		3718	4462	4404		159203	180793	213357	
0.4109	0.2973		4836	6567	5110		192397	211696	182079	
0.6826	0.1729		5018	5131	3970		191196	192467	203972	
0.3472	0.294		4645	5287	5811		179147	183034	184483	
0.699	0.3051		5054	6286	5985		194624	182035	178669	
0.0595	0.2755		4023	3681	5126		204056	208935	233136	
0.7406	0.2705		6743	5836	6984		202744	202807	207435	
0.7319	0.8239		8224	7169	8253		211430	206458	208189	
0.4182	0.7137		5608	5882	5496		189050	187833	198939	
0.9271	0.7612		8325	10556	10484		191008	221482	232133	
0.9921	0.9131		7526	8443	8505		162807	189317	191386	
0.8494	0.6429		6809	7300	6159		192417	186789	166181	
0.5099	0.9927		6588	6083	6397		186230	186211	180190	
0.5065	0.7244		5205	5714	5287		164735	166093	163781	
0.3972	0.2073		3672	4083	4119		163829	162745	162430	
0.4849	0.1236		3971	3868	3876		161857	160221	157614	
0.5721	0.775		6458	6298	6306		166762	166422	165953	
0.2295	0.7142		4737	4247	4794		148908	149418	150936	
0.1127	0.8457		4162	4147	4910		166978	167943	165969	
0.9465	0.4058		5522	5615	5566		150226	152332	146846	
0.899	0.4968		5729	5769	5729		164960	169228	165475	
0.7214	0.5751		5583	5565	6079		166082	162973	162374	
0.4891	0.6783		5528	5941	5944		198336	195364	194760	
0.9381	0.0595		4674	4670	4136		159354	159317	156324	
0.5465	0.6796		5761	5650	5218		168957	167887	168097	
0.5751	0.7166		5464	5420	5397		157217	158781	156687	
0.7447	0.3083		4720	4727	4708		161182	162632	159369	
0.7863	0.1714		4188	5310	5322		154276	154336	154170	
0.8206	0.6723		6160	6206	6159		164317	167606	165235	
0.7682	0.9637		6872	6877	7346		163992	165025	164270	
0.775	0.484		5962	5751	5354		165450	160239	159668	
0.4428	0.0758		3891	3350	3348		155886	152992	156028	
0.7741	0.8474		6646	6678	6661		164966	166233	164979	
0.4107	0.2075		4472	4089	4087		159076	153992	152481	
0.3348	0.6714		5196	5094	4642		166867	165509	169500	
0.9249	0.5671		6266	6352	6819		161680	161292	163266	
0.6719	0.9945		6495	6444	6455		159739	159158	158250	
0.1349	0.9158		4501	4505	5062		154896	155718	155116	
0.3609	0.3294		4001	3827	4356		158452	153851	151208	
0.6929	0.5448		5478	5467	5550		160704	159101	158436	
0.5955	0.9384		6102	6362	6259		160147	160262	159561	
0.1264	0.2377		3050	3072	3091		161825	160951	160499	
0.7732	0.8404		6782	6729	6707		159428	159841	158397	
0.1219	0.6922		3869	3844	4416		154264	153812	152330	
0.8455	0.3685		5317	5202	5735		166208	164292	162934	
0.1148	0.2475		2938	2924	3651		150257	149979	150807	
0.9795	0.8528		7353	7326	7828		158494	156355	157937	
0.2335	0.4004		4329	4149	5215		184926	172632	175435	
0.1783	0.6065		3927	4308	4817		167156	167874	172598	
0.4293	0.3697		4606	4540	4513		176118	175559	175204	
0.231	0.6922		4367	4743	4284		163007	158964	153186	
0.5398	0.3983		4908	5496	5062		191123	211026	187549	
0.2923	0.7818		5305	6140	4775		162321	156267	172040	
0.1291	0.2311		3057	3563	3636		162135	161925	161619	
0.2559	0.087		3094	3002	3049		165465	166535	161880	
0.3266	0.1245		3144	3184	3623		158946	158269	160073	
0.8695	0.2788		5088	5184	5521		153583	154707	154324	
0.2821	0.1204		3091	3114	3694		162864	164222	160402	
0.0514	0.4435		3872	3843	3199		164005	161991	160951	
0.5085	0.5264		5429	5586	5015		161977	162132	159060	
0.9094	0.1545		4670	5538	5032		168223	167387	166381	
0.2044	0.1178		2912	2859	3422		165195	164879	165750	
0.5561	0.2704		4843	4925	5921		189176	191204	217216	
0.1754	0.0721		3863	4516	3745		197785	193840	201870	
0.0853	0.1668		3442	3477	2808		151871	154135	151193	
0.655	0.1836		5043	3941	3937		158750	160945	160012	
0.1915	0.1783		3099	3032	3083		190965	174910	173936	
0.3819	0.2768		3967	4002	3918		170978	163783	158836	
0.2753	0.1702		3955	3387	3510		182897	184325	191495	
0.5335	0.3462		6478	5464	4414		200052	207238	212009	
0.8121	0.7262		6283	8190	8347		196320	188752	197894	
0.4543	0.884		7219	8127	6559		210206	208522	185099	
0.9993	0.6718		7909	7875	6824		197487	199171	193581	
0.8498	0.1893		4823	5193	4833		190862	190052	184158	
0.0531	0.2941		2941	4221	4699		179624	188391	194933	
0.9159	0.5211		6734	6580	7256		188593	187897	185037	
0.5101	0.5275		5945	6780	6415		199876	210053	194072	
0.7347	0.9175		8141	8590	6954		191757	199556	185389	
0.3425	0.559		5473	4929	5962		195041	189876	186846	
0.438	0.738		5479	6160	5685		183132	182081	179787	
0.8615	0.465		6543	6129	6879		185616	182262	182295	
0.2223	0.9534		5520	4948	6077		195272	191258	194801	
0.8803	0.2097		5181	5491	5653		186571	180366	180552	
0.18	0.2088		3642	3957	4233		189708	186766	184905	
0.518	0.3344		5761	5417	6465		186919	182574	209060	
0.1986	0.2943		4518	5524	5391		184716	182607	186050	
0.6315	0.0926		5184	4405	5415		170117	159904	192450	
0.9475	0.4691		6419	5832	5740		179548	171130	171901	
0.2968	0.7087		4528	4499	4828		173345	175273	173634	
0.3884	0.6206		5593	4612	5802		164403	162584	176245	
0.4812	0.6416		7196	5466	6291		212030	182530	186129	
0.5846	0.5185		5584	5675	6336		192431	192734	194359	
0.3413	0.6985		8218	7460	5440		235627	202559	175096	
0.2142	0.6192		4927	4867	4900		186964	195489	188086	
0.2958	0.5235		4932	4783	5426		187092	187414	190692	
0.4888	0.4928		5009	5099	4560		180945	181557	185403	
0.9389	0.897		9026	10683	8572		207081	234857	198134	
0.3123	0.7219		5801	5874	5531		207534	201999	196280	
0.286	0.4901		5145	4967	6520		200274	206736	205111	
0.1724	0.3954		5946	5868	3915		198302	208988	179804	
0.2071	0.0716		4686	4094	3525		194491	190207	178176	
0.7117	0.2725		5025	5948	5036		188503	190596	192858	
0.9622	0.7129		7476	7716	7658		193056	191466	195678	
0.3266	0.7994		6675	6270	6088		189882	183563	180499	
0.7738	0.9819		7996	6873	7433		193755	170106	170903	
0.4401	0.5002		4717	4728	5207		172675	166209	168903	
0.1287	0.1886		3154	3040	3054		173368	168240	170534	
0.7954	0.181		4260	4200	4721		168384	162368	166214	
0.8101	0.1028		4006	3980	5459		165749	168650	192704	
0.9355	0.4517		5599	5611	6052		158081	158357	164007	
0.6076	0.1584		4555	4726	4299		179779	184224	159242	
0.6983	0.6682		9360	7880	8464		223528	217296	197157	
0.6967	0.2639		4914	4678	5224		171799	168629	168200	
0.8612	0.469		5431	5451	6608		164234	162125	173821	
0.1077	0.6073		3912	4669	5479		197424	196749	190463	
0.6698	0.3373		5962	7133	7539		223397	249639	229509	
0.9736	0.2418		6742	4893	5082		181221	182061	183734	
