26	27	
0.4423	0.5424		6851	7092	6512		163444	150167	153716	
0.1969	0.3821		5274	5259	5645		159803	151389	149782	
0.8653	0.3459		8757	8024	8171		178056	161973	161064	
0.843	0.8318		9267	9376	9640		169305	156819	157362	
0.5045	0.1971		8183	8295	8957		242387	237675	240606	
0.2444	0.7644		8477	8553	7463		209567	214381	242522	
0.2528	0.8688		9237	8432	9417		208633	212753	208608	
0.3183	0.3366		7505	6532	6692		178501	187030	159498	
0.5317	0.6411		8201	7908	9044		166686	161924	176141	
0.8355	0.2818		8034	8474	9202		163392	166350	164823	
0.1504	0.1612		5105	5442	5370		153080	165661	154662	
0.8906	0.7173		9237	9176	9424		166586	168409	167391	
0.8231	0.1448		8597	7850	8981		188336	171066	201858	
0.9366	0.9419		11681	12427	13214		160928	167046	218204	
0.9618	0.5675		10794	13716	14556		186751	252545	268792	
0.1965	0.998		9617	8909	8985		218768	216174	216872	
0.837	0.8861		12777	12690	13864		236988	228944	222753	
0.1651	0.7064		8006	10325	8934		174026	234216	219705	
0.6266	0.9283		9295	9324	10113		163982	167979	176633	
0.218	0.2285		7333	7076	8047		247060	221296	232572	
0.5972	0.8034		8743	8554	8846		167786	169546	164574	
0.8729	0.7816		9577	9492	9890		170501	174228	189553	
0.3824	0.1775		8147	8397	8383		223210	232204	245373	
0.8337	0.6547		9478	9239	11102		182448	167661	192258	
0.988	0.3816		8943	8949	9711		193002	162672	171291	
0.6904	0.9054		11505	11137	13053		220401	217154	218558	
0.0916	0.4157		5497	6575	5101		188806	165098	175070	
0.9184	0.4507		10502	10147	8592		219146	217565	200211	
0.2075	0.8439		8553	6602	6251		186663	152579	160154	
0.5605	0.2236		9112	6433	8440		171629	156673	192015	
0.4082	0.356		7269	8258	6829		216013	217658	201393	
0.0709	0.5614		5737	5198	5280		164765	160644	164598	
0.9004	0.3775		9691	8143	8346		200761	158117	158217	
0.6576	0.9191		9077	9690	9189		153504	156068	152154	
0.5054	0.2034		6088	6096	6128		154515	155362	153194	
0.1588	0.1232		4958	4763	5562		158196	158597	161088	
0.8975	0.8032		9951	9796	9815		166666	165809	168673	
0.3159	0.5328		6688	7147	6880		182302	176283	164489	
0.5445	0.3949		7241	7508	7370		152466	152583	152762	
0.1673	0.3551		5649	5655	5576		164738	161289	160370	
0.6789	0.4348		9792	10198	9976		290719	232678	229066	
0.2908	0.536		6537	6425	6467		166449	163065	164176	
0.8772	0.5107		8871	8706	8660		163928	164800	162918	
0.9334	0.4856		9003	8740	8862		159574	159258	161225	
0.4357	0.3765		6395	6314	6298		151090	151391	148149	
0.5102	0.2071		6189	6102	6443		159789	159765	162179	
0.331	0.2581		6488	5614	5546		163421	152434	149955	
0.8557	0.3168		7777	7801	8020		171742	170214	166703	
0.3012	0.0508		5328	5300	5601		154174	154500	151894	
0.9014	0.368		8482	8779	8644		161915	160820	156454	
0.6913	0.6562		8809	8714	9455		151510	152193	162179	
0.7022	0.7078		8954	8817	9351		157999	158429	167710	
0.6625	0.7508		9609	9027	9118		153431	152335	156117	
0.0554	0.6111		5639	5933	5930		158854	156105	152204	
0.8461	0.7375		9686	9761	9783		166871	170928	170143	
0.6224	0.8081		8720	9840	10463		155255	167465	175636	
0.255	0.6817		9251	8212	8587		232886	244901	265388	
0.1745	0.5112		7508	7610	7713		214621	210990	205407	
0.0698	0.7355		6781	7474	7169		171187	211039	214620	
0.1508	0.4222		8153	7241	5915		186331	201404	162206	
0.4176	0.2909		6607	6421	6639		148107	150144	149908	
0.1839	0.9349		6805	6890	6754		159288	158707	159780	
0.2566	0.1705		5529	5574	5743		157610	157444	156717	
0.8418	0.9504		11082	11401	11003		182166	212834	189810	
0.6239	0.672		8981	8592	9017		182486	162849	170470	
0.666	0.6843		9099	8912	8917		179569	191557	181462	
0.3276	0.1203		5872	7540	7365		170702	191478	219261	
0.7673	0.3901		7937	8490	8246		155672	174168	185982	
0.506	0.712		8666	7974	8197		155363	155589	157486	
0.4835	0.944		8553	8568	9081		159525	158324	161398	
0.6544	0.4242		7844	7868	7647		159518	157615	155852	
0.2122	0.6383		6530	6628	6314		188059	196688	163004	
0.1732	0.7177		6363	6857	6570		155175	158881	155672	
0.8443	0.8483		9801	9865	9922		166121	164533	162230	
0.5398	0.5556		8298	7952	8211		177093	207468	175082	
0.6242	0.6923		8607	8483	8457		162243	164201	166055	
0.8451	0.1213		7168	7137	7133		158978	159228	159002	
0.7503	0.3964		8073	8067	9472		152326	160470	168520	
0.9623	0.8271		11626	10704	11018		215581	195619	159826	
0.6202	0.8846		13015	11916	11408		255615	201278	228142	
0.6084	0.3108		7129	7113	7040		171276	159608	164380	
0.9794	0.2545		8692	10698	8613		159306	195718	162310	
0.6067	0.24		6883	7080	6851		148584	149968	151357	
0.3655	0.0663		5668	5673	6004		172525	168090	164483	
0.9968	0.5677		9768	9767	9806		156618	155119	161160	
0.5081	0.7203		8116	8229	8708		160216	160910	161523	
0.456	0.3901		6855	7372	6998		160353	164991	159868	
0.6493	0.7549		9007	11196	9050		160835	196641	157441	
0.5463	0.5421		8983	7671	7707		192288	200865	167525	
0.1257	0.4249		7129	7243	7457		227922	234392	236611	
0.3904	0.5013		7342	8328	6881		174345	221047	177920	
0.7401	0.5367		10150	10588	11098		191013	211478	214352	
0.3901	0.4548		7418	6735	7122		162779	159586	187095	
0.4886	0.1212		6531	6336	8214		168360	177430	203320	
0.554	0.8539		8856	9124	9210		157979	159730	157623	
0.2109	0.6716		6605	6644	7777		161318	154593	160191	
0.5487	0.6016		10829	8919	9821		226113	232383	189432	
0.4846	0.0786		6044	6054	5995		167925	163241	160657	
0.1352	0.1033		5864	5263	5033		156954	162811	157473	
0.9666	0.9822		11189	11044	11510		157085	160437	159913	
0.4865	0.2932		9304	7316	8630		207650	175187	186965	
0.477	0.2155		6785	6477	6350		159566	152059	152689	
0.1948	0.0804		5189	5231	5833		157671	150870	158378	
0.1845	0.2737		6840	5604	5875		162615	161476	141264	
0.265	0.5561		6472	6808	6761		155834	156729	156793	
0.5465	0.4621		7381	7663	7399		157345	160469	193017	
0.7597	0.0883		6916	6793	6858		160870	161057	164282	
0.4885	0.3625		6896	6931	7202		154871	154770	156282	
0.2353	0.2501		5892	5755	6005		153113	151738	153681	
0.0885	0.3799		5656	5417	5385		152297	154048	152598	
0.5271	0.7464		8887	8068	9102		161259	160329	165466	
0.5773	0.2926		6871	6936	6883		159407	161784	165538	
0.4181	0.9516		8367	8622	7944		164526	177447	165444	
0.7712	0.3171		7797	7783	8036		162156	167722	160712	
0.3981	0.3963		6622	6611	6617		161732	163649	163604	
0.2668	0.2336		6329	6016	7282		164654	155496	171889	
0.2454	0.2078		6204	5916	5849		160912	149669	150703	
0.6905	0.3207		8723	8201	9629		219676	185412	188693	
0.8144	0.7157		9765	9636	9664		166819	180178	162613	
0.3799	0.7004		7507	7797	8154		159544	163215	164537	
0.5882	0.8962		9008	9247	8943		160874	167169	172176	
0.9993	0.085		9875	10530	7537		230348	233165	198666	
0.2081	0.1477		9500	6555	6409		196347	184146	192064	
0.4966	0.5469		8820	7746	8344		167734	174520	187794	
0.571	0.6749		9730	10573	10829		193492	231927	231043	
0.4321	0.1544		6038	6089	6016		155437	155289	160019	
0.669	0.3109		8018	7327	7344		164787	167415	164706	
0.9404	0.3534		8608	8539	8788		151907	151931	152343	
0.1507	0.1708		5191	5250	5169		153878	154369	154568	
0.3557	0.395		6429	6451	6412		159657	158996	161373	
0.7923	0.8556		10053	10037	10116		156216	156298	156880	
0.5498	0.2392		6762	8247	6804		156065	164935	193433	
0.8276	0.1771		7412	7269	7525		157486	157486	161126	
0.3403	0.5678		6783	6766	8538		154421	153964	170911	
0.2985	0.167		6066	6939	7594		159428	180749	216011	
0.766	0.3469		7888	8000	7851		153562	151663	163431	
0.5694	0.6165		7973	8016	8741		159414	164889	165378	
0.428	0.7357		7762	8359	7633		163111	181690	165634	
0.1757	0.0996		5188	5162	5257		155932	156073	162934	
0.1979	0.4025		5802	5833	6061		161176	159757	159418	
0.5994	0.1537		6568	6362	6562		162211	159829	163846	
0.8862	0.0785		6912	8883	9397		156359	187816	212522	
0.5449	0.4034		6802	6870	6945		152093	152647	153416	
0.3525	0.9015		8338	8374	8351		182087	187034	183706	
0.7815	0.1827		9881	9394	9492		218006	218943	202419	
0.4618	0.1581		5972	6072	6442		160535	154394	155250	
0.6237	0.3139		7219	7155	7406		156671	160989	159419	
0.7672	0.3212		7879	7895	7828		161738	161607	160635	
0.0577	0.2673		5247	5174	5029		149674	150419	151624	
0.9379	0.6202		9931	10387	9390		164552	169159	162249	
0.5141	0.8764		8359	8571	8489		166057	161904	162903	
0.3405	0.6245		6795	6911	7075		155010	154198	155473	
0.6957	0.8532		9480	9687	9473		162034	164734	163914	
0.7766	0.1334		7200	7100	7123		158544	158574	158547	
0.4565	0.1927		6263	6381	6234		158192	164623	158640	
0.6625	0.9516		10325	9826	10491		155381	154299	159885	
0.303	0.2662		5690	5554	5684		156709	153821	159087	
0.7271	0.7892		8752	8842	9739		153438	160094	164182	
0.3408	0.4477		6644	7017	6128		164998	170404	171405	
0.6895	0.2957		7035	7081	7141		159004	150583	150996	
0.2365	0.2921		5405	5871	5515		155624	158432	163771	
0.6214	0.366		7484	7801	7550		169022	168669	154863	
0.3983	0.6842		8437	7315	7451		189662	155247	165547	
0.2057	0.2001		5226	5184	5450		158432	163134	160549	
0.9057	0.6709		9314	9404	9314		157500	158507	158387	
0.7737	0.8018		11351	12224	11199		205807	208065	199006	
0.1813	0.8523		6403	6483	6247		158758	158643	161601	
0.1956	0.6381		5978	5955	6610		160815	163661	181907	
0.4952	0.1933		6064	6052	6031		158313	156680	157395	
0.8175	0.0975		6805	8827	6707		150174	161482	154137	
0.7518	0.8225		9613	9375	9300		160836	155178	155244	
0.9388	0.2768		7848	8252	7909		152406	153695	154268	
0.9987	0.2288		8023	8159	8122		158666	161378	162536	
0.9909	0.8612		11019	11740	10578		169674	185395	200825	
0.5907	0.755		8772	8722	8556		157526	157675	159022	
0.4957	0.907		8599	8495	8914		155986	150320	153085	
0.1254	0.7199		6818	6836	8021		188065	190213	212980	
0.2087	0.5021		5710	7180	5713		152581	193977	166158	
0.6495	0.0749		6222	7061	6249		146623	171138	157422	
0.773	0.1024		6719	6821	6758		148876	150289	144983	
0.1974	0.6842		6478	6500	6355		158288	158736	164862	
0.6683	0.9842		11400	10477	10396		176687	180173	185483	
0.4549	0.8188		7713	7686	8587		156564	158350	167001	
0.5493	0.124		6606	5974	5992		163339	161370	163609	
0.9592	0.6131		9450	9361	9551		162696	157617	162090	
0.069	0.5128		5478	5326	5198		159278	163631	157203	
0.8841	0.637		9223	9223	9223		164207	166065	159006	
0.7902	0.3236		7924	8590	7944		168659	160227	162671	
0.2374	0.6011		6490	6583	6408		166392	156496	161036	
0.2237	0.0936		5259	5288	5504		168500	156750	158165	
0.6682	0.1741		6769	6856	6856		170571	159095	159338	
0.9769	0.9076		10433	13308	10361		166699	213669	176531	
0.1555	0.348		6840	7269	5483		218140	209481	161380	
0.1171	0.1007		5053	4889	4937		160481	160738	166313	
0.8608	0.7714		10201	12222	12374		170878	194675	226958	
0.7309	0.135		6963	6959	6917		152299	153638	154025	
0.9249	0.8896		10733	10527	14065		215414	173009	219281	
0.0641	0.8982		6267	7963	6359		180741	182887	174595	
0.9332	0.9605		10771	10824	13675		164303	163993	204152	
0.8502	0.6278		9440	9467	9445		157195	158420	157580	
0.4805	0.1701		6390	6218	6166		157728	152040	151961	
0.4925	0.0601		5905	6066	5858		161777	174402	159462	
0.5251	0.2702		6770	6710	6773		157332	157300	160809	
0.8825	0.423		8705	9015	8857		168703	173440	166672	
0.833	0.8973		9941	10077	9935		157844	162586	159566	
0.1819	0.8115		8468	8648	7351		209333	226236	207651	
0.2771	0.2787		5543	5553	6591		152919	154401	159123	
0.9382	0.5901		9477	9602	9461		159763	165466	164208	
0.6628	0.2351		8835	6850	6891		187448	159265	161742	
0.8691	0.837		9617	11194	11933		171243	191118	230736	
0.7054	0.0914		6707	6809	7033		154509	155651	165987	
0.3214	0.1789		5773	5799	6222		164234	161943	170509	
0.1269	0.9504		6222	6944	6340		149331	157659	158312	
0.2591	0.0808		5110	5307	5057		161130	164961	155015	
0.8149	0.4792		8391	8425	9353		162503	158805	171722	
0.8301	0.787		9483	10940	9657		160417	170081	159352	
0.6277	0.7547		8530	8644	8566		168499	161078	161403	
0.4885	0.5072		7405	7307	7280		162983	155510	155802	
0.5085	0.687		7821	8234	8686		162150	178258	167144	
0.8781	0.8824		10210	10234	10121		161955	162971	161200	
0.9019	0.3524		8770	9253	8537		160892	165045	167977	
0.7293	0.7232		9106	9081	9237		164091	157875	162329	
0.7978	0.0646		7106	7082	6949		156757	152167	153925	
0.4617	0.3753		6746	7210	6896		162558	161208	164190	
0.1696	0.4562		5868	5816	6496		154713	161625	160514	
0.7939	0.1039		7191	7040	7015		161298	158358	157478	
0.9665	0.6119		9785	10892	10203		162055	169038	182804	
0.3096	0.6749		6906	7377	7138		161529	167101	164330	
0.4676	0.8858		8808	8220	8053		180191	162398	162786	
0.2681	0.9775		7405	8151	7478		165532	162323	159786	
0.2276	0.9804		7362	7529	9557		150980	155121	172150	
0.3219	0.5748		6805	7646	6818		161185	171571	164147	
0.9118	0.6967		10494	10053	10066		166701	167572	162351	
0.4485	0.8194		8042	8103	8126		157465	163189	162944	
0.7166	0.5136		8376	8315	8522		166243	161814	159763	
0.3281	0.538		6761	6710	6628		165372	171034	162037	
0.8137	0.586		9202	9084	9183		160324	157007	161931	
0.277	0.3203		5945	6040	6488		161434	160736	183119	
0.2056	0.2699		5764	5686	5656		156790	159785	160638	
0.2299	0.5643		6366	6693	6405		173644	165805	167963	
0.0863	0.5674		5795	6953	7022		169156	193986	229923	
0.8785	0.9036		10430	12686	12452		166741	221785	221683	
0.3492	0.2266		6042	6031	5979		157294	163570	154640	
0.8355	0.8822		9919	11364	10023		159161	165957	159923	
0.3625	0.3506		6303	6435	6356		154123	155478	161708	
0.4368	0.3081		7752	8505	7468		226304	224804	228783	
0.2964	0.6873		6816	6968	7677		157988	163215	177696	
0.9989	0.1129		7730	7978	8060		161541	160558	175398	
0.3404	0.4621		6576	6680	6907		187133	164095	163212	
0.0999	0.4726		5871	5605	5609		159785	151212	155870	
0.5805	0.1243		6441	6374	6734		156225	163401	165703	
0.5976	0.1729		7844	8334	6685		167407	200335	160551	
0.6705	0.4813		7988	7924	7918		162422	162977	162638	
0.8514	0.485		10957	8830	11065		189438	177692	223057	
0.0998	0.4179		5516	5521	5661		158414	160204	166391	
0.6214	0.1542		7283	7094	6607		168872	181804	167336	
0.8883	0.0521		7085	7722	7104		162771	165382	166547	
0.6186	0.3356		7568	8125	9268		154947	187453	227611	
0.7488	0.6783		9959	10063	9019		184446	178114	158250	
0.0623	0.0769		4731	4835	4795		155223	155752	155326	
0.7047	0.5757		9914	8755	9649		165020	164679	175281	
0.4331	0.9743		8340	8314	8401		155249	155512	158920	
0.9106	0.5708		11969	12613	13219		227002	253160	267698	
0.1384	0.7283		6437	7766	8803		207663	244427	208496	
0.0873	0.8817		6346	6309	6220		199495	167508	171112	
0.9305	0.371		8646	8508	10223		166557	165593	212439	
0.4195	0.9152		10294	9368	8936		219946	202033	165031	
0.385	0.1984		6023	6177	7492		159998	160718	204695	
0.5151	0.8755		9363	8649	8876		202306	166173	171606	
0.6714	0.8702		9273	9229	10238		163613	168541	194361	
0.7662	0.9427		9470	9640	9743		162568	158382	159306	
0.5158	0.9644		9369	9184	17147		200253	195903	178529	
0.1153	0.5251		7559	7468	7937		207054	228625	264513	
0.4075	0.111		7671	7521	7342		215500	212523	216595	
0.8274	0.3561		10960	10477	10492		233870	225840	228359	
0.3298	0.8922		9829	9650	10332		230434	226303	235155	
0.8961	0.9628		13524	16127	20306		272104	251356	329374	
0.5633	0.3858		10191	10029	9768		261210	252078	220528	
0.1815	0.6574		7428	6915	6904		185330	185762	187382	
0.1872	0.3984		8940	6543	6779		253968	237174	221445	
0.8285	0.9338		12514	12988	12987		224847	234575	276413	
0.2141	0.3607		7546	7855	8702		211043	216645	272520	
0.0624	0.8409		6128	6098	7562		168972	152671	158901	
0.8564	0.679		9590	9732	9660		176586	170425	171713	
0.7911	0.1332		7238	7169	8422		162489	165261	183646	
0.7952	0.4011		8441	8151	8124		162821	158261	160570	
0.717	0.5291		8743	8412	8533		174798	171520	161475	
0.4121	0.1634		6018	6009	6014		159771	159038	162145	
0.9262	0.8434		10148	10121	10190		161697	161446	164678	
0.5083	0.9811		9833	8840	9036		176697	178237	166931	
0.412	0.4281		6641	6674	6722		155261	172191	177929	
0.7863	0.9964		11866	10845	10755		195954	183643	177440	
0.3011	0.4684		7767	6377	6415		167678	190529	159546	
0.7981	0.1612		9012	9491	9676		250139	224174	231553	
0.7097	0.5372		9057	10794	11657		217801	234881	264019	
0.1504	0.755		7864	9013	8157		214372	243127	216992	
0.4974	0.6854		9671	9577	10225		214144	216969	220594	
0.4831	0.1167		7985	7725	8307		214168	211827	231637	
0.6037	0.7678		10301	10071	9099		209302	205205	188938	
0.3824	0.2195		6030	6154	6045		168616	172285	170314	
0.3517	0.9268		7777	8998	10034		162771	193443	220176	
0.3962	0.4984		6927	6782	6729		162451	163342	164448	
0.4945	0.6756		7757	7795	7950		153466	155445	156780	
0.2322	0.648		7851	7613	7365		212642	186751	188142	
0.9014	0.7799		9792	9669	9816		157299	157024	159669	
0.3484	0.2155		5970	5888	6199		158662	158842	157354	
0.5286	0.2882		6841	6815	6766		149691	150207	150880	
0.3007	0.9518		7493	7569	7535		170392	162050	167911	
0.6106	0.3569		8025	7909	7936		189039	194362	191858	
0.4364	0.2974		6470	6635	7639		161483	161268	171480	
0.136	0.1206		5122	5014	5322		150241	150763	153965	
0.2469	0.9901		7236	7248	7257		151788	151557	153324	
0.8641	0.3372		8287	8288	8241		162075	162264	164229	
0.0688	0.305		5097	5115	5102		159671	160740	163138	
0.4266	0.1208		6007	6500	5886		161676	157313	169969	
0.7515	0.8711		9355	9383	9444		154125	154437	156452	
0.9054	0.0944		7056	7157	7306		155459	156860	181417	
0.9277	0.1157		7289	7288	8575		158820	159238	165591	
0.1588	0.1732		5273	5313	5232		151147	149233	153840	
0.7454	0.4106		8170	8003	8014		152316	158393	160472	
0.0704	0.4206		5053	5262	5155		156797	157520	159069	
0.3684	0.0932		5380	5377	5367		166728	165052	168950	
0.6363	0.6022		7878	7988	7757		158028	147562	146842	
0.2756	0.603		6366	6318	6435		166288	153630	159146	
0.2297	0.8772		6698	6614	6955		162583	157042	161520	
0.5621	0.5154		7163	7091	7195		163038	156106	159394	
0.2504	0.9967		7128	6989	7120		160750	155670	157508	
0.8686	0.0565		6647	6716	6652		169057	164177	166173	
0.1566	0.3491		5223	5273	5413		161126	163311	156923	
0.057	0.7217		5515	5462	5503		168209	166543	163477	
0.8722	0.9049		10436	9969	10110		172463	165475	167857	
0.6226	0.861		9050	9049	9190		156457	150810	152320	
0.38	0.6501		7278	7820	7424		155471	158486	152749	
0.211	0.5983		6382	6290	6293		160296	157210	154718	
0.668	0.3594		7430	8354	7523		167938	165619	165259	
0.7382	0.3825		7915	7999	7911		167384	161787	168915	
0.6645	0.6849		8560	8658	9835		173002	169335	191893	
0.5223	0.8776		8670	8665	9532		172319	178166	199993	
0.5997	0.3467		7366	7238	8042		162740	163175	169922	
0.0837	0.6979		6640	5961	6321		168026	166175	170594	
0.099	0.276		6534	5431	5336		225254	202883	197004	
0.4632	0.8692		10414	8814	8767		194872	184517	188544	
0.1879	0.9783		8393	7154	8536		167099	177536	201138	
0.522	0.0748		6140	6258	6807		154486	182094	180443	
0.1096	0.1436		5327	5152	5396		165816	167342	187493	
0.5368	0.3945		7487	7237	7178		172511	169746	177671	
0.4177	0.6242		7316	7502	7595		158930	163267	160126	
0.7781	0.1734		7276	7283	7151		160638	157913	165145	
0.8482	0.6315		9733	10373	9677		167481	172102	173166	
0.3066	0.0821		5611	5519	5668		151080	161968	157871	
0.5647	0.7261		8345	8458	8612		160050	168812	161320	
0.6486	0.0815		6495	6607	7020		177791	160384	186952	
0.9028	0.3822		8806	8760	8410		165530	153234	151528	
0.2869	0.6024		8350	9594	8112		222744	247451	207293	
0.3082	0.8005		7202	7326	7252		163612	183465	180603	
0.4516	0.7562		9360	10152	7824		217588	217763	186205	
0.9233	0.0543		8814	9028	8645		216617	226860	212582	
0.8436	0.6042		9239	9310	9794		164234	163418	161424	
0.8359	0.7225		12305	12239	11684		226562	225355	220666	
0.3215	0.3162		6257	6602	6206		160788	163230	165874	
0.0839	0.7758		7534	8379	7632		212268	213091	213501	
0.3808	0.4663		6758	6873	8478		168830	160679	215671	
0.8003	0.2693		8395	8150	7965		180344	189099	181999	
0.5908	0.2665		7069	7105	7356		173428	164944	181713	
0.7235	0.5742		8682	9484	9274		163598	165342	161506	
0.9148	0.5604		11638	11704	11713		213531	217275	208939	
0.442	0.4539		7989	9160	8713		161167	204370	211483	
0.2968	0.9704		9366	10301	9364		219990	249266	220191	
0.8111	0.8469		9584	9541	9561		162102	171235	161600	
0.0933	0.5843		5843	6589	5739		166710	167294	163479	
0.2822	0.6287		8642	8355	8262		226610	219781	225672	
0.9745	0.7128		11100	10100	10837		175739	171980	176332	
0.6955	0.4568		8390	10127	10219		173113	207230	225554	
0.7334	0.8893		9776	10477	11446		168308	183409	238136	
0.3069	0.4063		7602	8112	7629		221112	224303	229805	
0.1955	0.1014		5390	5310	5771		183987	165237	165470	
0.3793	0.9052		8064	8019	7919		166005	167624	174765	
0.8223	0.7546		12636	9880	10292		237504	177761	167188	
0.6385	0.8009		8971	8985	8795		156386	156633	155773	
0.4304	0.802		8570	8969	7880		167229	166282	163355	
0.2586	0.616		6886	6636	6625		176621	153845	149694	
0.4797	0.938		8606	8709	9455		164402	168416	182278	
0.7096	0.2513		10419	9221	7490		238534	218766	171603	
0.315	0.6357		8954	10052	8691		216874	273766	232889	
0.9427	0.223		10138	8713	8500		213267	175548	164484	
0.1132	0.1966		5233	5142	5354		160266	166554	160932	
0.9585	0.4481		9162	9309	9222		166501	169289	174905	
0.9392	0.3073		9073	8470	8462		166998	166783	168069	
0.7105	0.6617		8904	8874	8897		156903	158964	159428	
0.7675	0.2175		7395	7382	7388		161021	161789	161074	
0.9935	0.065		7514	7510	7484		171746	173022	171916	
0.5083	0.9671		11688	11202	12341		222883	232218	248945	
0.0798	0.6742		6860	7872	7076		211220	194917	224586	
0.0671	0.0948		6070	5962	4815		217709	208996	158810	
0.5981	0.7407		9004	10106	11139		172503	212537	226849	
0.6326	0.9618		11917	9643	10878		227842	203748	190170	
0.8595	0.3187		11761	10486	9773		243512	235672	226916	
0.3988	0.6916		9638	7733	7419		217560	201396	161252	
0.6551	0.8761		12981	11803	11570		250163	230637	236077	
0.9319	0.8921		10485	10430	10600		167564	165129	168605	
0.7697	0.4452		10316	11232	10332		193424	216720	218031	
0.446	0.6857		9073	9281	9085		210529	217487	226557	
0.8324	0.4698		9983	10578	11133		222160	222306	228498	
0.3957	0.0632		6015	8181	8409		170966	186429	214202	
0.7357	0.2739		7553	7815	7560		161851	180393	167993	
0.7535	0.1244		6922	6906	6887		162361	166888	164214	
0.2203	0.6214		6486	6529	7626		162455	157371	160934	
0.3269	0.2193		5850	5803	6401		173785	172223	170282	
0.6385	0.4576		7861	7974	7722		156861	153546	161618	
0.3424	0.8717		7412	7482	7518		151551	159521	150850	
0.6428	0.3964		7585	7634	7625		161961	163103	167035	
0.7839	0.2836		9678	9602	9730		199865	224350	218705	
0.132	0.5551		7259	6078	5890		211248	162355	159653	
0.3594	0.27		6244	6231	6263		154368	154272	156402	
0.8288	0.3334		8201	8547	8469		157396	166579	173144	
0.9737	0.6901		10385	10469	10752		152396	162219	158339	
0.1725	0.659		6936	7140	6294		196318	193156	172169	
0.5669	0.6286		7925	7921	9796		183216	164131	196269	
0.1622	0.9423		6895	6826	7193		161393	162412	162128	
0.2249	0.4783		6116	6164	7429		187824	154312	168029	
0.9889	0.1227		7805	7915	7805		155254	166381	170369	
0.8588	0.1555		7649	7390	7524		159330	157138	162514	
0.6997	0.641		8991	8805	9451		159555	159913	176803	
0.4131	0.958		8395	8288	9179		155941	155188	172081	
0.5182	0.2648		6718	6722	7633		162422	156809	164261	
0.8844	0.4276		11899	10509	8525		224957	221244	169382	
0.6475	0.8022		9103	9776	9146		162529	170597	171364	
0.1829	0.1729		5314	5285	6953		165431	166144	226212	
0.6002	0.2229		6808	7030	6856		163725	163812	161815	
0.3177	0.7436		8479	7233	7201		217832	185954	177283	
0.6813	0.4514		7883	7924	7858		155906	153331	148602	
0.8203	0.2986		7936	7965	8617		171613	176649	169212	
0.2224	0.1452		5479	6692	6379		166557	202514	168376	
0.5238	0.7336		8166	8206	8041		161632	163672	165695	
0.7208	0.4802		9011	9797	10962		173637	223259	225190	
0.6967	0.1995		7112	7469	7115		162212	173327	165075	
0.4549	0.1595		6142	6906	6176		155150	160264	161670	
0.0678	0.7564		6779	6631	5998		175253	175473	152634	
0.768	0.5112		8796	10302	8568		194248	169598	158370	
0.0974	0.2202		5281	5150	5181		157417	152287	160140	
0.1146	0.1234		5200	6554	5012		151675	173899	148905	
0.7311	0.6607		8905	8863	9062		156778	159260	158783	
0.1396	0.6028		6157	5987	6722		164300	158011	162135	
0.9138	0.8331		10188	10140	10044		174827	166690	167273	
0.5559	0.8182		8684	8555	8465		170581	165973	162430	
0.4255	0.8917		7937	8702	8011		173933	165563	165716	
0.6967	0.811		9979	10833	10010		187287	189415	182308	
0.593	0.4006		7447	7477	8427		170008	165565	164946	
0.5863	0.2		6769	6771	6715		158402	158050	154222	
0.2309	0.4853		6127	6216	6161		165018	164287	157513	
0.7256	0.125		6943	6905	7123		159084	153647	158516	
0.2629	0.5821		6544	6640	6549		165953	163257	161600	
0.7454	0.7281		9181	9244	9349		165021	159550	159574	
0.9081	0.2819		8266	8246	8290		168385	162963	162780	
0.3517	0.1863		5942	5844	5824		169232	160505	161932	
0.8957	0.3231		8535	8416	8389		162821	155452	157567	
0.7937	0.4787		8546	8555	8532		169538	161943	161666	
0.3871	0.9161		7783	7842	8066		170381	163455	163217	
0.8312	0.8432		9565	9877	9933		165683	159673	160615	
0.1437	0.8761		6694	6871	6559		169605	169382	168437	
0.4634	0.8632		7880	8144	7828		161353	157603	157934	
0.2912	0.2999		6171	6052	6314		159490	155447	154460	
0.3694	0.2221		6698	6636	6655		186252	181460	182536	
0.8504	0.3868		8423	8557	8609		162301	159609	161676	
0.9015	0.7983		10259	9891	10138		175128	170539	171732	
0.6291	0.2868		7190	7237	7278		168471	163274	165180	
0.5214	0.2347		6726	6589	6837		164649	160776	160861	
0.7803	0.6618		9329	9121	9081		175623	168368	167747	
0.2804	0.8325		7276	7195	7055		162465	156364	156590	
0.9521	0.6669		11187	10668	10653		194091	188755	190654	
0.7007	0.236		7202	7184	7465		175040	172092	171314	
0.3213	0.2599		6044	5978	6258		158579	154019	153518	
0.591	0.2461		6880	7073	7042		163913	158045	157615	
0.4526	0.6841		7605	7513	7551		161181	154568	156035	
0.7327	0.5632		8605	8470	8385		170217	164319	164713	
0.3077	0.5705		6627	6665	6653		168079	162993	164563	
0.7209	0.3682		7841	7793	7713		165194	161018	159681	
0.5963	0.7189		8501	8582	8677		162557	157909	173964	
0.6644	0.9627		9605	9695	9546		172943	172724	165605	
0.2601	0.1442		5523	5620	5541		163212	157036	154908	
0.8174	0.6738		9772	9516	9455		163938	159505	159704	
0.1737	0.0511		6313	9514	5151		209634	266100	199664	
0.441	0.1847		6260	6207	6082		171787	169247	165204	
0.8692	0.4356		11797	9290	9451		221965	199775	168125	
0.6798	0.2435		7330	7064	8778		203539	162679	195824	
0.3198	0.4331		7124	6689	6271		178785	193410	149511	
0.6457	0.7507		11716	9068	8867		196696	165047	166379	
0.2381	0.3938		5961	5993	6588		160024	160655	185397	
0.0764	0.5535		5710	5668	5604		160279	160574	161749	
0.7842	0.3459		7925	7964	7924		157394	157545	157086	
0.0602	0.7497		6264	7885	7699		178364	227062	224759	
0.2962	0.5933		8099	8530	9075		221207	264123	254036	
0.1683	0.7507		6536	9864	6426		167491	223744	201529	
0.4767	0.188		6417	6522	9777		191886	167053	232998	
0.7303	0.7162		9360	9073	11119		165222	165287	216196	
0.3076	0.3915		7293	6232	7871		199145	162755	170361	
0.9928	0.649		9952	9984	10050		161075	165087	167073	
0.0627	0.2551		5483	5101	5195		157067	158867	163103	
0.0741	0.4187		5382	5362	5390		155830	158472	157773	
0.248	0.2675		5724	5738	5861		170867	167444	194645	
0.8338	0.3929		8326	8594	8418		173159	195501	163558	
0.085	0.7026		7165	6997	6440		204137	207717	199233	
0.5681	0.7083		11274	8557	8558		227673	194113	174077	
0.4176	0.8979		8150	7999	8221		164942	165693	163693	
0.1136	0.3398		5398	5486	5672		154216	155035	156982	
0.4277	0.9245		7991	7966	10778		160346	164385	196710	
0.0633	0.6964		5878	5894	6179		156824	152348	153782	
0.5827	0.8667		9041	8847	8871		163681	158963	160861	
0.5225	0.4164		7733	7729	7691		186650	183537	182862	
0.9934	0.7253		9976	9962	9920		160269	155096	153994	
0.427	0.0667		5941	6257	6279		157682	149297	149274	
0.6095	0.673		8366	8378	8528		171237	167469	165221	
0.054	0.6509		5811	5860	5768		163195	158784	158305	
0.7031	0.672		8926	8776	9000		169102	165120	165715	
0.7602	0.1568		9235	8973	10026		208876	217157	245608	
0.5832	0.769		8593	8710	8701		159656	162429	171646	
0.7667	0.1696		7306	8474	7168		159902	179447	171024	
0.6236	0.4564		9292	7692	7766		169030	164346	159217	
0.6631	0.2388		7283	9345	9503		175405	231692	231501	
0.8748	0.985		12917	12907	12807		228666	226592	227122	
0.5603	0.9209		10645	11222	11875		232231	231860	252679	
0.9999	0.446		11849	11761	12147		231701	230203	200313	
0.8272	0.7913		11934	10196	10091		231096	205087	190450	
0.7634	0.2519		9865	9769	9253		231988	230323	223814	
0.3833	0.7512		7769	7715	7545		163132	161756	160625	
0.6927	0.8781		9688	9798	12655		164980	163526	203575	
0.4714	0.5838		10184	9683	9148		228084	224723	171713	
0.5429	0.1485		6415	6483	7436		159623	160496	165086	
0.1397	0.1652		5147	5557	5222		162382	164689	167474	
0.7504	0.5978		11178	9088	9480		212611	162080	170700	
0.6163	0.1835		8767	9188	8969		222768	223445	226184	
0.1674	0.4794		7126	7723	7999		172890	209367	206137	
0.8398	0.4532		8782	8734	8877		159564	161975	162517	
0.562	0.6563		8023	8122	7909		162070	165640	165396	
0.1078	0.2355		5204	5136	5213		170256	167314	184056	
0.4586	0.4391		8721	8777	8999		220062	232794	226181	
0.2412	0.0762		5309	5326	5328		172151	169749	171755	
0.8729	0.5733		10043	9597	12228		187285	189084	270153	
0.6106	0.2708		7088	7252	7615		166033	171290	164787	
0.64	0.7243		8919	9173	8639		168847	181497	173914	
0.3522	0.5106		6710	8805	8213		155012	177573	210981	
0.6413	0.2479		7062	7095	7417		156460	157901	160100	
0.24	0.0655		5324	5295	5296		172919	172327	169726	
0.566	0.5353		8041	7851	7768		163036	158260	169820	
0.3334	0.7122		8173	7175	7486		167232	163296	166039	
0.4154	0.4952		7108	6907	7340		206222	175573	167495	
0.6161	0.419		9070	9382	8335		174886	194564	230688	
0.5952	0.8418		12923	11354	12022		249119	251235	244331	
0.084	0.1338		7622	5868	7212		236142	226503	224039	
0.7636	0.991		10836	9987	10474		175393	166793	169862	
0.4993	0.8403		9637	8245	8554		169268	162988	168067	
0.4076	0.1334		6396	6132	6014		170618	156069	151289	
0.7456	0.3513		7922	7859	8670		176675	161894	172032	
0.4952	0.538		7456	7936	9289		202773	191110	207796	
0.3441	0.236		7206	8149	7527		208945	223152	224420	
0.1116	0.7194		7844	7940	8069		214109	214907	210912	
0.076	0.6502		7490	8302	7541		220965	230133	227681	
0.8761	0.5504		9338	10841	9399		164862	181547	167245	
0.5764	0.6853		8175	8301	8505		160909	155263	160397	
0.4158	0.5665		9285	9489	9394		221203	239061	241069	
0.0857	0.2672		6800	6782	6677		228436	218280	209551	
0.3446	0.9768		8043	7981	7905		163056	165108	157329	
0.177	0.9762		7816	7663	7737		193340	194099	192210	
0.4016	0.4667		6881	7045	6879		160746	173209	168576	
0.9798	0.6071		12873	11990	12108		226598	220555	220927	
0.9244	0.2968		8387	8277	8354		173811	166854	165812	
0.9082	0.6366		10104	9791	9888		176838	166948	168354	
0.8372	0.7268		9858	9705	9798		165592	159320	158399	
0.2754	0.9188		7456	7493	7711		175751	166898	166329	
0.8449	0.7241		10043	11917	10003		175354	196273	168447	
0.7616	0.7805		9394	9688	9297		179356	173240	168911	
0.1204	0.5085		6156	5779	6181		160658	152338	151179	
0.3907	0.0501		5771	5683	5936		172021	163902	166012	
0.2746	0.7051		8204	7509	7641		201724	197699	168163	
0.6088	0.9275		9122	9431	9055		167346	180122	170411	
0.9744	0.522		9734	9749	9645		172243	171758	168375	
0.699	0.916		11760	9695	9647		220009	166712	158522	
0.332	0.5195		7375	7432	7298		184062	184667	180759	
0.3508	0.8913		7829	7830	7985		160022	160448	158438	
0.5291	0.0725		6684	6695	7385		221383	194318	196408	
0.5758	0.3549		8581	9069	7767		193805	219489	177948	
0.7466	0.6219		8856	8773	8877		159547	162709	162894	
0.7315	0.1958		8822	7221	7580		208138	161335	162452	
0.5343	0.5194		7716	7725	7602		159593	161586	159157	
0.9121	0.5931		9815	9596	9653		167645	166381	166085	
0.7943	0.2862		8153	7743	7866		177539	162940	172041	
0.2354	0.5484		7093	6817	7043		185178	186128	181442	
0.3019	0.2678		6853	6684	7374		182106	187059	187223	
0.8362	0.3851		8563	9170	8623		178011	184497	186136	
0.6541	0.5732		9767	9713	9404		185704	187514	195942	
0.2211	0.8329		6943	6922	6835		162120	161859	162673	
0.5239	0.3811		7695	7167	7089		150963	151337	149953	
0.7245	0.4892		8075	8035	8371		165764	167097	167193	
0.6413	0.3029		7291	7351	7427		151422	154438	152985	
0.9955	0.4385		9193	9238	9164		165330	167454	166038	
0.305	0.7036		7056	7054	6968		168147	170414	173993	
0.1088	0.7256		6107	7087	6137		155258	165225	196521	
0.5221	0.2112		6530	7355	7119		158860	184042	181908	
0.3181	0.2442		5969	6822	5898		163100	170878	173204	
0.2607	0.4488		6245	6162	6210		160508	160051	166080	
0.8357	0.0889		7996	7310	7514		165685	162672	167292	
0.7984	0.7888		10672	10684	10207		181489	171355	162857	
0.4779	0.4274		7150	6975	7019		151725	157918	157831	
0.2654	0.8142		7114	7197	7310		148733	152393	156736	
0.3761	0.6889		8862	8942	7303		180054	200309	156951	
0.4812	0.416		6999	6996	7016		152482	153774	153324	
0.3495	0.6425		7094	7037	7058		149511	151603	150752	
0.2069	0.5943		6292	6325	6305		155183	157901	157080	
0.883	0.3957		8694	8520	8626		151239	152790	152293	
0.9125	0.879		10499	10743	10398		167213	170768	168910	
0.7543	0.8542		10023	9836	10027		162953	163204	165193	
0.3341	0.7568		7370	7288	7582		154910	157639	157937	
0.4877	0.7797		8098	7953	8222		166645	168877	168040	
0.3093	0.6852		7776	7930	6930		202816	229874	171583	
0.5147	0.603		8488	8358	8350		202792	187361	180801	
0.6592	0.0761		6566	6742	6878		155385	156438	173133	
0.8448	0.0807		7697	7189	7484		171402	173680	157909	
0.5474	0.7086		8287	8419	8517		164601	172800	165810	
0.417	0.8578		7994	7789	7846		157595	156845	153648	
0.9755	0.3304		8857	8746	8700		154060	156859	152177	
0.3228	0.9525		7677	7725	8471		150875	153694	177195	
0.5839	0.395		7381	7524	7635		161966	164057	164578	
0.4746	0.7258		7771	7830	7836		159214	159275	159094	
0.9848	0.5448		9607	9573	9818		157304	158620	160091	
0.5574	0.7967		8555	8376	8395		156579	156959	157430	
0.1027	0.3965		5525	5695	5437		163109	163217	162222	
0.4053	0.4781		6811	6828	6766		158202	159672	158938	
0.8336	0.9733		10373	10347	10859		162059	169172	181662	
0.6786	0.9018		9878	9688	9478		168476	172101	162324	
0.3529	0.7605		7382	7613	9256		156709	156275	207689	
0.5255	0.602		7782	7866	8097		164432	165820	165661	
0.2239	0.3		7117	5734	5775		197748	160192	161600	
0.4009	0.8844		8579	8393	8424		183723	182903	181271	
0.383	0.8872		7716	7887	8379		160708	161525	160659	
0.9627	0.5154		9468	9480	9705		167058	167114	165835	
0.6334	0.6132		8341	8397	8319		160399	162547	160611	
0.0859	0.4181		5498	5524	5424		152623	153774	155289	
0.5546	0.9223		9015	9084	8923		175932	177725	174675	
0.5903	0.6292		8213	8195	8311		163882	165012	165127	
0.0787	0.095		5513	5582	5439		188931	190340	188657	
0.4522	0.7325		7792	7713	7751		163754	165168	163955	
0.6674	0.8167		9654	9194	9254		163218	162999	162680	
0.9272	0.8509		11015	10987	11008		193897	196015	195895	
0.236	0.1323		5428	5414	5429		149350	148658	148178	
0.7374	0.1635		7053	7318	7185		158946	159246	160527	
0.2571	0.9491		7407	7588	7343		158765	162337	158584	
0.6088	0.1524		6626	6823	6693		163663	166124	164968	
0.8195	0.3032		8103	7986	8215		159285	159384	161193	
0.4138	0.7838		7714	7662	7858		155064	156616	155187	
0.4355	0.3		6570	6972	6442		154406	154032	153913	
0.543	0.8516		8763	8586	8648		152022	152677	152497	
0.2621	0.3431		5939	5897	5960		161878	162105	162445	
0.1094	0.8363		6246	6355	6241		160429	159482	161020	
0.6069	0.9185		9219	9146	9426		162641	164131	164615	
0.4885	0.8176		8375	8322	8119		165608	166214	164527	
0.8251	0.2475		7628	7729	7631		153450	154465	154930	
0.516	0.2303		6527	6539	6555		156551	156160	157631	
0.406	0.6401		7285	7284	7251		157338	157964	155983	
0.2471	0.139		5441	5427	5427		152580	151573	154959	
0.6183	0.8229		8891	8902	9100		157905	156576	157156	
0.8545	0.9607		10975	10408	10270		188045	162568	158728	
0.9288	0.5059		9338	9406	9324		162920	161718	161748	
0.8478	0.7705		9959	9995	10126		158358	159124	157647	
0.1863	0.6689		6835	6463	6489		155317	155280	157712	
0.1071	0.1065		5018	4983	5334		143837	147905	146358	
0.9369	0.4544		9099	9066	8938		162083	161813	163825	
0.3391	0.086		5605	5678	5571		154617	154756	153284	
0.1015	0.5236		5754	5747	6014		158786	155311	159032	
0.0744	0.8568		6044	5999	6082		162519	161155	159904	
0.5939	0.1195		6542	6499	6505		162542	161762	161616	
0.3454	0.2065		6617	6824	6637		187366	186497	185591	
0.7001	0.2772		7504	7468	7763		156483	155274	155850	
0.8462	0.6096		9326	9505	9553		153160	153133	161336	
0.4489	0.9096		8493	8219	8401		182425	169555	170312	
0.3797	0.5973		7280	7408	7442		168536	169439	167995	
0.4467	0.5408		7952	9655	7786		192382	232450	184682	
0.9943	0.4276		9093	8971	9001		162265	162290	160959	
0.3063	0.6659		6819	7203	6816		160791	166384	160613	
0.8466	0.3668		8370	8342	8536		158573	160405	161080	
0.3954	0.3952		6689	6737	6604		164209	163693	166934	
0.5254	0.7784		8217	8434	8248		155952	155868	156465	
0.8711	0.5068		9188	9207	9091		165254	167311	163469	
0.8118	0.0646		7061	7100	7048		165623	166493	168320	
0.112	0.3512		5470	5489	6305		161127	160676	172633	
0.5555	0.0852		6313	6983	6971		168654	188582	187125	
0.4002	0.065		7077	5815	6151		177870	196181	157081	
0.8162	0.486		9841	8694	8900		165945	159651	167858	
0.3285	0.694		7081	7178	7308		161959	160887	159955	
0.6789	0.5457		8137	8128	8411		154415	153990	153373	
0.43	0.5621		6823	6789	7012		158359	156757	162884	
0.8088	0.182		6983	6987	7011		159976	157524	156225	
0.2413	0.4818		5841	5858	6109		162109	161545	161084	
0.2926	0.1322		5381	5324	7373		157610	157492	188275	
0.2444	0.6975		6659	6785	6676		149452	149517	146887	
0.6586	0.6138		8453	8610	8460		162380	163680	159869	
0.9668	0.4331		10252	11319	9116		185934	222487	165009	
0.843	0.7373		12292	9454	9397		218154	170648	171174	
0.204	0.1359		5096	5066	5116		149859	148517	149691	
0.2541	0.6658		8458	6346	6609		230118	192139	159614	
0.4556	0.4977		6934	6748	7046		172911	170256	169794	
0.212	0.2106		6728	5646	5772		173624	163513	164372	
0.6377	0.708		8472	9073	9704		203500	177417	195180	
0.4586	0.1859		5870	6744	6464		159812	181443	170015	
0.3362	0.9126		7245	7789	7823		161940	171814	162274	
0.1112	0.6092		5928	5964	5874		156603	155730	169700	
0.4786	0.7855		8120	8356	8069		156208	154486	159062	
0.7152	0.6768		9297	9835	8816		163017	164363	159410	
0.8547	0.618		10227	9478	9523		176534	164716	165608	
0.19	0.8938		8943	8076	7560		194333	195840	184399	
0.1728	0.5261		5684	5669	6576		170299	169777	171181	
0.2751	0.2347		5498	5518	5487		155427	155417	153028	
0.5941	0.0644		6299	6185	6125		162903	168394	154249	
0.4974	0.7558		7549	7657	7651		158085	160065	159268	
0.2222	0.7328		6327	6415	6344		166946	173189	165404	
0.4419	0.8668		9385	9414	9562		227160	206351	214538	
0.7275	0.2306		6981	7132	7030		166338	157600	152659	
0.1965	0.5215		5752	5773	5764		158211	156554	150610	
0.3699	0.3643		6219	6891	6385		167142	163224	160676	
0.8656	0.9283		10176	10961	10394		173316	168187	163226	
0.7151	0.0594		6514	6588	6594		163322	157653	162806	
0.1581	0.3133		5560	5566	6038		157781	154795	153217	
0.8392	0.267		8367	8150	8714		173604	174261	178723	
0.193	0.4505		5937	6000	5974		163456	156371	155092	
0.7141	0.8525		9611	9545	9888		168096	161095	160628	
0.8466	0.3038		8238	8078	8268		169839	172540	163365	
0.0696	0.8855		6427	7021	6399		163563	175742	159596	
0.3957	0.8268		7862	7974	8216		160146	152336	155236	
0.2247	0.0785		5269	5376	5318		181902	162310	161395	
0.076	0.5419		7231	5809	7428		218629	210432	227901	
0.296	0.5444		6128	7082	7765		167527	183293	222631	
0.7083	0.3593		7645	7557	7534		159606	159809	158552	
0.1542	0.1704		5177	5264	5163		157160	157427	155892	
0.2339	0.4834		7097	6087	6125		173146	163497	161516	
0.7963	0.0836		7214	7125	7024		160624	162802	158084	
0.4378	0.3875		6781	6760	6973		155981	157345	155916	
0.8248	0.1857		7423	7443	7433		161101	161031	160493	
0.5228	0.6044		7725	10004	7777		158397	185428	174302	
0.0516	0.8013		6152	6073	5833		162118	159910	157740	
0.3563	0.5484		6537	6430	6431		155794	153772	151059	
0.9432	0.8058		9801	9812	9795		169055	167971	166590	
0.2778	0.2545		7357	6512	6782		203511	186151	183287	
0.7528	0.3554		8065	7862	8146		166725	162596	163042	
0.8406	0.9852		10403	10426	10706		170576	171705	168773	
0.7907	0.1944		7410	7440	7438		155751	155446	153431	
0.1738	0.5404		6096	6250	6567		162125	159243	160970	
0.2798	0.8951		7330	7489	7306		160453	162652	162488	
0.3855	0.1596		6530	6889	6840		186850	189287	188567	
0.8057	0.1009		7188	7436	8107		209121	181301	175712	
0.9089	0.608		10334	10392	10376		182416	183921	182792	
0.6423	0.3199		7402	7381	7740		161688	159457	161236	
0.2493	0.8884		7102	7376	7238		157111	159017	162451	
0.166	0.1565		5384	5309	5522		181593	165995	165168	
0.6455	0.0525		6484	6428	6705		163699	165000	163348	
0.7823	0.6865		9998	9571	10986		175049	172756	178436	
0.8756	0.8925		10314	10326	10591		162298	164419	161907	
0.6101	0.3239		7290	7270	7395		163887	166952	164561	
0.2257	0.1032		5393	6057	5327		156871	157605	155631	
0.628	0.6775		8447	8456	8522		162589	163731	161154	
0.1583	0.8443		6530	6483	6420		161121	161415	162518	
0.9869	0.647		10160	11938	10316		167290	177214	199965	
0.3248	0.387		6351	6250	6555		166846	167696	167797	
0.7366	0.7247		9253	9261	9439		171496	174158	180018	
0.8099	0.7533		10552	10541	10603		190015	191112	189767	
0.3233	0.4775		8287	6511	6756		212237	159731	160167	
0.6091	0.41		7707	7444	7725		160302	160690	160911	
0.9556	0.1082		7836	7754	7974		151614	151349	152808	
0.5397	0.443		7623	7830	9564		159378	165483	214791	
0.3454	0.8746		7590	7592	7814		164570	163152	163475	
0.2436	0.9581		8531	9319	7341		203974	214761	160585	
0.2227	0.7999		6817	6845	7811		159742	167595	184978	
0.636	0.3218		7369	7331	7297		159522	154620	151776	
0.2293	0.3601		5890	6027	6132		159750	158055	157102	
0.4888	0.5248		7332	7634	7549		159364	159241	157804	
0.1755	0.4852		5911	5888	5895		161930	163589	160419	
0.4344	0.1758		6054	6325	6135		156965	155662	154271	
0.0726	0.2376		5092	5139	5084		154672	152994	152288	
0.9874	0.8328		10457	10523	10494		165531	166387	164103	
0.1008	0.1423		5273	5100	5036		155911	155739	155113	
0.5451	0.5901		7771	7877	7818		166006	167560	165881	
0.4013	0.9533		8311	8349	8196		169895	169354	167751	
0.2394	0.6695		6540	6587	6652		159442	159022	156667	
0.7365	0.0884		6933	6954	7242		158014	158343	157919	
0.0913	0.4378		5590	5523	5803		165789	165583	168945	
0.676	0.7846		9210	9430	9217		157627	158143	156571	
0.3267	0.1641		5748	5736	5690		156370	159114	160307	
0.7868	0.1086		7067	7263	7093		154070	159264	156997	
0.6682	0.3005		7291	7442	7624		160084	157917	156087	
0.0765	0.6236		5712	5743	5695		155104	157396	156607	
0.2762	0.3784		6126	6155	6594		149174	151954	150539	
0.3304	0.9916		8520	8520	8812		176388	177266	180537	
0.6958	0.3677		7780	7679	8045		151457	151930	153413	
0.5625	0.9303		8869	9103	9007		161648	163564	165380	
0.385	0.8759		8822	7717	7950		182382	170953	168802	
0.9472	0.9338		10678	10870	10796		165412	165047	165626	
0.3053	0.1221		5649	5708	5630		160759	174242	160886	
0.7263	0.8974		10150	10062	10037		169430	167037	165790	
0.5334	0.7229		8223	8109	8341		162260	160408	162505	
0.667	0.8894		9507	9508	9484		164679	163993	164096	
0.1538	0.1025		5226	7322	5365		164180	215546	158284	
0.3176	0.3639		6341	6313	6262		153888	153729	157020	
0.7648	0.5459		8825	8703	11095		157213	156946	208108	
0.1524	0.8754		6747	9128	6742		169539	214339	205920	
0.1706	0.2859		5566	6167	5599		163258	169325	161367	
0.3626	0.3914		6560	6574	6571		163043	161641	161832	
0.641	0.28		7248	7473	7267		160453	161239	160515	
0.2748	0.8368		7109	7478	7194		157721	159980	166658	
0.9304	0.515		9527	9388	9521		165934	165927	165867	
0.1647	0.7607		6548	6580	6682		158842	158415	159859	
0.9873	0.7609		10469	10303	10691		164567	164688	169840	
0.2939	0.2544		5973	6145	5902		149474	149938	149922	
0.6958	0.4787		8199	8264	8360		157830	159842	158100	
0.2932	0.7132		6961	6955	7236		154516	155505	157069	
0.4984	0.7556		7930	8276	8072		163189	160619	161017	
0.3975	0.421		6575	6576	6585		157251	155570	157030	
0.6549	0.2771		7294	7354	7220		157830	154410	155006	
0.8833	0.2209		8242	8214	7775		172577	167198	168497	
0.5793	0.4512		7509	7574	7510		165552	165645	166189	
0.968	0.8217		11094	11163	11081		191554	188228	191839	
0.3884	0.9842		8327	8112	8142		181571	165381	162542	
0.1166	0.9288		9774	8363	8772		225034	238813	240541	
0.9933	0.4294		12124	11923	11561		230336	242792	219850	
0.7419	0.1539		7513	7215	7843		161380	159430	170090	
0.2222	0.4872		6351	7042	8074		169077	187417	234036	
0.1309	0.246		6688	5456	6632		245504	185596	228918	
0.0797	0.6493		7792	7766	7970		226106	226728	238630	
0.5778	0.4394		9715	7653	7752		235740	200826	159911	
0.4723	0.7143		7907	7734	7816		156685	156266	155033	
0.6735	0.359		8976	10098	9949		182987	224015	221649	
0.1425	0.6853		8170	6840	7770		237437	201307	190982	
0.994	0.2342		9321	9238	8844		191432	196142	186918	
0.4173	0.3985		9049	10684	9293		216611	275257	253053	
0.9413	0.5171		11491	11174	9892		215782	210501	178543	
0.6974	0.1537		9263	8821	7321		209618	205234	153937	
0.1645	0.7363		7940	8479	9060		233444	251265	233637	
0.3191	0.8238		7511	7464	7873		163469	166271	165093	
0.1177	0.7059		6347	6647	7913		159952	193609	197337	
0.5285	0.3666		7563	8889	7128		171119	167416	157450	
0.1712	0.559		6649	6098	6675		182621	173519	164975	
0.7339	0.7005		10132	9162	9286		163517	159476	158793	
0.9005	0.0616		7113	7251	7460		155840	160869	157238	
0.8331	0.9511		10257	11325	10363		159544	164956	155317	
0.3268	0.9512		10171	10456	8366		238762	242063	216062	
0.831	0.5429		9024	9137	8996		164810	160694	164062	
0.4954	0.1538		6223	6491	6250		165996	158336	161021	
0.1627	0.9989		6920	6970	6932		165306	158422	160470	
0.7859	0.6131		9132	8938	9104		174425	163131	161588	
0.3507	0.529		6833	6893	7193		176755	165543	164251	
0.4837	0.3036		6677	6684	6610		177176	166285	164694	
0.4372	0.3744		6660	6706	6593		167213	169056	168373	
0.104	0.2436		5259	6089	5223		158919	174056	161967	
0.7784	0.2355		7464	7384	7492		168368	162026	156789	
0.7063	0.294		9512	9192	9392		219255	217501	219265	
0.9525	0.1724		8460	8500	8722		192796	185322	183408	
0.4539	0.6072		7612	7625	7515		177490	169018	166400	
0.5525	0.1067		6420	6354	7246		163102	167748	171163	
0.1628	0.4222		6000	5912	5817		172197	162082	160584	
0.4645	0.708		10332	9208	10048		219156	224817	220835	
0.4542	0.6992		10997	10222	9820		235459	228814	191545	
0.8816	0.5878		9810	9532	10426		183361	170178	168005	
0.3135	0.0802		5595	6214	5686		169767	158590	155216	
0.2157	0.2371		5552	5620	5593		170272	159404	159675	
0.0505	0.4095		5429	5366	5375		171378	164433	162885	
0.6178	0.9756		10206	10313	10226		196134	187613	190103	
0.6285	0.4361		7616	7593	7929		172357	163490	164675	
0.5578	0.2511		7076	6837	7151		168471	160980	160796	
0.3561	0.9166		7890	7899	8125		175098	165810	164181	
0.3005	0.1779		5748	5879	5766		156702	149445	149240	
0.8801	0.3824		8508	8435	8417		167616	161185	163425	
0.3307	0.1829		5806	5927	6162		163098	155512	155823	
0.4154	0.2618		6321	6290	6439		159977	149992	149416	
0.2228	0.5813		6374	6403	6392		172865	165791	162630	
0.7207	0.6248		8723	8792	8693		165911	162897	160418	
0.2252	0.7077		6812	6747	7569		166538	160088	182587	
0.3698	0.4969		7368	7418	7945		185153	178637	194458	
0.9255	0.3401		8629	8619	8606		163956	157699	155388	
0.6604	0.9138		9594	9610	9533		165297	159735	156807	
0.2974	0.4885		6574	6547	6784		167371	163633	161142	
0.9049	0.4429		8743	8809	9083		169496	162761	162270	
0.6235	0.6444		8337	8332	8361		169374	164282	163402	
0.2547	0.2799		5921	5808	5934		163326	156121	173715	
0.3323	0.7823		8022	9515	7359		176404	209475	187301	
0.7514	0.8514		10708	12543	12962		167669	212489	214343	
0.4022	0.5124		7223	10593	7033		210781	230889	203181	
0.3224	0.1669		5850	7873	6597		159203	180793	213357	
0.0793	0.5744		7036	5859	6229		192397	211696	182079	
0.9315	0.7284		11649	10252	11660		191196	192467	203972	
0.9276	0.2428		8806	8438	9070		179147	183034	184483	
0.9381	0.7354		11287	11695	10371		194624	182035	178669	
0.3569	0.9912		9188	9847	9652		204056	208935	233136	
0.2574	0.9341		8010	8628	9132		202744	202807	207435	
0.428	0.1039		7842	6780	7731		211430	206458	208189	
0.1305	0.4336		5870	6238	6261		189050	187833	198939	
0.7139	0.1991		7537	9627	9875		191008	221482	232133	
0.1883	0.6232		6310	6964	6931		162807	189317	191386	
0.9202	0.6951		10843	10774	10246		192417	186789	166181	
0.6776	0.0807		7768	7225	6955		186230	186211	180190	
0.336	0.1751		5849	5799	6103		164735	166093	163781	
0.9688	0.4199		9041	9076	9150		163829	162745	162430	
0.2755	0.5942		6588	6644	6646		161857	160221	157614	
0.7308	0.0793		6804	6885	6789		166762	166422	165953	
0.5071	0.9126		8615	8771	8847		148908	149418	150936	
0.1958	0.7871		6558	6512	6583		166978	167943	165969	
0.1065	0.0564		4968	5150	5162		150226	152332	146846	
0.2115	0.6121		6378	6592	6435		164960	169228	165475	
0.301	0.6756		6857	6900	6940		166082	162973	162374	
0.9212	0.1862		8325	8349	8431		198336	195364	194760	
0.4791	0.2771		6579	6601	6604		159354	159317	156324	
0.4877	0.7204		8102	8034	8167		168957	167887	168097	
0.8719	0.6774		9609	9547	9792		157217	158781	156687	
0.8766	0.0621		7117	7193	7480		161182	162632	159369	
0.2969	0.7622		7165	7372	7388		154276	154336	154170	
0.1235	0.6087		6026	6083	5957		164317	167606	165235	
0.8653	0.2428		7983	7863	7920		163992	165025	164270	
0.7462	0.2514		7503	7516	7896		165450	160239	159668	
0.3805	0.2063		6123	6385	6039		155886	152992	156028	
0.2769	0.8112		6913	7174	6901		164966	166233	164979	
0.1065	0.2015		5364	5192	5194		159076	153992	152481	
0.9872	0.8904		10846	10784	11843		166867	165509	169500	
0.4594	0.8074		8061	8048	8238		161680	161292	163266	
0.2283	0.2724		5780	5768	5907		159739	159158	158250	
0.3544	0.3982		6447	6416	6471		154896	155718	155116	
0.8134	0.9312		10243	9962	9982		158452	153851	151208	
0.9122	0.7356		10204	10051	10225		160704	159101	158436	
0.8169	0.9167		10251	9988	10206		160147	160262	159561	
0.3445	0.1384		5820	5818	5807		161825	160951	160499	
0.0646	0.6812		5817	5888	5915		159428	159841	158397	
0.3369	0.6222		7075	7046	6853		154264	153812	152330	
0.4983	0.3705		6906	6971	7176		166208	164292	162934	
0.8519	0.4066		8510	8475	8514		150257	149979	150807	
0.1915	0.905		6858	6883	6990		158494	156355	157937	
0.8414	0.8414		10795	11028	10047		184926	172632	175435	
0.3105	0.4887		6572	6439	7213		167156	167874	172598	
0.829	0.6477		10063	10191	10302		176118	175559	175204	
0.676	0.2484		7247	7267	7187		163007	158964	153186	
0.4706	0.84		9799	10605	8254		191123	211026	187549	
0.0549	0.0897		4917	4835	4741		162321	156267	172040	
0.5855	0.3652		7527	7399	7590		162135	161925	161619	
0.9948	0.9239		11084	11017	10877		165465	166535	161880	
0.6594	0.2451		7151	7131	7635		158946	158269	160073	
0.0754	0.102		4915	4970	5235		153583	154707	154324	
0.7036	0.2229		7254	7328	7411		162864	164222	160402	
0.0932	0.0879		5052	5026	5273		164005	161991	160951	
0.3693	0.2618		6233	6216	6229		161977	162132	159060	
0.6492	0.7276		8818	8902	8775		168223	167387	166381	
0.2996	0.9915		7691	7770	7721		165195	164879	165750	
0.8834	0.5812		9638	10030	11650		189176	191204	217216	
0.3095	0.2712		6576	6844	7125		197785	193840	201870	
0.1673	0.2077		5362	5527	5379		151871	154135	151193	
0.2298	0.7058		6671	6713	6928		158750	160945	160012	
0.5313	0.4212		7208	9374	7192		190965	174910	173936	
0.4318	0.8625		7869	8839	8103		170978	163783	158836	
0.9607	0.6268		10317	11319	10964		182897	184325	191495	
0.5374	0.6928		9879	11194	9631		200052	207238	212009	
0.3317	0.6985		7676	7755	8910		196320	188752	197894	
0.7213	0.7974		11457	11316	10310		210206	208522	185099	
0.7556	0.3172		9864	9653	8202		197487	199171	193581	
0.8337	0.2268		7861	8791	8379		190862	190052	184158	
0.4709	0.9159		9495	9137	8759		179624	188391	194933	
0.568	0.0756		6679	7189	6952		188593	187897	185037	
0.9584	0.2335		8543	9355	9605		199876	210053	194072	
0.5378	0.2428		7855	7841	6659		191757	199556	185389	
0.2076	0.3093		6300	6253	6731		195041	189876	186846	
0.9496	0.6859		11097	10892	10920		183132	182081	179787	
0.4594	0.9023		8385	8590	8578		185616	182262	182295	
0.6943	0.2087		8584	7613	7280		195272	191258	194801	
0.6054	0.8061		9787	10279	9282		186571	180366	180552	
0.8185	0.7101		10328	11310	10967		189708	186766	184905	
0.1729	0.5086		6252	6555	8125		186919	182574	209060	
0.8621	0.8887		11071	12184	10603		184716	182607	186050	
0.5673	0.3834		7332	7293	7767		170117	159904	192450	
0.2891	0.7712		7149	7043	7322		179548	171130	171901	
0.7855	0.3882		8281	8691	8270		173345	175273	173634	
0.242	0.4656		6320	6261	7673		164403	162584	176245	
0.0856	0.067		5679	4971	5237		212030	182530	186129	
0.4993	0.6034		8909	7848	8552		192431	192734	194359	
0.6995	0.6664		12288	11024	10106		235627	202559	175096	
0.6174	0.2795		7779	7922	7294		186964	195489	188086	
0.1391	0.2051		5338	5338	5699		187092	187414	190692	
0.414	0.1594		7325	6593	7576		180945	181557	185403	
0.2132	0.6727		6932	7074	7512		207081	234857	198134	
0.8867	0.5671		11139	10167	10415		207534	201999	196280	
0.833	0.3263		8332	8858	8649		200274	206736	205111	
0.5124	0.4268		8903	8105	8196		198302	208988	179804	
0.4889	0.8047		9117	8187	8813		194491	190207	178176	
0.5709	0.5964		8796	9318	8120		188503	190596	192858	
0.757	0.5319		9466	9662	9376		193056	191466	195678	
0.9205	0.4573		9467	9901	10177		189882	183563	180499	
0.4764	0.2742		7266	6728	6862		193755	170106	170903	
0.8754	0.8399		10051	10073	10091		172675	166209	168903	
0.6962	0.1398		6982	6963	6993		173368	168240	170534	
0.9417	0.8115		10192	10249	11063		168384	162368	166214	
0.0791	0.5888		5788	6245	6811		165749	168650	192704	
0.1507	0.2746		5454	5548	5956		158081	158357	164007	
0.8181	0.6704		10451	10691	9449		179779	184224	159242	
0.1358	0.1375		6950	7266	5258		223528	217296	197157	
0.3096	0.6041		7109	6843	7141		171799	168629	168200	
0.4221	0.613		7516	7436	8496		164234	162125	173821	
0.4868	0.4104		7356	7215	8275		197424	196749	190463	
0.2812	0.7156		8814	9834	9196		223397	249639	229509	
0.6522	0.277		7621	8364	7877		181221	182061	183734	
