4	5	
0.1765	0.1186		12286	8840	9393		163444	150167	153716	
0.7556	0.514		15440	12545	12253		159803	151389	149782	
0.5109	0.1365		14445	10344	9937		178056	161973	161064	
0.7499	0.827		16940	12435	12468		169305	156819	157362	
0.781	0.3439		19619	16136	18903		242387	237675	240606	
0.3593	0.7674		18097	18374	27451		209567	214381	242522	
0.2299	0.9997		16662	18324	16132		208633	212753	208608	
0.953	0.5486		14153	18315	13501		178501	187030	159498	
0.9667	0.367		11951	11910	11607		166686	161924	176141	
0.1959	0.7293		10490	10610	10441		163392	166350	164823	
0.1569	0.3529		9758	14827	9906		153080	165661	154662	
0.4188	0.6483		11441	10903	11097		166586	168409	167391	
0.1574	0.9496		11203	11356	15097		188336	171066	201858	
0.2661	0.0739		9603	9206	14676		160928	167046	218204	
0.8193	0.8908		13224	21115	21729		186751	252545	268792	
0.8074	0.3075		19717	17043	17454		218768	216174	216872	
0.9995	0.382		20146	19085	17737		236988	228944	222753	
0.1433	0.5628		10585	14100	18146		174026	234216	219705	
0.1096	0.8587		10129	10222	10279		163982	167979	176633	
0.6815	0.4397		18216	18151	18642		247060	221296	232572	
0.8029	0.5105		12504	15307	12421		167786	169546	164574	
0.7192	0.6425		12747	12456	16042		170501	174228	189553	
0.8813	0.9966		19367	21598	21242		223210	232204	245373	
0.9028	0.9205		17924	14399	15396		182448	167661	192258	
0.1546	0.838		17101	10961	11129		193002	162672	171291	
0.1966	0.7172		17293	17665	16263		220401	217154	218558	
0.3912	0.2809		16246	9784	16573		188806	165098	175070	
0.3211	0.7926		18001	17460	16693		219146	217565	200211	
0.769	0.8306		17553	13769	16907		186663	152579	160154	
0.8194	0.1662		10559	11141	13898		171629	156673	192015	
0.5863	0.2672		17117	18515	18022		216013	217658	201393	
0.0646	0.4675		9467	9169	10135		164765	160644	164598	
0.1072	0.6104		14764	9624	9785		200761	158117	158217	
0.4752	0.3261		10523	9875	9962		153504	156068	152154	
0.6324	0.3174		10937	10771	10583		154515	155362	153194	
0.9284	0.9153		13724	13846	14104		158196	158597	161088	
0.279	0.8921		11771	11254	11539		166666	165809	168673	
0.6377	0.6911		17317	12291	12336		182302	176283	164489	
0.1635	0.2187		9474	9051	9154		152466	152583	152762	
0.8949	0.7204		13962	13748	13305		164738	161289	160370	
0.7275	0.382		18619	18126	18111		290719	232678	229066	
0.226	0.4354		9737	9463	9674		166449	163065	164176	
0.4392	0.3766		10477	10470	10449		163928	164800	162918	
0.6849	0.6755		12203	12543	12269		159574	159258	161225	
0.8441	0.44		11880	11730	11937		151090	151391	148149	
0.8884	0.3273		11734	12002	11465		159789	159765	162179	
0.4094	0.4174		11446	10680	10840		163421	152434	149955	
0.6047	0.849		12589	12478	12563		171742	170214	166703	
0.0667	0.1784		8842	8859	9283		154174	154500	151894	
0.4317	0.883		12258	12142	11530		161915	160820	156454	
0.1476	0.5898		10624	10307	10468		151510	152193	162179	
0.3486	0.3058		10306	10189	12567		157999	158429	167710	
0.2356	0.4132		9842	9830	9723		153431	152335	156117	
0.7141	0.057		11879	10458	10523		158854	156105	152204	
0.0997	0.7605		10626	10833	10600		166871	170928	170143	
0.2916	0.1483		9672	9742	10594		155255	167465	175636	
0.5435	0.7243		18889	20668	22806		232886	244901	265388	
0.8919	0.1539		17645	16464	15783		214621	210990	205407	
0.442	0.5117		10986	17588	18592		171187	211039	214620	
0.3097	0.7186		14789	16628	12588		186331	201404	162206	
0.5033	0.3171		10464	10333	10627		148107	150144	149908	
0.5133	0.6837		12047	11932	12009		159288	158707	159780	
0.1355	0.8754		11524	11328	10642		157610	157444	156717	
0.1513	0.8309		11293	15919	11644		182166	212834	189810	
0.9165	0.2014		11756	11968	11456		182486	162849	170470	
0.979	0.8864		15135	17673	16835		179569	191557	181462	
0.7875	0.968		13426	15641	19292		170702	191478	219261	
0.7527	0.1168		10610	10925	16593		155672	174168	185982	
0.1304	0.8243		10835	10792	11167		155363	155589	157486	
0.2962	0.456		10317	10201	10469		159525	158324	161398	
0.8778	0.544		14023	13234	13325		159518	157615	155852	
0.587	0.5004		14660	17965	11973		188059	196688	163004	
0.6653	0.6151		12374	12524	12041		155175	158881	155672	
0.8577	0.7315		13371	13322	13240		166121	164533	162230	
0.636	0.1309		12572	16362	10732		177093	207468	175082	
0.2214	0.9595		10857	10942	11643		162243	164201	166055	
0.7972	0.7143		12805	13071	13314		158978	159228	159002	
0.3267	0.1504		9441	13128	9447		152326	160470	168520	
0.2075	0.5553		13512	16932	10451		215581	195619	159826	
0.8849	0.2529		18505	12445	17779		255615	201278	228142	
0.7515	0.9166		17412	13036	16966		171276	159608	164380	
0.9312	0.209		11049	15732	11424		159306	195718	162310	
0.8272	0.8713		13137	13368	13197		148584	149968	151357	
0.2316	0.6052		10493	10760	10386		172525	168090	164483	
0.0517	0.4233		9254	9458	11432		156618	155119	161160	
0.3173	0.6205		10691	11405	11250		160216	160910	161523	
0.5519	0.7476		11953	12506	11866		160353	164991	159868	
0.6482	0.506		12101	18959	12354		160835	196641	157441	
0.0627	0.18		11539	14568	8894		192288	200865	167525	
0.8734	0.7252		20093	22306	22743		227922	234392	236611	
0.9388	0.2083		12119	18157	11597		174345	221047	177920	
0.0719	0.764		12368	16437	16543		191013	211478	214352	
0.2083	0.8706		10688	10953	15507		162779	159586	187095	
0.4709	0.0991		11625	10207	18426		168360	177430	203320	
0.8503	0.4613		12074	12517	12161		157979	159730	157623	
0.3115	0.5383		11067	10835	10684		161318	154593	160191	
0.8537	0.4759		19933	12752	13565		226113	232383	189432	
0.4985	0.6519		11400	11383	11333		167925	163241	160657	
0.6535	0.1857		10978	13243	11265		156954	162811	157473	
0.1264	0.6816		10362	10511	10676		157085	160437	159913	
0.0617	0.3903		14031	9739	11891		207650	175187	186965	
0.4477	0.3144		10269	10232	10434		159566	152059	152689	
0.7973	0.8702		13283	13139	12997		157671	150870	158378	
0.6325	0.2173		10599	13179	10222		162615	161476	141264	
0.3106	0.4215		9929	9899	9967		155834	156729	156793	
0.4142	0.9303		12045	12171	18461		157345	160469	193017	
0.9697	0.0629		11248	11227	11365		160870	161057	164282	
0.2574	0.293		9640	10146	9894		154871	154770	156282	
0.6678	0.2946		10824	10871	11204		153113	151738	153681	
0.3939	0.35		10247	10038	10126		152297	154048	152598	
0.9889	0.5354		13674	13374	13498		161259	160329	165466	
0.818	0.6006		13089	13612	13110		159407	161784	165538	
0.6992	0.91		12806	13035	13114		164526	177447	165444	
0.5945	0.1315		10634	11493	10142		162156	167722	160712	
0.5843	0.9661		12323	12562	12532		161732	163649	163604	
0.2952	0.5472		10799	10597	15604		164654	155496	171889	
0.0633	0.7263		9900	9813	11061		160912	149669	150703	
0.9351	0.3845		18904	13245	13496		219676	185412	188693	
0.7174	0.9242		13120	14093	13121		166819	180178	162613	
0.3111	0.4864		10034	10304	10097		159544	163215	164537	
0.221	0.9176		10816	10979	13743		160874	167169	172176	
0.5306	0.1893		16616	15519	15182		230348	233165	198666	
0.4794	0.7015		13751	13084	17910		196347	184146	192064	
0.4987	0.6076		11931	15561	14556		167734	174520	187794	
0.5778	0.8383		12869	18738	18730		193492	231927	231043	
0.2356	0.3602		9645	9379	9933		155437	155289	160019	
0.3452	0.1393		9664	9368	9914		164787	167415	164706	
0.0759	0.639		10027	9847	9923		151907	151931	152343	
0.242	0.8593		10703	10746	10808		153878	154369	154568	
0.717	0.3651		10934	10823	11032		159657	158996	161373	
0.2725	0.065		9219	9380	9104		156216	156298	156880	
0.1849	0.7589		10817	10638	15930		156065	164935	193433	
0.1016	0.806		10433	10205	10705		157486	157486	161126	
0.2882	0.251		9830	9581	12602		154421	153964	170911	
0.3141	0.1275		9947	9385	14411		159428	180749	216011	
0.7013	0.3831		11360	11410	15597		153562	151663	163431	
0.6809	0.1198		10130	10191	10808		159414	164889	165378	
0.8873	0.158		11532	11442	11265		163111	181690	165634	
0.5325	0.8225		12201	12149	12751		155932	156073	162934	
0.8239	0.56		12754	12810	12996		161176	159757	159418	
0.6936	0.8015		12631	12633	12901		162211	159829	163846	
0.4561	0.7758		12192	13827	16145		156359	187816	212522	
0.252	0.7666		11349	11231	11188		152093	152647	153416	
0.9257	0.6801		14314	14222	14301		182087	187034	183706	
0.1672	0.5042		17095	16242	15970		218006	218943	202419	
0.5519	0.5375		12018	12036	11597		160535	154394	155250	
0.1812	0.9982		10752	11155	10743		156671	160989	159419	
0.7215	0.2291		10517	10731	10381		161738	161607	160635	
0.081	0.2876		8906	8902	9183		149674	150419	151624	
0.7214	0.3333		10802	11009	10857		164552	169159	162249	
0.3509	0.4948		10818	10081	10334		166057	161904	162903	
0.2828	0.8317		11152	11190	11300		155010	154198	155473	
0.5711	0.8325		12209	12809	12403		162034	164734	163914	
0.0641	0.8992		10751	10547	10496		158544	158574	158547	
0.5987	0.9895		12448	12875	12606		158192	164623	158640	
0.3988	0.1111		9658	9443	10056		155381	154299	159885	
0.6996	0.282		11039	10670	10481		156709	153821	159087	
0.1313	0.1938		8903	8979	9041		153438	160094	164182	
0.9819	0.4584		12389	12421	13897		164998	170404	171405	
0.7239	0.6526		13297	12767	12516		159004	150583	150996	
0.1413	0.9494		11003	10801	14317		155624	158432	163771	
0.8157	0.4523		12259	14821	11860		169022	168669	154863	
0.9826	0.1759		16461	11110	11377		189662	155247	165547	
0.5583	0.8925		12343	12794	12506		158432	163134	160549	
0.3192	0.3117		9921	9742	9751		157500	158507	158387	
0.7438	0.9992		19485	18857	18931		205807	208065	199006	
0.3312	0.2403		9922	10402	9788		158758	158643	161601	
0.6161	0.625		12025	14055	11759		160815	163661	181907	
0.5185	0.8264		12322	12138	12479		158313	156680	157395	
0.5274	0.1629		10187	10417	10046		150174	161482	154137	
0.1759	0.6591		10887	10375	10555		160836	155178	155244	
0.7108	0.1839		10595	10367	10480		152406	153695	154268	
0.1793	0.8988		11260	11175	10627		158666	161378	162536	
0.4592	0.5132		11293	11739	17254		169674	185395	200825	
0.4855	0.6511		11603	11483	11279		157526	157675	159022	
0.6993	0.0663		11588	10181	10373		155986	150320	153085	
0.7469	0.8368		13283	13184	13646		188065	190213	212980	
0.4229	0.0589		9371	13371	9569		152581	193977	166158	
0.2462	0.8565		10914	11685	11456		146623	171138	157422	
0.1547	0.3113		9810	9761	9701		148876	150289	144983	
0.2977	0.6105		11130	11076	11299		158288	158736	164862	
0.8448	0.8468		13187	13853	13642		176687	180173	185483	
0.6205	0.3772		10734	11044	11343		156564	158350	167001	
0.3085	0.4372		10202	10188	9770		163339	161370	163609	
0.3917	0.3179		10514	10189	9787		162696	157617	162090	
0.4863	0.7481		11685	14328	11203		159278	163631	157203	
0.2323	0.2517		10541	12213	9174		164207	166065	159006	
0.9002	0.6119		17770	13245	16481		168659	160227	162671	
0.5869	0.8896		17436	12799	13522		166392	156496	161036	
0.4845	0.8771		14830	12065	11851		168500	156750	158165	
0.2504	0.5438		12779	10763	10821		170571	159095	159338	
0.3042	0.2632		12357	16185	12673		166699	213669	176531	
0.1681	0.2371		13338	14612	8703		218140	209481	161380	
0.229	0.7814		10724	10554	11134		160481	160738	166313	
0.5771	0.7925		15171	13171	20480		170878	194675	226958	
0.4823	0.3245		10052	10246	10011		152299	153638	154025	
0.8229	0.8825		20614	13259	13381		215414	173009	219281	
0.6185	0.6811		16085	12418	12306		180741	182887	174595	
0.9162	0.6421		13795	13449	16908		164303	163993	204152	
0.7943	0.8999		13522	13254	13259		157195	158420	157580	
0.3525	0.1802		10395	9437	9351		157728	152040	151961	
0.2006	0.6001		10686	13956	10408		161777	174402	159462	
0.516	0.8957		12608	12493	12075		157332	157300	160809	
0.9086	0.8017		14276	15223	13824		168703	173440	166672	
0.5899	0.279		10724	10426	10349		157844	162586	159566	
0.562	0.2299		16517	19835	16335		209333	226236	207651	
0.5056	0.3535		10740	10354	10669		152919	154401	159123	
0.383	0.1287		9900	10051	10764		159763	165466	164208	
0.1806	0.9093		14505	11074	10994		187448	159265	161742	
0.7533	0.4311		12434	14300	18708		171243	191118	230736	
0.0828	0.2205		8944	9074	8561		154509	155651	165987	
0.9198	0.3083		12636	12103	14349		164234	161943	170509	
0.0743	0.861		10091	10486	10606		149331	157659	158312	
0.4895	0.8167		14168	12808	11751		161130	164961	155015	
0.153	0.3417		9175	9384	12032		162503	158805	171722	
0.6321	0.1023		10131	10893	10502		160417	170081	159352	
0.1421	0.2286		11880	9322	9499		168499	161078	161403	
0.3881	0.1619		10390	9723	9423		162983	155510	155802	
0.9816	0.1226		11210	10903	10723		162150	178258	167144	
0.3947	0.443		10224	10727	10552		161955	162971	161200	
0.7883	0.8867		12988	13033	15305		160892	165045	167977	
0.531	0.9008		14483	12254	12039		164091	157875	162329	
0.2903	0.8561		11439	11113	11498		156757	152167	153925	
0.6058	0.9004		13667	13069	13406		162558	161208	164190	
0.8835	0.8113		13634	15887	13926		154713	161625	160514	
0.1412	0.2297		9767	9135	8906		161298	158358	157478	
0.8094	0.2618		11143	11247	15319		162055	169038	182804	
0.1972	0.1225		8762	8960	9232		161529	167101	164330	
0.3864	0.7312		14404	11404	11208		180191	162398	162786	
0.3929	0.5024		13210	11272	11061		165532	162323	159786	
0.2236	0.6994		10349	10671	12739		150980	155121	172150	
0.7923	0.5611		12871	15472	12701		161185	171571	164147	
0.6559	0.9724		13073	14377	12877		166701	167572	162351	
0.4739	0.4042		10657	10463	10375		157465	163189	162944	
0.1689	0.4335		9739	9681	9865		166243	161814	159763	
0.4783	0.3687		10759	12284	10457		165372	171034	162037	
0.9047	0.6535		13464	13693	13697		160324	157007	161931	
0.4025	0.2527		10133	10018	13373		161434	160736	183119	
0.8422	0.623		12891	12958	13105		156790	159785	160638	
0.6546	0.7435		15441	12445	12175		173644	165805	167963	
0.5342	0.0512		10630	10172	16735		169156	193986	229923	
0.6682	0.6596		14541	20026	19653		166741	221785	221683	
0.6885	0.2852		10963	11900	10793		157294	163570	154640	
0.8306	0.389		11690	11814	11445		159161	165957	159923	
0.1224	0.3053		9006	9037	9094		154123	155478	161708	
0.2904	0.6991		18093	17584	17325		226304	224804	228783	
0.8313	0.6164		12806	12985	16071		157988	163215	177696	
0.3012	0.3818		9791	9895	10805		161541	160558	175398	
0.2573	0.1783		14395	9609	9668		187133	164095	163212	
0.1582	0.3007		9785	9412	9305		159785	151212	155870	
0.5353	0.7459		12077	14798	15536		156225	163401	165703	
0.9118	0.1489		11163	16821	10929		167407	200335	160551	
0.7086	0.6651		12398	12695	12665		162422	162977	162638	
0.2747	0.0869		9785	10358	16283		189438	177692	223057	
0.2958	0.3074		9669	9608	10164		158414	160204	166391	
0.1572	0.3349		10666	12907	12514		168872	181804	167336	
0.1134	0.2564		9027	9042	8800		162771	165382	166547	
0.075	0.7145		9869	10869	17649		154947	187453	227611	
0.945	0.8958		16131	14265	13916		184446	178114	158250	
0.3977	0.7785		11558	11623	11770		155223	155752	155326	
0.1945	0.8679		10546	10874	10548		165020	164679	175281	
0.3079	0.7959		11388	11176	11407		155249	155512	158920	
0.2514	0.9681		16709	17967	19518		227002	253160	267698	
0.367	0.682		12992	18527	17032		207663	244427	208496	
0.4536	0.6312		16277	11387	11973		199495	167508	171112	
0.5046	0.3948		10661	10714	16309		166557	165593	212439	
0.7536	0.2645		17355	18200	11525		219946	202033	165031	
0.2992	0.4207		10343	11620	14062		159998	160718	204695	
0.4237	0.2464		15938	9804	9684		202306	166173	171606	
0.3761	0.9956		12196	14301	16418		163613	168541	194361	
0.1152	0.2765		9168	8983	8872		162568	158382	159306	
0.963	0.1637		15653	12942	12307		200253	195903	178529	
0.1227	0.576		15630	14873	18039		207054	228625	264513	
0.5251	0.7364		18203	18354	19258		215500	212523	216595	
0.4975	0.9444		19555	18492	18324		233870	225840	228359	
0.8187	0.5597		21041	19792	22208		230434	226303	235155	
0.9796	0.2439		32219	14266	24002		272104	251356	329374	
0.4349	0.5756		21543	19380	18543		261210	252078	220528	
0.8945	0.3233		12680	12527	12742		185330	185762	187382	
0.3779	0.1281		18992	18330	18364		253968	237174	221445	
0.425	0.1178		14932	16050	18795		224847	234575	276413	
0.4136	0.5738		17039	17065	19726		211043	216645	272520	
0.7231	0.8063		15806	12984	12760		168972	152671	158901	
0.0991	0.4154		9257	9578	9422		176586	170425	171713	
0.1196	0.4283		9334	9587	9800		162489	165261	183646	
0.6868	0.1342		10418	10461	10311		162821	158261	160570	
0.5269	0.6657		15545	14612	12022		174798	171520	161475	
0.203	0.1377		9062	8898	9239		159771	159038	162145	
0.4061	0.4916		10097	10097	10394		161697	161446	164678	
0.3771	0.4615		11206	13260	10492		176697	178237	166931	
0.602	0.9977		12698	15266	18611		155261	172191	177929	
0.1018	0.2637		12481	9691	9890		195954	183643	177440	
0.2052	0.8062		10694	17395	11126		167678	190529	159546	
0.0646	0.1833		15483	14952	17469		250139	224174	231553	
0.6926	0.5035		16978	20330	25910		217801	234881	264019	
0.2121	0.067		14883	15354	15951		214372	243127	216992	
0.1671	0.4678		14854	15384	15653		214144	216969	220594	
0.4864	0.2784		15969	16132	17430		214168	211827	231637	
0.2409	0.3799		15486	14521	15657		209302	205205	188938	
0.9616	0.6845		13849	14056	14113		168616	172285	170314	
0.8726	0.4537		13001	13976	18000		162771	193443	220176	
0.531	0.4113		10804	10714	10595		162451	163342	164448	
0.4537	0.2043		9655	10060	10027		153466	155445	156780	
0.1955	0.2826		14733	10034	10244		212642	186751	188142	
0.307	0.7231		10916	11009	11001		157299	157024	159669	
0.62	0.1435		9993	10028	10012		158662	158842	157354	
0.7378	0.1266		10397	10429	10261		149691	150207	150880	
0.5478	0.6472		14110	11821	12028		170392	162050	167911	
0.0707	0.5792		10282	12679	10370		189039	194362	191858	
0.9243	0.9067		14209	14049	13927		161483	161268	171480	
0.7765	0.6097		12805	12756	12858		150241	150763	153965	
0.284	0.1701		9333	9309	9739		151788	151557	153324	
0.8283	0.5126		12655	12782	12752		162075	162264	164229	
0.7791	0.4868		11647	11732	11856		159671	160740	163138	
0.1546	0.9648		13463	10847	14700		161676	157313	169969	
0.3206	0.1056		9225	9107	9155		154125	154437	156452	
0.3867	0.6857		11617	11476	11987		155459	156860	181417	
0.3712	0.1047		9274	9141	9366		158820	159238	165591	
0.1706	0.5833		10112	10156	10280		151147	149233	153840	
0.3613	0.2265		9533	9556	10043		152316	158393	160472	
0.9773	0.4854		12170	12180	11998		156797	157520	159069	
0.9721	0.2639		11614	11576	11832		166728	165052	168950	
0.5643	0.6375		16480	11867	11851		158028	147562	146842	
0.6827	0.476		17097	11253	11226		166288	153630	159146	
0.8555	0.2489		11186	10882	11334		162583	157042	161520	
0.8007	0.5136		12938	12637	12909		163038	156106	159394	
0.5822	0.3832		10982	10731	10682		160750	155670	157508	
0.0517	0.7959		10459	10006	10530		169057	164177	166173	
0.4791	0.6334		11553	12969	11431		161126	163311	156923	
0.4949	0.9905		13298	13068	11669		168209	166543	163477	
0.3116	0.4975		10158	10008	10601		172463	165475	167857	
0.3662	0.1878		10510	9354	9405		156457	150810	152320	
0.0836	0.544		12022	9738	9581		155471	158486	152749	
0.2804	0.7912		13156	11318	10966		160296	157210	154718	
0.5858	0.798		12579	12200	12689		167938	165619	165259	
0.7821	0.6372		13098	12886	14940		167384	161787	168915	
0.9503	0.7316		13837	13580	16848		173002	169335	191893	
0.7854	0.1681		11080	10632	15533		172319	178166	199993	
0.6127	0.5585		11697	11713	11558		162740	163175	169922	
0.9923	0.8867		13873	13849	14147		168026	166175	170594	
0.8804	0.7483		21008	20476	17888		225254	202883	197004	
0.6941	0.9257		13910	13851	16180		194872	184517	188544	
0.9553	0.4907		12162	15012	12588		167099	177536	201138	
0.5861	0.4839		11175	12932	11585		154486	182094	180443	
0.9356	0.2161		11098	11317	16061		165816	167342	187493	
0.2784	0.1794		11632	12740	12199		172511	169746	177671	
0.1725	0.8146		10908	11183	11028		158930	163267	160126	
0.1747	0.7031		10403	10415	13813		160638	157913	165145	
0.4871	0.5278		11972	12203	11709		167481	172102	173166	
0.1157	0.8559		10856	13378	10353		151080	161968	157871	
0.16	0.6429		10532	12847	10185		160050	168812	161320	
0.9834	0.1676		16556	11174	15486		177791	160384	186952	
0.1003	0.4207		9840	9570	9413		165530	153234	151528	
0.6618	0.2364		16916	17443	17646		222744	247451	207293	
0.9032	0.8659		14313	15198	14269		163612	183465	180603	
0.7846	0.8727		19699	19766	17408		217588	217763	186205	
0.3683	0.4834		17142	17815	17392		216617	226860	212582	
0.3584	0.4903		10285	11220	10331		164234	163418	161424	
0.6007	0.4569		16869	15607	16833		226562	225355	220666	
0.4277	0.6765		12169	11241	14395		160788	163230	165874	
0.0829	0.4749		14603	14561	15216		212268	213091	213501	
0.3334	0.3011		13266	10017	15725		168830	160679	215671	
0.6381	0.6627		12660	12514	12341		180344	189099	181999	
0.1668	0.7444		11170	10340	12669		173428	164944	181713	
0.4833	0.1287		9811	10269	9461		163598	165342	161506	
0.7742	0.5423		19559	19623	20264		213531	217275	208939	
0.1042	0.3169		8960	13582	15340		161167	204370	211483	
0.6183	0.7332		17941	20965	18355		219990	249266	220191	
0.2887	0.7707		11059	12775	11194		162102	171235	161600	
0.5273	0.5918		11903	11550	11799		166710	167294	163479	
0.774	0.362		19962	19075	17350		226610	219781	225672	
0.1887	0.6039		12212	12456	11667		175739	171980	176332	
0.3696	0.1016		9883	12921	15112		173113	207230	225554	
0.893	0.863		13923	14418	19594		168308	183409	238136	
0.5715	0.6527		17663	17848	22674		221112	224303	229805	
0.8942	0.7183		15907	13507	14042		183987	165237	165470	
0.9153	0.978		14682	13949	14700		166005	167624	174765	
0.2328	0.2933		17350	10127	9628		237504	177761	167188	
0.3553	0.0725		9461	9128	9767		156386	156633	155773	
0.6991	0.1281		10535	10677	10883		167229	166282	163355	
0.5542	0.6287		17405	12324	11950		176621	153845	149694	
0.7219	0.4836		11571	11691	14832		164402	168416	182278	
0.1837	0.8245		17400	19160	11377		238534	218766	171603	
0.6281	0.7678		18882	23893	24427		216874	273766	232889	
0.223	0.7453		17228	11540	11589		213267	175548	164484	
0.8667	0.0879		10650	11080	10766		160266	166554	160932	
0.9182	0.177		11130	11861	13291		166501	169289	174905	
0.3603	0.4587		10346	10061	9965		166998	166783	168069	
0.4166	0.9639		12450	12180	11778		156903	158964	159428	
0.1321	0.0679		9392	9126	8737		161021	161789	161074	
0.7679	0.0634		10450	10855	10878		171746	173022	171916	
0.5649	0.3256		15369	17386	17182		222883	232218	248945	
0.4302	0.4486		18670	10987	15962		211220	194917	224586	
0.8527	0.6073		19648	19469	13464		217709	208996	158810	
0.4317	0.4014		10323	14827	16556		172503	212537	226849	
0.2263	0.0657		14744	14172	12486		227842	203748	190170	
0.7384	0.2419		17294	16853	17256		243512	235672	226916	
0.9207	0.3226		17865	18067	11713		217560	201396	161252	
0.3977	0.937		20622	17069	19363		250163	230637	236077	
0.2905	0.7462		11666	11049	11090		167564	165129	168605	
0.1244	0.4165		13420	15491	15481		193424	216720	218031	
0.3379	0.8104		17009	16739	18124		210529	217487	226557	
0.9626	0.8188		19851	23365	20179		222160	222306	228498	
0.5876	0.1752		14215	9965	16279		170966	186429	214202	
0.433	0.8719		12362	11917	12018		161851	180393	167993	
0.8568	0.6029		13195	12962	13112		162361	166888	164214	
0.5467	0.6298		12070	11877	11526		162455	157371	160934	
0.8146	0.4444		13782	14048	12232		173785	172223	170282	
0.3327	0.4604		10976	10311	13707		156861	153546	161618	
0.1459	0.9529		11221	11062	11173		151551	159521	150850	
0.8945	0.3109		11531	12100	11580		161961	163103	167035	
0.3443	0.0771		12548	15160	15941		199865	224350	218705	
0.4935	0.3789		18098	10765	10455		211248	162355	159653	
0.2576	0.3019		9788	9751	10435		154368	154272	156402	
0.4109	0.5326		11324	11083	15407		157396	166579	173144	
0.8232	0.1081		11024	11219	11057		152396	162219	158339	
0.5463	0.9275		13183	13271	14871		196318	193156	172169	
0.9622	0.6961		17713	13524	18295		183216	164131	196269	
0.2586	0.6768		11026	10798	11359		161393	162412	162128	
0.2218	0.3467		15220	9377	9459		187824	154312	168029	
0.8831	0.2064		10978	13790	14231		155254	166381	170369	
0.1726	0.685		10524	10863	10948		159330	157138	162514	
0.6068	0.4056		10688	11027	11123		159555	159913	176803	
0.7025	0.0646		10360	10141	10661		155941	155188	172081	
0.628	0.2767		10657	10591	10582		162422	156809	164261	
0.1293	0.8444		17102	18590	11032		224957	221244	169382	
0.6169	0.469		11275	11606	14322		162529	170597	171364	
0.6933	0.479		11463	11372	19735		165431	166144	226212	
0.0821	0.4709		9416	9471	9524		163725	163812	161815	
0.0685	0.9515		20215	14533	14096		217832	185954	177283	
0.3883	0.1608		10157	9907	10069		155906	153331	148602	
0.373	0.129		10233	11351	9543		171613	176649	169212	
0.0994	0.1879		8905	15745	8637		166557	202514	168376	
0.2319	0.9225		11046	10947	11136		161632	163672	165695	
0.0613	0.9671		11037	16486	17133		173637	223259	225190	
0.3477	0.3325		10545	13249	9810		162212	173327	165075	
0.7842	0.6965		13257	13306	13231		155150	160264	161670	
0.1412	0.1078		9597	9643	9105		175253	175473	152634	
0.1117	0.6585		16284	9941	10045		194248	169598	158370	
0.4631	0.7923		11893	11921	12102		157417	152287	160140	
0.3827	0.8092		11853	15445	11699		151675	173899	148905	
0.5303	0.8197		12316	12244	12772		156778	159260	158783	
0.0928	0.7319		10116	9898	10044		164300	158011	162135	
0.2454	0.7298		11218	10574	10882		174827	166690	167273	
0.7296	0.8165		13694	12910	12285		170581	165973	162430	
0.9238	0.413		15314	14016	12378		173933	165563	165716	
0.2751	0.5766		11896	11512	11338		187287	189415	182308	
0.7246	0.7156		14122	12501	12539		170008	165565	164946	
0.1012	0.5465		12438	10885	9793		158402	158050	154222	
0.0949	0.7557		10702	10566	10523		165018	164287	157513	
0.7251	0.1292		13161	10645	11095		159084	153647	158516	
0.345	0.7767		13292	11631	11788		165953	163257	161600	
0.5381	0.6229		13622	11888	11785		165021	159550	159574	
0.6486	0.5801		14106	12494	12519		168385	162963	162780	
0.6852	0.3527		11383	10819	10813		169232	160505	161932	
0.8811	0.4171		12813	12326	11824		162821	155452	157567	
0.5777	0.8381		14719	12485	12066		169538	161943	161666	
0.7197	0.1183		10532	10544	10263		170381	163455	163217	
0.0966	0.5999		10326	9703	9624		165683	159673	160615	
0.5574	0.6306		12520	14005	13472		169605	169382	168437	
0.5431	0.1585		10627	10085	9951		161353	157603	157934	
0.0603	0.4924		11751	9648	9190		159490	155447	154460	
0.5145	0.3898		12104	11388	11929		186252	181460	182536	
0.2856	0.1842		12152	9381	10904		162301	159609	161676	
0.3788	0.7937		13114	11618	11706		175128	170539	171732	
0.1135	0.7289		10598	10022	10259		168471	163274	165180	
0.9987	0.8581		14417	14158	14068		164649	160776	160861	
0.8757	0.0724		11411	11079	10845		175623	168368	167747	
0.8085	0.9362		15114	13652	13097		162465	156364	156590	
0.7753	0.2073		11974	11672	11441		194091	188755	190654	
0.3545	0.3544		10375	10009	9801		175040	172092	171314	
0.7433	0.8618		13490	13154	12617		158579	154019	153518	
0.8772	0.2189		11691	11475	11404		163913	158045	157615	
0.1489	0.2734		9851	9537	9357		161181	154568	156035	
0.8469	0.6151		13469	12962	13158		170217	164319	164713	
0.3607	0.6135		11101	11085	11049		168079	162993	164563	
0.7172	0.9464		14464	12699	13196		165194	161018	159681	
0.3957	0.6928		12185	11495	14480		162557	157909	173964	
0.3728	0.512		11231	11001	10853		172943	172724	165605	
0.5926	0.4648		12159	11090	11212		163212	157036	154908	
0.0734	0.3627		11005	9348	9073		163938	159505	159704	
0.3508	0.88		17255	23302	18490		209634	266100	199664	
0.9155	0.2844		11901	11915	12177		171787	169247	165204	
0.3924	0.2805		16157	17206	13688		221965	199775	168125	
0.9712	0.1636		17702	11446	11788		203539	162679	195824	
0.2144	0.1954		10227	15276	9572		178785	193410	149511	
0.9636	0.7806		17811	14033	13934		196696	165047	166379	
0.8752	0.5024		13423	13473	14375		160024	160655	185397	
0.8224	0.0872		11092	10838	10444		160279	160574	161749	
0.5201	0.3739		10672	11099	10616		157394	157545	157086	
0.7135	0.3558		11078	18402	15620		178364	227062	224759	
0.8401	0.9455		19317	20099	22043		221207	264123	254036	
0.8491	0.7018		13633	16910	20390		167491	223744	201529	
0.1101	0.2234		15367	9592	15587		191886	167053	232998	
0.4457	0.1442		9952	9509	16149		165222	165287	216196	
0.1265	0.9797		16910	11325	11555		199145	162755	170361	
0.7277	0.2807		11260	10891	10964		161075	165087	167073	
0.456	0.4999		10377	10104	10631		157067	158867	163103	
0.2995	0.5567		11065	10938	10781		155830	158472	157773	
0.3247	0.5522		14001	11031	11773		170867	167444	194645	
0.3353	0.9883		14506	18063	11600		173159	195501	163558	
0.9193	0.5111		19109	16901	19371		204137	207717	199233	
0.6644	0.278		18881	18343	10544		227673	194113	174077	
0.1461	0.8113		10914	10802	10698		164942	165693	163693	
0.0676	0.2355		8935	8730	8904		154216	155035	156982	
0.5981	0.2028		10008	10696	11861		160346	164385	196710	
0.8561	0.5791		14644	12943	13353		156824	152348	153782	
0.3039	0.367		10035	9621	9850		163681	158963	160861	
0.1211	0.9674		11717	11170	11162		186650	183537	182862	
0.5417	0.7387		12819	12367	11972		160269	155096	153994	
0.0935	0.068		10144	8533	8623		157682	149297	149274	
0.3067	0.2546		10242	9481	9772		171237	167469	165221	
0.6737	0.967		15222	12788	13078		163195	158784	158305	
0.1476	0.6894		11322	10318	10494		169102	165120	165715	
0.0752	0.9089		17146	17375	35048		208876	217157	245608	
0.1452	0.6092		13951	10075	11736		159656	162429	171646	
0.6072	0.8298		12398	17170	17270		159902	179447	171024	
0.2247	0.298		9928	12847	9687		169030	164346	159217	
0.2946	0.8671		12272	18196	16779		175405	231692	231501	
0.9158	0.3118		18164	19162	19299		228666	226592	227122	
0.5521	0.9711		19927	18425	20577		232231	231860	252679	
0.2414	0.6568		18338	18664	11314		231701	230203	200313	
0.5889	0.6418		19939	18878	13284		231096	205087	190450	
0.4297	0.16		16982	15542	15846		231988	230323	223814	
0.6827	0.4892		11848	11573	11757		163132	161756	160625	
0.8509	0.5426		13422	12901	16444		164980	163526	203575	
0.9768	0.7073		19950	20125	13473		228084	224723	171713	
0.1304	0.0705		9431	9092	8932		159623	160496	165086	
0.9213	0.8322		14394	14012	13903		162382	164689	167474	
0.7029	0.0852		15895	10577	11095		212611	162080	170700	
0.7379	0.3986		18410	17391	17418		222768	223445	226184	
0.1555	0.182		9220	13679	14733		172890	209367	206137	
0.8749	0.2733		11882	11350	11338		159564	161975	162517	
0.8109	0.7923		13460	13182	13388		162070	165640	165396	
0.718	0.5449		15292	12761	17415		170256	167314	184056	
0.3298	0.916		17021	19231	18124		220062	232794	226181	
0.0654	0.8852		10656	10549	10729		172151	169749	171755	
0.2988	0.0832		10108	12672	22467		187285	189084	270153	
0.6344	0.8639		13269	16175	12870		166033	171290	164787	
0.8873	0.4304		12247	16670	17115		168847	181497	173914	
0.1567	0.2325		8919	8904	16651		155012	177573	210981	
0.6986	0.3916		11726	11281	11543		156460	157901	160100	
0.4423	0.2233		9673	9936	10035		172919	172327	169726	
0.145	0.3904		9625	10013	14439		163036	158260	169820	
0.5147	0.5559		11921	11684	11829		167232	163296	166039	
0.1773	0.8549		17170	11166	13691		206222	175573	167495	
0.3506	0.8358		11221	11791	21737		174886	194564	230688	
0.1634	0.3173		15560	16988	16879		249119	251235	244331	
0.7465	0.3341		18942	17684	18024		236142	226503	224039	
0.4822	0.3924		10606	10329	10792		175393	166793	169862	
0.8126	0.5874		13173	12808	13479		169268	162988	168067	
0.0994	0.8824		14551	10695	10539		170618	156069	151289	
0.4214	0.7882		14719	11543	14872		176675	161894	172032	
0.9904	0.2589		18614	12735	18161		202773	191110	207796	
0.1287	0.1842		14331	14352	13478		208945	223152	224420	
0.1514	0.9835		18405	17485	18351		214109	214907	210912	
0.1475	0.5884		16946	16597	17394		220965	230133	227681	
0.6666	0.3057		11375	11010	11532		164862	181547	167245	
0.7005	0.1146		11666	10327	10445		160909	155263	160397	
0.3478	0.3757		16500	16521	17548		221203	239061	241069	
0.3383	0.4302		19530	17028	15725		228436	218280	209551	
0.1215	0.2474		12160	9319	8685		163056	165108	157329	
0.5497	0.7535		13039	13102	13305		193340	194099	192210	
0.7189	0.3056		10889	14092	11557		160746	173209	168576	
0.9541	0.6018		20799	19866	19775		226598	220555	220927	
0.546	0.4579		11591	11280	11486		173811	166854	165812	
0.5078	0.2068		12804	9969	9898		176838	166948	168354	
0.7325	0.588		12912	12199	12349		165592	159320	158399	
0.5399	0.5727		12388	11623	11985		175751	166898	166329	
0.1593	0.8522		11107	10777	10851		175354	196273	168447	
0.8381	0.6004		13191	12876	12938		179356	173240	168911	
0.4006	0.5773		12784	11156	11241		160658	152338	151179	
0.6017	0.8042		12913	12053	12293		172021	163902	166012	
0.7537	0.432		18865	16186	12269		201724	197699	168163	
0.763	0.4849		11990	12522	12163		167346	180122	170411	
0.1399	0.9562		11480	10837	10767		172243	171758	168375	
0.4836	0.2357		16639	10347	10218		220009	166712	158522	
0.4652	0.1175		10741	10190	10350		184062	184667	180759	
0.7699	0.79		13152	13297	13303		160022	160448	158438	
0.5487	0.3568		19027	11178	11025		221383	194318	196408	
0.9056	0.5729		15157	20107	14880		193805	219489	177948	
0.8942	0.9304		14062	13849	14027		159547	162709	162894	
0.3468	0.4717		16700	10079	10492		208138	161335	162452	
0.4772	0.3512		10533	10332	10449		159593	161586	159157	
0.5424	0.2153		10214	9792	10173		167645	166381	166085	
0.9143	0.8031		17780	13469	15842		177539	162940	172041	
0.8617	0.4919		14873	15537	13788		185178	186128	181442	
0.2339	0.7777		12846	15536	14393		182106	187059	187223	
0.1619	0.1324		13905	13442	14950		178011	184497	186136	
0.0765	0.1665		11477	12814	10547		185704	187514	195942	
0.5515	0.4398		10772	10769	11019		162120	161859	162673	
0.1879	0.5376		10656	10012	10315		150963	151337	149953	
0.8119	0.2535		11396	10988	11511		165764	167097	167193	
0.3145	0.5208		10709	10484	11011		151422	154438	152985	
0.8162	0.9093		13695	13265	13656		165330	167454	166038	
0.5694	0.6174		11780	11578	11435		168147	170414	173993	
0.2986	0.1769		9565	9412	15119		155258	165225	196521	
0.6172	0.2633		10845	11094	11046		158860	184042	181908	
0.182	0.6154		11559	10745	14057		163100	170878	173204	
0.7211	0.3259		10860	11184	11462		160508	160051	166080	
0.8422	0.9762		13643	13682	13263		165685	162672	167292	
0.5623	0.9196		16762	12646	12584		181489	171355	162857	
0.0607	0.5068		9720	10355	9618		151725	157918	157831	
0.9786	0.2032		11769	11427	11647		148733	152393	156736	
0.1683	0.4716		9877	14667	9544		180054	200309	156951	
0.3034	0.2434		9661	9836	9550		152482	153774	153324	
0.1599	0.4058		9796	9468	9918		149511	151603	150752	
0.8185	0.172		11623	10842	10819		155183	157901	157080	
0.5293	0.3668		10862	10459	10487		151239	152790	152293	
0.7181	0.8256		12891	13040	12578		167213	170768	168910	
0.4674	0.5556		11517	11398	11054		162953	163204	165193	
0.6496	0.5258		12445	12107	12290		154910	157639	157937	
0.8288	0.8167		13254	13038	13446		166645	168877	168040	
0.2435	0.7221		14661	20732	11247		202816	229874	171583	
0.5166	0.7597		13036	12745	13098		202792	187361	180801	
0.3496	0.5435		10692	10826	14166		155385	156438	173133	
0.9129	0.2087		12744	14339	11004		171402	173680	157909	
0.8202	0.7922		13562	16301	13381		164601	172800	165810	
0.4029	0.4793		10759	10925	10242		157595	156845	153648	
0.5306	0.479		11080	10672	10665		154060	156859	152177	
0.1383	0.3611		9694	9558	9919		150875	153694	177195	
0.8117	0.8511		13279	13650	13344		161966	164057	164578	
0.3965	0.9353		12012	11996	12114		159214	159275	159094	
0.6069	0.4975		11143	11363	10726		157304	158620	160091	
0.7909	0.3411		11252	11501	11476		156579	156959	157430	
0.5355	0.599		11694	11497	11541		163109	163217	162222	
0.629	0.3805		11127	11464	11120		158202	159672	158938	
0.8623	0.2883		11213	12763	13788		162059	169172	181662	
0.7608	0.0805		10469	13740	10448		168476	172101	162324	
0.3323	0.6518		11185	11172	15678		156709	156275	207689	
0.5075	0.1645		10144	10124	10198		164432	165820	165661	
0.6364	0.2891		17232	10683	10887		197748	160192	161600	
0.078	0.7435		11157	10343	10555		183723	182903	181271	
0.9761	0.3399		12546	11544	11857		160708	161525	160659	
0.7505	0.3994		11739	11530	11473		167058	167114	165835	
0.3094	0.9834		11734	11419	11803		160399	162547	160611	
0.3492	0.5282		11045	10959	10961		152623	153774	155289	
0.3129	0.8758		11614	11354	11558		175932	177725	174675	
0.6956	0.308		11213	11332	10688		163882	165012	165127	
0.9141	0.5147		14206	13704	13724		188931	190340	188657	
0.7233	0.3929		11435	11117	11069		163754	165168	163955	
0.7418	0.8593		13173	12828	12919		163218	162999	162680	
0.1208	0.0973		9461	9179	9376		193897	196015	195895	
0.4123	0.6609		12027	11210	11986		149350	148658	148178	
0.8618	0.9821		13393	13639	13359		158946	159246	160527	
0.4795	0.1775		9975	10229	9745		158765	162337	158584	
0.8511	0.0701		10869	10973	10915		163663	166124	164968	
0.4562	0.2803		10180	10356	10433		159285	159384	161193	
0.382	0.306		10220	10363	10667		155064	156616	155187	
0.3025	0.5964		10962	10939	10966		154406	154032	153913	
0.7065	0.3629		11169	11287	10702		152022	152677	152497	
0.7761	0.1384		10914	10644	10456		161878	162105	162445	
0.7466	0.4287		11750	11342	11483		160429	159482	161020	
0.8872	0.1969		11259	11465	10867		162641	164131	164615	
0.3996	0.3202		10267	9914	10153		165608	166214	164527	
0.8791	0.9005		14107	14047	14237		153450	154465	154930	
0.3105	0.805		11541	11176	11013		156551	156160	157631	
0.3692	0.9848		11660	11481	11673		157338	157964	155983	
0.7079	0.4514		11169	11208	11305		152580	151573	154959	
0.414	0.7301		11719	11410	11193		157905	156576	157156	
0.3831	0.5239		12015	11045	11279		188045	162568	158728	
0.4377	0.8521		11808	11688	11781		162920	161718	161748	
0.2706	0.8175		11354	11228	11104		158358	159124	157647	
0.7	0.443		11513	11605	11612		155317	155280	157712	
0.386	0.0821		9384	9814	9626		143837	147905	146358	
0.6002	0.5719		12008	12066	11677		162083	161813	163825	
0.0576	0.2813		9335	8928	9040		154617	154756	153284	
0.8296	0.4051		11657	11706	11702		158786	155311	159032	
0.4062	0.2779		9846	9956	10105		162519	161155	159904	
0.2321	0.6746		10638	10281	11157		162542	161762	161616	
0.5236	0.3946		11396	11534	11332		187366	186497	185591	
0.172	0.2114		9518	8941	8850		156483	155274	155850	
0.1896	0.5869		10371	10237	10176		153160	153133	161336	
0.4682	0.2371		10640	10529	10643		182425	169555	170312	
0.8319	0.2284		11714	11927	11121		168536	169439	167995	
0.317	0.0886		10621	15954	9697		192382	232450	184682	
0.2351	0.3791		10063	9873	9781		162265	162290	160959	
0.4778	0.4899		10849	10150	10096		160791	166384	160613	
0.7329	0.6203		12355	12264	12775		158573	160405	161080	
0.2987	0.455		10408	10109	10411		164209	163693	166934	
0.1699	0.6783		10559	10595	10412		155952	155868	156465	
0.7028	0.1833		10458	10719	10293		165254	167311	163469	
0.8361	0.7379		13031	12768	13521		165623	166493	168320	
0.766	0.7001		12907	12988	13204		161127	160676	172633	
0.8219	0.3319		11250	12000	11999		168654	188582	187125	
0.983	0.554		13210	19230	13457		177870	196181	157081	
0.7187	0.4023		11563	11309	13373		165945	159651	167858	
0.8725	0.6005		12714	12948	12772		161959	160887	159955	
0.8757	0.3291		11612	11836	11601		154415	153990	153373	
0.3928	0.0579		9737	9594	10357		158359	156757	162884	
0.9769	0.1245		11061	11114	11223		159976	157524	156225	
0.9035	0.7673		13868	13944	13602		162109	161545	161084	
0.4053	0.5453		11237	11185	13562		157610	157492	188275	
0.6044	0.6118		11963	11848	11894		149452	149517	146887	
0.9553	0.1562		11574	11466	11028		162380	163680	159869	
0.569	0.3859		10854	18564	10715		185934	222487	165009	
0.3984	0.6518		18146	11666	11648		218154	170648	171174	
0.1792	0.1701		8921	9094	9234		149859	148517	149691	
0.8383	0.9467		21440	19357	13476		230118	192139	159614	
0.9989	0.8523		13737	13779	13758		172911	170256	169794	
0.6816	0.8703		14704	12849	14939		173624	163513	164372	
0.5999	0.1081		15417	10288	12576		203500	177417	195180	
0.1233	0.4556		9580	9472	9985		159812	181443	170015	
0.7307	0.5399		12502	17088	12550		161940	171814	162274	
0.4527	0.9803		12602	12182	15105		156603	155730	169700	
0.6149	0.3659		10932	10634	10714		156208	154486	159062	
0.7472	0.4855		11962	11641	11219		163017	164363	159410	
0.5315	0.9817		15406	12774	13471		176534	164716	165608	
0.4263	0.9055		12822	12793	12629		194333	195840	184399	
0.1257	0.6821		10421	10252	10530		170299	169777	171181	
0.1999	0.1458		8972	9086	9205		155427	155417	153028	
0.0793	0.5714		10200	13085	9801		162903	168394	154249	
0.8745	0.6447		13499	12802	13215		158085	160065	159268	
0.4011	0.9196		12198	12491	12282		166946	173189	165404	
0.7595	0.2171		18490	11419	16986		227160	206351	214538	
0.9133	0.3255		12517	11479	11751		166338	157600	152659	
0.556	0.4837		11396	12156	11298		158211	156554	150610	
0.3769	0.5427		11842	11308	11061		167142	163224	160676	
0.1689	0.3896		10092	9704	9744		173316	168187	163226	
0.3971	0.246		10324	9724	11372		163322	157653	162806	
0.0507	0.7376		10608	9851	10082		157781	154795	153217	
0.663	0.696		14230	12602	13436		173604	174261	178723	
0.446	0.211		11496	9636	9567		163456	156371	155092	
0.0781	0.8866		10518	10495	10553		168096	161095	160628	
0.5572	0.6371		11999	12553	12258		169839	172540	163365	
0.7223	0.5803		12505	12626	12489		163563	175742	159596	
0.3161	0.7743		11383	11260	11540		160146	152336	155236	
0.1938	0.7971		15169	10603	10788		181902	162310	161395	
0.7198	0.6724		18261	19871	19963		218629	210432	227901	
0.4406	0.1639		9962	9567	16598		167527	183293	222631	
0.1077	0.7245		10463	9891	9973		159606	159809	158552	
0.4059	0.7428		11645	11508	11457		157160	157427	155892	
0.9564	0.0812		11141	11235	11180		173146	163497	161516	
0.8619	0.8981		13914	13157	13605		160624	162802	158084	
0.2322	0.5651		10908	10720	10202		155981	157345	155916	
0.4725	0.821		11975	11876	11833		161101	161031	160493	
0.7173	0.1077		10114	10359	12438		158397	185428	174302	
0.826	0.3968		11721	11589	11550		162118	159910	157740	
0.1365	0.7742		10473	10528	10697		155794	153772	151059	
0.4103	0.9751		11914	11742	12255		169055	167971	166590	
0.4402	0.3562		10772	11253	11489		203511	186151	183287	
0.7911	0.47		11838	11718	12185		166725	162596	163042	
0.7904	0.1692		10663	10935	11108		170576	171705	168773	
0.3329	0.5108		10822	11011	10909		155751	155446	153431	
0.8752	0.3921		12750	12533	12339		162125	159243	160970	
0.3643	0.2034		9750	9473	9472		160453	162652	162488	
0.4709	0.2282		10653	10934	10464		186850	189287	188567	
0.5147	0.8498		19965	13307	12714		209121	181301	175712	
0.577	0.7709		13251	13219	13199		182416	183921	182792	
0.3595	0.1127		9791	10175	9311		161688	159457	161236	
0.8601	0.794		13350	13482	13081		157111	159017	162451	
0.9482	0.7935		19979	13740	13706		181593	165995	165168	
0.6142	0.9997		12691	12881	12654		163699	165000	163348	
0.3369	0.7409		11584	11721	11606		175049	172756	178436	
0.6526	0.3205		10736	10692	10979		162298	164419	161907	
0.9126	0.8345		14185	14596	13847		163887	166952	164561	
0.0542	0.5982		9608	9589	9612		156871	157605	155631	
0.3201	0.7607		11974	12015	11195		162589	163731	161154	
0.2014	0.2175		9302	8992	9003		161121	161415	162518	
0.9676	0.8502		13582	13847	21589		167290	177214	199965	
0.952	0.8393		13982	14001	13940		166846	167696	167797	
0.3332	0.9676		11652	11294	12070		171496	174158	180018	
0.957	0.7109		14586	14423	14896		190015	191112	189767	
0.4531	0.5381		17392	11192	11285		212237	159731	160167	
0.262	0.5214		10595	10782	10685		160302	160690	160911	
0.2252	0.4773		9675	9659	9786		151614	151349	152808	
0.4996	0.5537		11576	11369	17863		159378	165483	214791	
0.5415	0.7184		12083	11813	12092		164570	163152	163475	
0.3962	0.2961		14851	16916	9978		203974	214761	160585	
0.1113	0.8263		10164	10169	13966		159742	167595	184978	
0.3132	0.4837		12239	9976	9934		159522	154620	151776	
0.8826	0.6987		14176	13863	13605		159750	158055	157102	
0.3332	0.0637		9589	9126	9146		159364	159241	157804	
0.1791	0.7432		10890	10776	10552		161930	163589	160419	
0.0618	0.6315		9907	9685	9776		156965	155662	154271	
0.4335	0.1267		9662	9671	9831		154672	152994	152288	
0.0519	0.797		10589	10586	9976		165531	166387	164103	
0.3966	0.4992		10463	10307	10448		155911	155739	155113	
0.709	0.8504		12879	12711	12973		166006	167560	165881	
0.8498	0.6043		13037	13019	13012		169895	169354	167751	
0.1003	0.5432		9822	9793	9783		159442	159022	156667	
0.8098	0.112		10671	10762	10796		158014	158343	157919	
0.4653	0.2178		9919	9865	10127		165789	165583	168945	
0.1005	0.3954		9405	9940	9717		157627	158143	156571	
0.3139	0.1171		9472	9136	9382		156370	159114	160307	
0.7599	0.619		12757	13108	13436		154070	159264	156997	
0.7551	0.9006		13993	13633	13345		160084	157917	156087	
0.8945	0.5145		13326	13131	13731		155104	157396	156607	
0.158	0.9523		11071	11093	11030		149174	151954	150539	
0.7791	0.0902		11455	11369	11474		176388	177266	180537	
0.2305	0.1355		9147	9557	9576		151457	151930	153413	
0.3842	0.2539		9845	9970	10028		161648	163564	165380	
0.7508	0.5276		16567	13652	13259		182382	170953	168802	
0.5232	0.7691		12469	12640	12185		165412	165047	165626	
0.9275	0.2949		12081	15665	11565		160759	174242	160886	
0.4189	0.5297		11411	11080	11645		169430	167037	165790	
0.3111	0.9081		11454	11702	11645		162260	160408	162505	
0.789	0.9288		13665	13054	13299		164679	163993	164096	
0.6837	0.1714		12383	19978	10442		164180	215546	158284	
0.832	0.5023		13323	13066	13123		153888	153729	157020	
0.3246	0.6636		11521	11104	15716		157213	156946	208108	
0.8797	0.5171		13673	16923	20939		169539	214339	205920	
0.3397	0.3434		9647	9720	10631		163258	169325	161367	
0.2463	0.4642		9950	9719	9882		163043	161641	161832	
0.5678	0.5485		11624	11895	11608		160453	161239	160515	
0.6446	0.7525		12866	12518	12978		157721	159980	166658	
0.1349	0.2364		8933	9098	9189		165934	165927	165867	
0.2951	0.9773		11632	11676	11153		158842	158415	159859	
0.9687	0.3738		11902	12086	12138		164567	164688	169840	
0.8856	0.3801		11929	12208	12153		149474	149938	149922	
0.2809	0.6938		11237	10991	10860		157830	159842	158100	
0.2513	0.2224		9335	9677	9631		154516	155505	157069	
0.2632	0.4121		10181	10013	10125		163189	160619	161017	
0.555	0.1224		10021	10054	10772		157251	155570	157030	
0.4188	0.1742		10094	9588	9594		157830	154410	155006	
0.8584	0.4953		12041	12059	11993		172577	167198	168497	
0.5312	0.9877		12735	12632	12944		165552	165645	166189	
0.4091	0.4618		11099	11547	11238		191554	188228	191839	
0.8642	0.8969		15432	13220	13336		181571	165381	162542	
0.0507	0.6965		13398	17189	17921		225034	238813	240541	
0.1227	0.4748		17168	18675	14526		230336	242792	219850	
0.4779	0.8991		11941	11904	13411		161380	159430	170090	
0.9381	0.1555		11218	13252	20113		169077	187417	234036	
0.32	0.8178		17924	13306	18616		245504	185596	228918	
0.5849	0.6849		19331	18470	19410		226106	226728	238630	
0.1783	0.5488		18496	17897	10517		235740	200826	159911	
0.9463	0.1868		11267	11305	11447		156685	156266	155033	
0.6965	0.7868		12897	19196	20284		182987	224015	221649	
0.6927	0.6229		21627	15000	16823		237437	201307	190982	
0.2787	0.5076		14359	16252	12986		191432	196142	186918	
0.4597	0.5879		12572	23031	20389		216611	275257	253053	
0.3592	0.5951		16415	19728	13190		215782	210501	178543	
0.1372	0.5519		16365	15749	10415		209618	205234	153937	
0.3668	0.3914		17082	19158	18739		233444	251265	233637	
0.8522	0.7166		13348	13285	13319		163469	166271	165093	
0.3348	0.2427		9938	11175	10410		159952	193609	197337	
0.3403	0.0853		10364	10001	9477		171119	167416	157450	
0.8711	0.4425		14904	12113	14229		182621	173519	164975	
0.386	0.4354		10357	10443	10469		163517	159476	158793	
0.3882	0.3114		10544	11817	10197		155840	160869	157238	
0.5075	0.1195		9992	9933	10278		159544	164956	155317	
0.628	0.1127		17674	17144	17653		238762	242063	216062	
0.9214	0.3114		12421	11585	12001		164810	160694	164062	
0.8432	0.1582		11033	11170	10750		165996	158336	161021	
0.2031	0.3799		10871	9593	10653		165306	158422	160470	
0.5673	0.1838		10654	10139	10244		174425	163131	161588	
0.4806	0.0863		13375	9388	9771		176755	165543	164251	
0.7994	0.6838		17696	13104	13277		177176	166285	164694	
0.8741	0.6898		13387	12995	13415		167213	169056	168373	
0.5015	0.7226		12269	12735	12261		158919	174056	161967	
0.3494	0.2392		11438	10032	9462		168368	162026	156789	
0.1818	0.954		17484	16404	16796		219255	217501	219265	
0.3608	0.1052		12586	9882	10107		192796	185322	183408	
0.2891	0.4219		10348	9914	9917		177490	169018	166400	
0.7883	0.4939		11664	11836	12236		163102	167748	171163	
0.5217	0.1918		13851	10214	9939		172197	162082	160584	
0.368	0.2779		14563	16693	16127		219156	224817	220835	
0.4971	0.6139		19225	17599	15767		235459	228814	191545	
0.5073	0.932		15665	13175	12998		183361	170178	168005	
0.499	0.7644		12457	11801	11833		169767	158590	155216	
0.6042	0.4319		12694	10826	11075		170272	159404	159675	
0.5193	0.5813		13658	11535	11552		171378	164433	162885	
0.3128	0.2375		11259	10231	10320		196134	187613	190103	
0.3658	0.7149		13397	10893	11200		172357	163490	164675	
0.8316	0.9683		14985	13438	13694		168471	160980	160796	
0.576	0.6768		13069	11898	12209		175098	165810	164181	
0.1999	0.9962		11087	10799	11177		156702	149445	149240	
0.9068	0.2289		11418	11039	11795		167616	161185	163425	
0.818	0.6216		13344	12771	13019		163098	155512	155823	
0.8711	0.4167		16306	11542	12027		159977	149992	149416	
0.3485	0.8812		13941	11868	12310		172865	165791	162630	
0.7501	0.6044		14659	13102	12966		165911	162897	160418	
0.7674	0.2407		12132	10912	11795		166538	160088	182587	
0.8005	0.6994		14405	14087	14289		185153	178637	194458	
0.9417	0.6621		15057	13614	13692		163956	157699	155388	
0.4583	0.0801		12013	9422	9957		165297	159735	156807	
0.8645	0.6338		13176	14400	13383		167371	163633	161142	
0.5632	0.7357		12370	11905	11862		169496	162761	162270	
0.7965	0.0622		10854	10491	10849		169374	164282	163402	
0.7741	0.5991		13416	13124	16709		163326	156121	173715	
0.6041	0.548		12317	15327	16868		176404	209475	187301	
0.4107	0.7147		11505	17389	17319		167669	212489	214343	
0.6749	0.3564		18561	18541	17827		210781	230889	203181	
0.3034	0.1844		9443	9853	16244		159203	180793	213357	
0.9209	0.8077		17388	21376	16362		192397	211696	182079	
0.7677	0.8367		16398	16703	18791		191196	192467	203972	
0.6127	0.211		12149	13793	12898		179147	183034	184483	
0.8964	0.4254		19306	14599	15317		194624	182035	178669	
0.9195	0.5993		18373	15631	21748		204056	208935	233136	
0.1482	0.3509		12194	14003	13462		202744	202807	207435	
0.3559	0.8501		14189	14598	14578		211430	206458	208189	
0.741	0.5465		13826	13964	16497		189050	187833	198939	
0.9953	0.2018		13812	17433	18417		191008	221482	232133	
0.3097	0.3237		9735	10917	11884		162807	189317	191386	
0.595	0.4486		14012	11618	11051		192417	186789	166181	
0.9106	0.4983		14390	14844	12290		186230	186211	180190	
0.7784	0.5694		12783	13478	12665		164735	166093	163781	
0.5433	0.3468		10672	10403	10631		163829	162745	162430	
0.2796	0.3588		9821	9806	9590		161857	160221	157614	
0.8364	0.5122		13536	13155	13350		166762	166422	165953	
0.3091	0.2986		9950	9903	9919		148908	149418	150936	
0.7796	0.4936		11957	11732	11661		166978	167943	165969	
0.083	0.153		8576	8530	8805		150226	152332	146846	
0.9824	0.4218		12072	12048	12211		164960	169228	165475	
0.6054	0.8867		12280	12293	13011		166082	162973	162374	
0.8793	0.6021		14004	14340	14136		198336	195364	194760	
0.3517	0.6704		11400	11460	11279		159354	159317	156324	
0.6569	0.9435		13456	12910	12692		168957	167887	168097	
0.1537	0.5724		10471	10055	10306		157217	158781	156687	
0.3028	0.5484		11194	10945	10765		161182	162632	159369	
0.4132	0.269		10118	9900	10313		154276	154336	154170	
0.2299	0.0501		9515	8918	8794		164317	167606	165235	
0.6924	0.608		12641	12509	12724		163992	165025	164270	
0.8453	0.3637		15029	11704	11991		165450	160239	159668	
0.6091	0.9693		13197	12720	12669		155886	152992	156028	
0.5017	0.4331		11523	10728	11303		164966	166233	164979	
0.5458	0.3789		11193	11362	10678		159076	153992	152481	
0.4108	0.6174		12331	11559	12084		166867	165509	169500	
0.6611	0.4585		11274	11272	11439		161680	161292	163266	
0.8442	0.1853		10953	11056	11154		159739	159158	158250	
0.1241	0.1435		8818	8866	8611		154896	155718	155116	
0.0502	0.5132		9784	9620	9531		158452	153851	151208	
0.5923	0.5883		11932	11664	11596		160704	159101	158436	
0.4016	0.22		10227	10009	9682		160147	160262	159561	
0.0624	0.3634		9109	9190	9402		161825	160951	160499	
0.5895	0.4272		11463	10785	11236		159428	159841	158397	
0.4857	0.0682		10140	9755	9836		154264	153812	152330	
0.1408	0.1712		9111	9168	9061		166208	164292	162934	
0.7238	0.1456		10373	10299	10268		150257	149979	150807	
0.6031	0.2968		10535	10419	10716		158494	156355	157937	
0.0705	0.0703		10736	8548	11231		184926	172632	175435	
0.5209	0.2459		10457	11602	12455		167156	167874	172598	
0.2928	0.7504		11774	11789	12121		176118	175559	175204	
0.2156	0.9099		11711	11102	11433		163007	158964	153186	
0.9276	0.2986		11652	13859	18316		191123	211026	187549	
0.3818	0.5632		11627	11456	11440		162321	156267	172040	
0.0953	0.7959		10444	10250	10089		162135	161925	161619	
0.7106	0.3819		11612	11579	11397		165465	166535	161880	
0.1254	0.3189		9888	9383	9659		158946	158269	160073	
0.117	0.5649		9850	9761	9633		153583	154707	154324	
0.6992	0.4587		12011	11613	11808		162864	164222	160402	
0.7547	0.4106		11935	11694	12104		164005	161991	160951	
0.6395	0.6134		12371	12616	12216		161977	162132	159060	
0.4583	0.7857		12109	11590	11726		168223	167387	166381	
0.2587	0.9637		11774	11372	11287		165195	164879	165750	
0.4479	0.8985		16799	13782	19711		189176	191204	217216	
0.6684	0.9043		13669	13876	16838		197785	193840	201870	
0.2288	0.8314		10996	11091	11132		151871	154135	151193	
0.3311	0.2429		9763	9468	10078		158750	160945	160012	
0.5409	0.1149		16746	10004	12586		190965	174910	173936	
0.489	0.4669		11259	11144	10382		170978	163783	158836	
0.5335	0.1909		12860	12205	14146		182897	184325	191495	
0.5489	0.4812		16065	16115	13744		200052	207238	212009	
0.3248	0.6059		16441	16033	15023		196320	188752	197894	
0.6177	0.4253		14337	18341	14639		210206	208522	185099	
0.7525	0.1055		14883	12446	13219		197487	199171	193581	
0.5285	0.6415		15566	14238	13152		190862	190052	184158	
0.702	0.8495		14248	16130	18847		179624	188391	194933	
0.6967	0.5199		15254	15620	15001		188593	187897	185037	
0.138	0.6575		17574	16959	13665		199876	210053	194072	
0.7906	0.9576		15784	19695	16633		191757	199556	185389	
0.9539	0.8073		17979	16268	17369		195041	189876	186846	
0.1393	0.2857		12352	9860	11170		183132	182081	179787	
0.8939	0.9575		18129	16496	17400		185616	182262	182295	
0.6672	0.8962		15864	16851	18172		195272	191258	194801	
0.4053	0.5139		13742	12873	13360		186571	180366	180552	
0.54	0.3528		12890	12685	14628		189708	186766	184905	
0.3181	0.4748		14193	12588	14632		186919	182574	209060	
0.6075	0.2758		14667	14305	17123		184716	182607	186050	
0.85	0.5346		13456	13233	19460		170117	159904	192450	
0.7488	0.9939		14987	12956	14234		179548	171130	171901	
0.6774	0.5711		12992	12491	13446		173345	175273	173634	
0.3547	0.0631		9582	9840	12639		164403	162584	176245	
0.9645	0.6896		22397	15154	16126		212030	182530	186129	
0.6832	0.8213		13953	15367	14978		192431	192734	194359	
0.1414	0.5467		19696	15421	12047		235627	202559	175096	
0.9039	0.2488		14921	15502	15462		186964	195489	188086	
0.5624	0.8198		15682	16131	15252		187092	187414	190692	
0.5611	0.1044		13126	14513	15041		180945	181557	185403	
0.9296	0.7299		18532	18750	17624		207081	234857	198134	
0.7258	0.4213		17286	18143	16054		207534	201999	196280	
0.609	0.7688		17558	17585	18401		200274	206736	205111	
0.9922	0.3179		17280	17793	14794		198302	208988	179804	
0.9379	0.09		16446	16036	13172		194491	190207	178176	
0.08	0.6022		13712	12857	12378		188503	190596	192858	
0.7732	0.2629		15841	16678	15510		193056	191466	195678	
0.4385	0.6924		16342	16384	13569		189882	183563	180499	
0.2867	0.4456		14050	10354	10550		193755	170106	170903	
0.4069	0.9547		12499	11803	12956		172675	166209	168903	
0.9814	0.5675		13965	13691	13274		173368	168240	170534	
0.5193	0.2855		12641	10731	10439		168384	162368	166214	
0.4987	0.3663		11374	10679	13683		165749	168650	192704	
0.3148	0.4747		10308	10379	10175		158081	158357	164007	
0.3059	0.5008		11748	11816	11381		179779	184224	159242	
0.1255	0.6964		17943	17063	16966		223528	217296	197157	
0.9947	0.1374		11699	11177	11089		171799	168629	168200	
0.5098	0.1265		10959	10760	10410		164234	162125	173821	
0.2724	0.8032		16330	16052	13822		197424	196749	190463	
0.5798	0.867		15270	20668	19439		223397	249639	229509	
0.8145	0.4262		15209	16267	18092		181221	182061	183734	
