16	17	
0.2242	0.2328		2092	2095	2045		163444	150167	153716	
0.5749	0.8013		4256	4351	4382		159803	151389	149782	
0.3448	0.6328		3725	3315	3273		178056	161973	161064	
0.6708	0.223		3059	2873	2669		169305	156819	157362	
0.9217	0.6458		5774	6242	6601		242387	237675	240606	
0.2651	0.2108		3528	2409	3620		209567	214381	242522	
0.5695	0.6605		4551	5084	5121		208633	212753	208608	
0.7926	0.2635		3948	3197	3542		178501	187030	159498	
0.3143	0.2921		2701	2733	3191		166686	161924	176141	
0.8749	0.4101		3739	3740	3986		163392	166350	164823	
0.5581	0.7547		4563	4418	4035		153080	165661	154662	
0.2893	0.9394		3701	3777	3725		166586	168409	167391	
0.6119	0.5946		5091	4442	5254		188336	171066	201858	
0.5371	0.9803		4656	4797	6001		160928	167046	218204	
0.5848	0.443		3543	4537	5982		186751	252545	268792	
0.8228	0.8702		6461	6703	6524		218768	216174	216872	
0.6505	0.4905		4609	4296	4697		236988	228944	222753	
0.8074	0.4025		4270	6630	4554		174026	234216	219705	
0.2224	0.815		3063	3053	4374		163982	167979	176633	
0.8225	0.5492		5543	5531	5554		247060	221296	232572	
0.7247	0.5373		4052	4149	4859		167786	169546	164574	
0.8144	0.1428		2864	2859	3211		170501	174228	189553	
0.4559	0.2159		3584	3426	3746		223210	232204	245373	
0.2968	0.628		3139	3148	3766		182448	167661	192258	
0.2437	0.5892		2886	2868	3338		193002	162672	171291	
0.2633	0.7074		4634	3979	4309		220401	217154	218558	
0.2691	0.0754		2086	2006	1999		188806	165098	175070	
0.3504	0.7004		4095	4163	4293		219146	217565	200211	
0.1122	0.6943		2910	2700	2751		186663	152579	160154	
0.4667	0.4514		3078	2896	4214		171629	156673	192015	
0.2	0.4104		3273	3313	3027		216013	217658	201393	
0.3491	0.8251		3451	3443	3727		164765	160644	164598	
0.4123	0.5389		4668	3025	3035		200761	158117	158217	
0.9804	0.7624		5395	5444	5412		153504	156068	152154	
0.1479	0.7007		2547	2784	2806		154515	155362	153194	
0.298	0.4477		2752	2528	2631		158196	158597	161088	
0.4258	0.2229		2287	2537	2307		166666	165809	168673	
0.7897	0.5982		4234	4632	4207		182302	176283	164489	
0.8984	0.5333		4355	4379	4381		152466	152583	152762	
0.1156	0.5946		2336	2617	2628		164738	161289	160370	
0.8991	0.7375		7336	5919	6382		290719	232678	229066	
0.9926	0.3969		4089	4148	4080		166449	163065	164176	
0.1659	0.7916		2871	3120	2826		163928	164800	162918	
0.8801	0.8515		5314	5309	5550		159574	159258	161225	
0.3684	0.5066		3098	3130	3143		151090	151391	148149	
0.4116	0.8578		3749	3858	3999		159789	159765	162179	
0.8388	0.6167		5044	4333	4570		163421	152434	149955	
0.369	0.9368		4300	3704	4003		171742	170214	166703	
0.6817	0.1172		2413	2640	2843		154174	154500	151894	
0.3846	0.9678		3853	4215	4128		161915	160820	156454	
0.3571	0.7105		3187	3460	3555		151510	152193	162179	
0.7649	0.4672		3866	3936	3679		157999	158429	167710	
0.0629	0.3478		2014	2054	2139		153431	152335	156117	
0.5344	0.8283		4316	4538	4379		158854	156105	152204	
0.6	0.6818		3891	4137	4140		166871	170928	170143	
0.4768	0.7853		4086	3857	4127		155255	167465	175636	
0.2595	0.6752		4341	3605	4302		232886	244901	265388	
0.2456	0.3783		3373	3336	3132		214621	210990	205407	
0.2729	0.7825		3845	3924	4112		171187	211039	214620	
0.9221	0.5021		5509	7664	4443		186331	201404	162206	
0.8245	0.0894		2498	2756	3006		148107	150144	149908	
0.8527	0.3862		3786	3737	4032		159288	158707	159780	
0.6314	0.2324		3026	2666	2793		157610	157444	156717	
0.5757	0.9884		5224	5977	5132		182166	212834	189810	
0.9762	0.5035		5238	4555	5090		182486	162849	170470	
0.4635	0.5206		3568	3095	3438		179569	191557	181462	
0.3654	1.0		4215	4728	4957		170702	191478	219261	
0.2607	0.3171		2200	2430	2450		155672	174168	185982	
0.2724	0.8955		3340	3591	3540		155363	155589	157486	
0.7372	0.5985		4401	4251	4486		159525	158324	161398	
0.3829	0.2679		2767	2773	2622		159518	157615	155852	
0.9319	0.9275		6050	6217	5895		188059	196688	163004	
0.1769	0.7089		3035	2846	2850		155175	158881	155672	
0.2223	0.2656		2053	2338	2345		166121	164533	162230	
0.1955	0.74		3492	3707	3479		177093	207468	175082	
0.159	0.6808		2589	2947	2839		162243	164201	166055	
0.5277	0.1153		2438	2106	2321		158978	159228	159002	
0.5763	0.2262		2530	2755	3143		152326	160470	168520	
0.2843	0.4002		3864	3130	3025		215581	195619	159826	
0.9067	0.4553		5791	5195	5473		255615	201278	228142	
0.3454	0.7201		4076	3410	3238		171276	159608	164380	
0.1636	0.4116		2400	3328	2532		159306	195718	162310	
0.5183	0.5809		3723	3711	3608		148584	149968	151357	
0.3467	0.3761		2566	2815	2735		172525	168090	164483	
0.1714	0.407		2150	2340	2409		156618	155119	161160	
0.7419	0.5006		4264	4117	4128		160216	160910	161523	
0.3957	0.1224		2207	2049	2267		160353	164991	159868	
0.142	0.2247		2082	2697	1796		160835	196641	157441	
0.8487	0.2718		3807	3683	3625		192288	200865	167525	
0.1952	0.8947		3988	4680	4442		227922	234392	236611	
0.5589	0.4244		3211	4785	3094		174345	221047	177920	
0.3211	0.8221		4112	4201	4357		191013	211478	214352	
0.2094	0.9049		3370	3103	3363		162779	159586	187095	
0.5755	0.7858		4418	4467	4798		168360	177430	203320	
0.7219	0.9826		5274	5325	5683		157979	159730	157623	
0.828	0.8615		5415	5350	5414		161318	154593	160191	
0.4403	0.2961		4004	3145	3298		226113	232383	189432	
0.8885	0.5014		4282	4306	4573		167925	163241	160657	
0.2712	0.0936		2520	1726	1917		156954	162811	157473	
0.9265	0.7665		5241	5274	5821		157085	160437	159913	
0.9614	0.6952		6246	5467	5368		207650	175187	186965	
0.4943	0.1972		2754	2346	2341		159566	152059	152689	
0.3645	0.9844		3744	3777	4044		157671	150870	158378	
0.6406	0.2719		3198	2994	3213		162615	161476	141264	
0.8939	0.3906		4060	4081	4153		155834	156729	156793	
0.6035	0.0842		2315	2239	2858		157345	160469	193017	
0.7075	0.859		4600	4627	4837		160870	161057	164282	
0.4421	0.6305		3585	3671	3444		154871	154770	156282	
0.3084	0.4157		2553	2442	2925		153113	151738	153681	
0.9894	0.1127		3166	3289	2956		152297	154048	152598	
0.3949	0.3824		2962	2870	2859		161259	160329	165466	
0.5253	0.5964		3644	3679	3647		159407	161784	165538	
0.893	0.5249		4516	4693	4720		164526	177447	165444	
0.878	0.3941		3910	4118	4204		162156	167722	160712	
0.8133	0.7982		4958	4985	5278		161732	163649	163604	
0.1658	0.2678		2131	1904	2152		164654	155496	171889	
0.402	0.1281		2326	2297	2138		160912	149669	150703	
0.911	0.9554		6694	6389	7739		219676	185412	188693	
0.2516	0.5677		2680	3004	2697		166819	180178	162613	
0.2543	0.6982		2970	2942	3232		159544	163215	164537	
0.7057	0.4967		3476	3878	3487		160874	167169	172176	
0.5328	0.4587		4595	3596	3402		230348	233165	198666	
0.689	0.1427		2908	3122	3099		196347	184146	192064	
0.253	0.8606		3708	3570	3344		167734	174520	187794	
0.8823	0.3442		4560	4840	4620		193492	231927	231043	
0.7132	0.2929		3127	3295	3143		155437	155289	160019	
0.9117	0.8909		5607	5850	5909		164787	167415	164706	
0.2541	0.8514		3249	3204	3438		151907	151931	152343	
0.5472	0.4065		3094	3086	3340		153878	154369	154568	
0.7168	0.7121		4219	4166	4416		159657	158996	161373	
0.0533	0.2139		1610	1592	1606		156216	156298	156880	
0.1665	0.6942		2726	2810	4131		156065	164935	193433	
0.5248	0.9401		4347	4297	4339		157486	157486	161126	
0.9317	0.0761		2951	2894	3213		154421	153964	170911	
0.5966	0.4546		3517	4106	4620		159428	180749	216011	
0.8335	0.4917		4106	4224	4199		153562	151663	163431	
0.3243	0.0739		2005	2329	1805		159414	164889	165378	
0.9159	0.4914		4126	4399	4249		163111	181690	165634	
0.1515	0.0774		1510	1534	1787		155932	156073	162934	
0.8293	0.2967		3390	3381	3436		161176	159757	159418	
0.3413	0.4763		2812	2616	2826		162211	159829	163846	
0.9326	0.3968		4212	5408	4707		156359	187816	212522	
0.0997	0.278		1828	2027	1836		152093	152647	153416	
0.6121	0.6487		4293	4684	4570		182087	187034	183706	
0.4302	0.1062		2964	2812	2795		218006	218943	202419	
0.7895	0.622		4145	4127	4447		160535	154394	155250	
0.2628	0.8789		3559	3756	3727		156671	160989	159419	
0.8337	0.878		5626	5566	5410		161738	161607	160635	
0.3743	0.0777		1825	2009	2329		149674	150419	151624	
0.9943	0.9641		6150	6138	6279		164552	169159	162249	
0.6573	0.8056		4599	4404	4654		166057	161904	162903	
0.9898	0.6108		4910	4699	4691		155010	154198	155473	
0.0929	0.1969		1580	1675	1639		162034	164734	163914	
0.9971	0.8522		6197	5786	5945		158544	158574	158547	
0.0816	0.8891		2629	2962	2869		158192	164623	158640	
0.7087	0.4358		3418	3701	4215		155381	154299	159885	
0.2666	0.1211		2092	2011	2046		156709	153821	159087	
0.7701	0.9511		5431	5473	5510		153438	160094	164182	
0.3823	0.0899		2110	2107	2155		164998	170404	171405	
0.5021	0.5423		3795	3385	3665		159004	150583	150996	
0.9078	0.4363		4190	4093	4136		155624	158432	163771	
0.8783	0.1037		2879	3388	3056		169022	168669	154863	
0.8683	0.6954		5529	4656	5311		189662	155247	165547	
0.3918	0.7376		3300	3298	3314		158432	163134	160549	
0.7192	0.1893		2835	3160	3045		157500	158507	158387	
0.0648	0.6107		2576	2953	3551		205807	208065	199006	
0.1439	0.2154		1727	1734	1752		158758	158643	161601	
0.0847	0.8099		2497	2815	3374		160815	163661	181907	
0.8765	0.3363		3547	3570	3589		158313	156680	157395	
0.5338	0.7899		4298	4090	4109		150174	161482	154137	
0.1986	0.9158		3187	3357	3374		160836	155178	155244	
0.856	0.2562		3371	3634	3760		152406	153695	154268	
0.178	0.0903		1543	1571	1552		158666	161378	162536	
0.2011	0.9807		3222	3309	4061		169674	185395	200825	
0.9864	0.6805		5029	5058	5158		157526	157675	159022	
0.9734	0.4571		4163	4229	4209		155986	150320	153085	
0.9083	0.7359		5332	5603	6951		188065	190213	212980	
0.4757	0.6595		3518	4133	3804		152581	193977	166158	
0.905	0.2037		3092	3940	3187		146623	171138	157422	
0.1043	0.4563		2076	2110	2333		148876	150289	144983	
0.7844	0.74		4919	4888	4924		158288	158736	164862	
0.5528	0.4038		3506	3734	3769		176687	180173	185483	
0.1605	0.8152		2826	2823	3179		156564	158350	167001	
0.5788	0.111		2381	2528	2439		163339	161370	163609	
0.2351	0.496		2378	2382	3424		162696	157617	162090	
0.4516	0.4118		3088	2895	2905		159278	163631	157203	
0.7751	0.5461		4020	4233	4340		164207	166065	159006	
0.6668	0.6965		4324	4354	4337		168659	160227	162671	
0.1501	0.0576		1782	1510	1490		166392	156496	161036	
0.4934	0.7538		4053	3772	3983		168500	156750	158165	
0.0672	0.9129		2677	2934	2915		170571	159095	159338	
0.1034	0.9779		3140	4371	2966		166699	213669	176531	
0.4942	0.5977		3945	4467	3615		218140	209481	161380	
0.4908	0.6524		3455	3788	3738		160481	160738	166313	
0.5688	0.3628		3163	3615	4612		170878	194675	226958	
0.3124	0.6573		3169	2919	3238		152299	153638	154025	
0.2246	0.0544		2739	1789	2981		215414	173009	219281	
0.2857	0.5194		2695	2992	3977		180741	182887	174595	
0.4664	0.9685		4329	4355	5874		164303	163993	204152	
0.4626	0.8697		3838	3878	4220		157195	158420	157580	
0.4036	0.5165		3883	3160	3192		157728	152040	151961	
0.9042	0.5217		4703	4810	4642		161777	174402	159462	
0.3379	0.6444		3268	3310	3242		157332	157300	160809	
0.1766	0.7586		3166	3222	3109		168703	173440	166672	
0.605	0.6985		4021	4098	4344		157844	162586	159566	
0.6666	0.9235		6088	5825	5924		209333	226236	207651	
0.5612	0.6468		4045	4029	3982		152919	154401	159123	
0.9035	0.2981		3852	3907	3996		159763	165466	164208	
0.738	0.4933		4605	4055	3844		187448	159265	161742	
0.4195	0.7569		4027	3915	4700		171243	191118	230736	
0.2644	0.9237		3624	3594	3758		154509	155651	165987	
0.4654	0.2099		2518	2334	2672		164234	161943	170509	
0.6853	0.4301		3330	3400	3411		149331	157659	158312	
0.887	0.1407		3028	3096	3040		161130	164961	155015	
0.4259	0.7418		3463	3393	3953		162503	158805	171722	
0.983	0.5678		4680	5213	4714		160417	170081	159352	
0.7301	0.5114		3873	4164	4157		168499	161078	161403	
0.238	0.7683		3474	3182	2996		162983	155510	155802	
0.1598	0.2315		1787	1802	1961		162150	178258	167144	
0.1676	0.936		3123	3037	3264		161955	162971	161200	
0.2361	0.4087		2321	2661	2770		160892	165045	167977	
0.1136	0.206		1701	1669	2138		164091	157875	162329	
0.8415	0.8951		5914	5358	5306		156757	152167	153925	
0.9185	0.9559		5797	5726	5980		162558	161208	164190	
0.1425	0.8788		3132	2924	3662		154713	161625	160514	
0.58	0.8679		4298	4210	4574		161298	158358	157478	
0.3259	0.6596		3237	3308	3773		162055	169038	182804	
0.6565	0.9529		4774	4802	4764		161529	167101	164330	
0.1104	0.4756		2096	2082	2460		180191	162398	162786	
0.683	0.2398		2963	3212	2997		165532	162323	159786	
0.9727	0.457		4255	4139	5552		150980	155121	172150	
0.9304	0.9702		5777	6387	6101		161185	171571	164147	
0.4906	0.6859		3734	3549	3558		166701	167572	162351	
0.9233	0.8755		5874	6060	5979		157465	163189	162944	
0.5749	0.884		4370	4402	4685		166243	161814	159763	
0.9024	0.741		5418	4797	5221		165372	171034	162037	
0.4004	0.3896		2733	2612	2893		160324	157007	161931	
0.7831	0.974		5284	5324	6405		161434	160736	183119	
0.42	0.4196		2762	2773	3005		156790	159785	160638	
0.6062	0.9984		4684	4695	4839		173644	165805	167963	
0.4969	0.3731		2717	3841	4159		169156	193986	229923	
0.8874	0.1435		3085	4346	3999		166741	221785	221683	
0.2054	0.2939		2019	2241	2307		157294	163570	154640	
0.2609	0.384		2542	3270	2598		159161	165957	159923	
0.2186	0.6993		3113	2933	2948		154123	155478	161708	
0.9704	0.0872		4000	3907	4548		226304	224804	228783	
0.7678	0.4899		3967	3925	4268		157988	163215	177696	
0.8367	0.1515		3366	3106	3557		161541	160558	175398	
0.0922	0.3807		2194	1924	2012		187133	164095	163212	
0.6877	0.4424		3549	3502	4147		159785	151212	155870	
0.5128	0.2329		2470	2682	2818		156225	163401	165703	
0.3925	0.4233		3725	3489	3047		167407	200335	160551	
0.2745	0.1796		1913	2080	2113		162422	162977	162638	
0.997	0.658		5440	5065	6828		189438	177692	223057	
0.6131	0.9632		4967	4920	4971		158414	160204	166391	
0.0661	0.725		2983	2884	2663		168872	181804	167336	
0.7884	0.8891		5496	5434	5600		162771	165382	166547	
0.3523	0.1502		2290	3018	2690		154947	187453	227611	
0.2124	0.1997		3251	2637	1829		184446	178114	158250	
0.9781	0.2242		3560	3309	3368		155223	155752	155326	
0.175	0.6177		2612	2664	2554		165020	164679	175281	
0.5595	0.792		4411	4358	4350		155249	155512	158920	
0.7883	0.2049		4292	4474	4451		227002	253160	267698	
0.3057	0.4541		3424	3868	2816		207663	244427	208496	
0.3897	0.6165		3928	3212	3268		199495	167508	171112	
0.7795	0.5812		4276	4224	5459		166557	165593	212439	
0.6466	0.3682		4456	4163	3241		219946	202033	165031	
0.2819	0.7626		3608	3619	4611		159998	160718	204695	
0.7807	0.6017		5771	4477	4461		202306	166173	171606	
0.823	0.9013		5530	5458	5731		163613	168541	194361	
0.1366	0.1816		2010	2024	1916		162568	158382	159306	
0.5896	0.7663		5027	4605	4505		200253	195903	178529	
0.6492	0.5036		4526	5347	5580		207054	228625	264513	
0.7364	0.4754		4853	4693	5367		215500	212523	216595	
0.1237	0.6468		3643	3866	3713		233870	225840	228359	
0.7237	0.9889		6933	6770	6984		230434	226303	235155	
0.5246	0.0901		4793	4905	15403		272104	251356	329374	
0.3801	0.9055		5963	5079	4724		261210	252078	220528	
0.7697	0.6428		5097	4755	4767		185330	185762	187382	
0.8227	0.5066		6783	6297	4837		253968	237174	221445	
0.3942	0.1922		3620	4038	3797		224847	234575	276413	
0.0581	0.7415		3328	3092	4257		211043	216645	272520	
0.3559	0.3466		2853	2786	2694		168972	152671	158901	
0.167	0.4043		2529	2156	2464		176586	170425	171713	
0.8319	0.5878		4623	4516	5426		162489	165261	183646	
0.9404	0.6165		5152	4821	4924		162821	158261	160570	
0.3427	0.4937		2805	2574	2916		174798	171520	161475	
0.9512	0.1897		3548	3462	3617		159771	159038	162145	
0.1968	0.2681		2216	2234	2267		161697	161446	164678	
0.3725	0.6974		3875	3165	3464		176697	178237	166931	
0.2273	0.8977		3401	3224	3458		155261	172191	177929	
0.8386	0.1687		4479	3413	3440		195954	183643	177440	
0.2557	0.7757		3473	3690	3340		167678	190529	159546	
0.1694	0.1386		3331	2801	2682		250139	224174	231553	
0.7184	0.5613		6290	4636	5883		217801	234881	264019	
0.8417	0.4598		5626	6170	5461		214372	243127	216992	
0.5644	0.8254		5579	5596	5284		214144	216969	220594	
0.4929	0.7545		5664	4901	5381		214168	211827	231637	
0.1569	0.228		3072	3169	3003		209302	205205	188938	
0.2088	0.5085		2678	2747	2593		168616	172285	170314	
0.6308	0.9103		4668	5331	5820		162771	193443	220176	
0.4169	0.1696		2519	2427	2201		162451	163342	164448	
0.1646	0.6583		2822	2857	2862		153466	155445	156780	
0.3623	0.2091		4004	2927	2583		212642	186751	188142	
0.3912	0.9777		4133	3848	3865		157299	157024	159669	
0.3718	0.3732		2606	2614	2442		158662	158842	157354	
0.2999	0.4343		2493	2433	2483		149691	150207	150880	
0.9801	0.4106		4310	4440	4329		170392	162050	167911	
0.5037	0.2937		3198	3398	3174		189039	194362	191858	
0.9912	0.2663		3941	3922	4208		161483	161268	171480	
0.1652	0.1463		1929	1904	2129		150241	150763	153965	
0.1325	0.1994		2032	1781	2098		151788	151557	153324	
0.9734	0.9117		5905	6115	6090		162075	162264	164229	
0.7639	0.3291		3513	3504	3317		159671	160740	163138	
0.395	0.5277		3006	2988	3473		161676	157313	169969	
0.1098	0.7646		2574	2808	2830		154125	154437	156452	
0.191	0.4147		2209	2471	2997		155459	156860	181417	
0.2531	0.8263		3547	3581	3745		158820	159238	165591	
0.7655	0.126		3056	3008	3010		151147	149233	153840	
0.6197	0.2709		3325	3275	3180		152316	158393	160472	
0.3431	0.2422		2300	2321	2300		156797	157520	159069	
0.9181	0.4854		4434	4346	4303		166728	165052	168950	
0.8623	0.0688		2992	2978	2845		158028	147562	146842	
0.9854	0.8999		6076	6034	6155		166288	153630	159146	
0.237	0.1155		2068	1928	2227		162583	157042	161520	
0.5595	0.2704		3027	2886	3063		163038	156106	159394	
0.9249	0.5005		4577	4439	4646		160750	155670	157508	
0.438	0.2192		2388	2544	2732		169057	164177	166173	
0.1735	0.403		2388	2474	2400		161126	163311	156923	
0.115	0.2536		2178	2206	2063		168209	166543	163477	
0.8123	0.982		5573	5562	5488		172463	165475	167857	
0.2152	0.4176		2243	2488	2457		156457	150810	152320	
0.3144	0.824		3441	3610	3386		155471	158486	152749	
0.1039	0.3693		2148	2308	2169		160296	157210	154718	
0.9876	0.5592		4861	4868	4912		167938	165619	165259	
0.2709	0.5494		3021	3007	2927		167384	161787	168915	
0.4582	0.0546		2256	2156	2100		173002	169335	191893	
0.9031	0.8752		5673	5671	5809		172319	178166	199993	
0.4241	0.8252		3937	3710	3729		162740	163175	169922	
0.9681	0.3338		3977	3884	4021		168026	166175	170594	
0.2819	0.1217		3517	2567	2198		225254	202883	197004	
0.9758	0.4707		4986	4892	4850		194872	184517	188544	
0.9883	0.9784		6165	5975	8122		167099	177536	201138	
0.5988	0.4416		3233	3477	3960		154486	182094	180443	
0.5853	0.4628		3857	3217	3405		165816	167342	187493	
0.5656	0.539		3763	3772	3823		172511	169746	177671	
0.6102	0.7417		4022	4450	4530		158930	163267	160126	
0.7198	0.825		4708	4714	5112		160638	157913	165145	
0.6403	0.0772		2561	3111	2288		167481	172102	173166	
0.6206	0.1802		2591	2816	2780		151080	161968	157871	
0.6688	0.7633		4639	4659	4629		160050	168812	161320	
0.1271	0.1517		1950	1881	1852		177791	160384	186952	
0.3173	0.1582		2409	2273	2309		165530	153234	151528	
0.1801	0.9774		4548	6736	3877		222744	247451	207293	
0.8579	0.8411		5615	6170	5497		163612	183465	180603	
0.3141	0.7367		4719	4046	3354		217588	217763	186205	
0.3424	0.6327		4659	3967	4239		216617	226860	212582	
0.2143	0.2307		2047	2102	2325		164234	163418	161424	
0.5877	0.7226		4797	5085	5083		226562	225355	220666	
0.7632	0.1126		2583	2784	2578		160788	163230	165874	
0.4818	0.5096		4199	4127	4136		212268	213091	213501	
0.1832	0.3878		2467	2165	2899		168830	160679	215671	
0.8601	0.6937		5124	6235	5382		180344	189099	181999	
0.9042	0.952		5957	6433	6315		173428	164944	181713	
0.4645	0.3032		3195	2997	3199		163598	165342	161506	
0.1636	0.6433		3259	3737	3802		213531	217275	208939	
0.5056	0.4833		3696	4567	4435		161167	204370	211483	
0.8256	0.4843		4930	5658	5228		219990	249266	220191	
0.9895	0.1581		3549	3311	3507		162102	171235	161600	
0.2122	0.3795		2252	2716	2239		166710	167294	163479	
0.895	0.4484		4829	4953	5591		226610	219781	225672	
0.9695	0.5488		4931	5428	4985		175739	171980	176332	
0.8994	0.3512		3604	4275	5449		173113	207230	225554	
0.5853	0.4676		3171	3364	4008		168308	183409	238136	
0.874	0.0917		3380	4056	3926		221112	224303	229805	
0.6205	0.8782		5269	4576	4773		183987	165237	165470	
0.3286	0.8643		3710	3750	3590		166005	167624	174765	
0.7302	0.3913		4174	3755	3855		237504	177761	167188	
0.7774	0.7337		4440	4553	4738		156386	156633	155773	
0.298	0.3857		3181	2808	2546		167229	166282	163355	
0.8017	0.1941		3976	3186	3164		176621	153845	149694	
0.9919	0.3228		3914	4149	4247		164402	168416	182278	
0.2576	0.4591		4696	3188	2721		238534	218766	171603	
0.8538	0.8295		5885	6950	6697		216874	273766	232889	
0.2323	0.2345		2349	2273	2973		213267	175548	164484	
0.6099	0.3683		3061	3287	3341		160266	166554	160932	
0.5285	0.4658		3241	3107	3130		166501	169289	174905	
0.794	0.9965		5618	5401	5357		166998	166783	168069	
0.0934	0.2434		1706	2018	2104		156903	158964	159428	
0.7128	0.3846		3697	3637	3697		161021	161789	161074	
0.6989	0.6308		4193	4354	4466		171746	173022	171916	
0.4626	0.2667		2965	3037	4233		222883	232218	248945	
0.1308	0.819		3134	3891	4014		211220	194917	224586	
0.9372	0.2154		4802	3960	3577		217709	208996	158810	
0.3493	0.1414		2065	2872	2708		172503	212537	226849	
0.5645	0.2091		3581	3990	2979		227842	203748	190170	
0.7409	0.809		6830	6270	6168		243512	235672	226916	
0.2984	0.7778		4366	3564	3406		217560	201396	161252	
0.7123	0.1143		4436	3461	3922		250163	230637	236077	
0.3514	0.4677		3134	2632	2942		167564	165129	168605	
0.7268	0.0808		3835	3097	4121		193424	216720	218031	
0.31	0.0814		2882	2089	2838		210529	217487	226557	
0.2995	0.9657		5343	3875	5234		222160	222306	228498	
0.3377	0.8858		3828	4445	4529		170966	186429	214202	
0.7679	0.2479		2926	2980	3328		161851	180393	167993	
0.5536	0.8932		4386	4905	4576		162361	166888	164214	
0.0576	0.1		1475	1729	2360		162455	157371	160934	
0.6234	0.3376		3406	3230	3178		173785	172223	170282	
0.5889	0.2625		2850	3145	3077		156861	153546	161618	
0.7266	0.9827		5313	5327	5394		151551	159521	150850	
0.5313	0.6388		3860	3868	3663		161961	163103	167035	
0.9599	0.9542		6318	7083	7638		199865	224350	218705	
0.7849	0.9513		7340	5548	5593		211248	162355	159653	
0.4919	0.0733		2086	1993	2531		154368	154272	156402	
0.4085	0.3481		2605	2897	3669		157396	166579	173144	
0.6621	0.346		3128	3145	3714		152396	162219	158339	
0.9066	0.1249		3295	3299	3102		196318	193156	172169	
0.6747	0.8877		4790	5062	6064		183216	164131	196269	
0.0673	0.3254		1849	2084	2089		161393	162412	162128	
0.6756	0.3432		3146	3093	3112		187824	154312	168029	
0.671	0.1615		2666	2923	2902		155254	166381	170369	
0.0558	0.8597		2771	2707	3169		159330	157138	162514	
0.6299	0.0859		2468	2453	2823		159555	159913	176803	
0.6422	0.1075		2548	2537	2761		155941	155188	172081	
0.0683	0.7242		2830	2390	2930		162422	156809	164261	
0.428	0.5327		5197	4478	3362		224957	221244	169382	
0.763	0.9015		5290	5306	5866		162529	170597	171364	
0.9003	0.8111		5396	5389	6298		165431	166144	226212	
0.6633	0.5056		3709	3945	3708		163725	163812	161815	
0.1202	0.2082		2671	1910	2467		217832	185954	177283	
0.1426	0.6111		2430	2711	2623		155906	153331	148602	
0.7516	0.82		5671	4936	5467		171613	176649	169212	
0.9465	0.1862		3474	3883	3759		166557	202514	168376	
0.7855	0.9794		5419	5353	5565		161632	163672	165695	
0.9341	0.843		5407	7359	6946		173637	223259	225190	
0.9362	0.4202		3946	4215	4260		162212	173327	165075	
0.6051	0.2843		2902	3235	3644		155150	160264	161670	
0.8394	0.3455		3942	4251	3702		175253	175473	152634	
0.3459	0.7724		3423	3738	3704		194248	169598	158370	
0.9213	0.225		3989	3232	3251		157417	152287	160140	
0.5357	0.5852		3462	4760	3473		151675	173899	148905	
0.2494	0.4467		2360	2620	2618		156778	159260	158783	
0.6537	0.9465		5129	4967	4984		164300	158011	162135	
0.6102	0.8646		4364	4532	4672		174827	166690	167273	
0.6381	0.6773		4055	4499	4210		170581	165973	162430	
0.6132	0.9899		4633	4960	5503		173933	165563	165716	
0.5972	0.4142		4026	3912	3640		187287	189415	182308	
0.9319	0.5967		4755	4933	4760		170008	165565	164946	
0.1266	0.0648		1505	1828	1542		158402	158050	154222	
0.6136	0.9256		4565	4787	4818		165018	164287	157513	
0.2216	0.7082		3221	3373	3067		159084	153647	158516	
0.231	0.116		2020	1976	1774		165953	163257	161600	
0.7954	0.1532		2863	3011	3219		165021	159550	159574	
0.1261	0.5413		2312	2600	2525		168385	162963	162780	
0.0825	0.5566		2137	2386	2466		169232	160505	161932	
0.2246	0.0676		1715	1956	1912		162821	155452	157567	
0.5755	0.696		3805	3829	3832		169538	161943	161666	
0.7975	0.3356		3751	3365	3605		170381	163455	163217	
0.9064	0.4829		4078	4100	4366		165683	159673	160615	
0.0768	0.1067		1494	1713	1705		169605	169382	168437	
0.3206	0.3458		2790	2611	2589		161353	157603	157934	
0.6744	0.1755		2705	3081	2920		159490	155447	154460	
0.19	0.5618		2915	3158	3146		186252	181460	182536	
0.1327	0.3093		1878	2293	2414		162301	159609	161676	
0.4989	0.7104		3698	3894	3796		175128	170539	171732	
0.8453	0.6833		4594	4625	4664		168471	163274	165180	
0.1096	0.5301		2546	2401	2574		164649	160776	160861	
0.9488	0.147		3462	3128	3401		175623	168368	167747	
0.2354	0.0627		1715	1907	1684		162465	156364	156590	
0.1499	0.9514		3703	3581	3606		194091	188755	190654	
0.5558	0.997		4662	4841	4773		175040	172092	171314	
0.6868	0.4259		3558	3379	3719		158579	154019	153518	
0.9943	0.6349		5216	5166	5195		163913	158045	157615	
0.3405	0.4209		2748	2503	2938		161181	154568	156035	
0.6273	0.8961		4843	4637	4615		170217	164319	164713	
0.4256	0.7028		3592	3601	3594		168079	162993	164563	
0.7749	0.4963		4067	3685	3920		165194	161018	159681	
0.2735	0.0913		1945	1932	2087		162557	157909	173964	
0.6952	0.8259		4798	4853	4772		172943	172724	165605	
0.3742	0.9686		3769	3972	3932		163212	157036	154908	
0.6701	0.8873		4759	4716	4923		163938	159505	159704	
0.7151	0.2922		4033	5045	3482		209634	266100	199664	
0.8806	0.8451		5478	5486	5546		171787	169247	165204	
0.2603	0.1568		3838	2932	2282		221965	199775	168125	
0.3815	0.3117		2576	2452	3204		203539	162679	195824	
0.1192	0.2763		2498	2830	2144		178785	193410	149511	
0.8253	0.4046		4624	3693	4055		196696	165047	166379	
0.4549	0.1665		2260	2270	2709		160024	160655	185397	
0.7539	0.9218		5075	5305	5433		160279	160574	161749	
0.1257	0.182		1976	1716	2159		157394	157545	157086	
0.3959	0.8606		3993	4454	4846		178364	227062	224759	
0.4587	0.5246		3723	4494	4124		221207	264123	254036	
0.9636	0.985		5895	6824	5929		167491	223744	201529	
0.6397	0.6551		4009	4256	6609		191886	167053	232998	
0.8103	0.5515		5304	4425	5359		165222	165287	216196	
0.3925	0.4468		3615	3026	3026		199145	162755	170361	
0.7351	0.8393		4716	4942	5030		161075	165087	167073	
0.6276	0.2897		3198	2954	3180		157067	158867	163103	
0.0689	0.7865		2771	2803	2937		155830	158472	157773	
0.7531	0.8555		5064	5071	5800		170867	167444	194645	
0.7731	0.4608		3646	4036	3984		173159	195501	163558	
0.6492	0.1585		3143	2878	4160		204137	207717	199233	
0.096	0.4833		3267	2108	2576		227673	194113	174077	
0.3081	0.8467		3323	3308	3582		164942	165693	163693	
0.9734	0.1407		3408	3395	3406		154216	155035	156982	
0.2274	0.4996		2351	2369	2643		160346	164385	196710	
0.1442	0.1851		1767	1699	2256		156824	152348	153782	
0.8267	0.7719		4933	5165	5269		163681	158963	160861	
0.1748	0.3256		2684	2658	2782		186650	183537	182862	
0.3836	0.1907		2495	2431	2444		160269	155096	153994	
0.5704	0.4355		3624	3337	3143		157682	149297	149274	
0.5931	0.4951		3385	3392	3422		171237	167469	165221	
0.9982	0.6761		5278	5227	5299		163195	158784	158305	
0.3306	0.8548		3611	3603	3681		169102	165120	165715	
0.2914	0.3558		3612	3689	4668		208876	217157	245608	
0.455	0.1932		2578	2657	2800		159656	162429	171646	
0.9237	0.7247		5120	5247	5187		159902	179447	171024	
0.6072	0.4882		3887	3672	3618		169030	164346	159217	
0.8849	0.9235		5575	7293	7243		175405	231692	231501	
0.5939	0.9038		5477	5871	6429		228666	226592	227122	
0.9662	0.6024		5967	5929	6116		232231	231860	252679	
0.0789	0.9172		3594	3604	3169		231701	230203	200313	
0.4172	0.3612		3717	3838	3037		231096	205087	190450	
0.4646	0.0507		3112	3039	2810		231988	230323	223814	
0.9263	0.391		4360	4161	4371		163132	161756	160625	
0.4734	0.4062		3394	2932	3868		164980	163526	203575	
0.7305	0.9608		6666	5697	5315		228084	224723	171713	
0.9847	0.3022		4196	3725	4536		159623	160496	165086	
0.7365	0.091		2789	2717	2619		162382	164689	167474	
0.4004	0.1756		3156	2851	2469		212611	162080	170700	
0.4528	0.942		5807	5844	5903		222768	223445	226184	
0.8099	0.4195		4524	4560	4616		172890	209367	206137	
0.9944	0.8626		5848	5789	5852		159564	161975	162517	
0.5821	0.8377		4172	4460	4193		162070	165640	165396	
0.363	0.3872		2880	2775	2793		170256	167314	184056	
0.9444	0.8143		7926	7279	7090		220062	232794	226181	
0.5521	0.3245		3264	2825	3078		172151	169749	171755	
0.6906	0.7933		5085	5023	6963		187285	189084	270153	
0.2184	0.7352		3030	3015	3028		166033	171290	164787	
0.7923	0.8328		5652	4998	5155		168847	181497	173914	
0.8915	0.9306		5814	6550	7042		155012	177573	210981	
0.9916	0.054		2734	2943	3005		156460	157901	160100	
0.4739	0.2339		2411	2748	2620		172919	172327	169726	
0.7049	0.381		3435	3640	3646		163036	158260	169820	
0.3407	0.3872		2724	2766	2734		167232	163296	166039	
0.155	0.8802		2946	3371	3310		206222	175573	167495	
0.5728	0.608		4423	3702	3722		174886	194564	230688	
0.4051	0.5523		6178	4970	3885		249119	251235	244331	
0.7851	0.555		5420	5094	5466		236142	226503	224039	
0.6828	0.158		3326	2663	3195		175393	166793	169862	
0.622	0.1593		2938	2875	2877		169268	162988	168067	
0.642	0.1346		2772	3269	2829		170618	156069	151289	
0.2636	0.6789		2962	2953	3313		176675	161894	172032	
0.8062	0.6115		4502	5411	5370		202773	191110	207796	
0.8497	0.4019		4736	5047	5150		208945	223152	224420	
0.1157	0.3087		3153	3067	3150		214109	214907	210912	
0.181	0.4131		4099	3408	3363		220965	230133	227681	
0.6561	0.0746		2289	2921	2479		164862	181547	167245	
0.6895	0.5461		3849	4035	4149		160909	155263	160397	
0.3425	0.708		4331	5281	4011		221203	239061	241069	
0.5952	0.6772		5491	5461	5127		228436	218280	209551	
0.8874	0.4327		3952	3909	4050		163056	165108	157329	
0.7289	0.6492		4693	4916	4731		193340	194099	192210	
0.2884	0.2927		2250	2500	2474		160746	173209	168576	
0.1105	0.9447		4389	3618	4475		226598	220555	220927	
0.7711	0.2422		3327	2960	3184		173811	166854	165812	
0.5472	0.2078		2535	2497	2728		176838	166948	168354	
0.177	0.0561		1808	1553	2075		165592	159320	158399	
0.5725	0.9725		5374	4620	4955		175751	166898	166329	
0.8472	0.471		4015	5145	4114		175354	196273	168447	
0.8412	0.8688		5443	5302	5314		179356	173240	168911	
0.0724	0.9341		2972	3105	2743		160658	152338	151179	
0.1102	0.1093		1740	1523	2027		172021	163902	166012	
0.9301	0.2112		4600	3911	3267		201724	197699	168163	
0.8843	0.6116		4788	4623	4485		167346	180122	170411	
0.6493	0.4689		3798	4287	3622		172243	171758	168375	
0.3002	0.0832		3431	1819	2138		220009	166712	158522	
0.1551	0.2158		2381	2375	2428		184062	184667	180759	
0.6198	0.1189		2343	2345	2526		160022	160448	158438	
0.8966	0.4385		4610	4774	5107		221383	194318	196408	
0.4617	0.4448		3943	3864	2918		193805	219489	177948	
0.2173	0.5426		2479	2670	2825		159547	162709	162894	
0.2036	0.2871		3182	2258	2467		208138	161335	162452	
0.698	0.5954		4316	3991	3970		159593	161586	159157	
0.5194	0.7073		4097	3920	3945		167645	166381	166085	
0.2996	0.2712		2788	2449	2745		177539	162940	172041	
0.6984	0.9386		5534	5209	4959		185178	186128	181442	
0.806	0.6686		4850	5020	5245		182106	187059	187223	
0.8459	0.56		4690	5285	4542		178011	184497	186136	
0.8481	0.9514		5915	5531	7209		185704	187514	195942	
0.842	0.6175		4495	4264	4689		162120	161859	162673	
0.2142	0.2391		2110	1877	2145		150963	151337	149953	
0.8041	0.785		4839	4840	5268		165764	167097	167193	
0.4074	0.1232		2025	2257	2264		151422	154438	152985	
0.9663	0.8546		5476	5824	5700		165330	167454	166038	
0.1438	0.7697		3027	2906	3004		168147	170414	173993	
0.4645	0.1013		2342	2354	3071		155258	165225	196521	
0.0993	0.6558		2821	3034	3025		158860	184042	181908	
0.566	0.9481		4586	5157	4849		163100	170878	173204	
0.4038	0.5814		3490	3211	3430		160508	160051	166080	
0.2264	0.422		2386	2508	2748		165685	162672	167292	
0.2606	0.8362		3538	3930	3469		181489	171355	162857	
0.6824	0.648		4229	4280	4239		151725	157918	157831	
0.2362	0.3217		2373	2419	2491		148733	152393	156736	
0.8726	0.8758		6860	7362	5671		180054	200309	156951	
0.7745	0.8066		5185	4769	4796		152482	153774	153324	
0.3663	0.1425		2048	2056	2307		149511	151603	150752	
0.9185	0.7554		5527	5309	5514		155183	157901	157080	
0.275	0.6584		2946	3144	3143		151239	152790	152293	
0.9756	0.2375		3306	3746	3557		167213	170768	168910	
0.4633	0.1289		2479	2712	2426		162953	163204	165193	
0.7269	0.3739		3627	3501	3526		154910	157639	157937	
0.6341	0.2482		2755	3042	2926		166645	168877	168040	
0.2998	0.9982		4702	4350	3567		202816	229874	171583	
0.2221	0.5555		3034	3217	3343		202792	187361	180801	
0.3313	0.1062		2084	2064	2501		155385	156438	173133	
0.0751	0.4697		2412	2043	2219		171402	173680	157909	
0.8822	0.4811		3996	4126	4177		164601	172800	165810	
0.5816	0.5748		3722	3897	3506		157595	156845	153648	
0.6695	0.7399		4154	4362	4381		154060	156859	152177	
0.2044	0.1623		1851	1814	2587		150875	153694	177195	
0.9164	0.4767		4478	4084	4063		161966	164057	164578	
0.4126	0.0534		2195	2100	1916		159214	159275	159094	
0.6931	0.9255		5228	4943	4918		157304	158620	160091	
0.2802	0.3968		2349	2637	2576		156579	156959	157430	
0.9632	0.1256		3490	3325	3600		163109	163217	162222	
0.5312	0.4756		3207	3053	3288		158202	159672	158938	
0.0823	0.3171		1829	1895	2069		162059	169172	181662	
0.2828	0.6522		3879	3175	3140		168476	172101	162324	
0.1241	0.479		2411	2069	3137		156709	156275	207689	
0.5814	0.8565		4476	4497	4459		164432	165820	165661	
0.3365	0.4532		3267	2804	2939		197748	160192	161600	
0.7789	0.5879		4464	4838	4675		183723	182903	181271	
0.1387	0.4889		2379	2543	2459		160708	161525	160659	
0.2641	0.3963		2363	2727	2558		167058	167114	165835	
0.8894	0.1394		3047	3000	3244		160399	162547	160611	
0.1991	0.5383		2733	2741	2740		152623	153774	155289	
0.9281	0.564		5033	4521	4720		175932	177725	174675	
0.9246	0.6021		4833	4509	4552		163882	165012	165127	
0.084	0.8984		3099	3092	3322		188931	190340	188657	
0.918	0.1553		3364	3302	3357		163754	165168	163955	
0.6605	0.4465		3805	3660	3776		163218	162999	162680	
0.6276	0.8982		5114	5063	5072		193897	196015	195895	
0.4864	0.821		3853	3884	3867		149350	148658	148178	
0.6001	0.6225		3880	3908	3855		158946	159246	160527	
0.2807	0.9002		3576	3553	3541		158765	162337	158584	
0.8107	0.5049		4276	4302	4312		163663	166124	164968	
0.8338	0.797		5397	4990	5345		159285	159384	161193	
0.1183	0.5455		2506	2457	2479		155064	156616	155187	
0.2721	0.3855		2562	2327	2563		154406	154032	153913	
0.0516	0.2705		1725	1992	1980		152022	152677	152497	
0.0613	0.9481		2898	3025	2914		161878	162105	162445	
0.6568	0.7275		4480	4259	4136		160429	159482	161020	
0.8007	0.3482		3622	3425	3436		162641	164131	164615	
0.161	0.9612		3302	3122	3321		165608	166214	164527	
0.5606	0.4431		3420	3281	3072		153450	154465	154930	
0.9645	0.84		5398	5659	5656		156551	156160	157631	
0.2067	0.422		2617	2493	2436		157338	157964	155983	
0.455	0.4558		2870	3098	3093		152580	151573	154959	
0.6888	0.9035		5033	4809	5284		157905	156576	157156	
0.2212	0.6719		3489	2805	3064		188045	162568	158728	
0.4281	0.7628		3895	3601	3821		162920	161718	161748	
0.9152	0.2814		3593	3816	4075		158358	159124	157647	
0.1249	0.1331		1630	1900	2307		155317	155280	157712	
0.1282	0.4228		2096	2115	2109		143837	147905	146358	
0.8793	0.8638		5354	5601	5537		162083	161813	163825	
0.5607	0.0556		2056	2041	2539		154617	154756	153284	
0.7533	0.1197		2784	2807	2810		158786	155311	159032	
0.8486	0.2915		3482	3818	3630		162519	161155	159904	
0.8126	0.7156		4861	4798	4835		162542	161762	161616	
0.6604	0.8414		5112	4955	5189		187366	186497	185591	
0.9388	0.6583		5206	5021	5204		156483	155274	155850	
0.2104	0.0902		1891	1873	1731		153160	153133	161336	
0.1462	0.1		1914	1848	1882		182425	169555	170312	
0.6239	0.2542		3135	3089	3212		168536	169439	167995	
0.2198	0.4889		3081	3877	2828		192382	232450	184682	
0.7047	0.1543		2848	2824	2860		162265	162290	160959	
0.788	0.4138		3977	4155	3880		160791	166384	160613	
0.1948	0.5976		2596	2791	2820		158573	160405	161080	
0.7206	0.8763		5191	5014	4944		164209	163693	166934	
0.2932	0.9228		3696	3454	3515		155952	155868	156465	
0.478	0.9504		4307	4542	4405		165254	167311	163469	
0.2078	0.5295		2493	2823	2681		165623	166493	168320	
0.8426	0.1901		3057	3063	3474		161127	160676	172633	
0.9704	0.4484		4222	4861	4998		168654	188582	187125	
0.9854	0.9383		6910	6752	6165		177870	196181	157081	
0.8516	0.1766		3384	3362	3335		165945	159651	167858	
0.5133	0.4054		3353	2956	2964		161959	160887	159955	
0.3668	0.1404		2358	2257	2485		154415	153990	153373	
0.3389	0.8734		3437	3653	3661		158359	156757	162884	
0.9611	0.4727		4193	4495	4375		159976	157524	156225	
0.2817	0.6963		3057	3055	3296		162109	161545	161084	
0.0926	0.816		2830	2813	3356		157610	157492	188275	
0.3592	0.4179		2922	2861	2885		149452	149517	146887	
0.4566	0.7493		3937	3746	3726		162380	163680	159869	
0.5838	0.93		4994	5812	4455		185934	222487	165009	
0.8733	0.6185		5587	4348	4382		218154	170648	171174	
0.0594	0.4323		2302	1944	2275		149859	148517	149691	
0.6171	0.6281		5016	3851	4092		230118	192139	159614	
0.4596	0.0626		2043	2041	2066		172911	170256	169794	
0.2652	0.2064		2184	2578	2028		173624	163513	164372	
0.6579	0.9109		5420	5126	5801		203500	177417	195180	
0.1701	0.1055		1716	2062	1957		159812	181443	170015	
0.4094	0.6992		3868	3783	3747		161940	171814	162274	
0.532	0.868		4569	4415	4613		156603	155730	169700	
0.2066	0.4242		2668	2493	2515		156208	154486	159062	
0.7107	0.9453		5290	5223	4972		163017	164363	159410	
0.509	0.3288		3408	2964	3002		176534	164716	165608	
0.7898	0.4424		4644	4584	4424		194333	195840	184399	
0.7218	0.6106		4290	4205	4077		170299	169777	171181	
0.8909	0.3746		3932	3994	4045		155427	155417	153028	
0.3155	0.6843		3278	3486	3417		162903	168394	154249	
0.6832	0.3473		3135	3325	3375		158085	160065	159268	
0.0619	0.5334		2119	2508	2315		166946	173189	165404	
0.9046	0.7294		6369	6571	5993		227160	206351	214538	
0.7099	0.5747		4222	4136	4126		166338	157600	152659	
0.3932	0.4554		2999	2992	3099		158211	156554	150610	
0.7234	0.7661		4669	5131	4843		167142	163224	160676	
0.0995	0.2025		1976	1919	1989		173316	168187	163226	
0.6838	0.3782		3576	3634	3598		163322	157653	162806	
0.2979	0.5399		3175	3178	2987		157781	154795	153217	
0.8112	0.945		5503	5734	6373		173604	174261	178723	
0.0506	0.5703		2381	2400	2571		163456	156371	155092	
0.6186	0.3903		3449	3385	3420		168096	161095	160628	
0.432	0.7408		4093	3613	3458		169839	172540	163365	
0.6631	0.851		4928	5177	5437		163563	175742	159596	
0.4484	0.6409		4216	3615	4095		160146	152336	155236	
0.5773	0.3446		3773	3236	3366		181902	162310	161395	
0.8943	0.9033		6813	5954	6736		218629	210432	227901	
0.6096	0.8994		4783	5846	5873		167527	183293	222631	
0.2776	0.1859		2212	2169	2149		159606	159809	158552	
0.6387	0.3796		3520	3520	3512		157160	157427	155892	
0.8641	0.5756		5030	4694	4640		173146	163497	161516	
0.2794	0.913		3441	3628	3865		160624	162802	158084	
0.7739	0.3914		3911	3763	3832		155981	157345	155916	
0.7391	0.878		5498	5388	5201		161101	161031	160493	
0.8471	0.1467		2986	3769	3020		158397	185428	174302	
0.9236	0.9172		6199	5931	5965		162118	159910	157740	
0.7605	0.5044		4335	4179	4256		155794	153772	151059	
0.2637	0.8053		3188	3422	3399		169055	167971	166590	
0.1437	0.9075		4666	3579	3661		203511	186151	183287	
0.9359	0.7466		4968	5273	4977		166725	162596	163042	
0.7129	0.0696		2582	2620	2660		170576	171705	168773	
0.0617	0.7177		2591	2540	2555		155751	155446	153431	
0.2636	0.2289		2220	2005	2246		162125	159243	160970	
0.0862	0.061		1436	1644	1410		160453	162652	162488	
0.5664	0.4423		3867	3962	4040		186850	189287	188567	
0.4508	0.4563		2915	3089	2917		209121	181301	175712	
0.3773	0.7699		4179	4197	4130		182416	183921	182792	
0.2701	0.3456		2656	2485	2647		161688	159457	161236	
0.3911	0.075		2342	2236	2556		157111	159017	162451	
0.8955	0.3488		3665	3874	3708		181593	165995	165168	
0.4587	0.4965		2969	3183	3152		163699	165000	163348	
0.8398	0.8623		5602	5450	5920		175049	172756	178436	
0.1511	0.8569		2876	3038	3053		162298	164419	161907	
0.1225	0.1509		1948	1891	1843		163887	166952	164561	
0.8121	0.2543		3331	3473	3521		156871	157605	155631	
0.7057	0.1415		2925	2979	2679		162589	163731	161154	
0.7832	0.9844		5401	5532	5615		161121	161415	162518	
0.0643	0.8038		2928	2792	2916		167290	177214	199965	
0.8246	0.2854		3666	3810	3645		166846	167696	167797	
0.5581	0.7221		4051	4005	4188		171496	174158	180018	
0.557	0.2396		3162	2957	3276		190015	191112	189767	
0.0907	0.5081		3126	2142	2530		212237	159731	160167	
0.2013	0.9994		3553	3285	3507		160302	160690	160911	
0.8669	0.3203		3527	3518	3522		151614	151349	152808	
0.2429	0.7734		3261	3187	4247		159378	165483	214791	
0.9927	0.1964		3304	3305	3546		164570	163152	163475	
0.0916	0.3008		3339	2923	2304		203974	214761	160585	
0.7717	0.7401		4491	4750	4920		159742	167595	184978	
0.4577	0.2106		2332	2517	2373		159522	154620	151776	
0.6103	0.4454		3746	3499	3584		159750	158055	157102	
0.6899	0.9281		4996	5410	5161		159364	159241	157804	
0.1575	0.89		3016	3076	3006		161930	163589	160419	
0.4979	0.9494		4149	4366	4338		156965	155662	154271	
0.5537	0.596		3798	3521	3689		154672	152994	152288	
0.8024	0.2901		3384	3575	3587		165531	166387	164103	
0.6476	0.0951		2580	2615	2585		155911	155739	155113	
0.0973	0.7753		2824	2890	2815		166006	167560	165881	
0.5274	0.8901		4382	4430	4678		169895	169354	167751	
0.5586	0.787		4500	4375	4257		159442	159022	156667	
0.781	0.8975		5313	5304	5345		158014	158343	157919	
0.9549	0.4419		4330	4333	4534		165789	165583	168945	
0.7995	0.5393		4154	4374	4402		157627	158143	156571	
0.6634	0.6005		3848	3880	3975		156370	159114	160307	
0.2875	0.3495		2340	2604	2674		154070	159264	156997	
0.7708	0.5701		4607	4391	4283		160084	157917	156087	
0.6837	0.273		3193	3242	3024		155104	157396	156607	
0.1966	0.2013		1917	2110	2088		149174	151954	150539	
0.5182	0.057		2536	2572	2756		176388	177266	180537	
0.3462	0.7601		3643	3812	3881		151457	151930	153413	
0.2282	0.3001		2095	2189	2115		161648	163564	165380	
0.6719	0.2451		3005	2989	2952		182382	170953	168802	
0.2537	0.6417		3055	3118	3119		165412	165047	165626	
0.5961	0.6226		3868	3786	3973		160759	174242	160886	
0.0877	0.2976		2275	2019	2090		169430	167037	165790	
0.1315	0.7769		2913	2679	2954		162260	160408	162505	
0.6368	0.8024		4675	4644	4614		164679	163993	164096	
0.0574	0.3545		2167	3289	1889		164180	215546	158284	
0.5187	0.4704		3083	3294	3181		153888	153729	157020	
0.5462	0.4718		3205	3228	4931		157213	156946	208108	
0.9786	0.2167		3350	4877	3600		169539	214339	205920	
0.4279	0.7475		3699	5013	3742		163258	169325	161367	
0.5461	0.9015		4761	4570	4616		163043	161641	161832	
0.1584	0.957		3131	3505	3465		160453	161239	160515	
0.2405	0.067		1737	1729	1938		157721	159980	166658	
0.8332	0.7602		5313	5206	5199		165934	165927	165867	
0.1701	0.1686		1790	1777	2043		158842	158415	159859	
0.2117	0.8192		3017	3045	3422		164567	164688	169840	
0.5461	0.368		2935	2927	2922		149474	149938	149922	
0.5367	0.6002		3663	3730	3721		157830	159842	158100	
0.9888	0.1124		3013	2971	2977		154516	155505	157069	
0.2028	0.7236		3181	3051	3071		163189	160619	161017	
0.5503	0.0639		2122	2171	2122		157251	155570	157030	
0.8019	0.6538		4826	4423	4396		157830	154410	155006	
0.7065	0.5409		4056	3833	3844		172577	167198	168497	
0.9355	0.7723		5694	5454	5287		165552	165645	166189	
0.8401	0.6428		5043	4918	4912		191554	188228	191839	
0.7278	0.0948		2974	2534	2550		181571	165381	162542	
0.5061	0.0736		3757	3183	3128		225034	238813	240541	
0.5339	0.6753		4746	4585	4537		230336	242792	219850	
0.9998	0.5082		4614	4563	5344		161380	159430	170090	
0.6529	0.4199		3356	3507	4430		169077	187417	234036	
0.9583	0.4477		5340	5454	5429		245504	185596	228918	
0.6283	0.7995		5857	6264	6162		226106	226728	238630	
0.6238	0.4746		4668	4437	3599		235740	200826	159911	
0.4572	0.5513		3480	3449	3560		156685	156266	155033	
0.1858	0.0541		2214	2942	2393		182987	224015	221649	
0.1532	0.6634		3814	2552	3068		237437	201307	190982	
0.8911	0.7863		5330	5882	5470		191432	196142	186918	
0.98	0.247		3988	5277	5342		216611	275257	253053	
0.9296	0.4995		4845	5144	4930		215782	210501	178543	
0.2678	0.9328		4273	5101	3667		209618	205234	153937	
0.5004	0.957		6195	7537	5469		233444	251265	233637	
0.4527	0.6169		3332	3614	3488		163469	166271	165093	
0.3031	0.0895		1799	1932	2460		159952	193609	197337	
0.8481	0.3509		4221	3839	3765		171119	167416	157450	
0.4468	0.784		5034	4372	3786		182621	173519	164975	
0.7642	0.6768		4373	4345	4566		163517	159476	158793	
0.051	0.5997		2187	2466	2445		155840	160869	157238	
0.7696	0.1373		3161	3043	3179		159544	164956	155317	
0.1379	0.7794		3979	3770	3406		238762	242063	216062	
0.9326	0.3231		3895	3915	3688		164810	160694	164062	
0.6222	0.835		4295	4523	4555		165996	158336	161021	
0.2808	0.3377		2244	2433	2466		165306	158422	160470	
0.7342	0.4437		3613	3783	3870		174425	163131	161588	
0.9338	0.7592		5314	5537	5253		176755	165543	164251	
0.7914	0.3706		3521	3652	3666		177176	166285	164694	
0.5255	0.6942		3884	4024	3754		167213	169056	168373	
0.2756	0.1939		1977	2409	2048		158919	174056	161967	
0.6528	0.5957		3793	4191	3996		168368	162026	156789	
0.5302	0.5007		4084	4743	4497		219255	217501	219265	
0.1979	0.6462		3110	3113	3363		192796	185322	183408	
0.6032	0.4022		3218	3185	3473		177490	169018	166400	
0.7995	0.3429		3983	3594	4387		163102	167748	171163	
0.1103	0.3377		2169	2200	2261		172197	162082	160584	
0.0862	0.8171		3222	3412	3259		219156	224817	220835	
0.3353	0.5663		3572	4080	3182		235459	228814	191545	
0.7119	0.088		4050	2935	3135		183361	170178	168005	
0.8435	0.3296		3837	3684	3692		169767	158590	155216	
0.5811	0.2575		3181	3061	3061		170272	159404	159675	
0.0626	0.7915		3024	2917	2866		171378	164433	162885	
0.3827	0.8678		4659	4309	4423		196134	187613	190103	
0.7299	0.5555		4347	4158	4277		172357	163490	164675	
0.7719	0.1434		3545	3055	3096		168471	160980	160796	
0.1102	0.4179		2462	2468	2341		175098	165810	164181	
0.3777	0.6548		3482	3495	3481		156702	149445	149240	
0.2225	0.6597		2816	3025	3043		167616	161185	163425	
0.4609	0.9454		4449	4086	4451		163098	155512	155823	
0.1739	0.084		1915	1865	1882		159977	149992	149416	
0.2416	0.9042		3760	3429	3409		172865	165791	162630	
0.138	0.6983		2915	2860	2832		165911	162897	160418	
0.3249	0.5594		3115	3150	3504		166538	160088	182587	
0.8789	0.2032		4104	3852	3871		185153	178637	194458	
0.8175	0.2524		3609	3724	3746		163956	157699	155388	
0.8482	0.9532		5909	5714	5879		165297	159735	156807	
0.8044	0.8719		5345	5448	5313		167371	163633	161142	
0.1501	0.2827		2294	2284	2256		169496	162761	162270	
0.2084	0.8907		3465	3344	3308		169374	164282	163402	
0.3598	0.3963		2648	2647	2793		163326	156121	173715	
0.3541	0.1795		2668	3107	2385		176404	209475	187301	
0.3715	0.8081		3551	4530	4243		167669	212489	214343	
0.3772	0.3785		3592	3910	2934		210781	230889	203181	
0.9453	0.9732		6098	7004	8443		159203	180793	213357	
0.9933	0.9409		6329	7424	7285		192397	211696	182079	
0.2244	0.0836		1725	1890	2368		191196	192467	203972	
0.2626	0.6378		3256	3404	3068		179147	183034	184483	
0.1631	0.6935		3270	3003	3187		194624	182035	178669	
0.5299	0.529		3891	3651	4113		204056	208935	233136	
0.9964	0.9057		6808	6828	6758		202744	202807	207435	
0.7825	0.3749		4252	4152	3886		211430	206458	208189	
0.3306	0.6089		3670	2896	3376		189050	187833	198939	
0.1256	0.0962		1616	2696	3295		191008	221482	232133	
0.6111	0.8254		4337	5114	5000		162807	189317	191386	
0.9662	0.3993		4739	4660	4293		192417	186789	166181	
0.4383	0.3083		2620	2855	2840		186230	186211	180190	
0.1684	0.4055		2145	2501	2347		164735	166093	163781	
0.6479	0.729		4338	4292	4507		163829	162745	162430	
0.3597	0.1494		2294	2442	2367		161857	160221	157614	
0.5378	0.725		4018	3942	4048		166762	166422	165953	
0.0603	0.4245		1992	2247	2293		148908	149418	150936	
0.739	0.656		4215	4421	4424		166978	167943	165969	
0.0636	0.7739		2526	2858	2752		150226	152332	146846	
0.8926	0.5069		4566	4997	4577		164960	169228	165475	
0.0933	0.8272		2809	2848	2938		166082	162973	162374	
0.375	0.9883		4444	4448	4489		198336	195364	194760	
0.6467	0.8889		4871	4667	4855		159354	159317	156324	
0.5298	0.2172		2442	2431	2643		168957	167887	168097	
0.1736	0.6813		2611	2599	2601		157217	158781	156687	
0.9029	0.5511		4393	4795	4704		161182	162632	159369	
0.5386	0.117		2589	2457	2437		154276	154336	154170	
0.8459	0.737		4929	5100	4987		164317	167606	165235	
0.4666	0.5784		3619	3556	3455		163992	165025	164270	
0.9096	0.4178		4244	4172	4251		165450	160239	159668	
0.442	0.5246		3456	3405	3366		155886	152992	156028	
0.1019	0.9644		3078	3139	3113		164966	166233	164979	
0.2914	0.523		2804	3069	2961		159076	153992	152481	
0.5523	0.4054		3457	3466	3318		166867	165509	169500	
0.4713	0.1591		2706	2379	2724		161680	161292	163266	
0.8224	0.6434		4753	4474	4534		159739	159158	158250	
0.1104	0.4346		2076	2361	2164		154896	155718	155116	
0.2263	0.6911		3115	3086	3106		158452	153851	151208	
0.4317	0.9736		4199	4208	4241		160704	159101	158436	
0.1521	0.4747		2400	2507	2581		160147	160262	159561	
0.4928	0.2908		2914	2643	2854		161825	160951	160499	
0.8656	0.7528		5079	5429	5401		159428	159841	158397	
0.3334	0.972		3748	3958	3902		154264	153812	152330	
0.4423	0.1748		2509	2574	2493		166208	164292	162934	
0.2974	0.47		2980	2833	2818		150257	149979	150807	
0.5712	0.7154		4105	4169	4112		158494	156355	157937	
0.2071	0.1749		2193	2623	2802		184926	172632	175435	
0.7416	0.8341		4810	4771	5551		167156	167874	172598	
0.085	0.265		2496	2593	2449		176118	175559	175204	
0.4994	0.1505		2500	2618	2474		163007	158964	153186	
0.3854	0.3316		3229	3918	2803		191123	211026	187549	
0.479	0.13		2538	2481	2543		162321	156267	172040	
0.4364	0.7892		3838	3822	3846		162135	161925	161619	
0.7062	0.3661		3623	3512	3440		165465	166535	161880	
0.4661	0.3747		2941	2921	2999		158946	158269	160073	
0.3155	0.8994		3856	3876	3864		153583	154707	154324	
0.9362	0.3948		4276	4325	4201		162864	164222	160402	
0.2169	0.4361		2720	2286	2254		164005	161991	160951	
0.5529	0.1575		2500	2459	2843		161977	162132	159060	
0.4898	0.657		3892	3732	3744		168223	167387	166381	
0.162	0.5508		2884	2471	2803		165195	164879	165750	
0.7832	0.1185		2679	3639	2974		189176	191204	217216	
0.5307	0.7264		4312	4357	4215		197785	193840	201870	
0.7323	0.3416		3469	3428	3474		151871	154135	151193	
0.2435	0.8683		3127	3124	3363		158750	160945	160012	
0.9078	0.7011		4929	6538	4885		190965	174910	173936	
0.6819	0.4934		3477	3741	3653		170978	163783	158836	
0.632	0.9953		4935	4770	5018		182897	184325	191495	
0.7713	0.1298		3510	3861	3751		200052	207238	212009	
0.7413	0.3607		4446	3805	3533		196320	188752	197894	
0.4634	0.6985		4077	4635	3745		210206	208522	185099	
0.8611	0.3913		4347	4319	4421		197487	199171	193581	
0.5649	0.2454		3139	2798	3339		190862	190052	184158	
0.4535	0.7851		4303	4334	4552		179624	188391	194933	
0.4289	0.8067		4285	4137	4261		188593	187897	185037	
0.9471	0.9067		6478	7341	6399		199876	210053	194072	
0.3836	0.2349		2928	3245	2736		191757	199556	185389	
0.5994	0.9862		5279	5505	4913		195041	189876	186846	
0.2398	0.7904		3917	3610	3639		183132	182081	179787	
0.1524	0.5775		2798	2807	2947		185616	182262	182295	
0.9805	0.5091		4859	5466	5655		195272	191258	194801	
0.4011	0.2766		3513	3296	3494		186571	180366	180552	
0.2217	0.8256		4057	3338	3957		189708	186766	184905	
0.7575	0.8237		5327	5150	6686		186919	182574	209060	
0.5967	0.9022		4866	4903	4632		184716	182607	186050	
0.8277	0.2768		3794	3391	3402		170117	159904	192450	
0.8394	0.4449		4149	4091	4082		179548	171130	171901	
0.6895	0.8559		5023	5242	4889		173345	175273	173634	
0.2791	0.0789		2020	2105	2246		164403	162584	176245	
0.0848	0.2283		2588	3213	2287		212030	182530	186129	
0.7874	0.5453		4310	5092	4896		192431	192734	194359	
0.1448	0.9772		5193	3442	4343		235627	202559	175096	
0.4671	0.1853		2463	2954	2286		186964	195489	188086	
0.8033	0.4289		4897	4213	4587		187092	187414	190692	
0.4508	0.1155		2783	2332	2782		180945	181557	185403	
0.3118	0.7252		3315	4829	3640		207081	234857	198134	
0.9598	0.4928		4177	4931	4559		207534	201999	196280	
0.4048	0.703		4859	4386	4075		200274	206736	205111	
0.6706	0.8709		4638	6097	4820		198302	208988	179804	
0.1583	0.4756		2499	2451	2890		194491	190207	178176	
0.1251	0.5234		2957	2801	3072		188503	190596	192858	
0.9089	0.5229		4990	6074	4715		193056	191466	195678	
0.5081	0.1938		2731	2859	3142		189882	183563	180499	
0.5024	0.9225		4735	4575	4499		193755	170106	170903	
0.8893	0.5048		4545	4607	4547		172675	166209	168903	
0.7411	0.5696		4221	4167	4480		173368	168240	170534	
0.6465	0.3643		3309	3418	3308		168384	162368	166214	
0.0963	0.6655		2487	2436	2476		165749	168650	192704	
0.9134	0.0555		3018	3012	3211		158081	158357	164007	
0.7546	0.3236		4190	4199	3668		179779	184224	159242	
0.9138	0.8458		7456	6983	6204		223528	217296	197157	
0.3862	0.6874		3546	3438	3436		171799	168629	168200	
0.9119	0.4996		4155	4406	4312		164234	162125	173821	
0.685	0.9602		5411	5644	5290		197424	196749	190463	
0.1678	0.8919		4066	4450	4630		223397	249639	229509	
0.0529	0.2588		3066	2500	3307		181221	182061	183734	
